# charge and hartree potential (planar average)
# eh=      111.70869666
#z-coordinate, smooth density, esm potential, gaussian density, spin density, splined esm potential
  -0.3012987E+02   0.17786672E-06  -0.67202290E-03  -0.34196160E-08   0.00000000E+00   0.99327990E-01
  -0.2987013E+02   0.18460722E-06   0.67188839E-03   0.93959694E-09   0.00000000E+00   0.63953148E-01
  -0.2961039E+02   0.18630009E-06   0.20154879E-02   0.15430669E-08   0.00000000E+00   0.33265496E-01
  -0.2935065E+02   0.18206654E-06   0.33587728E-02  -0.40365858E-08   0.00000000E+00   0.11952529E-01
  -0.2909091E+02   0.19843229E-06   0.47017447E-02   0.65502770E-08   0.00000000E+00   0.47017447E-02
  -0.2883117E+02   0.20099341E-06   0.60443844E-02  -0.90923981E-08   0.00000000E+00   0.60443844E-02
  -0.2857143E+02   0.26458658E-06   0.73866716E-02   0.11675892E-07   0.00000000E+00   0.73866716E-02
  -0.2831169E+02   0.32150876E-06   0.87285152E-02  -0.14306127E-07   0.00000000E+00   0.87285152E-02
  -0.2805195E+02   0.49257025E-06   0.10069792E-01   0.17010457E-07   0.00000000E+00   0.10069792E-01
  -0.2779221E+02   0.66866152E-06   0.11410240E-01  -0.19771001E-07   0.00000000E+00   0.11410240E-01
  -0.2753247E+02   0.10131050E-05   0.12749523E-01   0.22682300E-07   0.00000000E+00   0.12749523E-01
  -0.2727273E+02   0.13755999E-05   0.14087093E-01  -0.25587479E-07   0.00000000E+00   0.14087093E-01
  -0.2701299E+02   0.19824189E-05   0.15422288E-01   0.28925217E-07   0.00000000E+00   0.15422288E-01
  -0.2675325E+02   0.26781875E-05   0.16754119E-01  -0.31767336E-07   0.00000000E+00   0.16754119E-01
  -0.2649351E+02   0.38262731E-05   0.18081335E-01   0.36377371E-07   0.00000000E+00   0.18081335E-01
  -0.2623377E+02   0.53735889E-05   0.19402020E-01  -0.37636394E-07   0.00000000E+00   0.19402020E-01
  -0.2597403E+02   0.80026371E-05   0.20713430E-01   0.47590685E-07   0.00000000E+00   0.20713430E-01
  -0.2571429E+02   0.12025099E-04   0.22011090E-01  -0.38490664E-07   0.00000000E+00   0.22011090E-01
  -0.2545455E+02   0.18860087E-04   0.23287952E-01   0.74998002E-07   0.00000000E+00   0.23287952E-01
  -0.2519481E+02   0.29777248E-04   0.24532283E-01  -0.73822230E-08   0.00000000E+00   0.24532283E-01
  -0.2493506E+02   0.47838187E-04   0.25725105E-01   0.18351618E-06   0.00000000E+00   0.25725105E-01
  -0.2467532E+02   0.76600503E-04   0.26835338E-01   0.20308272E-06   0.00000000E+00   0.26835338E-01
  -0.2441558E+02   0.12295783E-03   0.27813206E-01   0.71797296E-06   0.00000000E+00   0.27813206E-01
  -0.2415584E+02   0.19650143E-03   0.28578820E-01   0.13816659E-05   0.00000000E+00   0.28578820E-01
  -0.2389610E+02   0.31497399E-03   0.29004955E-01   0.34844767E-05   0.00000000E+00   0.29004955E-01
  -0.2363636E+02   0.50709627E-03   0.28886807E-01   0.75751024E-05   0.00000000E+00   0.28886807E-01
  -0.2337662E+02   0.82554337E-03   0.27891210E-01   0.17351456E-04   0.00000000E+00   0.27891210E-01
  -0.2311688E+02   0.13590323E-02   0.25465915E-01   0.37460597E-04   0.00000000E+00   0.25465915E-01
  -0.2285714E+02   0.22577288E-02   0.20685199E-01   0.79674011E-04   0.00000000E+00   0.20685199E-01
  -0.2259740E+02   0.37507864E-02   0.11993082E-01   0.16021538E-03   0.00000000E+00   0.11993082E-01
  -0.2233766E+02   0.61607508E-02  -0.31879893E-02   0.30259384E-03   0.00000000E+00  -0.31879893E-02
  -0.2207792E+02   0.98512009E-02  -0.28996799E-01   0.50012272E-03   0.00000000E+00  -0.28996799E-01
  -0.2181818E+02   0.15020885E-01  -0.71723183E-01   0.58485197E-03   0.00000000E+00  -0.71723183E-01
  -0.2155844E+02   0.21074868E-01  -0.14005766E+00  -0.21447299E-03   0.00000000E+00  -0.14005766E+00
  -0.2129870E+02   0.25280181E-01  -0.24389644E+00  -0.43083155E-02   0.00000000E+00  -0.24389644E+00
  -0.2103896E+02   0.20540122E-01  -0.38937690E+00  -0.17734207E-01   0.00000000E+00  -0.38937690E+00
  -0.2077922E+02  -0.41009146E-02  -0.56681004E+00  -0.49879263E-01   0.00000000E+00  -0.56681004E+00
  -0.2051948E+02  -0.48154768E-01  -0.73426330E+00  -0.98935566E-01   0.00000000E+00  -0.73426330E+00
  -0.2025974E+02  -0.79296578E-01  -0.82183791E+00  -0.13206867E+00   0.00000000E+00  -0.82183791E+00
  -0.2000000E+02  -0.63887385E-01  -0.78200897E+00  -0.11565094E+00   0.00000000E+00  -0.78200897E+00
  -0.1974026E+02  -0.19359493E-01  -0.63815037E+00  -0.67134550E-01   0.00000000E+00  -0.63815037E+00
  -0.1948052E+02   0.14108847E-01  -0.45961978E+00  -0.26952310E-01   0.00000000E+00  -0.45961978E+00
  -0.1922078E+02   0.24976004E-01  -0.30166597E+00  -0.76633455E-02   0.00000000E+00  -0.30166597E+00
  -0.1896104E+02   0.22958433E-01  -0.18426527E+00  -0.11300183E-02   0.00000000E+00  -0.18426527E+00
  -0.1870130E+02   0.17224749E-01  -0.10530724E+00   0.46618895E-03   0.00000000E+00  -0.10530724E+00
  -0.1844156E+02   0.11859266E-01  -0.55625875E-01   0.57669071E-03   0.00000000E+00  -0.55625875E-01
  -0.1818182E+02   0.80859915E-02  -0.26285572E-01   0.40368392E-03   0.00000000E+00  -0.26285572E-01
  -0.1792208E+02   0.59845675E-02  -0.10892755E-01   0.26418519E-03   0.00000000E+00  -0.10892755E-01
  -0.1766234E+02   0.54003069E-02  -0.58612647E-02   0.22462850E-03   0.00000000E+00  -0.58612647E-02
  -0.1740260E+02   0.62554907E-02  -0.10187957E-01   0.27966286E-03   0.00000000E+00  -0.10187957E-01
  -0.1714286E+02   0.86621147E-02  -0.25340395E-01   0.43396889E-03   0.00000000E+00  -0.25340395E-01
  -0.1688312E+02   0.12775974E-01  -0.55422842E-01   0.60504205E-03   0.00000000E+00  -0.55422842E-01
  -0.1662338E+02   0.18418109E-01  -0.10739319E+00   0.39907250E-03   0.00000000E+00  -0.10739319E+00
  -0.1636364E+02   0.24036690E-01  -0.19061138E+00  -0.16320817E-02   0.00000000E+00  -0.19061138E+00
  -0.1610390E+02   0.24806361E-01  -0.31394327E+00  -0.95528005E-02   0.00000000E+00  -0.31394327E+00
  -0.1584416E+02   0.10715682E-01  -0.47724676E+00  -0.31927976E-01   0.00000000E+00  -0.47724676E+00
  -0.1558442E+02  -0.26442955E-01  -0.65526590E+00  -0.75414424E-01   0.00000000E+00  -0.65526590E+00
  -0.1532468E+02  -0.69549539E-01  -0.78735421E+00  -0.12200381E+00   0.00000000E+00  -0.78735421E+00
  -0.1506494E+02  -0.77184284E-01  -0.80680962E+00  -0.13011100E+00   0.00000000E+00  -0.80680962E+00
  -0.1480519E+02  -0.40587402E-01  -0.70207354E+00  -0.90957388E-01   0.00000000E+00  -0.70207354E+00
  -0.1454545E+02   0.18991436E-02  -0.52921086E+00  -0.42910169E-01   0.00000000E+00  -0.52921086E+00
  -0.1428571E+02   0.22646673E-01  -0.35623315E+00  -0.14250917E-01   0.00000000E+00  -0.35623315E+00
  -0.1402597E+02   0.25020395E-01  -0.21902624E+00  -0.30746840E-02   0.00000000E+00  -0.21902624E+00
  -0.1376623E+02   0.20095931E-01  -0.12325684E+00   0.10353147E-03   0.00000000E+00  -0.12325684E+00
  -0.1350649E+02   0.14199313E-01  -0.61452645E-01   0.62195785E-03   0.00000000E+00  -0.61452645E-01
  -0.1324675E+02   0.95974917E-02  -0.23919508E-01   0.49130559E-03   0.00000000E+00  -0.23919508E-01
  -0.1298701E+02   0.67282100E-02  -0.29077678E-02   0.31691464E-03   0.00000000E+00  -0.29077678E-02
  -0.1272727E+02   0.54662565E-02   0.64687049E-02   0.23057835E-03   0.00000000E+00   0.64687049E-02
  -0.1246753E+02   0.56685568E-02   0.63712622E-02   0.24226247E-03   0.00000000E+00   0.63712622E-02
  -0.1220779E+02   0.73602059E-02  -0.35471551E-02   0.35438944E-03   0.00000000E+00  -0.35471551E-02
  -0.1194805E+02   0.10698353E-01  -0.26178252E-01   0.53711777E-03   0.00000000E+00  -0.26178252E-01
  -0.1168831E+02   0.15735728E-01  -0.67194628E-01   0.59244614E-03   0.00000000E+00  -0.67194628E-01
  -0.1142857E+02   0.21709761E-01  -0.13503940E+00  -0.32493898E-03   0.00000000E+00  -0.13503940E+00
  -0.1116883E+02   0.25577776E-01  -0.23943105E+00  -0.48230866E-02   0.00000000E+00  -0.23943105E+00
  -0.1090909E+02   0.19676098E-01  -0.38585137E+00  -0.19387991E-01   0.00000000E+00  -0.38585137E+00
  -0.1064935E+02  -0.70754379E-02  -0.56260596E+00  -0.53485065E-01   0.00000000E+00  -0.56260596E+00
  -0.1038961E+02  -0.52000360E-01  -0.72450071E+00  -0.10318745E+00   0.00000000E+00  -0.72450071E+00
  -0.1012987E+02  -0.80101987E-01  -0.80060045E+00  -0.13307879E+00   0.00000000E+00  -0.80060045E+00
  -0.9870130E+01  -0.60522265E-01  -0.74810987E+00  -0.11230423E+00   0.00000000E+00  -0.74810987E+00
  -0.9610390E+01  -0.15330371E-01  -0.59674411E+00  -0.62896544E-01   0.00000000E+00  -0.59674411E+00
  -0.9350649E+01   0.16206031E-01  -0.41715971E+00  -0.24405304E-01   0.00000000E+00  -0.41715971E+00
  -0.9090909E+01   0.25409776E-01  -0.26176785E+00  -0.66254424E-02   0.00000000E+00  -0.26176785E+00
  -0.8831169E+01   0.22671893E-01  -0.14780401E+00  -0.79886127E-03   0.00000000E+00  -0.14780401E+00
  -0.8571429E+01   0.16769860E-01  -0.71873546E-01   0.53561905E-03   0.00000000E+00  -0.71873546E-01
  -0.8311688E+01   0.11464969E-01  -0.24479714E-01   0.57090473E-03   0.00000000E+00  -0.24479714E-01
  -0.8051948E+01   0.78188460E-02   0.32330073E-02   0.38795223E-03   0.00000000E+00   0.32330073E-02
  -0.7792208E+01   0.58532446E-02   0.17450243E-01   0.25610150E-03   0.00000000E+00   0.17450243E-01
  -0.7532468E+01   0.54042996E-02   0.21529104E-01   0.22564723E-03   0.00000000E+00   0.21529104E-01
  -0.7272727E+01   0.64068355E-02   0.16241198E-01   0.29099318E-03   0.00000000E+00   0.16241198E-01
  -0.7012987E+01   0.89802834E-02  -0.13184295E-03   0.45223101E-03   0.00000000E+00  -0.13184295E-03
  -0.6753247E+01   0.13269741E-01  -0.31976175E-01   0.61245448E-03   0.00000000E+00  -0.31976175E-01
  -0.6493506E+01   0.19015008E-01  -0.86536234E-01   0.31429005E-03   0.00000000E+00  -0.86536234E-01
  -0.6233766E+01   0.24443579E-01  -0.17331681E+00  -0.20578366E-02   0.00000000E+00  -0.17331681E+00
  -0.5974026E+01   0.24259835E-01  -0.30079419E+00  -0.10958085E-01   0.00000000E+00  -0.30079419E+00
  -0.5714286E+01   0.80418343E-02  -0.46713872E+00  -0.35308293E-01   0.00000000E+00  -0.46713872E+00
  -0.5454545E+01  -0.31076305E-01  -0.64366416E+00  -0.80457644E-01   0.00000000E+00  -0.64366416E+00
  -0.5194805E+01  -0.72455882E-01  -0.76695434E+00  -0.12497716E+00   0.00000000E+00  -0.76695434E+00
  -0.4935065E+01  -0.75035511E-01  -0.77320973E+00  -0.12770580E+00   0.00000000E+00  -0.77320973E+00
  -0.4675325E+01  -0.35854750E-01  -0.65852541E+00  -0.85672154E-01   0.00000000E+00  -0.65852541E+00
  -0.4415584E+01   0.50426862E-02  -0.48310416E+00  -0.38970007E-01   0.00000000E+00  -0.48310416E+00
  -0.4155844E+01   0.23466181E-01  -0.31281506E+00  -0.12510371E-01   0.00000000E+00  -0.31281506E+00
  -0.3896104E+01   0.24677447E-01  -0.17986672E+00  -0.25300269E-02   0.00000000E+00  -0.17986672E+00
  -0.3636364E+01   0.19478179E-01  -0.87899872E-01   0.21916365E-03   0.00000000E+00  -0.87899872E-01
  -0.3376623E+01   0.13663856E-01  -0.28898869E-01   0.61864912E-03   0.00000000E+00  -0.28898869E-01
  -0.3116883E+01   0.92384856E-02   0.67266069E-02   0.47166223E-03   0.00000000E+00   0.67266069E-02
  -0.2857143E+01   0.65392769E-02   0.26441064E-01   0.30320952E-03   0.00000000E+00   0.26441064E-01
  -0.2597403E+01   0.54284516E-02   0.34843249E-01   0.22781626E-03   0.00000000E+00   0.34843249E-01
  -0.2337662E+01   0.57720607E-02   0.33837250E-01   0.24845443E-03   0.00000000E+00   0.33837250E-01
  -0.2077922E+01   0.76170016E-02   0.22832798E-01   0.37088309E-03   0.00000000E+00   0.22832798E-01
  -0.1818182E+01   0.11122306E-01  -0.13217830E-02   0.55391334E-03   0.00000000E+00  -0.13217830E-02
  -0.1558442E+01   0.16306046E-01  -0.44578471E-01   0.56774143E-03   0.00000000E+00  -0.44578471E-01
  -0.1298701E+01   0.22258627E-01  -0.11560808E+00  -0.54613208E-03   0.00000000E+00  -0.11560808E+00
  -0.1038961E+01   0.25593628E-01  -0.22404527E+00  -0.56703796E-02   0.00000000E+00  -0.22404527E+00
  -0.7792208E+00   0.18097441E-01  -0.37438419E+00  -0.21771296E-01   0.00000000E+00  -0.37438419E+00
  -0.5194805E+00  -0.11050538E-01  -0.55224419E+00  -0.58050563E-01   0.00000000E+00  -0.55224419E+00
  -0.2597403E+00  -0.56311960E-01  -0.70879194E+00  -0.10779577E+00   0.00000000E+00  -0.70879194E+00
   0.0000000E+00  -0.80348435E-01  -0.77291825E+00  -0.13332311E+00   0.00000000E+00  -0.77291825E+00
   0.2597403E+00  -0.56392754E-01  -0.70808588E+00  -0.10787566E+00   0.00000000E+00  -0.70808588E+00
   0.5194805E+00  -0.11140873E-01  -0.55070654E+00  -0.58113223E-01   0.00000000E+00  -0.55070654E+00
   0.7792208E+00   0.18006646E-01  -0.37186263E+00  -0.21784828E-01   0.00000000E+00  -0.37186263E+00
   0.1038961E+01   0.25475140E-01  -0.22038140E+00  -0.56653279E-02   0.00000000E+00  -0.22038140E+00
   0.1298701E+01   0.22118458E-01  -0.11060202E+00  -0.54203657E-03   0.00000000E+00  -0.11060202E+00
   0.1558442E+01   0.16171817E-01  -0.37996689E-01   0.56911253E-03   0.00000000E+00  -0.37996689E-01
   0.1818182E+01   0.11015835E-01   0.70602175E-02   0.55420206E-03   0.00000000E+00   0.70602175E-02
   0.2077922E+01   0.75481493E-02   0.33194190E-01   0.37093861E-03   0.00000000E+00   0.33194190E-01
   0.2337662E+01   0.57429577E-02   0.46294517E-01   0.24845056E-03   0.00000000E+00   0.46294517E-01
   0.2597403E+01   0.54385596E-02   0.49445827E-01   0.22781921E-03   0.00000000E+00   0.49445827E-01
   0.2857143E+01   0.65876313E-02   0.43171950E-01   0.30315276E-03   0.00000000E+00   0.43171950E-01
   0.3116883E+01   0.93232856E-02   0.25504040E-01   0.47142321E-03   0.00000000E+00   0.25504040E-01
   0.3376623E+01   0.13779214E-01  -0.82178707E-02   0.61767652E-03   0.00000000E+00  -0.82178707E-02
   0.3636364E+01   0.19610351E-01  -0.65508974E-01   0.21662303E-03   0.00000000E+00  -0.65508974E-01
   0.3896104E+01   0.24805444E-01  -0.15598696E+00  -0.25331044E-02   0.00000000E+00  -0.15598696E+00
   0.4155844E+01   0.23576708E-01  -0.28766139E+00  -0.12502096E-01   0.00000000E+00  -0.28766139E+00
   0.4415584E+01   0.51476580E-02  -0.45686592E+00  -0.38924662E-01   0.00000000E+00  -0.45686592E+00
   0.4675325E+01  -0.35753377E-01  -0.63138150E+00  -0.85597189E-01   0.00000000E+00  -0.63138150E+00
   0.4935065E+01  -0.74998273E-01  -0.74532264E+00  -0.12768561E+00   0.00000000E+00  -0.74532264E+00
   0.5194805E+01  -0.72514858E-01  -0.73838186E+00  -0.12505462E+00   0.00000000E+00  -0.73838186E+00
   0.5454545E+01  -0.31163389E-01  -0.61431729E+00  -0.80546624E-01   0.00000000E+00  -0.61431729E+00
   0.5714286E+01   0.79654418E-02  -0.43687559E+00  -0.35340403E-01   0.00000000E+00  -0.43687559E+00
   0.5974026E+01   0.24161385E-01  -0.26947971E+00  -0.10955259E-01   0.00000000E+00  -0.26947971E+00
   0.6233766E+01   0.24309329E-01  -0.14078206E+00  -0.20518016E-02   0.00000000E+00  -0.14078206E+00
   0.6493506E+01   0.18870244E-01  -0.52557464E-01   0.31649945E-03   0.00000000E+00  -0.52557464E-01
   0.6753247E+01   0.13144431E-01   0.36877234E-02   0.61288242E-03   0.00000000E+00   0.36877234E-02
   0.7012987E+01   0.88911525E-02   0.37427320E-01   0.45225869E-03   0.00000000E+00   0.37427320E-01
   0.7272727E+01   0.63588436E-02   0.55846097E-01   0.29099693E-03   0.00000000E+00   0.55846097E-01
   0.7532468E+01   0.53964510E-02   0.63261286E-01   0.22563619E-03   0.00000000E+00   0.63261286E-01
   0.7792208E+01   0.58829034E-02   0.61323394E-01   0.25608586E-03   0.00000000E+00   0.61323394E-01
   0.8051948E+01   0.78830106E-02   0.49197258E-01   0.38783570E-03   0.00000000E+00   0.49197258E-01
   0.8311688E+01   0.11559352E-01   0.23467424E-01   0.57053027E-03   0.00000000E+00   0.23467424E-01
   0.8571429E+01   0.16886348E-01  -0.22102420E-01   0.53486260E-03   0.00000000E+00  -0.22102420E-01
   0.8831169E+01   0.22797190E-01  -0.96404505E-01  -0.79860951E-03   0.00000000E+00  -0.96404505E-01
   0.9090909E+01   0.25530739E-01  -0.20895042E+00  -0.66164452E-02   0.00000000E+00  -0.20895042E+00
   0.9350649E+01   0.16324740E-01  -0.36312975E+00  -0.24366909E-01   0.00000000E+00  -0.36312975E+00
   0.9610390E+01  -0.15205537E-01  -0.54170468E+00  -0.62818492E-01   0.00000000E+00  -0.54170468E+00
   0.9870130E+01  -0.60436493E-01  -0.69226614E+00  -0.11225086E+00   0.00000000E+00  -0.69226614E+00
   0.1012987E+02  -0.80122826E-01  -0.74408686E+00  -0.13313785E+00   0.00000000E+00  -0.74408686E+00
   0.1038961E+02  -0.52084680E-01  -0.66728880E+00  -0.10330898E+00   0.00000000E+00  -0.66728880E+00
   0.1064935E+02  -0.71457726E-02  -0.50456502E+00  -0.53557688E-01   0.00000000E+00  -0.50456502E+00
   0.1090909E+02   0.19599066E-01  -0.32685828E+00  -0.19403513E-01   0.00000000E+00  -0.32685828E+00
   0.1116883E+02   0.25455371E-01  -0.17934916E+00  -0.48235810E-02   0.00000000E+00  -0.17934916E+00
   0.1142857E+02   0.21557480E-01  -0.73663733E-01  -0.32637614E-03   0.00000000E+00  -0.73663733E-01
   0.1168831E+02   0.15591009E-01  -0.42725101E-02   0.59095557E-03   0.00000000E+00  -0.42725101E-02
   0.1194805E+02   0.10586709E-01   0.38532089E-01   0.53645909E-03   0.00000000E+00   0.38532089E-01
   0.1220779E+02   0.72912069E-02   0.63139408E-01   0.35422967E-03   0.00000000E+00   0.63139408E-01
   0.1246753E+02   0.56421553E-02   0.75151094E-01   0.24222121E-03   0.00000000E+00   0.75151094E-01
   0.1272727E+02   0.54787883E-02   0.77387104E-01   0.23056128E-03   0.00000000E+00   0.77387104E-01
   0.1298701E+02   0.67751078E-02   0.70128601E-01   0.31677343E-03   0.00000000E+00   0.70128601E-01
   0.1324675E+02   0.96736353E-02   0.51156020E-01   0.49077120E-03   0.00000000E+00   0.51156020E-01
   0.1350649E+02   0.14297750E-01   0.15533917E-01   0.62057987E-03   0.00000000E+00   0.15533917E-01
   0.1376623E+02   0.20208047E-01  -0.44524909E-01   0.10249289E-03   0.00000000E+00  -0.44524909E-01
   0.1402597E+02   0.25140704E-01  -0.13873818E+00  -0.30673942E-02   0.00000000E+00  -0.13873818E+00
   0.1428571E+02   0.22780782E-01  -0.27459381E+00  -0.14215871E-01   0.00000000E+00  -0.27459381E+00
   0.1454545E+02   0.20478074E-02  -0.44644825E+00  -0.42840061E-01   0.00000000E+00  -0.44644825E+00
   0.1480519E+02  -0.40478972E-01  -0.61843181E+00  -0.90912832E-01   0.00000000E+00  -0.61843181E+00
   0.1506494E+02  -0.77188884E-01  -0.72246095E+00  -0.13017442E+00   0.00000000E+00  -0.72246095E+00
   0.1532468E+02  -0.69624244E-01  -0.70229749E+00  -0.12212660E+00   0.00000000E+00  -0.70229749E+00
   0.1558442E+02  -0.26496762E-01  -0.56938887E+00  -0.75478690E-01   0.00000000E+00  -0.56938887E+00
   0.1584416E+02   0.10665604E-01  -0.39045496E+00  -0.31923760E-01   0.00000000E+00  -0.39045496E+00
   0.1610390E+02   0.24702800E-01  -0.22614283E+00  -0.95364368E-02   0.00000000E+00  -0.22614283E+00
   0.1636364E+02   0.23884697E-01  -0.10162772E+00  -0.16269911E-02   0.00000000E+00  -0.10162772E+00
   0.1662338E+02   0.18261423E-01  -0.16975179E-01   0.39820222E-03   0.00000000E+00  -0.16975179E-01
   0.1688312E+02   0.12649019E-01   0.36690293E-01   0.60388650E-03   0.00000000E+00   0.36690293E-01
   0.1714286E+02   0.85787035E-02   0.68681238E-01   0.43354158E-03   0.00000000E+00   0.68681238E-01
   0.1740260E+02   0.62162503E-02   0.85883575E-01   0.27956091E-03   0.00000000E+00   0.85883575E-01
   0.1766234E+02   0.54007207E-02   0.92327367E-01   0.22461381E-03   0.00000000E+00   0.92327367E-01
   0.1792208E+02   0.60190622E-02   0.89413071E-01   0.26414479E-03   0.00000000E+00   0.89413071E-01
   0.1818182E+02   0.81490821E-02   0.76079727E-01   0.40353102E-03   0.00000000E+00   0.76079727E-01
   0.1844156E+02   0.11944900E-01   0.48692772E-01   0.57623654E-03   0.00000000E+00   0.48692772E-01
   0.1870130E+02   0.17325832E-01   0.82056508E-03   0.46590295E-03   0.00000000E+00   0.82056508E-03
   0.1896104E+02   0.23068455E-01  -0.76498729E-01  -0.11261978E-02   0.00000000E+00  -0.76498729E-01
   0.1922078E+02   0.25095164E-01  -0.19244724E+00  -0.76422895E-02   0.00000000E+00  -0.19244724E+00
   0.1948052E+02   0.14245319E-01  -0.34915228E+00  -0.26895153E-01   0.00000000E+00  -0.34915228E+00
   0.1974026E+02  -0.19222443E-01  -0.52666357E+00  -0.67057848E-01   0.00000000E+00  -0.52666357E+00
   0.2000000E+02  -0.63823012E-01  -0.66972406E+00  -0.11563993E+00   0.00000000E+00  -0.66972406E+00
   0.2025974E+02  -0.79337322E-01  -0.70885857E+00  -0.13216504E+00   0.00000000E+00  -0.70885857E+00
   0.2051948E+02  -0.48216179E-01  -0.62053389E+00  -0.99042092E-01   0.00000000E+00  -0.62053389E+00
   0.2077922E+02  -0.41317959E-02  -0.45223429E+00  -0.49912839E-01   0.00000000E+00  -0.45223429E+00
   0.2103896E+02   0.20487354E-01  -0.27389383E+00  -0.17723304E-01   0.00000000E+00  -0.27389383E+00
   0.2129870E+02   0.25166560E-01  -0.12741080E+00  -0.42970819E-02   0.00000000E+00  -0.12741080E+00
   0.2155844E+02   0.20920829E-01  -0.22380098E-01  -0.21132609E-03   0.00000000E+00  -0.22380098E-01
   0.2181818E+02   0.14863440E-01   0.47402041E-01   0.58494636E-03   0.00000000E+00   0.47402041E-01
   0.2207792E+02   0.97136025E-02   0.91839772E-01   0.49990071E-03   0.00000000E+00   0.91839772E-01
   0.2233766E+02   0.60505385E-02   0.11959222E+00   0.30252398E-03   0.00000000E+00   0.11959222E+00
   0.2259740E+02   0.36663781E-02   0.13690408E+00   0.16019215E-03   0.00000000E+00   0.13690408E+00
   0.2285714E+02   0.21943365E-02   0.14787080E+00   0.79679193E-04   0.00000000E+00   0.14787080E+00
   0.2311688E+02   0.13116392E-02   0.15503432E+00   0.37453568E-04   0.00000000E+00   0.15503432E+00
   0.2337662E+02   0.79013674E-03   0.15992335E+00   0.17357942E-04   0.00000000E+00   0.15992335E+00
   0.2363636E+02   0.48066509E-03   0.16344313E+00   0.75688914E-05   0.00000000E+00   0.16344313E+00
   0.2389610E+02   0.29537629E-03   0.16613059E+00   0.34904384E-05   0.00000000E+00   0.16613059E+00
   0.2415584E+02   0.18210263E-03   0.16830722E+00   0.13759185E-05   0.00000000E+00   0.16830722E+00
   0.2441558E+02   0.11253929E-03   0.17016895E+00   0.72353477E-06   0.00000000E+00   0.17016895E+00
   0.2467532E+02   0.69157299E-04   0.17183624E+00   0.19768229E-06   0.00000000E+00   0.17183624E+00
   0.2493506E+02   0.42609672E-04   0.17338390E+00   0.18877580E-06   0.00000000E+00   0.17338390E+00
   0.2519481E+02   0.26127820E-04   0.17485792E+00  -0.12518585E-07   0.00000000E+00   0.17485792E+00
   0.2545455E+02   0.16340301E-04   0.17628668E+00   0.80026161E-07   0.00000000E+00   0.17628668E+00
   0.2571429E+02   0.10267579E-04   0.17768723E+00  -0.43423624E-07   0.00000000E+00   0.17768723E+00
   0.2597403E+02   0.67800434E-05   0.17907000E+00   0.52439750E-07   0.00000000E+00   0.17907000E+00
   0.2623377E+02   0.44970381E-05   0.18044112E+00  -0.42411450E-07   0.00000000E+00   0.18044112E+00
   0.2649351E+02   0.32022530E-05   0.18180446E+00   0.41087122E-07   0.00000000E+00   0.18180446E+00
   0.2675325E+02   0.22145936E-05   0.18316234E+00  -0.36419495E-07   0.00000000E+00   0.18316234E+00
   0.2701299E+02   0.16503884E-05   0.18451640E+00   0.33526665E-07   0.00000000E+00   0.18451640E+00
   0.2727273E+02   0.11252411E-05   0.18586766E+00  -0.30144395E-07   0.00000000E+00   0.18586766E+00
   0.2753247E+02   0.84063201E-06   0.18721697E+00   0.27200276E-07   0.00000000E+00   0.18721697E+00
   0.2779221E+02   0.53942374E-06   0.18856487E+00  -0.24255129E-07   0.00000000E+00   0.18856487E+00
   0.2805195E+02   0.41120631E-06   0.18991182E+00   0.21465414E-07   0.00000000E+00   0.18991182E+00
   0.2831169E+02   0.25923287E-06   0.19125809E+00  -0.18736242E-07   0.00000000E+00   0.19125809E+00
   0.2857143E+02   0.23030464E-06   0.19260389E+00   0.16085206E-07   0.00000000E+00   0.19260389E+00
   0.2883117E+02   0.17047358E-06   0.19394931E+00  -0.13484714E-07   0.00000000E+00   0.19394931E+00
   0.2909091E+02   0.18490072E-06   0.19529443E+00   0.10929211E-07   0.00000000E+00   0.18670068E+00
   0.2935065E+02   0.16564129E-06   0.19663924E+00  -0.84056067E-08   0.00000000E+00   0.16538925E+00
   0.2961039E+02   0.18353222E-06   0.19798376E+00   0.59055376E-08   0.00000000E+00   0.13470252E+00
# left surface: e = a * z + b
# als(au,ev/a)=        0.00517225        0.13298400
# bls(au,ev)  =       -0.15516754       -2.11116169
# right surface: e = a * z + b
# ars(au,ev/a)=        0.00517812        0.13313496
# brs(au,ev)  =        0.04465783        0.60760063
