 q(1:3)   w(Ry)   eps  epsi --- LFC included. 
  0.00000000  0.00000000  0.05000000    0.0000D+00  0.351785719161949E+01  0.119746571438545E-17    0.284263955450573E+00 -0.967624101679207E-19
  0.00000000  0.00000000  0.05000000    0.1015D-04  0.351785719235575E+01  0.119746598656211E-17    0.284263955391079E+00 -0.967624321209237E-19
  0.00000000  0.00000000  0.05000000    0.3076D-04  0.351785719838100E+01  0.119746540492111E-17    0.284263954904203E+00 -0.967623847893811E-19
  0.00000000  0.00000000  0.05000000    0.5200D-04  0.351785721094066E+01  0.119746524867156E-17    0.284263953889306E+00 -0.967623714725467E-19
  0.00000000  0.00000000  0.05000000    0.7389D-04  0.351785723062647E+01  0.119746474290208E-17    0.284263952298575E+00 -0.967623295203833E-19
  0.00000000  0.00000000  0.05000000    0.9644D-04  0.351785725807243E+01  0.119746569141269E-17    0.284263950080777E+00 -0.967624046558659E-19
  0.00000000  0.00000000  0.05000000    0.1197D-03  0.351785729395767E+01  0.119746628713345E-17    0.284263947181035E+00 -0.967624508195501E-19
  0.00000000  0.00000000  0.05000000    0.1436D-03  0.351785733900939E+01  0.119746590180007E-17    0.284263943540585E+00 -0.967624172039118E-19
  0.00000000  0.00000000  0.05000000    0.1683D-03  0.351785739400599E+01  0.119746615101056E-17    0.284263939096531E+00 -0.967624343161320E-19
  0.00000000  0.00000000  0.05000000    0.1937D-03  0.351785745978044E+01  0.119746561267124E-17    0.284263933781562E+00 -0.967623871966997E-19
  0.00000000  0.00000000  0.05000000    0.2199D-03  0.351785753722389E+01  0.119746573637669E-17    0.284263927523668E+00 -0.967623929325128E-19
  0.00000000  0.00000000  0.05000000    0.2469D-03  0.351785762728941E+01  0.119746626577680E-17    0.284263920245836E+00 -0.967624307565111E-19
  0.00000000  0.00000000  0.05000000    0.2748D-03  0.351785773099608E+01  0.119746606886034E-17    0.284263911865717E+00 -0.967624091393597E-19
  0.00000000  0.00000000  0.05000000    0.3034D-03  0.351785784943324E+01  0.119746646350990E-17    0.284263902295288E+00 -0.967624345139201E-19
  0.00000000  0.00000000  0.05000000    0.3330D-03  0.351785798376506E+01  0.119746626176326E-17    0.284263891440475E+00 -0.967624108217085E-19
  0.00000000  0.00000000  0.05000000    0.3634D-03  0.351785813523550E+01  0.119746639012481E-17    0.284263879200762E+00 -0.967624128613770E-19
  0.00000000  0.00000000  0.05000000    0.3948D-03  0.351785830517328E+01  0.119746668732444E-17    0.284263865468778E+00 -0.967624275282369E-19
  0.00000000  0.00000000  0.05000000    0.4271D-03  0.351785849499757E+01  0.119746588042524E-17    0.284263850129847E+00 -0.967623518833550E-19
  0.00000000  0.00000000  0.05000000    0.4604D-03  0.351785870622370E+01  0.119746682876415E-17    0.284263833061523E+00 -0.967624168947729E-19
  0.00000000  0.00000000  0.05000000    0.4948D-03  0.351785894046937E+01  0.119746690070631E-17    0.284263814133086E+00 -0.967624098217774E-19
  0.00000000  0.00000000  0.05000000    0.5301D-03  0.351785919946133E+01  0.119746758646106E-17    0.284263793205005E+00 -0.967624509871190E-19
  0.00000000  0.00000000  0.05000000    0.5666D-03  0.351785948504237E+01  0.119746777831924E-17    0.284263770128373E+00 -0.967624507799732E-19
  0.00000000  0.00000000  0.05000000    0.6041D-03  0.351785979917865E+01  0.119746842746749E-17    0.284263744744313E+00 -0.967624859536666E-19
  0.00000000  0.00000000  0.05000000    0.6428D-03  0.351786014396781E+01  0.119746806549100E-17    0.284263716883325E+00 -0.967624377362600E-19
  0.00000000  0.00000000  0.05000000    0.6827D-03  0.351786052164729E+01  0.119746789961130E-17    0.284263686364614E+00 -0.967624035552735E-19
  0.00000000  0.00000000  0.05000000    0.7238D-03  0.351786093460329E+01  0.119746915363192E-17    0.284263652995359E+00 -0.967624821698809E-19
  0.00000000  0.00000000  0.05000000    0.7662D-03  0.351786138538032E+01  0.119746972216531E-17    0.284263616569955E+00 -0.967625033124863E-19
  0.00000000  0.00000000  0.05000000    0.8098D-03  0.351786187669128E+01  0.119746966445388E-17    0.284263576869183E+00 -0.967624716210174E-19
  0.00000000  0.00000000  0.05000000    0.8548D-03  0.351786241142825E+01  0.119747091690388E-17    0.284263533659351E+00 -0.967625434091941E-19
  0.00000000  0.00000000  0.05000000    0.9011D-03  0.351786299267390E+01  0.119747151013831E-17    0.284263486691364E+00 -0.967625593703851E-19
  0.00000000  0.00000000  0.05000000    0.9488D-03  0.351786362371361E+01  0.119747129593103E-17    0.284263435699749E+00 -0.967625073463898E-19
  0.00000000  0.00000000  0.05000000    0.9980D-03  0.351786430804839E+01  0.119747286186455E-17    0.284263380401608E+00 -0.967625962360234E-19
  0.00000000  0.00000000  0.05000000    0.1049D-02  0.351786504940865E+01  0.119747306583367E-17    0.284263320495509E+00 -0.967625719340872E-19
  0.00000000  0.00000000  0.05000000    0.1101D-02  0.351786585176868E+01  0.119747296687819E-17    0.284263255660312E+00 -0.967625197984355E-19
  0.00000000  0.00000000  0.05000000    0.1155D-02  0.351786671936223E+01  0.119747526716042E-17    0.284263185553913E+00 -0.967626579459370E-19
  0.00000000  0.00000000  0.05000000    0.1210D-02  0.351786765669891E+01  0.119747581074190E-17    0.284263109811919E+00 -0.967626503054591E-19
  0.00000000  0.00000000  0.05000000    0.1267D-02  0.351786866858169E+01  0.119747659647122E-17    0.284263028046232E+00 -0.967626581309086E-19
  0.00000000  0.00000000  0.05000000    0.1326D-02  0.351786976012552E+01  0.119747758306078E-17    0.284262939843548E+00 -0.967626778046096E-19
  0.00000000  0.00000000  0.05000000    0.1387D-02  0.351787093677704E+01  0.119747855865149E-17    0.284262844763761E+00 -0.967626919075499E-19
  0.00000000  0.00000000  0.05000000    0.1450D-02  0.351787220433561E+01  0.119747990243924E-17    0.284262742338266E+00 -0.967627307617406E-19
  0.00000000  0.00000000  0.05000000    0.1514D-02  0.351787356897551E+01  0.119748176482414E-17    0.284262632068162E+00 -0.967628061805734E-19
  0.00000000  0.00000000  0.05000000    0.1580D-02  0.351787503726980E+01  0.119748352387059E-17    0.284262513422334E+00 -0.967628675467300E-19
  0.00000000  0.00000000  0.05000000    0.1649D-02  0.351787661621529E+01  0.119748448964942E-17    0.284262385835423E+00 -0.967628587255219E-19
  0.00000000  0.00000000  0.05000000    0.1719D-02  0.351787831325947E+01  0.119748585154569E-17    0.284262248705657E+00 -0.967628754157187E-19
  0.00000000  0.00000000  0.05000000    0.1792D-02  0.351788013632879E+01  0.119748702048214E-17    0.284262101392569E+00 -0.967628695808313E-19
  0.00000000  0.00000000  0.05000000    0.1867D-02  0.351788209385895E+01  0.119748957954692E-17    0.284261943214546E+00 -0.967629686780586E-19
  0.00000000  0.00000000  0.05000000    0.1944D-02  0.351788419482695E+01  0.119749116095942E-17    0.284261773446238E+00 -0.967629808852378E-19
  0.00000000  0.00000000  0.05000000    0.2024D-02  0.351788644878507E+01  0.119749351788915E-17    0.284261591315819E+00 -0.967630473414257E-19
  0.00000000  0.00000000  0.05000000    0.2106D-02  0.351788886589725E+01  0.119749572259536E-17    0.284261396002044E+00 -0.967630925215749E-19
  0.00000000  0.00000000  0.05000000    0.2190D-02  0.351789145697747E+01  0.119749798283271E-17    0.284261186631150E+00 -0.967631326183398E-19
  0.00000000  0.00000000  0.05000000    0.2277D-02  0.351789423353057E+01  0.119750194751609E-17    0.284260962273558E+00 -0.967633002382094E-19
  0.00000000  0.00000000  0.05000000    0.2367D-02  0.351789720779574E+01  0.119750401427967E-17    0.284260721940362E+00 -0.967633036210607E-19
  0.00000000  0.00000000  0.05000000    0.2459D-02  0.351790039279266E+01  0.119750676263539E-17    0.284260464579601E+00 -0.967633504863741E-19
  0.00000000  0.00000000  0.05000000    0.2554D-02  0.351790380237041E+01  0.119751020592844E-17    0.284260189072307E+00 -0.967634411503424E-19
  0.00000000  0.00000000  0.05000000    0.2652D-02  0.351790745125965E+01  0.119751426771694E-17    0.284259894228296E+00 -0.967635686254920E-19
  0.00000000  0.00000000  0.05000000    0.2753D-02  0.351791135512780E+01  0.119751770633186E-17    0.284259578781703E+00 -0.967636317183887E-19
  0.00000000  0.00000000  0.05000000    0.2858D-02  0.351791553063790E+01  0.119752144641674E-17    0.284259241386239E+00 -0.967637042269881E-19
  0.00000000  0.00000000  0.05000000    0.2965D-02  0.351791999551096E+01  0.119752548483811E-17    0.284258880610147E+00 -0.967637849230737E-19
  0.00000000  0.00000000  0.05000000    0.3075D-02  0.351792476859229E+01  0.119753105072237E-17    0.284258494930849E+00 -0.967639720867355E-19
  0.00000000  0.00000000  0.05000000    0.3189D-02  0.351792986992194E+01  0.119753565352327E-17    0.284258082729258E+00 -0.967640633717370E-19
  0.00000000  0.00000000  0.05000000    0.3307D-02  0.351793532080947E+01  0.119754145298070E-17    0.284257642283743E+00 -0.967642321186889E-19
  0.00000000  0.00000000  0.05000000    0.3428D-02  0.351794114391357E+01  0.119754589238858E-17    0.284257171763692E+00 -0.967642704928570E-19
  0.00000000  0.00000000  0.05000000    0.3553D-02  0.351794736332639E+01  0.119755245907217E-17    0.284256669222717E+00 -0.967644589524083E-19
  0.00000000  0.00000000  0.05000000    0.3681D-02  0.351795400466326E+01  0.119755803896143E-17    0.284256132591398E+00 -0.967645444646734E-19
  0.00000000  0.00000000  0.05000000    0.3813D-02  0.351796109515807E+01  0.119756590263806E-17    0.284255559669590E+00 -0.967647897994464E-19
  0.00000000  0.00000000  0.05000000    0.3950D-02  0.351796866376435E+01  0.119757267482972E-17    0.284254948118260E+00 -0.967649206367037E-19
  0.00000000  0.00000000  0.05000000    0.4090D-02  0.351797674126299E+01  0.119758050504603E-17    0.284254295450796E+00 -0.967651089658011E-19
  0.00000000  0.00000000  0.05000000    0.4235D-02  0.351798536037640E+01  0.119758949261151E-17    0.284253599023791E+00 -0.967653610109042E-19
  0.00000000  0.00000000  0.05000000    0.4385D-02  0.351799455588981E+01  0.119759795927665E-17    0.284252856027251E+00 -0.967655392549900E-19
  0.00000000  0.00000000  0.05000000    0.4538D-02  0.351800436478032E+01  0.119760727590524E-17    0.284252063474187E+00 -0.967657524293672E-19
  0.00000000  0.00000000  0.05000000    0.4697D-02  0.351801482635377E+01  0.119761739459925E-17    0.284251218189562E+00 -0.967659945005624E-19
  0.00000000  0.00000000  0.05000000    0.4860D-02  0.351802598239029E+01  0.119762821583851E-17    0.284250316798558E+00 -0.967662551280216E-19
  0.00000000  0.00000000  0.05000000    0.5029D-02  0.351803787729887E+01  0.119763998264003E-17    0.284249355714099E+00 -0.967665515029226E-19
  0.00000000  0.00000000  0.05000000    0.5202D-02  0.351805055828151E+01  0.119765177157400E-17    0.284248331123609E+00 -0.967668064166302E-19
  0.00000000  0.00000000  0.05000000    0.5381D-02  0.351806407550774E+01  0.119766508408579E-17    0.284247238974940E+00 -0.967671384208498E-19
  0.00000000  0.00000000  0.05000000    0.5565D-02  0.351807848229986E+01  0.119767895332101E-17    0.284246074961430E+00 -0.967674664616518E-19
  0.00000000  0.00000000  0.05000000    0.5755D-02  0.351809383532994E+01  0.119769314876515E-17    0.284244834506017E+00 -0.967677687959715E-19
  0.00000000  0.00000000  0.05000000    0.5950D-02  0.351811019482887E+01  0.119770905517685E-17    0.284243512744388E+00 -0.967681539906367E-19
  0.00000000  0.00000000  0.05000000    0.6152D-02  0.351812762480864E+01  0.119772606334809E-17    0.284242104507051E+00 -0.967685693004165E-19
  0.00000000  0.00000000  0.05000000    0.6360D-02  0.351814619329845E+01  0.119774342062913E-17    0.284240604300314E+00 -0.967689501717838E-19
  0.00000000  0.00000000  0.05000000    0.6574D-02  0.351816597259547E+01  0.119776343845643E-17    0.284239006286069E+00 -0.967694793720826E-19
  0.00000000  0.00000000  0.05000000    0.6794D-02  0.351818703953142E+01  0.119778361634754E-17    0.284237304260318E+00 -0.967699506513858E-19
  0.00000000  0.00000000  0.05000000    0.7021D-02  0.351820947575567E+01  0.119780468512332E-17    0.284235491630359E+00 -0.967704185607218E-19
  0.00000000  0.00000000  0.05000000    0.7255D-02  0.351823336803605E+01  0.119782758591308E-17    0.284233561390563E+00 -0.967709543571260E-19
  0.00000000  0.00000000  0.05000000    0.7497D-02  0.351825880857863E+01  0.119785301714809E-17    0.284231506096619E+00 -0.967716093870672E-19
  0.00000000  0.00000000  0.05000000    0.7745D-02  0.351828589536726E+01  0.119787863633106E-17    0.284229317838201E+00 -0.967721890098957E-19
  0.00000000  0.00000000  0.05000000    0.8001D-02  0.351831473252448E+01  0.119790700043089E-17    0.284226988209914E+00 -0.967728940621929E-19
  0.00000000  0.00000000  0.05000000    0.8265D-02  0.351834543069506E+01  0.119793567165534E-17    0.284224508280429E+00 -0.967735215130828E-19
  0.00000000  0.00000000  0.05000000    0.8537D-02  0.351837810745355E+01  0.119796668025832E-17    0.284221868559703E+00 -0.967742289022241E-19
  0.00000000  0.00000000  0.05000000    0.8818D-02  0.351841288773729E+01  0.119800121036679E-17    0.284219058964142E+00 -0.967751050012006E-19
  0.00000000  0.00000000  0.05000000    0.9107D-02  0.351844990430664E+01  0.119803648864746E-17    0.284216068779602E+00 -0.967759184637305E-19
  0.00000000  0.00000000  0.05000000    0.9404D-02  0.351848929823422E+01  0.119807364080423E-17    0.284212886622068E+00 -0.967767524572741E-19
  0.00000000  0.00000000  0.05000000    0.9711D-02  0.351853121942457E+01  0.119811466573662E-17    0.284209500395890E+00 -0.967777601875826E-19
  0.00000000  0.00000000  0.05000000    0.1003D-01  0.351857582716679E+01  0.119815762471642E-17    0.284205897249403E+00 -0.967787762735065E-19
  0.00000000  0.00000000  0.05000000    0.1035D-01  0.351862329072175E+01  0.119820340079363E-17    0.284202063527772E+00 -0.967798627177543E-19
  0.00000000  0.00000000  0.05000000    0.1069D-01  0.351867378994635E+01  0.119825238157229E-17    0.284197984722888E+00 -0.967810409152587E-19
  0.00000000  0.00000000  0.05000000    0.1103D-01  0.351872751595710E+01  0.119830398885579E-17    0.284193645420139E+00 -0.967822536328985E-19
  0.00000000  0.00000000  0.05000000    0.1139D-01  0.351878467183556E+01  0.119835841425109E-17    0.284189029241836E+00 -0.967835051561002E-19
  0.00000000  0.00000000  0.05000000    0.1176D-01  0.351884547337831E+01  0.119841771687694E-17    0.284184118787102E+00 -0.967849498894180E-19
  0.00000000  0.00000000  0.05000000    0.1214D-01  0.351891014989432E+01  0.119847907823005E-17    0.284178895568002E+00 -0.967863475636061E-19
  0.00000000  0.00000000  0.05000000    0.1253D-01  0.351897894505288E+01  0.119854526099864E-17    0.284173339941644E+00 -0.967879078583387E-19
  0.00000000  0.00000000  0.05000000    0.1293D-01  0.351905211778514E+01  0.119861645526865E-17    0.284167431038046E+00 -0.967896318364270E-19
  0.00000000  0.00000000  0.05000000    0.1334D-01  0.351912994324291E+01  0.119869102617091E-17    0.284161146683459E+00 -0.967913723021017E-19
  0.00000000  0.00000000  0.05000000    0.1377D-01  0.351921271381843E+01  0.119877016424892E-17    0.284154463318864E+00 -0.967932092673136E-19
  0.00000000  0.00000000  0.05000000    0.1421D-01  0.351930074022900E+01  0.119885568664126E-17    0.284147355913360E+00 -0.967952723070331E-19
  0.00000000  0.00000000  0.05000000    0.1466D-01  0.351939435267071E+01  0.119894628303515E-17    0.284139797872082E+00 -0.967974373950371E-19
  0.00000000  0.00000000  0.05000000    0.1513D-01  0.351949390204600E+01  0.119904124248154E-17    0.284131760938317E+00 -0.967996277720201E-19
  0.00000000  0.00000000  0.05000000    0.1561D-01  0.351959976126955E+01  0.119914363041370E-17    0.284123215089460E+00 -0.968020703309439E-19
  0.00000000  0.00000000  0.05000000    0.1610D-01  0.351971232665801E+01  0.119925286574529E-17    0.284114128426372E+00 -0.968046962626548E-19
  0.00000000  0.00000000  0.05000000    0.1662D-01  0.351983201940899E+01  0.119936723309080E-17    0.284104467055763E+00 -0.968073438398407E-19
  0.00000000  0.00000000  0.05000000    0.1714D-01  0.351995928717515E+01  0.119948981310324E-17    0.284094194965114E+00 -0.968102370001824E-19
  0.00000000  0.00000000  0.05000000    0.1768D-01  0.352009460574001E+01  0.119962050375588E-17    0.284083273889673E+00 -0.968133412029436E-19
  0.00000000  0.00000000  0.05000000    0.1824D-01  0.352023848080192E+01  0.119975837714658E-17    0.284071663171012E+00 -0.968165536108064E-19
  0.00000000  0.00000000  0.05000000    0.1882D-01  0.352039144987397E+01  0.119990566433064E-17    0.284059319606574E+00 -0.968200245498373E-19
  0.00000000  0.00000000  0.05000000    0.1941D-01  0.352055408430721E+01  0.120006190695623E-17    0.284046197289648E+00 -0.968236854256875E-19
  0.00000000  0.00000000  0.05000000    0.2002D-01  0.352072699144591E+01  0.120022865245849E-17    0.284032247439133E+00 -0.968276274834428E-19
  0.00000000  0.00000000  0.05000000    0.2065D-01  0.352091081692383E+01  0.120040658933078E-17    0.284017418218416E+00 -0.968318705135435E-19
  0.00000000  0.00000000  0.05000000    0.2130D-01  0.352110624711101E+01  0.120059352005347E-17    0.284001654542653E+00 -0.968361992507705E-19
  0.00000000  0.00000000  0.05000000    0.2197D-01  0.352131401172189E+01  0.120079420490843E-17    0.283984897873680E+00 -0.968409572429694E-19
  0.00000000  0.00000000  0.05000000    0.2266D-01  0.352153488659558E+01  0.120100631199187E-17    0.283967086001736E+00 -0.968459134067326E-19
  0.00000000  0.00000000  0.05000000    0.2337D-01  0.352176969666070E+01  0.120123273932241E-17    0.283948152813112E+00 -0.968512557060868E-19
  0.00000000  0.00000000  0.05000000    0.2410D-01  0.352201931909765E+01  0.120147219713634E-17    0.283928028042788E+00 -0.968568314862496E-19
  0.00000000  0.00000000  0.05000000    0.2486D-01  0.352228468671233E+01  0.120172817223329E-17    0.283906637011045E+00 -0.968628700761366E-19
  0.00000000  0.00000000  0.05000000    0.2564D-01  0.352256679153669E+01  0.120199931317692E-17    0.283883900342954E+00 -0.968692074353424E-19
  0.00000000  0.00000000  0.05000000    0.2644D-01  0.352286668867217E+01  0.120228824098600E-17    0.283859733669604E+00 -0.968759961816824E-19
  0.00000000  0.00000000  0.05000000    0.2726D-01  0.352318550039393E+01  0.120259493098844E-17    0.283834047309797E+00 -0.968831719188582E-19
  0.00000000  0.00000000  0.05000000    0.2811D-01  0.352352442053518E+01  0.120292072325606E-17    0.283806745930858E+00 -0.968907762041964E-19
  0.00000000  0.00000000  0.05000000    0.2899D-01  0.352388471917185E+01  0.120326792095550E-17    0.283777728187150E+00 -0.968989238358154E-19
  0.00000000  0.00000000  0.05000000    0.2989D-01  0.352426774763066E+01  0.120363641807295E-17    0.283746886334699E+00 -0.969075309720316E-19
  0.00000000  0.00000000  0.05000000    0.3082D-01  0.352467494384463E+01  0.120402759941110E-17    0.283714105820273E+00 -0.969166289635894E-19
  0.00000000  0.00000000  0.05000000    0.3178D-01  0.352510783808266E+01  0.120444379041073E-17    0.283679264843117E+00 -0.969263196198885E-19
  0.00000000  0.00000000  0.05000000    0.3277D-01  0.352556805908207E+01  0.120488669268894E-17    0.283642233887371E+00 -0.969366488940898E-19
  0.00000000  0.00000000  0.05000000    0.3379D-01  0.352605734061526E+01  0.120535605665113E-17    0.283602875223098E+00 -0.969474998027646E-19
  0.00000000  0.00000000  0.05000000    0.3484D-01  0.352657752852519E+01  0.120585686986182E-17    0.283561042373623E+00 -0.969591702452686E-19
  0.00000000  0.00000000  0.05000000    0.3592D-01  0.352713058826639E+01  0.120638831585523E-17    0.283516579546749E+00 -0.969714844282385E-19
  0.00000000  0.00000000  0.05000000    0.3703D-01  0.352771861299285E+01  0.120695260436417E-17    0.283469321027172E+00 -0.969845026785816E-19
  0.00000000  0.00000000  0.05000000    0.3818D-01  0.352834383223719E+01  0.120755455740911E-17    0.283419090527223E+00 -0.969984873061223E-19
  0.00000000  0.00000000  0.05000000    0.3936D-01  0.352900862123008E+01  0.120819309658808E-17    0.283365700492802E+00 -0.970132181275075E-19
  0.00000000  0.00000000  0.05000000    0.4058D-01  0.352971551091364E+01  0.120887232819890E-17    0.283308951361114E+00 -0.970288825183104E-19
  0.00000000  0.00000000  0.05000000    0.4184D-01  0.353046719870772E+01  0.120959450312489E-17    0.283248630766499E+00 -0.970455091377761E-19
  0.00000000  0.00000000  0.05000000    0.4313D-01  0.353126656009413E+01  0.121036160714732E-17    0.283184512690354E+00 -0.970630950867643E-19
  0.00000000  0.00000000  0.05000000    0.4447D-01  0.353211666109014E+01  0.121117755555864E-17    0.283116356550739E+00 -0.970817811436501E-19
  0.00000000  0.00000000  0.05000000    0.4584D-01  0.353302077169043E+01  0.121204506838361E-17    0.283043906226890E+00 -0.971016002586910E-19
  0.00000000  0.00000000  0.05000000    0.4726D-01  0.353398238036459E+01  0.121296884466800E-17    0.282966889013417E+00 -0.971227311015890E-19
  0.00000000  0.00000000  0.05000000    0.4872D-01  0.353500520970705E+01  0.121394944250385E-17    0.282885014498429E+00 -0.971450069437156E-19
  0.00000000  0.00000000  0.05000000    0.5022D-01  0.353609323334643E+01  0.121499373919820E-17    0.282797973359327E+00 -0.971687521837062E-19
  0.00000000  0.00000000  0.05000000    0.5177D-01  0.353725069423380E+01  0.121610282409373E-17    0.282705436069357E+00 -0.971938120617331E-19
  0.00000000  0.00000000  0.05000000    0.5337D-01  0.353848212444219E+01  0.121728286526763E-17    0.282607051507330E+00 -0.972204208769064E-19
  0.00000000  0.00000000  0.05000000    0.5501D-01  0.353979236662568E+01  0.121853987023935E-17    0.282502445462148E+00 -0.972487811661936E-19
  0.00000000  0.00000000  0.05000000    0.5671D-01  0.354118659730320E+01  0.121987485834623E-17    0.282391219022898E+00 -0.972786773128867E-19
  0.00000000  0.00000000  0.05000000    0.5846D-01  0.354267035215229E+01  0.122129525620311E-17    0.282272946844311E+00 -0.973103835997585E-19
  0.00000000  0.00000000  0.05000000    0.6026D-01  0.354424955352066E+01  0.122280798440584E-17    0.282147175276260E+00 -0.973441100846439E-19
  0.00000000  0.00000000  0.05000000    0.6211D-01  0.354593054038926E+01  0.122441602480327E-17    0.282013420344727E+00 -0.973797278729997E-19
  0.00000000  0.00000000  0.05000000    0.6403D-01  0.354772010104969E+01  0.122612783318037E-17    0.281871165570284E+00 -0.974175164986832E-19
  0.00000000  0.00000000  0.05000000    0.6600D-01  0.354962550879399E+01  0.122794895666696E-17    0.281719859608445E+00 -0.974574942684832E-19
  0.00000000  0.00000000  0.05000000    0.6803D-01  0.355165456095264E+01  0.122988844386776E-17    0.281558913694516E+00 -0.974999252539812E-19
  0.00000000  0.00000000  0.05000000    0.7012D-01  0.355381562166312E+01  0.123195133286945E-17    0.281387698873364E+00 -0.975447202626344E-19
  0.00000000  0.00000000  0.05000000    0.7227D-01  0.355611766880310E+01  0.123414920396742E-17    0.281205542992219E+00 -0.975922703794786E-19
  0.00000000  0.00000000  0.05000000    0.7450D-01  0.355857034558384E+01  0.123648892457180E-17    0.281011727431774E+00 -0.976425516149717E-19
  0.00000000  0.00000000  0.05000000    0.7678D-01  0.356118401737009E+01  0.123897979279749E-17    0.280805483547715E+00 -0.976956871999210E-19
  0.00000000  0.00000000  0.05000000    0.7914D-01  0.356396983437568E+01  0.124163297954477E-17    0.280585988791114E+00 -0.977518984366643E-19
  0.00000000  0.00000000  0.05000000    0.8157D-01  0.356693980098194E+01  0.124445972045291E-17    0.280352362471806E+00 -0.978113571005412E-19
  0.00000000  0.00000000  0.05000000    0.8408D-01  0.357010685253957E+01  0.124747193194612E-17    0.280103661123940E+00 -0.978742289012737E-19
  0.00000000  0.00000000  0.05000000    0.8666D-01  0.357348494065043E+01  0.125068091851875E-17    0.279838873427010E+00 -0.979405664407929E-19
  0.00000000  0.00000000  0.05000000    0.8932D-01  0.357708912808515E+01  0.125410232935772E-17    0.279556914628881E+00 -0.980106911710677E-19
  0.00000000  0.00000000  0.05000000    0.9206D-01  0.358093569468304E+01  0.125774903651294E-17    0.279256620409240E+00 -0.980846279314905E-19
  0.00000000  0.00000000  0.05000000    0.9488D-01  0.358504225580711E+01  0.126163911257557E-17    0.278936740112389E+00 -0.981627205899945E-19
  0.00000000  0.00000000  0.05000000    0.9779D-01  0.358942789519958E+01  0.126578715599359E-17    0.278595929266995E+00 -0.982449457892379E-19
  0.00000000  0.00000000  0.05000000    0.1008D+00  0.359411331441045E+01  0.127021378692459E-17    0.278232741296871E+00 -0.983316420637336E-19
  0.00000000  0.00000000  0.05000000    0.1039D+00  0.359912100136731E+01  0.127493714991123E-17    0.277845618310720E+00 -0.984228372955002E-19
  0.00000000  0.00000000  0.05000000    0.1071D+00  0.360447542113617E+01  0.127998025876511E-17    0.277432880839229E+00 -0.985188048513902E-19
  0.00000000  0.00000000  0.05000000    0.1103D+00  0.361020323251016E+01  0.128536499395755E-17    0.276992716364254E+00 -0.986195840693089E-19
  0.00000000  0.00000000  0.05000000    0.1137D+00  0.361633353478431E+01  0.129111914542749E-17    0.276523166456117E+00 -0.987255049711610E-19
  0.00000000  0.00000000  0.05000000    0.1172D+00  0.362289814996596E+01  0.129726845537609E-17    0.276022112299623E+00 -0.988365569360383E-19
  0.00000000  0.00000000  0.05000000    0.1208D+00  0.362993194677629E+01  0.130384223559742E-17    0.275487258346011E+00 -0.989527980323328E-19
  0.00000000  0.00000000  0.05000000    0.1245D+00  0.363747321418293E+01  0.131087317306341E-17    0.274916113773947E+00 -0.990743126255751E-19
  0.00000000  0.00000000  0.05000000    0.1283D+00  0.364556409394509E+01  0.131839775998461E-17    0.274305971375156E+00 -0.992012124576452E-19
  0.00000000  0.00000000  0.05000000    0.1322D+00  0.365425108386186E+01  0.132645247006218E-17    0.273653883395223E+00 -0.993333137875384E-19
  0.00000000  0.00000000  0.05000000    0.1363D+00  0.366358562623709E+01  0.133508179887388E-17    0.272956633752030E+00 -0.994707018704294E-19
  0.00000000  0.00000000  0.05000000    0.1405D+00  0.367362479971156E+01  0.134433014590326E-17    0.272210705915998E+00 -0.996130737219586E-19
  0.00000000  0.00000000  0.05000000    0.1448D+00  0.368443213734207E+01  0.135424761864912E-17    0.271412245557438E+00 -0.997601186606534E-19
  0.00000000  0.00000000  0.05000000    0.1492D+00  0.369607860001431E+01  0.136489205343898E-17    0.270557016832956E+00 -0.999115988161149E-19
  0.00000000  0.00000000  0.05000000    0.1537D+00  0.370864374250744E+01  0.137632114220043E-17    0.269640350874979E+00 -0.100066693235049E-18
  0.00000000  0.00000000  0.05000000    0.1585D+00  0.372221712056773E+01  0.138860691920196E-17    0.268657084637630E+00 -0.100224966609024E-18
  0.00000000  0.00000000  0.05000000    0.1633D+00  0.373690000233209E+01  0.140181820800153E-17    0.267601487697270E+00 -0.100384981591219E-18
  0.00000000  0.00000000  0.05000000    0.1683D+00  0.375280746804989E+01  0.141604312696822E-17    0.266467173846155E+00 -0.100545794928182E-18
  0.00000000  0.00000000  0.05000000    0.1734D+00  0.377007101080485E+01  0.143137044451346E-17    0.265246993261943E+00 -0.100705452380896E-18
  0.00000000  0.00000000  0.05000000    0.1787D+00  0.378884179169268E+01  0.144790515004604E-17    0.263932899545338E+00 -0.100861905967193E-18
  0.00000000  0.00000000  0.05000000    0.1842D+00  0.380929476168880E+01  0.146576209102868E-17    0.262515783776382E+00 -0.101012315462170E-18
  0.00000000  0.00000000  0.05000000    0.1898D+00  0.383163394885807E+01  0.148507094252701E-17    0.260985264601810E+00 -0.101153095014043E-18
  0.00000000  0.00000000  0.05000000    0.1956D+00  0.385609933936190E+01  0.150597962525624E-17    0.259329418667279E+00 -0.101279761326661E-18
  0.00000000  0.00000000  0.05000000    0.2016D+00  0.388297598042287E+01  0.152865839033399E-17    0.257534428500662E+00 -0.101386711355483E-18
  0.00000000  0.00000000  0.05000000    0.2078D+00  0.391260624908078E+01  0.155329955532963E-17    0.255584113590510E+00 -0.101466558277549E-18
  0.00000000  0.00000000  0.05000000    0.2141D+00  0.394540674516740E+01  0.158013452079871E-17    0.253459291928486E+00 -0.101510389843572E-18
  0.00000000  0.00000000  0.05000000    0.2207D+00  0.398189213597724E+01  0.160943581650815E-17    0.251136888155455E+00 -0.101506693009552E-18
  0.00000000  0.00000000  0.05000000    0.2274D+00  0.402270980931406E+01  0.164153549572145E-17    0.248588649791399E+00 -0.101440847540438E-18
  0.00000000  0.00000000  0.05000000    0.2343D+00  0.406869201572429E+01  0.167685898024588E-17    0.245779232277916E+00 -0.101294743177998E-18
  0.00000000  0.00000000  0.05000000    0.2415D+00  0.412093770710526E+01  0.171597561584151E-17    0.242663216742106E+00 -0.101045973607696E-18
  0.00000000  0.00000000  0.05000000    0.2489D+00  0.418094788579102E+01  0.175970708165898E-17    0.239180211597114E+00 -0.100667868540176E-18
  0.00000000  0.00000000  0.05000000    0.2565D+00  0.425086492171226E+01  0.180936969079941E-17    0.235246242451100E+00 -0.100131956391129E-18
  0.00000000  0.00000000  0.05000000    0.2643D+00  0.433393498155695E+01  0.186734488977884E-17    0.230737194779224E+00 -0.994167940650792E-19
  0.00000000  0.00000000  0.05000000    0.2724D+00  0.443552069269871E+01  0.193874688608148E-17    0.225452673830627E+00 -0.985443873742653E-19
  0.00000000  0.00000000  0.05000000    0.2807D+00  0.456579943846248E+01  0.203737014757156E-17    0.219019694902926E+00 -0.977318855415418E-19
  0.00000000  0.00000000  0.05000000    0.2893D+00  0.475141095173299E+01  0.222984791001190E-17    0.210463799102721E+00 -0.987711371063782E-19
  0.00000000  0.00000000  0.05000000    0.2981D+00  0.511006797951825E+01  0.173229252976552E-01    0.195689864070757E+00 -0.663380782876711E-03
  0.00000000  0.00000000  0.05000000    0.3072D+00  0.535154951927698E+01  0.549788421419056E+00    0.184910157943632E+00 -0.189966407811382E-01
  0.00000000  0.00000000  0.05000000    0.3166D+00  0.527357223239824E+01  0.915170787715468E+00    0.184081035972295E+00 -0.319452506328205E-01
  0.00000000  0.00000000  0.05000000    0.3262D+00  0.515718394104250E+01  0.109919041662569E+01    0.185478417009778E+00 -0.395324465442352E-01
  0.00000000  0.00000000  0.05000000    0.3362D+00  0.508394214812284E+01  0.124496029126623E+01    0.185569756666174E+00 -0.454424876558885E-01
  0.00000000  0.00000000  0.05000000    0.3464D+00  0.502415218801539E+01  0.137641815883256E+01    0.185142804717876E+00 -0.507217753074350E-01
  0.00000000  0.00000000  0.05000000    0.3570D+00  0.502838411484738E+01  0.145236907548578E+01    0.183557711219053E+00 -0.530177363647157E-01
  0.00000000  0.00000000  0.05000000    0.3679D+00  0.503342119666609E+01  0.168934917761258E+01    0.178558310050328E+00 -0.599288878187286E-01
  0.00000000  0.00000000  0.05000000    0.3791D+00  0.494483349040249E+01  0.189671849050028E+01    0.176293191229164E+00 -0.676218028782279E-01
  0.00000000  0.00000000  0.05000000    0.3907D+00  0.483397681430395E+01  0.204600756361578E+01    0.175439800210543E+00 -0.742558708862363E-01
  0.00000000  0.00000000  0.05000000    0.4026D+00  0.473865954475572E+01  0.217218167571234E+01    0.174386813894136E+00 -0.799381846382948E-01
  0.00000000  0.00000000  0.05000000    0.4149D+00  0.466668772068443E+01  0.230444942355445E+01    0.172275850109457E+00 -0.850712555111503E-01
  0.00000000  0.00000000  0.05000000    0.4276D+00  0.452808219087486E+01  0.252534939224808E+01    0.168449686541487E+00 -0.939458021299154E-01
  0.00000000  0.00000000  0.05000000    0.4406D+00  0.440574798033327E+01  0.253229649327228E+01    0.170612398202438E+00 -0.980630711528188E-01
  0.00000000  0.00000000  0.05000000    0.4540D+00  0.430196434013000E+01  0.279921095194336E+01    0.163309015742943E+00 -0.106262244239087E+00
  0.00000000  0.00000000  0.05000000    0.4679D+00  0.401530034518367E+01  0.292401783028897E+01    0.162743846661268E+00 -0.118513154309406E+00
  0.00000000  0.00000000  0.05000000    0.4822D+00  0.380182956411123E+01  0.279726714465339E+01    0.170649304687343E+00 -0.125558414760616E+00
  0.00000000  0.00000000  0.05000000    0.4969D+00  0.373526168119353E+01  0.279594610425938E+01    0.171582380594321E+00 -0.128434131134008E+00
  0.00000000  0.00000000  0.05000000    0.5120D+00  0.367393891752324E+01  0.278072565870735E+01    0.173051979078357E+00 -0.130979335616630E+00
  0.00000000  0.00000000  0.05000000    0.5276D+00  0.366095736997393E+01  0.279071289780789E+01    0.172762558890055E+00 -0.131695251440801E+00
  0.00000000  0.00000000  0.05000000    0.5437D+00  0.364763449854680E+01  0.286477089465559E+01    0.169561598773999E+00 -0.133169903183157E+00
  0.00000000  0.00000000  0.05000000    0.5603D+00  0.367551194598190E+01  0.284832062733652E+01    0.169986949021360E+00 -0.131730583491872E+00
  0.00000000  0.00000000  0.05000000    0.5774D+00  0.395119422963176E+01  0.287755145623480E+01    0.165375641773756E+00 -0.120438756273489E+00
  0.00000000  0.00000000  0.05000000    0.5950D+00  0.421198949383225E+01  0.355512528393128E+01    0.138644542611216E+00 -0.117022779766661E+00
  0.00000000  0.00000000  0.05000000    0.6131D+00  0.390906375493812E+01  0.454005555269867E+01    0.108909157870781E+00 -0.126489015766590E+00
  0.00000000  0.00000000  0.05000000    0.6318D+00  0.305543323194276E+01  0.500277708447953E+01    0.889152038440532E-01 -0.145584246319799E+00
  0.00000000  0.00000000  0.05000000    0.6511D+00  0.197460559264816E+01  0.483822059226096E+01    0.723101534659266E-01 -0.177175874934703E+00
  0.00000000  0.00000000  0.05000000    0.6709D+00  0.172003462352577E+01  0.356302552041850E+01    0.109880598437346E+00 -0.227615985792540E+00
  0.00000000  0.00000000  0.05000000    0.6914D+00  0.256714935565489E+01  0.388261800136335E+01    0.118493049618860E+00 -0.179211718427369E+00
  0.00000000  0.00000000  0.05000000    0.7125D+00  0.262525779813005E+01  0.542974889091345E+01    0.721737191951921E-01 -0.149274929125943E+00
  0.00000000  0.00000000  0.05000000    0.7342D+00  0.117840490511359E+01  0.641467523133243E+01    0.277032539813875E-01 -0.150803324367178E+00
  0.00000000  0.00000000  0.05000000    0.7565D+00 -0.137477430842590E+01  0.582621041209824E+01   -0.383642970202774E-01 -0.162585571597055E+00
  0.00000000  0.00000000  0.05000000    0.7796D+00 -0.227505514131379E+01  0.348487850303899E+01   -0.131352296057824E+00 -0.201202504741220E+00
  0.00000000  0.00000000  0.05000000    0.8034D+00 -0.168236441570032E+01  0.264130481605333E+01   -0.171550083100766E+00 -0.269332884397571E+00
  0.00000000  0.00000000  0.05000000    0.8279D+00 -0.160058024126536E+01  0.211412277896625E+01   -0.227634121500677E+00 -0.300670012741189E+00
  0.00000000  0.00000000  0.05000000    0.8531D+00 -0.150246424640175E+01  0.125984083270730E+01   -0.390798816879918E+00 -0.327691196684473E+00
  0.00000000  0.00000000  0.05000000    0.8791D+00 -0.939156357621058E+00  0.503035581136233E+00   -0.827407189455217E+00 -0.443179938043759E+00
  0.00000000  0.00000000  0.05000000    0.9059D+00 -0.304860648331783E+00  0.404219635282209E+00   -0.118931241721073E+01 -0.157692845617229E+01
  0.00000000  0.00000000  0.05000000    0.9335D+00  0.632628651603083E-01  0.387877478875039E+00    0.409597946494983E+00 -0.251132822448494E+01
  0.00000000  0.00000000  0.05000000    0.9619D+00  0.332320669130221E+00  0.351086732318138E+00    0.142200343962452E+01 -0.150230361015341E+01
  0.00000000  0.00000000  0.05000000    0.9913D+00  0.574489312536613E+00  0.324218272685636E+00    0.132019328089090E+01 -0.745063094823632E+00
  0.00000000  0.00000000  0.05000000    0.1021D+01  0.862535737877911E+00  0.271184445286828E+00    0.105507809793763E+01 -0.331720479695645E+00
  0.00000000  0.00000000  0.05000000    0.1053D+01  0.117958175086233E+01  0.388326869578867E+00    0.764864116791798E+00 -0.251798815902187E+00
  0.00000000  0.00000000  0.05000000    0.1085D+01  0.156406559319032E+01  0.559264475883066E+00    0.566879816636351E+00 -0.202699774817717E+00
  0.00000000  0.00000000  0.05000000    0.1118D+01  0.152147328682312E+01  0.161608013843940E+01    0.308828508389829E+00 -0.328031798464753E+00
  0.00000000  0.00000000  0.05000000    0.1152D+01  0.724278331460650E+00  0.140916337785003E+01    0.288520260142194E+00 -0.561347988335107E+00
  0.00000000  0.00000000  0.05000000    0.1187D+01  0.568334855602617E+00  0.101090545223984E+01    0.422574424700315E+00 -0.751639259312563E+00
  0.00000000  0.00000000  0.05000000    0.1223D+01  0.676220299995533E+00  0.825792574083340E+00    0.593588469875393E+00 -0.724883518711032E+00
  0.00000000  0.00000000  0.05000000    0.1260D+01  0.759912115337522E+00  0.801669507422881E+00    0.622807097880613E+00 -0.657030529320700E+00
  0.00000000  0.00000000  0.05000000    0.1299D+01  0.794860609305173E+00  0.735541861087782E+00    0.677731513060689E+00 -0.627153858926612E+00
  0.00000000  0.00000000  0.05000000    0.1338D+01  0.898391786001833E+00  0.670299587025063E+00    0.715047046509582E+00 -0.533504143122125E+00
  0.00000000  0.00000000  0.05000000    0.1379D+01  0.970709008945767E+00  0.905057645042647E+00    0.551099169185285E+00 -0.513827018860664E+00
  0.00000000  0.00000000  0.05000000    0.1421D+01  0.725588142435424E+00  0.898883349599236E+00    0.543727811869419E+00 -0.673588566597813E+00
  0.00000000  0.00000000  0.05000000    0.1464D+01  0.593885225554573E+00  0.662082282723287E+00    0.750753133073334E+00 -0.836963653444477E+00
  0.00000000  0.00000000  0.05000000    0.1509D+01  0.670964179395862E+00  0.460967302375882E+00    0.101249524389320E+01 -0.695606733680034E+00
  0.00000000  0.00000000  0.05000000    0.1555D+01  0.801871347856381E+00  0.387277954065668E+00    0.101121018770986E+01 -0.488381850372306E+00
  0.00000000  0.00000000  0.05000000    0.1602D+01  0.906208797312672E+00  0.296227973386157E+00    0.996967322143219E+00 -0.325895765133266E+00
  0.00000000  0.00000000  0.05000000    0.1651D+01  0.106645277819231E+01  0.298860244427236E+00    0.869410479333682E+00 -0.243641569204493E+00
  0.00000000  0.00000000  0.05000000    0.1701D+01  0.119843423940501E+01  0.363666526805445E+00    0.764064897226343E+00 -0.231856549397501E+00
  0.00000000  0.00000000  0.05000000    0.1753D+01  0.124729638151594E+01  0.482370301730802E+00    0.697425574365927E+00 -0.269717277887710E+00
  0.00000000  0.00000000  0.05000000    0.1807D+01  0.126513447702943E+01  0.528113587496261E+00    0.673133921434359E+00 -0.280990816840932E+00
  0.00000000  0.00000000  0.05000000    0.1862D+01  0.128231613605838E+01  0.673022751634011E+00    0.611414496232052E+00 -0.320900482394215E+00
  0.00000000  0.00000000  0.05000000    0.1919D+01  0.114836249318633E+01  0.689069722493985E+00    0.640272227357131E+00 -0.384192455468849E+00
  0.00000000  0.00000000  0.05000000    0.1977D+01  0.108953474558482E+01  0.577701923858295E+00    0.716410109992399E+00 -0.379860762120068E+00
  0.00000000  0.00000000  0.05000000    0.2037D+01  0.122461738792166E+01  0.522092416088153E+00    0.690988735139484E+00 -0.294589952565452E+00
  0.00000000  0.00000000  0.05000000    0.2099D+01  0.132007511282688E+01  0.646688907004230E+00    0.610918248958390E+00 -0.299281496067150E+00
  0.00000000  0.00000000  0.05000000    0.2163D+01  0.162669490107372E+01  0.109960952093060E+01    0.421939780831363E+00 -0.285221893764644E+00
  0.00000000  0.00000000  0.05000000    0.2229D+01  0.113667808792265E+01  0.645624139543091E+00    0.665164512753464E+00 -0.377808168173536E+00
  0.00000000  0.00000000  0.05000000    0.2297D+01  0.153445579104894E+01  0.803603349603794E+00    0.511428509067164E+00 -0.267838060481561E+00
  0.00000000  0.00000000  0.05000000    0.2367D+01  0.149144812232704E+01  0.160893306491112E+01    0.309873752138511E+00 -0.334283250151425E+00
  0.00000000  0.00000000  0.05000000    0.2439D+01  0.182005566404713E+00  0.169839253740378E+01    0.623805941951149E-01 -0.582107117670295E+00
  0.00000000  0.00000000  0.05000000    0.2513D+01  0.255279538393902E+00  0.811487682826841E+00    0.352752007693344E+00 -0.112133511027387E+01
  0.00000000  0.00000000  0.05000000    0.2590D+01  0.435257242744269E+00  0.582486304080611E+00    0.823198420295141E+00 -0.110165152528993E+01
  0.00000000  0.00000000  0.05000000    0.2669D+01  0.597767108451468E+00  0.663591872570362E+00    0.749382385535135E+00 -0.831902681592390E+00
  0.00000000  0.00000000  0.05000000    0.2750D+01  0.288112556663655E+00  0.749687766216139E+00    0.446658024599831E+00 -0.116223347084338E+01
  0.00000000  0.00000000  0.05000000    0.2834D+01  0.282496458698341E+00  0.286816949558172E+00    0.174307136286109E+01 -0.176972983470875E+01
  0.00000000  0.00000000  0.05000000    0.2920D+01  0.541330030629415E+00  0.218120666708359E+00    0.158927324130325E+01 -0.640373375502112E+00
  0.00000000  0.00000000  0.05000000    0.3009D+01  0.675072906870314E+00  0.268335542963848E+00    0.127920762795080E+01 -0.508473781003947E+00
  0.00000000  0.00000000  0.05000000    0.3101D+01  0.598152778847598E+00  0.309000164991403E+00    0.131964528351361E+01 -0.681716485747078E+00
  0.00000000  0.00000000  0.05000000    0.3195D+01  0.661855384302930E+00  0.263368625321756E+00    0.130436550843949E+01 -0.519039293208484E+00
  0.00000000  0.00000000  0.05000000    0.3293D+01  0.630856822410977E+00  0.272994716534642E+00    0.133512850085835E+01 -0.577758714308872E+00
  0.00000000  0.00000000  0.05000000    0.3393D+01  0.639595075699336E+00  0.146966436253513E+00    0.148507847861317E+01 -0.341241982390068E+00
  0.00000000  0.00000000  0.05000000    0.3496D+01  0.720571896659551E+00  0.144651679694546E+00    0.133402686132440E+01 -0.267800100368597E+00
  0.00000000  0.00000000  0.05000000    0.3603D+01  0.766943453594564E+00  0.157143295106981E+00    0.125134298145660E+01 -0.256394599228219E+00
  0.00000000  0.00000000  0.05000000    0.3713D+01  0.768282937017256E+00  0.176785755649511E+00    0.123615166222325E+01 -0.284444695012962E+00
  0.00000000  0.00000000  0.05000000    0.3826D+01  0.752974980085500E+00  0.163701471015557E+00    0.126812675611792E+01 -0.275698689732184E+00
  0.00000000  0.00000000  0.05000000    0.3942D+01  0.777215605064876E+00  0.122437469268021E+00    0.125548709985441E+01 -0.197781236252956E+00
  0.00000000  0.00000000  0.05000000    0.4062D+01  0.788300572502215E+00  0.139756913678628E+00    0.122989442830171E+01 -0.218046587108757E+00
  0.00000000  0.00000000  0.05000000    0.4186D+01  0.791144536936694E+00  0.118170721891613E+00    0.123640676072296E+01 -0.184678112083069E+00
  0.00000000  0.00000000  0.05000000    0.4313D+01  0.807212288976356E+00  0.110167282616374E+00    0.121617841822413E+01 -0.165982447668554E+00
  0.00000000  0.00000000  0.05000000    0.4445D+01  0.816248679061193E+00  0.820483888812793E-01    0.121286202854806E+01 -0.121915511694431E+00
  0.00000000  0.00000000  0.05000000    0.4580D+01  0.848731544572038E+00  0.819725202704026E-01    0.116733973044810E+01 -0.112744460045789E+00
  0.00000000  0.00000000  0.05000000    0.4720D+01  0.858785501167191E+00  0.939426379230794E-01    0.115066602753628E+01 -0.125871479954323E+00
  0.00000000  0.00000000  0.05000000    0.4863D+01  0.860774391392337E+00  0.718918262621261E-01    0.115369689324120E+01 -0.963566962928460E-01
  0.00000000  0.00000000  0.05000000    0.5012D+01  0.893344289403530E+00  0.585441195725745E-01    0.111460241773714E+01 -0.730439741921362E-01
  0.00000000  0.00000000  0.05000000    0.5164D+01  0.934461911735621E+00  0.891290945837645E-01    0.106048693388322E+01 -0.101149377034926E+00
  0.00000000  0.00000000  0.05000000    0.5322D+01  0.922655776380391E+00  0.174396875197822E+00    0.104644148272846E+01 -0.197794377206586E+00
  0.00000000  0.00000000  0.05000000    0.5484D+01  0.832980927143842E+00  0.116063479124928E+00    0.117764457049297E+01 -0.164087221651827E+00
  0.00000000  0.00000000  0.05000000    0.5651D+01  0.857781251177428E+00  0.812990017665319E-01    0.115541935341417E+01 -0.109508618806211E+00
  0.00000000  0.00000000  0.05000000    0.5823D+01  0.876632512894553E+00  0.835311513514296E-01    0.113046480022097E+01 -0.107717914788406E+00
  0.00000000  0.00000000  0.05000000    0.6000D+01  0.872142397173698E+00  0.912892125831656E-01    0.113417537964712E+01 -0.118716826145280E+00
  0.00000000  0.00000000  0.05000000    0.6183D+01  0.860266524003835E+00  0.663872890110941E-01    0.115554880434743E+01 -0.891744015373252E-01
  0.00000000  0.00000000  0.05000000    0.6371D+01  0.870581101732118E+00  0.488532450642931E-01    0.114505232660751E+01 -0.642553827689318E-01
  0.00000000  0.00000000  0.05000000    0.6565D+01  0.883625033720080E+00  0.388639120201796E-01    0.112951676221861E+01 -0.496788098990056E-01
  0.00000000  0.00000000  0.05000000    0.6765D+01  0.897519672487960E+00  0.330697792538022E-01    0.111267113405107E+01 -0.409971947279409E-01
  0.00000000  0.00000000  0.05000000    0.6971D+01  0.910399862446349E+00  0.379306810255175E-01    0.109651503732788E+01 -0.456849389331036E-01
  0.00000000  0.00000000  0.05000000    0.7184D+01  0.909799517187366E+00  0.406825830549612E-01    0.109694987938001E+01 -0.490511961503012E-01
  0.00000000  0.00000000  0.05000000    0.7402D+01  0.913708479793463E+00  0.329300583172808E-01    0.109302126993549E+01 -0.393924921974457E-01
  0.00000000  0.00000000  0.05000000    0.7628D+01  0.919717471035233E+00  0.397844143254528E-01    0.108525970178636E+01 -0.469453098221419E-01
  0.00000000  0.00000000  0.05000000    0.7860D+01  0.913877026808133E+00  0.421013018044082E-01    0.109192169486878E+01 -0.503036223407583E-01
  0.00000000  0.00000000  0.05000000    0.8100D+01  0.911031790357142E+00  0.286162748808870E-01    0.109657461148013E+01 -0.344443309680946E-01
  0.00000000  0.00000000  0.05000000    0.8346D+01  0.914599410120031E+00  0.259253540743118E-01    0.109249703305994E+01 -0.309680632786511E-01
  0.00000000  0.00000000  0.05000000    0.8600D+01  0.914511109245172E+00  0.176348753186590E-01    0.109307397028339E+01 -0.210781727910660E-01
  0.00000000  0.00000000  0.05000000    0.8862D+01  0.920465689156593E+00  0.616904923030539E-02    0.108635780313078E+01 -0.728087407079882E-02
  0.00000000  0.00000000  0.05000000    0.9132D+01  0.930056816558690E+00  0.211205897661106E-02    0.107519758499732E+01 -0.244165804775953E-02
  0.00000000  0.00000000  0.05000000    0.9410D+01  0.937721810902630E+00  0.496006696186224E-03    0.106641405647888E+01 -0.564078287153718E-03
  0.00000000  0.00000000  0.05000000    0.9697D+01  0.943959161798256E+00  0.526072647261673E-04    0.105936785971662E+01 -0.590390428886123E-04
  0.00000000  0.00000000  0.05000000    0.9992D+01  0.948969408552763E+00  0.523166419491615E-08    0.105377474867716E+01 -0.580945557620105E-08
  0.00000000  0.00000000  0.05000000    0.1030D+02  0.953145939686289E+00 -0.115731590097481E-18    0.104915727840076E+01  0.127389348300249E-18
  0.00000000  0.00000000  0.05000000    0.1061D+02  0.956766985763172E+00 -0.973193414673738E-19    0.104518656567392E+01  0.106313104230699E-18
  0.00000000  0.00000000  0.05000000    0.1093D+02  0.959977184835999E+00 -0.831084723873410E-19    0.104169142329236E+01  0.901827504406917E-19
