 q(1:3)   w(Ry)   eps  epsi --- LFC included. 
  0.00000000  0.00000000  0.04000000    0.0000D+00  0.352798063535802E+01 -0.463102602644498E-17    0.283448267821492E+00  0.372070156019683E-18
  0.00000000  0.00000000  0.04000000    0.1015D-04  0.352798063609690E+01 -0.463102632094528E-17    0.283448267762129E+00  0.372070179524850E-18
  0.00000000  0.00000000  0.04000000    0.3076D-04  0.352798064214348E+01 -0.463102523881503E-17    0.283448267276329E+00  0.372070091307967E-18
  0.00000000  0.00000000  0.04000000    0.5200D-04  0.352798065474764E+01 -0.463102502336832E-17    0.283448266263674E+00  0.372070071339815E-18
  0.00000000  0.00000000  0.04000000    0.7389D-04  0.352798067450316E+01 -0.463102546758971E-17    0.283448264676458E+00  0.372070102862920E-18
  0.00000000  0.00000000  0.04000000    0.9644D-04  0.352798070204633E+01 -0.463102610357918E-17    0.283448262463559E+00  0.372070148150620E-18
  0.00000000  0.00000000  0.04000000    0.1197D-03  0.352798073805867E+01 -0.463102514321216E-17    0.283448259570223E+00  0.372070063396020E-18
  0.00000000  0.00000000  0.04000000    0.1436D-03  0.352798078326996E+01 -0.463102564443485E-17    0.283448255937816E+00  0.372070094129510E-18
  0.00000000  0.00000000  0.04000000    0.1683D-03  0.352798083846135E+01 -0.463102538001005E-17    0.283448251503579E+00  0.372070061243596E-18
  0.00000000  0.00000000  0.04000000    0.1937D-03  0.352798090446876E+01 -0.463102562052560E-17    0.283448246200351E+00  0.372070066644687E-18
  0.00000000  0.00000000  0.04000000    0.2199D-03  0.352798098218650E+01 -0.463102534541776E-17    0.283448239956282E+00  0.372070028149094E-18
  0.00000000  0.00000000  0.04000000    0.2469D-03  0.352798107257101E+01 -0.463102503385229E-17    0.283448232694528E+00  0.372069984052651E-18
  0.00000000  0.00000000  0.04000000    0.2748D-03  0.352798117664500E+01 -0.463102609564342E-17    0.283448224332923E+00  0.372070047408203E-18
  0.00000000  0.00000000  0.04000000    0.3034D-03  0.352798129550163E+01 -0.463102549253133E-17    0.283448214783637E+00  0.372069973882578E-18
  0.00000000  0.00000000  0.04000000    0.3330D-03  0.352798143030924E+01 -0.463102568627928E-17    0.283448203952804E+00  0.372069961014535E-18
  0.00000000  0.00000000  0.04000000    0.3634D-03  0.352798158231616E+01 -0.463102522732376E-17    0.283448191740131E+00  0.372069892078652E-18
  0.00000000  0.00000000  0.04000000    0.3948D-03  0.352798175285584E+01 -0.463102558987318E-17    0.283448178038483E+00  0.372069885235821E-18
  0.00000000  0.00000000  0.04000000    0.4271D-03  0.352798194335245E+01 -0.463102571631145E-17    0.283448162733439E+00  0.372069855213727E-18
  0.00000000  0.00000000  0.04000000    0.4604D-03  0.352798215532670E+01 -0.463102529388510E-17    0.283448145702822E+00  0.372069776564118E-18
  0.00000000  0.00000000  0.04000000    0.4948D-03  0.352798239040203E+01 -0.463102498118374E-17    0.283448126816201E+00  0.372069701857548E-18
  0.00000000  0.00000000  0.04000000    0.5301D-03  0.352798265031130E+01 -0.463102412578951E-17    0.283448105934354E+00  0.372069578311420E-18
  0.00000000  0.00000000  0.04000000    0.5666D-03  0.352798293690382E+01 -0.463102541112028E-17    0.283448082908702E+00  0.372069621129043E-18
  0.00000000  0.00000000  0.04000000    0.6041D-03  0.352798325215271E+01 -0.463102473361368E-17    0.283448057580721E+00  0.372069500202450E-18
  0.00000000  0.00000000  0.04000000    0.6428D-03  0.352798359816306E+01 -0.463102571618531E-17    0.283448029781283E+00  0.372069506162854E-18
  0.00000000  0.00000000  0.04000000    0.6827D-03  0.352798397718021E+01 -0.463102428181569E-17    0.283447999329992E+00  0.372069310977548E-18
  0.00000000  0.00000000  0.04000000    0.7238D-03  0.352798439159884E+01 -0.463102441043387E-17    0.283447966034456E+00  0.372069233900017E-18
  0.00000000  0.00000000  0.04000000    0.7662D-03  0.352798484397244E+01 -0.463102375106782E-17    0.283447929689522E+00  0.372069085508076E-18
  0.00000000  0.00000000  0.04000000    0.8098D-03  0.352798533702355E+01 -0.463102382716984E-17    0.283447890076456E+00  0.372068987625819E-18
  0.00000000  0.00000000  0.04000000    0.8548D-03  0.352798587365447E+01 -0.463102470248784E-17    0.283447846962082E+00  0.372068944762718E-18
  0.00000000  0.00000000  0.04000000    0.9011D-03  0.352798645695880E+01 -0.463102314916356E-17    0.283447800097856E+00  0.372068696931505E-18
  0.00000000  0.00000000  0.04000000    0.9488D-03  0.352798709023354E+01 -0.463102445550504E-17    0.283447749218891E+00  0.372068668313536E-18
  0.00000000  0.00000000  0.04000000    0.9980D-03  0.352798777699213E+01 -0.463102375550891E-17    0.283447694042913E+00  0.372068467220168E-18
  0.00000000  0.00000000  0.04000000    0.1049D-02  0.352798852097817E+01 -0.463102352464610E-17    0.283447634269156E+00  0.372068291747672E-18
  0.00000000  0.00000000  0.04000000    0.1101D-02  0.352798932618003E+01 -0.463102368132167E-17    0.283447569577191E+00  0.372068134499242E-18
  0.00000000  0.00000000  0.04000000    0.1155D-02  0.352799019684646E+01 -0.463102253744756E-17    0.283447499625668E+00  0.372067858953508E-18
  0.00000000  0.00000000  0.04000000    0.1210D-02  0.352799113750305E+01 -0.463102245192755E-17    0.283447424051001E+00  0.372067653676207E-18
  0.00000000  0.00000000  0.04000000    0.1267D-02  0.352799215296977E+01 -0.463102292615200E-17    0.283447342465948E+00  0.372067477591102E-18
  0.00000000  0.00000000  0.04000000    0.1326D-02  0.352799324837968E+01 -0.463102256502425E-17    0.283447254458118E+00  0.372067217530131E-18
  0.00000000  0.00000000  0.04000000    0.1387D-02  0.352799442919873E+01 -0.463102168682025E-17    0.283447159588378E+00  0.372066897911600E-18
  0.00000000  0.00000000  0.04000000    0.1450D-02  0.352799570124680E+01 -0.463102075092980E-17    0.283447057389157E+00  0.372066554416515E-18
  0.00000000  0.00000000  0.04000000    0.1514D-02  0.352799707072007E+01 -0.463102068250825E-17    0.283446947362657E+00  0.372066260067040E-18
  0.00000000  0.00000000  0.04000000    0.1580D-02  0.352799854421485E+01 -0.463101959906852E-17    0.283446828978935E+00  0.372065862228806E-18
  0.00000000  0.00000000  0.04000000    0.1649D-02  0.352800012875275E+01 -0.463102102135748E-17    0.283446701673882E+00  0.372065642285067E-18
  0.00000000  0.00000000  0.04000000    0.1719D-02  0.352800183180764E+01 -0.463101871518163E-17    0.283446564847057E+00  0.372065097791660E-18
  0.00000000  0.00000000  0.04000000    0.1792D-02  0.352800366133404E+01 -0.463101812202029E-17    0.283446417859405E+00  0.372064664250458E-18
  0.00000000  0.00000000  0.04000000    0.1867D-02  0.352800562579753E+01 -0.463101792233727E-17    0.283446260030819E+00  0.372064233861719E-18
  0.00000000  0.00000000  0.04000000    0.1944D-02  0.352800773420690E+01 -0.463101800470277E-17    0.283446090637554E+00  0.372063795772888E-18
  0.00000000  0.00000000  0.04000000    0.2024D-02  0.352800999614828E+01 -0.463101644416084E-17    0.283445908909485E+00  0.372063193308132E-18
  0.00000000  0.00000000  0.04000000    0.2106D-02  0.352801242182162E+01 -0.463101623619161E-17    0.283445714027183E+00  0.372062664978104E-18
  0.00000000  0.00000000  0.04000000    0.2190D-02  0.352801502207917E+01 -0.463101642022762E-17    0.283445505118815E+00  0.372062131320338E-18
  0.00000000  0.00000000  0.04000000    0.2277D-02  0.352801780846655E+01 -0.463101561945316E-17    0.283445281256857E+00  0.372061479284691E-18
  0.00000000  0.00000000  0.04000000    0.2367D-02  0.352802079326629E+01 -0.463101310913951E-17    0.283445041454584E+00  0.372060648055738E-18
  0.00000000  0.00000000  0.04000000    0.2459D-02  0.352802398954419E+01 -0.463101289680707E-17    0.283444784662362E+00  0.372059956846746E-18
  0.00000000  0.00000000  0.04000000    0.2554D-02  0.352802741119840E+01 -0.463101141505400E-17    0.283444509763692E+00  0.372059116117856E-18
  0.00000000  0.00000000  0.04000000    0.2652D-02  0.352803107301174E+01 -0.463101021068784E-17    0.283444215571021E+00  0.372058247023675E-18
  0.00000000  0.00000000  0.04000000    0.2753D-02  0.352803499070715E+01 -0.463101017980175E-17    0.283443900821279E+00  0.372057418240899E-18
  0.00000000  0.00000000  0.04000000    0.2858D-02  0.352803918100668E+01 -0.463100811839507E-17    0.283443564171150E+00  0.372056368832301E-18
  0.00000000  0.00000000  0.04000000    0.2965D-02  0.352804366169412E+01 -0.463100734479273E-17    0.283443204192040E+00  0.372055361643291E-18
  0.00000000  0.00000000  0.04000000    0.3075D-02  0.352804845168153E+01 -0.463100534209682E-17    0.283442819364735E+00  0.372054190477869E-18
  0.00000000  0.00000000  0.04000000    0.3189D-02  0.352805357107996E+01 -0.463100358548058E-17    0.283442408073723E+00  0.372052969610905E-18
  0.00000000  0.00000000  0.04000000    0.3307D-02  0.352805904127446E+01 -0.463100290340813E-17    0.283441968601173E+00  0.372051761091158E-18
  0.00000000  0.00000000  0.04000000    0.3428D-02  0.352806488500399E+01 -0.463100106286099E-17    0.283441499120521E+00  0.372050380724379E-18
  0.00000000  0.00000000  0.04000000    0.3553D-02  0.352807112644604E+01 -0.463099879963031E-17    0.283440997689675E+00  0.372048882526115E-18
  0.00000000  0.00000000  0.04000000    0.3681D-02  0.352807779130669E+01 -0.463099775886591E-17    0.283440462243785E+00  0.372047393245469E-18
  0.00000000  0.00000000  0.04000000    0.3813D-02  0.352808490691630E+01 -0.463099458509889E-17    0.283439890587566E+00  0.372045637546551E-18
  0.00000000  0.00000000  0.04000000    0.3950D-02  0.352809250233101E+01 -0.463099252588775E-17    0.283439280387150E+00  0.372043870207104E-18
  0.00000000  0.00000000  0.04000000    0.4090D-02  0.352810060844073E+01 -0.463099039274632E-17    0.283438629161416E+00  0.372041989233357E-18
  0.00000000  0.00000000  0.04000000    0.4235D-02  0.352810925808381E+01 -0.463098733079804E-17    0.283437934272795E+00  0.372039919023875E-18
  0.00000000  0.00000000  0.04000000    0.4385D-02  0.352811848616873E+01 -0.463098496733918E-17    0.283437192917499E+00  0.372037782951879E-18
  0.00000000  0.00000000  0.04000000    0.4538D-02  0.352812832980360E+01 -0.463098236524318E-17    0.283436402115132E+00  0.372035497908382E-18
  0.00000000  0.00000000  0.04000000    0.4697D-02  0.352813882843351E+01 -0.463097890277483E-17    0.283435558697671E+00  0.372033005630874E-18
  0.00000000  0.00000000  0.04000000    0.4860D-02  0.352815002398666E+01 -0.463097539068339E-17    0.283434659297748E+00  0.372030362413967E-18
  0.00000000  0.00000000  0.04000000    0.5029D-02  0.352816196102937E+01 -0.463097182828298E-17    0.283433700336207E+00  0.372027558808559E-18
  0.00000000  0.00000000  0.04000000    0.5202D-02  0.352817468693089E+01 -0.463096896131610E-17    0.283432678008890E+00  0.372024644738794E-18
  0.00000000  0.00000000  0.04000000    0.5381D-02  0.352818825203855E+01 -0.463096409566955E-17    0.283431588272596E+00  0.372021393164212E-18
  0.00000000  0.00000000  0.04000000    0.5565D-02  0.352820270986360E+01 -0.463096077961499E-17    0.283430426830169E+00  0.372018077853240E-18
  0.00000000  0.00000000  0.04000000    0.5755D-02  0.352821811727894E+01 -0.463095585994677E-17    0.283429189114654E+00  0.372014433513181E-18
  0.00000000  0.00000000  0.04000000    0.5950D-02  0.352823453472891E+01 -0.463095091987272E-17    0.283427870272472E+00  0.372010574590875E-18
  0.00000000  0.00000000  0.04000000    0.6152D-02  0.352825202645236E+01 -0.463094605291385E-17    0.283426465145545E+00  0.372006495062325E-18
  0.00000000  0.00000000  0.04000000    0.6360D-02  0.352827066071962E+01 -0.463094104878879E-17    0.283424968252306E+00  0.372002163650213E-18
  0.00000000  0.00000000  0.04000000    0.6574D-02  0.352829051008407E+01 -0.463093463531310E-17    0.283423373767534E+00  0.371997462875042E-18
  0.00000000  0.00000000  0.04000000    0.6794D-02  0.352831165164979E+01 -0.463092712199902E-17    0.283421675500919E+00  0.371992401358848E-18
  0.00000000  0.00000000  0.04000000    0.7021D-02  0.352833416735557E+01 -0.463092125062432E-17    0.283419866874311E+00  0.371987182081751E-18
  0.00000000  0.00000000  0.04000000    0.7255D-02  0.352835814427683E+01 -0.463091454639484E-17    0.283417940897539E+00  0.371981587906715E-18
  0.00000000  0.00000000  0.04000000    0.7497D-02  0.352838367494650E+01 -0.463090780165423E-17    0.283415890142719E+00  0.371975662990957E-18
  0.00000000  0.00000000  0.04000000    0.7745D-02  0.352841085769582E+01 -0.463089968107635E-17    0.283413706716977E+00  0.371969279367143E-18
  0.00000000  0.00000000  0.04000000    0.8001D-02  0.352843979701650E+01 -0.463089105218043E-17    0.283411382233461E+00  0.371962484716552E-18
  0.00000000  0.00000000  0.04000000    0.8265D-02  0.352847060394565E+01 -0.463088240329587E-17    0.283408907780546E+00  0.371955294883461E-18
  0.00000000  0.00000000  0.04000000    0.8537D-02  0.352850339647473E+01 -0.463087227907339E-17    0.283406273889118E+00  0.371947568133224E-18
  0.00000000  0.00000000  0.04000000    0.8818D-02  0.352853829998415E+01 -0.463086216614614E-17    0.283403470497824E+00  0.371939397480477E-18
  0.00000000  0.00000000  0.04000000    0.9107D-02  0.352857544770513E+01 -0.463085090236286E-17    0.283400486916148E+00  0.371930661541969E-18
  0.00000000  0.00000000  0.04000000    0.9404D-02  0.352861498121065E+01 -0.463083919736009E-17    0.283397311785177E+00  0.371921387521573E-18
  0.00000000  0.00000000  0.04000000    0.9711D-02  0.352865705093702E+01 -0.463082648701545E-17    0.283393933035928E+00  0.371911498459100E-18
  0.00000000  0.00000000  0.04000000    0.1003D-01  0.352870181673843E+01 -0.463081447625409E-17    0.283390337845065E+00  0.371901097649687E-18
  0.00000000  0.00000000  0.04000000    0.1035D-01  0.352874944847628E+01 -0.463080034357298E-17    0.283386512587852E+00  0.371889922766387E-18
  0.00000000  0.00000000  0.04000000    0.1069D-01  0.352880012664569E+01 -0.463078557629909E-17    0.283382442788153E+00  0.371878055300110E-18
  0.00000000  0.00000000  0.04000000    0.1103D-01  0.352885404304141E+01 -0.463076963513925E-17    0.283378113065320E+00  0.371865411615308E-18
  0.00000000  0.00000000  0.04000000    0.1139D-01  0.352891140146578E+01 -0.463075330862706E-17    0.283373507077746E+00  0.371852012190636E-18
  0.00000000  0.00000000  0.04000000    0.1176D-01  0.352897241848141E+01 -0.463073504610364E-17    0.283368607462883E+00  0.371837686991225E-18
  0.00000000  0.00000000  0.04000000    0.1214D-01  0.352903732421139E+01 -0.463071561224108E-17    0.283363395773510E+00  0.371822449069524E-18
  0.00000000  0.00000000  0.04000000    0.1253D-01  0.352910636319023E+01 -0.463069580950554E-17    0.283357852409986E+00  0.371806311487666E-18
  0.00000000  0.00000000  0.04000000    0.1293D-01  0.352917979526865E+01 -0.463067348890171E-17    0.283351956548272E+00  0.371789047125221E-18
  0.00000000  0.00000000  0.04000000    0.1334D-01  0.352925789657580E+01 -0.463065139235926E-17    0.283345686063417E+00  0.371770818154595E-18
  0.00000000  0.00000000  0.04000000    0.1377D-01  0.352934096054270E+01 -0.463062582348386E-17    0.283339017448241E+00  0.371751266217878E-18
  0.00000000  0.00000000  0.04000000    0.1421D-01  0.352942929899072E+01 -0.463060047669382E-17    0.283331925726904E+00  0.371730622485839E-18
  0.00000000  0.00000000  0.04000000    0.1466D-01  0.352952324328954E+01 -0.463057283087342E-17    0.283324384363026E+00  0.371708615051537E-18
  0.00000000  0.00000000  0.04000000    0.1513D-01  0.352962314558900E+01 -0.463054259142271E-17    0.283316365162017E+00  0.371685146435333E-18
  0.00000000  0.00000000  0.04000000    0.1561D-01  0.352972938012976E+01 -0.463051184195663E-17    0.283307838167253E+00  0.371660305443690E-18
  0.00000000  0.00000000  0.04000000    0.1610D-01  0.352984234463803E+01 -0.463047816957245E-17    0.283298771549681E+00  0.371633815068307E-18
  0.00000000  0.00000000  0.04000000    0.1662D-01  0.352996246180983E+01 -0.463044321582979E-17    0.283289131490450E+00  0.371605718536657E-18
  0.00000000  0.00000000  0.04000000    0.1714D-01  0.353009018089086E+01 -0.463040472416099E-17    0.283278882056106E+00  0.371575740707173E-18
  0.00000000  0.00000000  0.04000000    0.1768D-01  0.353022597935820E+01 -0.463036435537493E-17    0.283267985065874E+00  0.371543914961035E-18
  0.00000000  0.00000000  0.04000000    0.1824D-01  0.353037036471093E+01 -0.463032172398154E-17    0.283256399950514E+00  0.371510104225299E-18
  0.00000000  0.00000000  0.04000000    0.1882D-01  0.353052387637670E+01 -0.463027604299005E-17    0.283244083602199E+00  0.371474132606035E-18
  0.00000000  0.00000000  0.04000000    0.1941D-01  0.353068708774244E+01 -0.463022748336524E-17    0.283230990214828E+00  0.371435894046331E-18
  0.00000000  0.00000000  0.04000000    0.2002D-01  0.353086060831738E+01 -0.463017614810260E-17    0.283217071114157E+00  0.371395269560971E-18
  0.00000000  0.00000000  0.04000000    0.2065D-01  0.353104508603763E+01 -0.463012152269040E-17    0.283202274577058E+00  0.371352082696160E-18
  0.00000000  0.00000000  0.04000000    0.2130D-01  0.353124120972192E+01 -0.463006289984658E-17    0.283186545639217E+00  0.371306133121135E-18
  0.00000000  0.00000000  0.04000000    0.2197D-01  0.353144971168921E+01 -0.463000183271008E-17    0.283169825890474E+00  0.371257392821249E-18
  0.00000000  0.00000000  0.04000000    0.2266D-01  0.353167137054911E+01 -0.462993576774756E-17    0.283152053257016E+00  0.371205494944449E-18
  0.00000000  0.00000000  0.04000000    0.2337D-01  0.353190701417753E+01 -0.462986450123830E-17    0.283133161769512E+00  0.371150250994159E-18
  0.00000000  0.00000000  0.04000000    0.2410D-01  0.353215752289060E+01 -0.462979050474943E-17    0.283113081316270E+00  0.371091676165038E-18
  0.00000000  0.00000000  0.04000000    0.2486D-01  0.353242383283073E+01 -0.462970973104961E-17    0.283091737380405E+00  0.371029251685100E-18
  0.00000000  0.00000000  0.04000000    0.2564D-01  0.353270693958040E+01 -0.462962524617339E-17    0.283069050759918E+00  0.370963016808893E-18
  0.00000000  0.00000000  0.04000000    0.2644D-01  0.353300790201982E+01 -0.462953549792629E-17    0.283044937269543E+00  0.370892627737553E-18
  0.00000000  0.00000000  0.04000000    0.2726D-01  0.353332784644629E+01 -0.462943874729065E-17    0.283019307423105E+00  0.370817712070977E-18
  0.00000000  0.00000000  0.04000000    0.2811D-01  0.353366797097480E+01 -0.462933651454185E-17    0.282992066095033E+00  0.370738143951307E-18
  0.00000000  0.00000000  0.04000000    0.2899D-01  0.353402955024007E+01 -0.462922778457635E-17    0.282963112159622E+00  0.370653578923960E-18
  0.00000000  0.00000000  0.04000000    0.2989D-01  0.353441394042334E+01 -0.462911093214387E-17    0.282932338106448E+00  0.370563607280451E-18
  0.00000000  0.00000000  0.04000000    0.3082D-01  0.353482258462784E+01 -0.462898739745093E-17    0.282899629630290E+00  0.370468047249965E-18
  0.00000000  0.00000000  0.04000000    0.3178D-01  0.353525701862986E+01 -0.462885507210626E-17    0.282864865193751E+00  0.370366414400106E-18
  0.00000000  0.00000000  0.04000000    0.3277D-01  0.353571887703438E+01 -0.462871476457788E-17    0.282827915560629E+00  0.370258437992195E-18
  0.00000000  0.00000000  0.04000000    0.3379D-01  0.353620989986650E+01 -0.462856544039199E-17    0.282788643297943E+00  0.370143678788301E-18
  0.00000000  0.00000000  0.04000000    0.3484D-01  0.353673193963351E+01 -0.462840603306862E-17    0.282746902244343E+00  0.370021672695609E-18
  0.00000000  0.00000000  0.04000000    0.3592D-01  0.353728696889468E+01 -0.462823572621502E-17    0.282702536942452E+00  0.369891951903899E-18
  0.00000000  0.00000000  0.04000000    0.3703D-01  0.353787708837992E+01 -0.462805385918526E-17    0.282655382032484E+00  0.369754035811898E-18
  0.00000000  0.00000000  0.04000000    0.3818D-01  0.353850453570229E+01 -0.462786017548956E-17    0.282605261604258E+00  0.369607449239169E-18
  0.00000000  0.00000000  0.04000000    0.3936D-01  0.353917169471327E+01 -0.462765469373170E-17    0.282551988504479E+00  0.369451710347698E-18
  0.00000000  0.00000000  0.04000000    0.4058D-01  0.353988110555488E+01 -0.462743349990882E-17    0.282495363595905E+00  0.369285992973401E-18
  0.00000000  0.00000000  0.04000000    0.4184D-01  0.354063547546785E+01 -0.462719771581007E-17    0.282435174964704E+00  0.369109840737956E-18
  0.00000000  0.00000000  0.04000000    0.4313D-01  0.354143769042106E+01 -0.462694636567454E-17    0.282371197071974E+00  0.368922595362111E-18
  0.00000000  0.00000000  0.04000000    0.4447D-01  0.354229082763407E+01 -0.462667848647089E-17    0.282303189845061E+00  0.368723562991757E-18
  0.00000000  0.00000000  0.04000000    0.4584D-01  0.354319816907215E+01 -0.462639267951383E-17    0.282230897703887E+00  0.368511976120094E-18
  0.00000000  0.00000000  0.04000000    0.4726D-01  0.354416321600136E+01 -0.462608617954255E-17    0.282154048517052E+00  0.368286917051004E-18
  0.00000000  0.00000000  0.04000000    0.4872D-01  0.354518970470105E+01 -0.462575922302342E-17    0.282072352482002E+00  0.368047663097782E-18
  0.00000000  0.00000000  0.04000000    0.5022D-01  0.354628162344123E+01 -0.462540928647654E-17    0.281985500922971E+00  0.367793224880767E-18
  0.00000000  0.00000000  0.04000000    0.5177D-01  0.354744323084487E+01 -0.462503445380377E-17    0.281893164999807E+00  0.367522611519110E-18
  0.00000000  0.00000000  0.04000000    0.5337D-01  0.354867907576821E+01 -0.462463404707375E-17    0.281794994320111E+00  0.367234877317167E-18
  0.00000000  0.00000000  0.04000000    0.5501D-01  0.354999401884792E+01 -0.462420483124382E-17    0.281690615446313E+00  0.366928816766180E-18
  0.00000000  0.00000000  0.04000000    0.5671D-01  0.355139325588129E+01 -0.462374590149014E-17    0.281579630288464E+00  0.366603349075267E-18
  0.00000000  0.00000000  0.04000000    0.5846D-01  0.355288234322551E+01 -0.462325321516885E-17    0.281461614372555E+00  0.366257080276169E-18
  0.00000000  0.00000000  0.04000000    0.6026D-01  0.355446722542496E+01 -0.462272574482078E-17    0.281336114973024E+00  0.365888787025788E-18
  0.00000000  0.00000000  0.04000000    0.6211D-01  0.355615426530127E+01 -0.462215902073276E-17    0.281202649096912E+00  0.365496900362146E-18
  0.00000000  0.00000000  0.04000000    0.6403D-01  0.355795027677071E+01 -0.462155143584950E-17    0.281060701305704E+00  0.365080000178978E-18
  0.00000000  0.00000000  0.04000000    0.6600D-01  0.355986256068801E+01 -0.462089857119903E-17    0.280909721359223E+00  0.364636361077345E-18
  0.00000000  0.00000000  0.04000000    0.6803D-01  0.356189894405461E+01 -0.462019667195274E-17    0.280749121664208E+00  0.364164221933283E-18
  0.00000000  0.00000000  0.04000000    0.7012D-01  0.356406782297559E+01 -0.461944316257070E-17    0.280578274508007E+00  0.363661820178211E-18
  0.00000000  0.00000000  0.04000000    0.7227D-01  0.356637820980165E+01 -0.461863075232262E-17    0.280396509055504E+00  0.363126921314294E-18
  0.00000000  0.00000000  0.04000000    0.7450D-01  0.356883978495453E+01 -0.461775667174485E-17    0.280203108084534E+00  0.362557539639591E-18
  0.00000000  0.00000000  0.04000000    0.7678D-01  0.357146295400524E+01 -0.461681421403677E-17    0.279997304431940E+00  0.361951265249345E-18
  0.00000000  0.00000000  0.04000000    0.7914D-01  0.357425891065805E+01 -0.461579767384114E-17    0.279778277118680E+00  0.361305644889035E-18
  0.00000000  0.00000000  0.04000000    0.8157D-01  0.357723970639148E+01 -0.461469898944797E-17    0.279545147118124E+00  0.360617910397843E-18
  0.00000000  0.00000000  0.04000000    0.8408D-01  0.358041832762204E+01 -0.461351362147701E-17    0.279296972726692E+00  0.359885429635726E-18
  0.00000000  0.00000000  0.04000000    0.8666D-01  0.358380878139291E+01 -0.461223002579137E-17    0.279032744490160E+00  0.359104874400214E-18
  0.00000000  0.00000000  0.04000000    0.8932D-01  0.358742619075057E+01 -0.461083988814700E-17    0.278751379632086E+00  0.358273010159051E-18
  0.00000000  0.00000000  0.04000000    0.9206D-01  0.359128690116365E+01 -0.460933352002759E-17    0.278451715922774E+00  0.357386325079228E-18
  0.00000000  0.00000000  0.04000000    0.9488D-01  0.359540859956676E+01 -0.460770013792656E-17    0.278132504917661E+00  0.356441040227080E-18
  0.00000000  0.00000000  0.04000000    0.9779D-01  0.359981044788617E+01 -0.460592204570737E-17    0.277792404482632E+00  0.355432648040659E-18
  0.00000000  0.00000000  0.04000000    0.1008D+00  0.360451323323350E+01 -0.460398985286990E-17    0.277429970510312E+00  0.354357075827867E-18
  0.00000000  0.00000000  0.04000000    0.1039D+00  0.360953953735237E+01 -0.460188417572162E-17    0.277043647715107E+00  0.353209257084219E-18
  0.00000000  0.00000000  0.04000000    0.1071D+00  0.361491392838768E+01 -0.459958629953290E-17    0.276631759375256E+00  0.351983940875079E-18
  0.00000000  0.00000000  0.04000000    0.1103D+00  0.362066317863891E+01 -0.459707571892697E-17    0.276192495866440E+00  0.350675485084683E-18
  0.00000000  0.00000000  0.04000000    0.1137D+00  0.362681651268516E+01 -0.459433068796264E-17    0.275723901802696E+00  0.349277880208795E-18
  0.00000000  0.00000000  0.04000000    0.1172D+00  0.363340589116792E+01 -0.459131929415051E-17    0.275223861564930E+00  0.347784052666763E-18
  0.00000000  0.00000000  0.04000000    0.1208D+00  0.364046633663267E+01 -0.458801414135970E-17    0.274690082953760E+00  0.346186963027612E-18
  0.00000000  0.00000000  0.04000000    0.1245D+00  0.364803630922477E+01 -0.458437790116546E-17    0.274120078649247E+00  0.344478487685994E-18
  0.00000000  0.00000000  0.04000000    0.1283D+00  0.365615814179195E+01 -0.458037140291244E-17    0.273511145092286E+00  0.342650010960557E-18
  0.00000000  0.00000000  0.04000000    0.1322D+00  0.366487854617264E+01 -0.457594438900970E-17    0.272860338317169E+00  0.340691708708788E-18
  0.00000000  0.00000000  0.04000000    0.1363D+00  0.367424920529658E+01 -0.457104542754286E-17    0.272164446156362E+00  0.338593268347010E-18
  0.00000000  0.00000000  0.04000000    0.1405D+00  0.368432746939352E+01 -0.456561180312578E-17    0.271419956099779E+00  0.336343108875992E-18
  0.00000000  0.00000000  0.04000000    0.1448D+00  0.369517717937756E+01 -0.455956732673965E-17    0.270623017911268E+00  0.333928201661969E-18
  0.00000000  0.00000000  0.04000000    0.1492D+00  0.370686964673982E+01 -0.455282688516883E-17    0.269769399870723E+00  0.331334385498961E-18
  0.00000000  0.00000000  0.04000000    0.1537D+00  0.371948482759262E+01 -0.454529257684902E-17    0.268854437200980E+00  0.328546057937135E-18
  0.00000000  0.00000000  0.04000000    0.1585D+00  0.373311273965772E+01 -0.453684431718244E-17    0.267872970825866E+00  0.325545476435179E-18
  0.00000000  0.00000000  0.04000000    0.1633D+00  0.374785518612949E+01 -0.452733687939223E-17    0.266819274047973E+00  0.322312543985341E-18
  0.00000000  0.00000000  0.04000000    0.1683D+00  0.376382787117253E+01 -0.451660409328619E-17    0.265686963970665E+00  0.318825108393932E-18
  0.00000000  0.00000000  0.04000000    0.1734D+00  0.378116302088788E+01 -0.450444523362902E-17    0.264468893426654E+00  0.315057996668733E-18
  0.00000000  0.00000000  0.04000000    0.1787D+00  0.380001266481162E+01 -0.449061076285146E-17    0.263157017675248E+00  0.310982051937699E-18
  0.00000000  0.00000000  0.04000000    0.1842D+00  0.382055279250722E+01 -0.447480292012265E-17    0.261742227973181E+00  0.306564245977917E-18
  0.00000000  0.00000000  0.04000000    0.1898D+00  0.384298868734235E+01 -0.445665204618306E-17    0.260214140961096E+00  0.301766145599045E-18
  0.00000000  0.00000000  0.04000000    0.1956D+00  0.386756187110947E+01 -0.443570194412010E-17    0.258560828068443E+00  0.296543095096624E-18
  0.00000000  0.00000000  0.04000000    0.2016D+00  0.389455929573622E+01 -0.441137433349570E-17    0.256768461862887E+00  0.290842099529257E-18
  0.00000000  0.00000000  0.04000000    0.2078D+00  0.392432573887334E+01 -0.438293928981794E-17    0.254820844787237E+00  0.284600302523110E-18
  0.00000000  0.00000000  0.04000000    0.2141D+00  0.395728088327263E+01 -0.434944661798431E-17    0.252698767031419E+00  0.277741163706496E-18
  0.00000000  0.00000000  0.04000000    0.2207D+00  0.399394344454292E+01 -0.430965656548983E-17    0.250379108739343E+00  0.270171068975538E-18
  0.00000000  0.00000000  0.04000000    0.2274D+00  0.403496627118435E+01 -0.426189964699185E-17    0.247833546253282E+00  0.261772127026869E-18
  0.00000000  0.00000000  0.04000000    0.2343D+00  0.408118922659263E+01 -0.420388388538535E-17    0.245026619565713E+00  0.252392966925169E-18
  0.00000000  0.00000000  0.04000000    0.2415D+00  0.413372232500425E+01 -0.413235817910290E-17    0.241912717250299E+00  0.241832885027480E-18
  0.00000000  0.00000000  0.04000000    0.2489D+00  0.419408352846455E+01 -0.404252540672774E-17    0.238431112116191E+00  0.229815124554022E-18
  0.00000000  0.00000000  0.04000000    0.2565D+00  0.426444314658585E+01 -0.392692828101854E-17    0.234497205291764E+00  0.215937620839730E-18
  0.00000000  0.00000000  0.04000000    0.2643D+00  0.434809830122745E+01 -0.377309562368873E-17    0.229985600766593E+00  0.199571767620546E-18
  0.00000000  0.00000000  0.04000000    0.2724D+00  0.445052023806329E+01 -0.355781634136263E-17    0.224692832861977E+00  0.179623008048893E-18
  0.00000000  0.00000000  0.04000000    0.2807D+00  0.458219250499670E+01 -0.322946108056797E-17    0.218236138902837E+00  0.153809582681565E-18
  0.00000000  0.00000000  0.04000000    0.2893D+00  0.477205908552216E+01 -0.260132380065618E-17    0.209553147200938E+00  0.114230687329506E-18
  0.00000000  0.00000000  0.04000000    0.2981D+00  0.512997822959480E+01  0.282275115352651E-01    0.194926699309771E+00 -0.107257680384588E-02
  0.00000000  0.00000000  0.04000000    0.3072D+00  0.536275081332437E+01  0.562060529638922E+00    0.184445374990731E+00 -0.193313970321278E-01
  0.00000000  0.00000000  0.04000000    0.3166D+00  0.528481646937584E+01  0.915705706164214E+00    0.183705952203757E+00 -0.318309234888487E-01
  0.00000000  0.00000000  0.04000000    0.3262D+00  0.517316820067817E+01  0.110577948939573E+01    0.184858884360188E+00 -0.395141149153581E-01
  0.00000000  0.00000000  0.04000000    0.3362D+00  0.509604963796078E+01  0.125468456910637E+01    0.185015172514676E+00 -0.455520841625099E-01
  0.00000000  0.00000000  0.04000000    0.3464D+00  0.503555988695024E+01  0.137913930632698E+01    0.184730931645786E+00 -0.505941135934749E-01
  0.00000000  0.00000000  0.04000000    0.3570D+00  0.504656942166653E+01  0.145558762690623E+01    0.182935546194114E+00 -0.527643028981759E-01
  0.00000000  0.00000000  0.04000000    0.3679D+00  0.504871057201606E+01  0.170616630717309E+01    0.177768482535636E+00 -0.600752590296486E-01
  0.00000000  0.00000000  0.04000000    0.3791D+00  0.495494108208242E+01  0.190518033286769E+01    0.175824638617705E+00 -0.676047682462532E-01
  0.00000000  0.00000000  0.04000000    0.3907D+00  0.484352034463103E+01  0.205888132246849E+01    0.174864652748804E+00 -0.743313833508582E-01
  0.00000000  0.00000000  0.04000000    0.4026D+00  0.474725308552824E+01  0.217871883200031E+01    0.173998954739337E+00 -0.798556117841314E-01
  0.00000000  0.00000000  0.04000000    0.4149D+00  0.467748843538042E+01  0.231485979936175E+01    0.171729891079882E+00 -0.849880500404191E-01
  0.00000000  0.00000000  0.04000000    0.4276D+00  0.453485279152179E+01  0.253832912158093E+01    0.167907731936588E+00 -0.939843265717607E-01
  0.00000000  0.00000000  0.04000000    0.4406D+00  0.441234207994358E+01  0.253694040695995E+01    0.170328938895688E+00 -0.979331066653399E-01
  0.00000000  0.00000000  0.04000000    0.4540D+00  0.431205493466530E+01  0.280997241265732E+01    0.162781938831656E+00 -0.106077673945805E+00
  0.00000000  0.00000000  0.04000000    0.4679D+00  0.402157456665888E+01  0.293663449846495E+01    0.162180640867562E+00 -0.118427560414606E+00
  0.00000000  0.00000000  0.04000000    0.4822D+00  0.380446844268499E+01  0.280817430478806E+01    0.170147520081383E+00 -0.125590184572209E+00
  0.00000000  0.00000000  0.04000000    0.4969D+00  0.373725555173809E+01  0.280128760225534E+01    0.171321428788703E+00 -0.128415246916489E+00
  0.00000000  0.00000000  0.04000000    0.5120D+00  0.368019096965006E+01  0.278525290127783E+01    0.172767244424602E+00 -0.130754211601458E+00
  0.00000000  0.00000000  0.04000000    0.5276D+00  0.366668254047543E+01  0.279986806560074E+01    0.172275568459116E+00 -0.131549120298085E+00
  0.00000000  0.00000000  0.04000000    0.5437D+00  0.365225767561298E+01  0.286783930424833E+01    0.169372302253489E+00 -0.132995146727170E+00
  0.00000000  0.00000000  0.04000000    0.5603D+00  0.368836999898456E+01  0.285238713584692E+01    0.169656785047223E+00 -0.131203439815168E+00
  0.00000000  0.00000000  0.04000000    0.5774D+00  0.396083412403123E+01  0.290266059845670E+01    0.164256960762311E+00 -0.120374192176913E+00
  0.00000000  0.00000000  0.04000000    0.5950D+00  0.420330886738305E+01  0.356928658364923E+01    0.138232125776013E+00 -0.117381350628372E+00
  0.00000000  0.00000000  0.04000000    0.6131D+00  0.390313183597033E+01  0.453724154866558E+01    0.108962115656824E+00 -0.126664293999113E+00
  0.00000000  0.00000000  0.04000000    0.6318D+00  0.306291375828093E+01  0.501306573176768E+01    0.887485486097868E-01 -0.145254598363077E+00
  0.00000000  0.00000000  0.04000000    0.6511D+00  0.196982080056711E+01  0.484449152501150E+01    0.720245625284098E-01 -0.177134073648267E+00
  0.00000000  0.00000000  0.04000000    0.6709D+00  0.172051054870626E+01  0.356714678276292E+01    0.109693608898910E+00 -0.227428541119746E+00
  0.00000000  0.00000000  0.04000000    0.6914D+00  0.256897801638475E+01  0.388583518379101E+01    0.118389558332847E+00 -0.179076001518556E+00
  0.00000000  0.00000000  0.04000000    0.7125D+00  0.263007518804325E+01  0.543911476776836E+01    0.720543573358971E-01 -0.149011678772315E+00
  0.00000000  0.00000000  0.04000000    0.7342D+00  0.116483694663317E+01  0.644755284961352E+01    0.271348033605721E-01 -0.150195337842640E+00
  0.00000000  0.00000000  0.04000000    0.7565D+00 -0.141913942170580E+01  0.578688494312244E+01   -0.399735130364755E-01 -0.163001687625900E+00
  0.00000000  0.00000000  0.04000000    0.7796D+00 -0.225289242141811E+01  0.346823234802107E+01   -0.131716052522629E+00 -0.202771277389743E+00
  0.00000000  0.00000000  0.04000000    0.8034D+00 -0.167050350053294E+01  0.264411007895953E+01   -0.170774950791683E+00 -0.270306388749291E+00
  0.00000000  0.00000000  0.04000000    0.8279D+00 -0.159784885422042E+01  0.210845729393935E+01   -0.228306093781384E+00 -0.301263569087090E+00
  0.00000000  0.00000000  0.04000000    0.8531D+00 -0.149387541424925E+01  0.125456659806809E+01   -0.392546505557738E+00 -0.329663189690141E+00
  0.00000000  0.00000000  0.04000000    0.8791D+00 -0.929862329468249E+00  0.502824065436650E+00   -0.832109446350968E+00 -0.449964087631878E+00
  0.00000000  0.00000000  0.04000000    0.9059D+00 -0.297169170005154E+00  0.404462889780973E+00   -0.117971207246556E+01 -0.160565025615089E+01
  0.00000000  0.00000000  0.04000000    0.9335D+00  0.695550204417034E-01  0.388966701070541E+00    0.445485723622354E+00 -0.249125240983347E+01
  0.00000000  0.00000000  0.04000000    0.9619D+00  0.338435357293811E+00  0.350572036822771E+00    0.142535560463607E+01 -0.147647048910501E+01
  0.00000000  0.00000000  0.04000000    0.9913D+00  0.581417910710386E+00  0.324162910991875E+00    0.131207554575604E+01 -0.731532724600555E+00
  0.00000000  0.00000000  0.04000000    0.1021D+01  0.869850104920973E+00  0.271992115605045E+00    0.104723127319132E+01 -0.327457165219230E+00
  0.00000000  0.00000000  0.04000000    0.1053D+01  0.118663442901053E+01  0.390086401861881E+00    0.760532113836341E+00 -0.250012327751361E+00
  0.00000000  0.00000000  0.04000000    0.1085D+01  0.156932409845298E+01  0.562057480287230E+00    0.564771867761062E+00 -0.202274503554631E+00
  0.00000000  0.00000000  0.04000000    0.1118D+01  0.152411183116607E+01  0.161949729142929E+01    0.308169808335172E+00 -0.327456397682614E+00
  0.00000000  0.00000000  0.04000000    0.1152D+01  0.728245215610831E+00  0.140456134486456E+01    0.290933411041577E+00 -0.561121191487460E+00
  0.00000000  0.00000000  0.04000000    0.1187D+01  0.575761797143242E+00  0.101194290322407E+01    0.424750289871765E+00 -0.746529282788045E+00
  0.00000000  0.00000000  0.04000000    0.1223D+01  0.682146478701360E+00  0.824915120060428E+00    0.595340596400965E+00 -0.719941354079689E+00
  0.00000000  0.00000000  0.04000000    0.1260D+01  0.766279464696048E+00  0.802581067109253E+00    0.622323278438909E+00 -0.651805123205992E+00
  0.00000000  0.00000000  0.04000000    0.1299D+01  0.801042386543427E+00  0.734775642721285E+00    0.677950821734338E+00 -0.621866906347864E+00
  0.00000000  0.00000000  0.04000000    0.1338D+01  0.905023896430382E+00  0.672030920580767E+00    0.712228145256720E+00 -0.528869279593906E+00
  0.00000000  0.00000000  0.04000000    0.1379D+01  0.975070550076186E+00  0.904917547867661E+00    0.550999899072337E+00 -0.511357334610208E+00
  0.00000000  0.00000000  0.04000000    0.1421D+01  0.734202468983398E+00  0.896617877622567E+00    0.546697771024059E+00 -0.667634631950092E+00
  0.00000000  0.00000000  0.04000000    0.1464D+01  0.601870465675011E+00  0.665666495119932E+00    0.747331020143182E+00 -0.826545327016816E+00
  0.00000000  0.00000000  0.04000000    0.1509D+01  0.676173287361883E+00  0.462341897624141E+00    0.100775435540695E+01 -0.689064578158173E+00
  0.00000000  0.00000000  0.04000000    0.1555D+01  0.807919723691618E+00  0.387652853023091E+00    0.100611538502900E+01 -0.482750312982568E+00
  0.00000000  0.00000000  0.04000000    0.1602D+01  0.911887806725236E+00  0.296566390916673E+00    0.991731088633751E+00 -0.322533219050482E+00
  0.00000000  0.00000000  0.04000000    0.1651D+01  0.107232575147454E+01  0.299280872454964E+00    0.865161485857159E+00 -0.241462339168594E+00
  0.00000000  0.00000000  0.04000000    0.1701D+01  0.120526939210093E+01  0.362243392017321E+00    0.760953036486701E+00 -0.228704230696783E+00
  0.00000000  0.00000000  0.04000000    0.1753D+01  0.125520999219906E+01  0.483569166163811E+00    0.693719494439956E+00 -0.267255168109522E+00
  0.00000000  0.00000000  0.04000000    0.1807D+01  0.127260634177779E+01  0.529527449219940E+00    0.669818821369239E+00 -0.278709480123816E+00
  0.00000000  0.00000000  0.04000000    0.1862D+01  0.128765802360647E+01  0.673104036744888E+00    0.609937172709375E+00 -0.318835564711175E+00
  0.00000000  0.00000000  0.04000000    0.1919D+01  0.115523141966367E+01  0.688993639007619E+00    0.638506263414430E+00 -0.380812663567568E+00
  0.00000000  0.00000000  0.04000000    0.1977D+01  0.109758255786436E+01  0.577902400411596E+00    0.713337265401428E+00 -0.375588437539178E+00
  0.00000000  0.00000000  0.04000000    0.2037D+01  0.123300473805310E+01  0.522842987233296E+00    0.687421794289805E+00 -0.291494147040557E+00
  0.00000000  0.00000000  0.04000000    0.2099D+01  0.132831721172355E+01  0.650751117579765E+00    0.607118701345160E+00 -0.297431343896613E+00
  0.00000000  0.00000000  0.04000000    0.2163D+01  0.163555805516453E+01  0.109575449613025E+01    0.422000209157079E+00 -0.282722233608064E+00
  0.00000000  0.00000000  0.04000000    0.2229D+01  0.114530733170939E+01  0.650167036513109E+00    0.660330325915197E+00 -0.374855725824476E+00
  0.00000000  0.00000000  0.04000000    0.2297D+01  0.154036653041239E+01  0.808013133227279E+00    0.509108694036419E+00 -0.267057549550550E+00
  0.00000000  0.00000000  0.04000000    0.2367D+01  0.149653407603743E+01  0.161152317079893E+01    0.309417261183044E+00 -0.333191935837450E+00
  0.00000000  0.00000000  0.04000000    0.2439D+01  0.188003704786958E+00  0.169809671148279E+01    0.644095832175011E-01 -0.581763543295891E+00
  0.00000000  0.00000000  0.04000000    0.2513D+01  0.260018072757401E+00  0.813162518177107E+00    0.356754729385874E+00 -0.111569004047528E+01
  0.00000000  0.00000000  0.04000000    0.2590D+01  0.440834991023060E+00  0.581592995064527E+00    0.827725611989606E+00 -0.109201725718608E+01
  0.00000000  0.00000000  0.04000000    0.2669D+01  0.606669101740819E+00  0.662169647936998E+00    0.752209590890647E+00 -0.821024770415433E+00
  0.00000000  0.00000000  0.04000000    0.2750D+01  0.294078209077700E+00  0.753116209828947E+00    0.449890618032865E+00 -0.115214220786074E+01
  0.00000000  0.00000000  0.04000000    0.2834D+01  0.290405164628697E+00  0.288960608515199E+00    0.173031814218990E+01 -0.172171105817405E+01
  0.00000000  0.00000000  0.04000000    0.2920D+01  0.548364085099715E+00  0.220616790746469E+00    0.156955758746199E+01 -0.631461409028400E+00
  0.00000000  0.00000000  0.04000000    0.3009D+01  0.682596681381163E+00  0.269142471164159E+00    0.126788120042893E+01 -0.499915526596992E+00
  0.00000000  0.00000000  0.04000000    0.3101D+01  0.606257153517762E+00  0.312685692429239E+00    0.130288199801826E+01 -0.671979798242488E+00
  0.00000000  0.00000000  0.04000000    0.3195D+01  0.668311406576811E+00  0.265247151641096E+00    0.129268149860185E+01 -0.513054366735359E+00
  0.00000000  0.00000000  0.04000000    0.3293D+01  0.637942065053280E+00  0.275199683130254E+00    0.132159836570244E+01 -0.570119876695071E+00
  0.00000000  0.00000000  0.04000000    0.3393D+01  0.646086798725934E+00  0.149110158870805E+00    0.146950796748611E+01 -0.339147258426984E+00
  0.00000000  0.00000000  0.04000000    0.3496D+01  0.727599310986722E+00  0.145592086665632E+00    0.132147148743448E+01 -0.264425472123947E+00
  0.00000000  0.00000000  0.04000000    0.3603D+01  0.774914055003824E+00  0.158369198163543E+00    0.123872762408726E+01 -0.253158784903910E+00
  0.00000000  0.00000000  0.04000000    0.3713D+01  0.777075153841310E+00  0.177404611791877E+00    0.122312750499887E+01 -0.279237418830925E+00
  0.00000000  0.00000000  0.04000000    0.3826D+01  0.763296261924512E+00  0.166158756974427E+00    0.125083389379504E+01 -0.272288776117471E+00
  0.00000000  0.00000000  0.04000000    0.3942D+01  0.786376278402241E+00  0.124846412136548E+00    0.124039145730051E+01 -0.196926620680158E+00
  0.00000000  0.00000000  0.04000000    0.4062D+01  0.797883539018265E+00  0.142409886617399E+00    0.121462185507304E+01 -0.216791238576995E+00
  0.00000000  0.00000000  0.04000000    0.4186D+01  0.801862659944450E+00  0.120610777357823E+00    0.121950606747767E+01 -0.183429884116630E+00
  0.00000000  0.00000000  0.04000000    0.4313D+01  0.818755446881556E+00  0.113464167326280E+00    0.119835185162124E+01 -0.166069118106009E+00
  0.00000000  0.00000000  0.04000000    0.4445D+01  0.829195445237645E+00  0.858085401453342E-01    0.119321025513918E+01 -0.123478283278065E+00
  0.00000000  0.00000000  0.04000000    0.4580D+01  0.863391987918131E+00  0.889616011818331E-01    0.114605515624709E+01 -0.118086458027341E+00
  0.00000000  0.00000000  0.04000000    0.4720D+01  0.871003674137818E+00  0.105777532576108E+00    0.113141415794286E+01 -0.137402632735547E+00
  0.00000000  0.00000000  0.04000000    0.4863D+01  0.869445809459445E+00  0.788046223768882E-01    0.114078614786003E+01 -0.103398303398330E+00
  0.00000000  0.00000000  0.04000000    0.5012D+01  0.906696862257638E+00  0.651505424052316E-01    0.109723927221936E+01 -0.788419335161436E-01
  0.00000000  0.00000000  0.04000000    0.5164D+01  0.951578398577091E+00  0.100724035734530E+00    0.103924178990001E+01 -0.110003156165829E+00
  0.00000000  0.00000000  0.04000000    0.5322D+01  0.936806868700777E+00  0.201115101675615E+00    0.102042632274222E+01 -0.219066651310310E+00
  0.00000000  0.00000000  0.04000000    0.5484D+01  0.831638906886901E+00  0.133061273380226E+00    0.117243113764484E+01 -0.187587640301280E+00
  0.00000000  0.00000000  0.04000000    0.5651D+01  0.858756333692333E+00  0.951738806707128E-01    0.115034526746162E+01 -0.127489974652968E+00
  0.00000000  0.00000000  0.04000000    0.5823D+01  0.879581713058981E+00  0.961501947663592E-01    0.112347907827300E+01 -0.122811480261682E+00
  0.00000000  0.00000000  0.04000000    0.6000D+01  0.874404997777393E+00  0.109009051013344E+00    0.112613274638303E+01 -0.140391080003315E+00
  0.00000000  0.00000000  0.04000000    0.6183D+01  0.857066279449061E+00  0.814530739630919E-01    0.115632690889972E+01 -0.109893929436435E+00
  0.00000000  0.00000000  0.04000000    0.6371D+01  0.866150371788301E+00  0.613907879164211E-01    0.114876294946876E+01 -0.814217310228388E-01
  0.00000000  0.00000000  0.04000000    0.6565D+01  0.880042775362170E+00  0.467019719895796E-01    0.113311732182317E+01 -0.601320923325743E-01
  0.00000000  0.00000000  0.04000000    0.6765D+01  0.898008459917179E+00  0.414824329375562E-01    0.111120409225212E+01 -0.513307516513126E-01
  0.00000000  0.00000000  0.04000000    0.6971D+01  0.911532918885533E+00  0.527097261380179E-01    0.109339701262213E+01 -0.632260842163583E-01
  0.00000000  0.00000000  0.04000000    0.7184D+01  0.904824228636988E+00  0.555695690653509E-01    0.110103417625063E+01 -0.676197572567633E-01
  0.00000000  0.00000000  0.04000000    0.7402D+01  0.906333568192125E+00  0.437726116945545E-01    0.110077892374446E+01 -0.531636144590002E-01
  0.00000000  0.00000000  0.04000000    0.7628D+01  0.912491773629636E+00  0.509490754402653E-01    0.109249437490933E+01 -0.609995398686331E-01
  0.00000000  0.00000000  0.04000000    0.7860D+01  0.903993917981385E+00  0.522786553380926E-01    0.110251488541837E+01 -0.637592737665857E-01
  0.00000000  0.00000000  0.04000000    0.8100D+01  0.899499909293114E+00  0.343892395141571E-01    0.111010626532238E+01 -0.424410384591797E-01
  0.00000000  0.00000000  0.04000000    0.8346D+01  0.904506159654453E+00  0.283954909244598E-01    0.110448714625733E+01 -0.346735667888807E-01
  0.00000000  0.00000000  0.04000000    0.8600D+01  0.906225753614138E+00  0.189666715798428E-01    0.110299464803786E+01 -0.230849070005199E-01
  0.00000000  0.00000000  0.04000000    0.8862D+01  0.913548062037780E+00  0.658417341799685E-02    0.109457630061584E+01 -0.788889001242948E-02
  0.00000000  0.00000000  0.04000000    0.9132D+01  0.924333294578254E+00  0.233837738370394E-02    0.108185392219868E+01 -0.273687289961254E-02
  0.00000000  0.00000000  0.04000000    0.9410D+01  0.932823255949726E+00  0.530618724036152E-03    0.107201409275903E+01 -0.609794777757157E-03
  0.00000000  0.00000000  0.04000000    0.9697D+01  0.939749845592261E+00  0.571124793471632E-04    0.106411296686755E+01 -0.646705398551779E-04
  0.00000000  0.00000000  0.04000000    0.9992D+01  0.945277790267119E+00  0.298932628978292E-08    0.105789008299604E+01 -0.334544899855003E-08
  0.00000000  0.00000000  0.04000000    0.1030D+02  0.949866540765161E+00  0.253049348859824E-18    0.105277947699311E+01 -0.280465886219648E-18
  0.00000000  0.00000000  0.04000000    0.1061D+02  0.953827889652615E+00  0.223819971515311E-18    0.104840717161688E+01 -0.246013422162777E-18
  0.00000000  0.00000000  0.04000000    0.1093D+02  0.957325953850294E+00  0.200785703054904E-18    0.104457629710975E+01 -0.219085239845559E-18
