 q(1:3)   w(Ry)   eps  epsi --- LFC included. 
  0.00000000  0.00000000  0.03500000    0.0000D+00  0.353491804949672E+01 -0.523039740911589E-17    0.282891989573103E+00  0.418577604517158E-18
  0.00000000  0.00000000  0.03500000    0.1015D-04  0.353491805023672E+01 -0.523039850067352E-17    0.282891989513883E+00  0.418577691696948E-18
  0.00000000  0.00000000  0.03500000    0.3076D-04  0.353491805629256E+01 -0.523039781204126E-17    0.282891989029246E+00  0.418577635152997E-18
  0.00000000  0.00000000  0.03500000    0.5200D-04  0.353491806891601E+01 -0.523039732286840E-17    0.282891988019019E+00  0.418577593015991E-18
  0.00000000  0.00000000  0.03500000    0.7389D-04  0.353491808870177E+01 -0.523039699045173E-17    0.282891986435606E+00  0.418577561727638E-18
  0.00000000  0.00000000  0.03500000    0.9644D-04  0.353491811628710E+01 -0.523039872036070E-17    0.282891984228011E+00  0.418577693635694E-18
  0.00000000  0.00000000  0.03500000    0.1197D-03  0.353491815235456E+01 -0.523039745689151E-17    0.282891981341609E+00  0.418577583981282E-18
  0.00000000  0.00000000  0.03500000    0.1436D-03  0.353491819763505E+01 -0.523039823380539E-17    0.282891977717907E+00  0.418577635432517E-18
  0.00000000  0.00000000  0.03500000    0.1683D-03  0.353491825291092E+01 -0.523039835508069E-17    0.282891973294298E+00  0.418577632047241E-18
  0.00000000  0.00000000  0.03500000    0.1937D-03  0.353491831901937E+01 -0.523039941711847E-17    0.282891968003779E+00  0.418577701383758E-18
  0.00000000  0.00000000  0.03500000    0.2199D-03  0.353491839685606E+01 -0.523039963570591E-17    0.282891961774675E+00  0.418577700443204E-18
  0.00000000  0.00000000  0.03500000    0.2469D-03  0.353491848737892E+01 -0.523039950741877E-17    0.282891954530324E+00  0.418577668738626E-18
  0.00000000  0.00000000  0.03500000    0.2748D-03  0.353491859161221E+01 -0.523039998924426E-17    0.282891946188758E+00  0.418577682613090E-18
  0.00000000  0.00000000  0.03500000    0.3034D-03  0.353491871065077E+01 -0.523040067764927E-17    0.282891936662357E+00  0.418577709513413E-18
  0.00000000  0.00000000  0.03500000    0.3330D-03  0.353491884566472E+01 -0.523040103874855E-17    0.282891925857482E+00  0.418577706436797E-18
  0.00000000  0.00000000  0.03500000    0.3634D-03  0.353491899790431E+01 -0.523040171814151E-17    0.282891913674077E+00  0.418577724753083E-18
  0.00000000  0.00000000  0.03500000    0.3948D-03  0.353491916870502E+01 -0.523040349933890E-17    0.282891900005266E+00  0.418577826848647E-18
  0.00000000  0.00000000  0.03500000    0.4271D-03  0.353491935949322E+01 -0.523040419572303E-17    0.282891884736902E+00  0.418577837395425E-18
  0.00000000  0.00000000  0.03500000    0.4604D-03  0.353491957179193E+01 -0.523040545055610E-17    0.282891867747101E+00  0.418577887539424E-18
  0.00000000  0.00000000  0.03500000    0.4948D-03  0.353491980722707E+01 -0.523040713745319E-17    0.282891848905743E+00  0.418577966781265E-18
  0.00000000  0.00000000  0.03500000    0.5301D-03  0.353492006753417E+01 -0.523040841065241E-17    0.282891828073941E+00  0.418578007025465E-18
  0.00000000  0.00000000  0.03500000    0.5666D-03  0.353492035456536E+01 -0.523041011355153E-17    0.282891805103472E+00  0.418578075328654E-18
  0.00000000  0.00000000  0.03500000    0.6041D-03  0.353492067029679E+01 -0.523041085116102E-17    0.282891779836191E+00  0.418578059584923E-18
  0.00000000  0.00000000  0.03500000    0.6428D-03  0.353492101683676E+01 -0.523041298335660E-17    0.282891752103377E+00  0.418578148150552E-18
  0.00000000  0.00000000  0.03500000    0.6827D-03  0.353492139643405E+01 -0.523041623834626E-17    0.282891721725065E+00  0.418578318742007E-18
  0.00000000  0.00000000  0.03500000    0.7238D-03  0.353492181148701E+01 -0.523041681476057E-17    0.282891688509325E+00  0.418578266576355E-18
  0.00000000  0.00000000  0.03500000    0.7662D-03  0.353492226455303E+01 -0.523041947994465E-17    0.282891652251494E+00  0.418578372567701E-18
  0.00000000  0.00000000  0.03500000    0.8098D-03  0.353492275835883E+01 -0.523042188818812E-17    0.282891612733364E+00  0.418578448348439E-18
  0.00000000  0.00000000  0.03500000    0.8548D-03  0.353492329581114E+01 -0.523042411810531E-17    0.282891569722317E+00  0.418578499521515E-18
  0.00000000  0.00000000  0.03500000    0.9011D-03  0.353492388000830E+01 -0.523042695425424E-17    0.282891522970404E+00  0.418578588139488E-18
  0.00000000  0.00000000  0.03500000    0.9488D-03  0.353492451425237E+01 -0.523042922192421E-17    0.282891472213374E+00  0.418578619411038E-18
  0.00000000  0.00000000  0.03500000    0.9980D-03  0.353492520206215E+01 -0.523043468175176E-17    0.282891417169630E+00  0.418578893457424E-18
  0.00000000  0.00000000  0.03500000    0.1049D-02  0.353492594718697E+01 -0.523043705425491E-17    0.282891357539125E+00  0.418578906859022E-18
  0.00000000  0.00000000  0.03500000    0.1101D-02  0.353492675362131E+01 -0.523044167580561E-17    0.282891293002199E+00  0.418579085726580E-18
  0.00000000  0.00000000  0.03500000    0.1155D-02  0.353492762562043E+01 -0.523044573140198E-17    0.282891223218321E+00  0.418579203774689E-18
  0.00000000  0.00000000  0.03500000    0.1210D-02  0.353492856771684E+01 -0.523045121993480E-17    0.282891147824773E+00  0.418579419896036E-18
  0.00000000  0.00000000  0.03500000    0.1267D-02  0.353492958473789E+01 -0.523045721397289E-17    0.282891066435245E+00  0.418579658727327E-18
  0.00000000  0.00000000  0.03500000    0.1326D-02  0.353493068182450E+01 -0.523046292316911E-17    0.282890978638332E+00  0.418579855801620E-18
  0.00000000  0.00000000  0.03500000    0.1387D-02  0.353493186445097E+01 -0.523046678109227E-17    0.282890883995954E+00  0.418579884465320E-18
  0.00000000  0.00000000  0.03500000    0.1450D-02  0.353493313844611E+01 -0.523047481612373E-17    0.282890782041660E+00  0.418580225772778E-18
  0.00000000  0.00000000  0.03500000    0.1514D-02  0.353493451001558E+01 -0.523048197488790E-17    0.282890672278846E+00  0.418580473846431E-18
  0.00000000  0.00000000  0.03500000    0.1580D-02  0.353493598576578E+01 -0.523048894113191E-17    0.282890554178838E+00  0.418580681840141E-18
  0.00000000  0.00000000  0.03500000    0.1649D-02  0.353493757272907E+01 -0.523049691170759E-17    0.282890427178880E+00  0.418580943868956E-18
  0.00000000  0.00000000  0.03500000    0.1719D-02  0.353493927839076E+01 -0.523050598408128E-17    0.282890290679968E+00  0.418581265959868E-18
  0.00000000  0.00000000  0.03500000    0.1792D-02  0.353494111071756E+01 -0.523051550085372E-17    0.282890144044581E+00  0.418581593616297E-18
  0.00000000  0.00000000  0.03500000    0.1867D-02  0.353494307818799E+01 -0.523052471979410E-17    0.282889986594240E+00  0.418581865431866E-18
  0.00000000  0.00000000  0.03500000    0.1944D-02  0.353494518982463E+01 -0.523053600284132E-17    0.282889817606934E+00  0.418582268287926E-18
  0.00000000  0.00000000  0.03500000    0.2024D-02  0.353494745522830E+01 -0.523054729827737E-17    0.282889636314386E+00  0.418582635718221E-18
  0.00000000  0.00000000  0.03500000    0.2106D-02  0.353494988461455E+01 -0.523055980087028E-17    0.282889441899129E+00  0.418583060916452E-18
  0.00000000  0.00000000  0.03500000    0.2190D-02  0.353495248885225E+01 -0.523057270182168E-17    0.282889233491420E+00  0.418583476582994E-18
  0.00000000  0.00000000  0.03500000    0.2277D-02  0.353495527950468E+01 -0.523058719348477E-17    0.282889010165956E+00  0.418583975398684E-18
  0.00000000  0.00000000  0.03500000    0.2367D-02  0.353495826887320E+01 -0.523060273506218E-17    0.282888770938379E+00  0.418584511171706E-18
  0.00000000  0.00000000  0.03500000    0.2459D-02  0.353496147004359E+01 -0.523061872366558E-17    0.282888514761568E+00  0.418585032555832E-18
  0.00000000  0.00000000  0.03500000    0.2554D-02  0.353496489693528E+01 -0.523063706129768E-17    0.282888240521702E+00  0.418585688463542E-18
  0.00000000  0.00000000  0.03500000    0.2652D-02  0.353496856435371E+01 -0.523065557582706E-17    0.282887947034071E+00  0.418586301561230E-18
  0.00000000  0.00000000  0.03500000    0.2753D-02  0.353497248804591E+01 -0.523067611666608E-17    0.282887633038634E+00  0.418587016119420E-18
  0.00000000  0.00000000  0.03500000    0.2858D-02  0.353497668475952E+01 -0.523069773754573E-17    0.282887297195294E+00  0.418587752445251E-18
  0.00000000  0.00000000  0.03500000    0.2965D-02  0.353498117230554E+01 -0.523072025917991E-17    0.282886938078879E+00  0.418588491972502E-18
  0.00000000  0.00000000  0.03500000    0.3075D-02  0.353498596962501E+01 -0.523074479786088E-17    0.282886554173814E+00  0.418589319545852E-18
  0.00000000  0.00000000  0.03500000    0.3189D-02  0.353499109685975E+01 -0.523077043351555E-17    0.282886143868462E+00  0.418590156765276E-18
  0.00000000  0.00000000  0.03500000    0.3307D-02  0.353499657542755E+01 -0.523079935361210E-17    0.282885705449107E+00  0.418591173608230E-18
  0.00000000  0.00000000  0.03500000    0.3428D-02  0.353500242810219E+01 -0.523082808800303E-17    0.282885237093561E+00  0.418592086983318E-18
  0.00000000  0.00000000  0.03500000    0.3553D-02  0.353500867909817E+01 -0.523086100291517E-17    0.282884736864384E+00  0.418593240557849E-18
  0.00000000  0.00000000  0.03500000    0.3681D-02  0.353501535416093E+01 -0.523089528812573E-17    0.282884202701677E+00  0.418594403346979E-18
  0.00000000  0.00000000  0.03500000    0.3813D-02  0.353502248066267E+01 -0.523093073049799E-17    0.282883632415413E+00  0.418595551810830E-18
  0.00000000  0.00000000  0.03500000    0.3950D-02  0.353503008770401E+01 -0.523097119164631E-17    0.282883023677316E+00  0.418596988073427E-18
  0.00000000  0.00000000  0.03500000    0.4090D-02  0.353503820622217E+01 -0.523101155596701E-17    0.282882374012212E+00  0.418598295439260E-18
  0.00000000  0.00000000  0.03500000    0.4235D-02  0.353504686910577E+01 -0.523105587619486E-17    0.282881680788850E+00  0.418599790427310E-18
  0.00000000  0.00000000  0.03500000    0.4385D-02  0.353505611131674E+01 -0.523110319095528E-17    0.282880941210158E+00  0.418601387821735E-18
  0.00000000  0.00000000  0.03500000    0.4538D-02  0.353506597002000E+01 -0.523115455230514E-17    0.282880152302884E+00  0.418603163003385E-18
  0.00000000  0.00000000  0.03500000    0.4697D-02  0.353507648472107E+01 -0.523120716631814E-17    0.282879310906594E+00  0.418604883038187E-18
  0.00000000  0.00000000  0.03500000    0.4860D-02  0.353508769741231E+01 -0.523126527405268E-17    0.282878413661987E+00  0.418606877349120E-18
  0.00000000  0.00000000  0.03500000    0.5029D-02  0.353509965272832E+01 -0.523132590898233E-17    0.282877456998481E+00  0.418608897975787E-18
  0.00000000  0.00000000  0.03500000    0.5202D-02  0.353511239811087E+01 -0.523139001779588E-17    0.282876437121035E+00  0.418611009430833E-18
  0.00000000  0.00000000  0.03500000    0.5381D-02  0.353512598398440E+01 -0.523146069659871E-17    0.282875349996130E+00  0.418613447510981E-18
  0.00000000  0.00000000  0.03500000    0.5565D-02  0.353514046394210E+01 -0.523153394687709E-17    0.282874191336907E+00  0.418615879558067E-18
  0.00000000  0.00000000  0.03500000    0.5755D-02  0.353515589494398E+01 -0.523161286356591E-17    0.282872956587349E+00  0.418618539723762E-18
  0.00000000  0.00000000  0.03500000    0.5950D-02  0.353517233752694E+01 -0.523169707879198E-17    0.282871640905506E+00  0.418621384221881E-18
  0.00000000  0.00000000  0.03500000    0.6152D-02  0.353518985602824E+01 -0.523178664665852E-17    0.282870239145655E+00  0.418624402130983E-18
  0.00000000  0.00000000  0.03500000    0.6360D-02  0.353520851882275E+01 -0.523188177474948E-17    0.282868745839357E+00  0.418627593852938E-18
  0.00000000  0.00000000  0.03500000    0.6574D-02  0.353522839857501E+01 -0.523198311327396E-17    0.282867155175344E+00  0.418630994188038E-18
  0.00000000  0.00000000  0.03500000    0.6794D-02  0.353524957250719E+01 -0.523209179081670E-17    0.282865460978134E+00  0.418634675129791E-18
  0.00000000  0.00000000  0.03500000    0.7021D-02  0.353527212268362E+01 -0.523220767085985E-17    0.282863656685331E+00  0.418638606295741E-18
  0.00000000  0.00000000  0.03500000    0.7255D-02  0.353529613631309E+01 -0.523232961652930E-17    0.282861735323504E+00  0.418642676044542E-18
  0.00000000  0.00000000  0.03500000    0.7497D-02  0.353532170607033E+01 -0.523246011889572E-17    0.282859689482558E+00  0.418647061714182E-18
  0.00000000  0.00000000  0.03500000    0.7745D-02  0.353534893043721E+01 -0.523260003486662E-17    0.282857511288520E+00  0.418651808506935E-18
  0.00000000  0.00000000  0.03500000    0.8001D-02  0.353537791406556E+01 -0.523274663106204E-17    0.282855192374621E+00  0.418656672908449E-18
  0.00000000  0.00000000  0.03500000    0.8265D-02  0.353540876816265E+01 -0.523290518413566E-17    0.282852723850572E+00  0.418662050712110E-18
  0.00000000  0.00000000  0.03500000    0.8537D-02  0.353544161090074E+01 -0.523307336447891E-17    0.282850096269933E+00  0.418667727495963E-18
  0.00000000  0.00000000  0.03500000    0.8818D-02  0.353547656785240E+01 -0.523325280995867E-17    0.282847299595438E+00  0.418673804503870E-18
  0.00000000  0.00000000  0.03500000    0.9107D-02  0.353551377245307E+01 -0.523344199103572E-17    0.282844323162164E+00  0.418680127707689E-18
  0.00000000  0.00000000  0.03500000    0.9404D-02  0.353555336649274E+01 -0.523364425910276E-17    0.282841155638388E+00  0.418686931577356E-18
  0.00000000  0.00000000  0.03500000    0.9711D-02  0.353559550063833E+01 -0.523385922860134E-17    0.282837784984017E+00  0.418694149505648E-18
  0.00000000  0.00000000  0.03500000    0.1003D-01  0.353564033498911E+01 -0.523408835042663E-17    0.282834198406406E+00  0.418701859556024E-18
  0.00000000  0.00000000  0.03500000    0.1035D-01  0.353568803966694E+01 -0.523433275936218E-17    0.282830382313423E+00  0.418710112113154E-18
  0.00000000  0.00000000  0.03500000    0.1069D-01  0.353573879544373E+01 -0.523459243409691E-17    0.282826322263577E+00  0.418718862544986E-18
  0.00000000  0.00000000  0.03500000    0.1103D-01  0.353579279440837E+01 -0.523486760701456E-17    0.282822002913020E+00  0.418728083823724E-18
  0.00000000  0.00000000  0.03500000    0.1139D-01  0.353585024067581E+01 -0.523516148314632E-17    0.282817407959243E+00  0.418737983831725E-18
  0.00000000  0.00000000  0.03500000    0.1176D-01  0.353591135114091E+01 -0.523547397943698E-17    0.282812520081234E+00  0.418748504389553E-18
  0.00000000  0.00000000  0.03500000    0.1214D-01  0.353597635627981E+01 -0.523580584875216E-17    0.282807320875895E+00  0.418759650946819E-18
  0.00000000  0.00000000  0.03500000    0.1253D-01  0.353604550100227E+01 -0.523615995787487E-17    0.282801790790462E+00  0.418771594577220E-18
  0.00000000  0.00000000  0.03500000    0.1293D-01  0.353611904555784E+01 -0.523653417244016E-17    0.282795909050693E+00  0.418784102710157E-18
  0.00000000  0.00000000  0.03500000    0.1334D-01  0.353619726649955E+01 -0.523693506489082E-17    0.282789653584539E+00  0.418797635209752E-18
  0.00000000  0.00000000  0.03500000    0.1377D-01  0.353628045770892E+01 -0.523736055655778E-17    0.282783000941017E+00  0.418811955925310E-18
  0.00000000  0.00000000  0.03500000    0.1421D-01  0.353636893148618E+01 -0.523781221971649E-17    0.282775926203985E+00  0.418827116290275E-18
  0.00000000  0.00000000  0.03500000    0.1466D-01  0.353646301970998E+01 -0.523829321248438E-17    0.282768402900480E+00  0.418843289852951E-18
  0.00000000  0.00000000  0.03500000    0.1513D-01  0.353656307507117E+01 -0.523880394040328E-17    0.282760402903284E+00  0.418860425072423E-18
  0.00000000  0.00000000  0.03500000    0.1561D-01  0.353666947238549E+01 -0.523934885927674E-17    0.282751896327337E+00  0.418878788941999E-18
  0.00000000  0.00000000  0.03500000    0.1610D-01  0.353678260999048E+01 -0.523992503143759E-17    0.282742851419610E+00  0.418898051700623E-18
  0.00000000  0.00000000  0.03500000    0.1662D-01  0.353690291123204E+01 -0.524054126743670E-17    0.282733234442011E+00  0.418918816816797E-18
  0.00000000  0.00000000  0.03500000    0.1714D-01  0.353703082604677E+01 -0.524119546084231E-17    0.282723009546872E+00  0.418940808601578E-18
  0.00000000  0.00000000  0.03500000    0.1768D-01  0.353716683264629E+01 -0.524189047959516E-17    0.282712138644549E+00  0.418964142247751E-18
  0.00000000  0.00000000  0.03500000    0.1824D-01  0.353731143931062E+01 -0.524262997798339E-17    0.282700581262612E+00  0.418988988543667E-18
  0.00000000  0.00000000  0.03500000    0.1882D-01  0.353746518629782E+01 -0.524341514784451E-17    0.282688294396068E+00  0.419015313760851E-18
  0.00000000  0.00000000  0.03500000    0.1941D-01  0.353762864787779E+01 -0.524425121070304E-17    0.282675232348058E+00  0.419043398002321E-18
  0.00000000  0.00000000  0.03500000    0.2002D-01  0.353780243449872E+01 -0.524513951056450E-17    0.282661346560380E+00  0.419073202758788E-18
  0.00000000  0.00000000  0.03500000    0.2065D-01  0.353798719509528E+01 -0.524608309429154E-17    0.282646585433182E+00  0.419104816307938E-18
  0.00000000  0.00000000  0.03500000    0.2130D-01  0.353818361954825E+01 -0.524708850266271E-17    0.282630894133097E+00  0.419138596117405E-18
  0.00000000  0.00000000  0.03500000    0.2197D-01  0.353839244130619E+01 -0.524815583347398E-17    0.282614214389078E+00  0.419174374372443E-18
  0.00000000  0.00000000  0.03500000    0.2266D-01  0.353861444018034E+01 -0.524928950344030E-17    0.282596484275082E+00  0.419212317049924E-18
  0.00000000  0.00000000  0.03500000    0.2337D-01  0.353885044532492E+01 -0.525049553980775E-17    0.282577637978760E+00  0.419252706713540E-18
  0.00000000  0.00000000  0.03500000    0.2410D-01  0.353910133841607E+01 -0.525177957919800E-17    0.282557605555186E+00  0.419295781868158E-18
  0.00000000  0.00000000  0.03500000    0.2486D-01  0.353936805704335E+01 -0.525314220872429E-17    0.282536312664629E+00  0.419341364230917E-18
  0.00000000  0.00000000  0.03500000    0.2564D-01  0.353965159832918E+01 -0.525459304195354E-17    0.282513680293289E+00  0.419389981609073E-18
  0.00000000  0.00000000  0.03500000    0.2644D-01  0.353995302279274E+01 -0.525613391947894E-17    0.282489624455829E+00  0.419441525761197E-18
  0.00000000  0.00000000  0.03500000    0.2726D-01  0.354027345847587E+01 -0.525777140954973E-17    0.282464055878472E+00  0.419496249270714E-18
  0.00000000  0.00000000  0.03500000    0.2811D-01  0.354061410535069E+01 -0.525951369688952E-17    0.282436879661290E+00  0.419554515935635E-18
  0.00000000  0.00000000  0.03500000    0.2899D-01  0.354097624002927E+01 -0.526136376568140E-17    0.282407994918298E+00  0.419616255767247E-18
  0.00000000  0.00000000  0.03500000    0.2989D-01  0.354136122079844E+01 -0.526333458046496E-17    0.282377294393747E+00  0.419682174637259E-18
  0.00000000  0.00000000  0.03500000    0.3082D-01  0.354177049300398E+01 -0.526542570384594E-17    0.282344664052990E+00  0.419751888041575E-18
  0.00000000  0.00000000  0.03500000    0.3178D-01  0.354220559481102E+01 -0.526764943810005E-17    0.282309982646095E+00  0.419826004350004E-18
  0.00000000  0.00000000  0.03500000    0.3277D-01  0.354266816336964E+01 -0.527001674757330E-17    0.282273121242279E+00  0.419905000337845E-18
  0.00000000  0.00000000  0.03500000    0.3379D-01  0.354315994141710E+01 -0.527253136541339E-17    0.282233942733064E+00  0.419988750168925E-18
  0.00000000  0.00000000  0.03500000    0.3484D-01  0.354368278435147E+01 -0.527520521024012E-17    0.282192301301882E+00  0.420077752075027E-18
  0.00000000  0.00000000  0.03500000    0.3592D-01  0.354423866781380E+01 -0.527804805281704E-17    0.282148041857698E+00  0.420172302857852E-18
  0.00000000  0.00000000  0.03500000    0.3703D-01  0.354482969582028E+01 -0.528107094565615E-17    0.282100999429988E+00  0.420272768981510E-18
  0.00000000  0.00000000  0.03500000    0.3818D-01  0.354545810948910E+01 -0.528428458578620E-17    0.282050998522191E+00  0.420379453901147E-18
  0.00000000  0.00000000  0.03500000    0.3936D-01  0.354612629641137E+01 -0.528770366960466E-17    0.281997852420537E+00  0.420492941995241E-18
  0.00000000  0.00000000  0.03500000    0.4058D-01  0.354683680072003E+01 -0.529133823682539E-17    0.281941362454849E+00  0.420613407247024E-18
  0.00000000  0.00000000  0.03500000    0.4184D-01  0.354759233391616E+01 -0.529520330039878E-17    0.281881317207636E+00  0.420741376321259E-18
  0.00000000  0.00000000  0.03500000    0.4313D-01  0.354839578651812E+01 -0.529931463761432E-17    0.281817491667483E+00  0.420877390398067E-18
  0.00000000  0.00000000  0.03500000    0.4447D-01  0.354925024060534E+01 -0.530368575623723E-17    0.281749646322330E+00  0.421021760857797E-18
  0.00000000  0.00000000  0.03500000    0.4584D-01  0.355015898333641E+01 -0.530833645149279E-17    0.281677526187914E+00  0.421175245065899E-18
  0.00000000  0.00000000  0.03500000    0.4726D-01  0.355112552152918E+01 -0.531328163026284E-17    0.281600859766112E+00  0.421338154956912E-18
  0.00000000  0.00000000  0.03500000    0.4872D-01  0.355215359740044E+01 -0.531854340320827E-17    0.281519357927491E+00  0.421511312201260E-18
  0.00000000  0.00000000  0.03500000    0.5022D-01  0.355324720557286E+01 -0.532414063315012E-17    0.281432712711802E+00  0.421695214140047E-18
  0.00000000  0.00000000  0.03500000    0.5177D-01  0.355441061146947E+01 -0.533009586421326E-17    0.281340596039516E+00  0.421890578017817E-18
  0.00000000  0.00000000  0.03500000    0.5337D-01  0.355564837122907E+01 -0.533643181692217E-17    0.281242658326851E+00  0.422098057365663E-18
  0.00000000  0.00000000  0.03500000    0.5501D-01  0.355696535329171E+01 -0.534317461219860E-17    0.281138526995933E+00  0.422318490835293E-18
  0.00000000  0.00000000  0.03500000    0.5671D-01  0.355836676182082E+01 -0.535035089250060E-17    0.281027804870879E+00  0.422552667347589E-18
  0.00000000  0.00000000  0.03500000    0.5846D-01  0.355985816214836E+01 -0.535798806403250E-17    0.280910068449611E+00  0.422801337936239E-18
  0.00000000  0.00000000  0.03500000    0.6026D-01  0.356144550845245E+01 -0.536611917438902E-17    0.280784866040117E+00  0.423065592316430E-18
  0.00000000  0.00000000  0.03500000    0.6211D-01  0.356313517390284E+01 -0.537477390425120E-17    0.280651715748595E+00  0.423346138826561E-18
  0.00000000  0.00000000  0.03500000    0.6403D-01  0.356493398353905E+01 -0.538399019159527E-17    0.280510103305549E+00  0.423644211032810E-18
  0.00000000  0.00000000  0.03500000    0.6600D-01  0.356684925018144E+01 -0.539380260098526E-17    0.280359479714241E+00  0.423960640000871E-18
  0.00000000  0.00000000  0.03500000    0.6803D-01  0.356888881371360E+01 -0.540425392797257E-17    0.280199258704127E+00  0.424296755519013E-18
  0.00000000  0.00000000  0.03500000    0.7012D-01  0.357106108412138E+01 -0.541538890325062E-17    0.280028813969739E+00  0.424653876268058E-18
  0.00000000  0.00000000  0.03500000    0.7227D-01  0.357337508872594E+01 -0.542725095604042E-17    0.279847476173161E+00  0.425033041562900E-18
  0.00000000  0.00000000  0.03500000    0.7450D-01  0.357584052411045E+01 -0.543989214512228E-17    0.279654529685371E+00  0.425435773526774E-18
  0.00000000  0.00000000  0.03500000    0.7678D-01  0.357846781331107E+01 -0.545336582419037E-17    0.279449209038637E+00  0.425863482829057E-18
  0.00000000  0.00000000  0.03500000    0.7914D-01  0.358126816892693E+01 -0.546772894240579E-17    0.279230695058403E+00  0.426317628550107E-18
  0.00000000  0.00000000  0.03500000    0.8157D-01  0.358425366290213E+01 -0.548304639386271E-17    0.278998110638830E+00  0.426800033788377E-18
  0.00000000  0.00000000  0.03500000    0.8408D-01  0.358743730384777E+01 -0.549938194063347E-17    0.278750516121197E+00  0.427312151951748E-18
  0.00000000  0.00000000  0.03500000    0.8666D-01  0.359083312290878E+01 -0.551681158686883E-17    0.278486904228494E+00  0.427856078924226E-18
  0.00000000  0.00000000  0.03500000    0.8932D-01  0.359445626934156E+01 -0.553541094740951E-17    0.278206194502731E+00  0.428433537451175E-18
  0.00000000  0.00000000  0.03500000    0.9206D-01  0.359832311716047E+01 -0.555526800992573E-17    0.277907227183402E+00  0.429046830601863E-18
  0.00000000  0.00000000  0.03500000    0.9488D-01  0.360245138444003E+01 -0.557647225521242E-17    0.277588756456027E+00  0.429697956625323E-18
  0.00000000  0.00000000  0.03500000    0.9779D-01  0.360686026713505E+01 -0.559912385109590E-17    0.277249442988349E+00  0.430389273209122E-18
  0.00000000  0.00000000  0.03500000    0.1008D+00  0.361157058961073E+01 -0.562333043056355E-17    0.276887845658247E+00  0.431123194109027E-18
  0.00000000  0.00000000  0.03500000    0.1039D+00  0.361660497447553E+01 -0.564921013586376E-17    0.276502412361200E+00  0.431902361890711E-18
  0.00000000  0.00000000  0.03500000    0.1071D+00  0.362198803479493E+01 -0.567689080569167E-17    0.276091469765614E+00  0.432729515168333E-18
  0.00000000  0.00000000  0.03500000    0.1103D+00  0.362774659235890E+01 -0.570650906862310E-17    0.275653211860579E+00  0.433607340874005E-18
  0.00000000  0.00000000  0.03500000    0.1137D+00  0.363390992640375E+01 -0.573822046633042E-17    0.275185687111853E+00  0.434539153090441E-18
  0.00000000  0.00000000  0.03500000    0.1172D+00  0.364051005809131E+01 -0.577218941005096E-17    0.274686784006385E+00  0.435528022288695E-18
  0.00000000  0.00000000  0.03500000    0.1208D+00  0.364758207716634E+01 -0.580859581914883E-17    0.274154214722115E+00  0.436577160362083E-18
  0.00000000  0.00000000  0.03500000    0.1245D+00  0.365516451861371E+01 -0.584764454766867E-17    0.273585496605572E+00  0.437690486816600E-18
  0.00000000  0.00000000  0.03500000    0.1283D+00  0.366329979889917E+01 -0.588955139545759E-17    0.272977931072009E+00  0.438871411877728E-18
  0.00000000  0.00000000  0.03500000    0.1322D+00  0.367203472361356E+01 -0.593455877465370E-17    0.272328579457420E+00  0.440123823017010E-18
  0.00000000  0.00000000  0.03500000    0.1363D+00  0.368142108119859E+01 -0.598293743474617E-17    0.271634235243316E+00  0.441451982468346E-18
  0.00000000  0.00000000  0.03500000    0.1405D+00  0.369151634111632E+01 -0.603498216507120E-17    0.270891391936138E+00  0.442859943703116E-18
  0.00000000  0.00000000  0.03500000    0.1448D+00  0.370238447961606E+01 -0.609102113420568E-17    0.270096205703547E+00  0.444351932184978E-18
  0.00000000  0.00000000  0.03500000    0.1492D+00  0.371409696254491E+01 -0.615142605085077E-17    0.269244451635102E+00  0.445932712726040E-18
  0.00000000  0.00000000  0.03500000    0.1537D+00  0.372673392299483E+01 -0.621660679611041E-17    0.268331472185273E+00  0.447606748446579E-18
  0.00000000  0.00000000  0.03500000    0.1585D+00  0.374038558278085E+01 -0.628702370192437E-17    0.267352115943226E+00  0.449378560711123E-18
  0.00000000  0.00000000  0.03500000    0.1633D+00  0.375515398195500E+01 -0.636319523347231E-17    0.266300664315071E+00  0.451252631978081E-18
  0.00000000  0.00000000  0.03500000    0.1683D+00  0.377115510149366E+01 -0.644571411981490E-17    0.265170742938662E+00  0.453233758867293E-18
  0.00000000  0.00000000  0.03500000    0.1734D+00  0.378852149352177E+01 -0.653524430921315E-17    0.263955213586610E+00  0.455325860082552E-18
  0.00000000  0.00000000  0.03500000    0.1787D+00  0.380740557489184E+01 -0.663255071046966E-17    0.262646040809143E+00  0.457532865964827E-18
  0.00000000  0.00000000  0.03500000    0.1842D+00  0.382798379977369E+01 -0.673851316749332E-17    0.261234125405421E+00  0.459858161872864E-18
  0.00000000  0.00000000  0.03500000    0.1898D+00  0.385046201496858E+01 -0.685413551907718E-17    0.259709093639289E+00  0.462303307088958E-18
  0.00000000  0.00000000  0.03500000    0.1956D+00  0.387508243406986E+01 -0.698060184690226E-17    0.258059026359792E+00  0.464869418048742E-18
  0.00000000  0.00000000  0.03500000    0.2016D+00  0.390213287055499E+01 -0.711928524878032E-17    0.256270104881839E+00  0.467554549758110E-18
  0.00000000  0.00000000  0.03500000    0.2078D+00  0.393195919276259E+01 -0.727181482516451E-17    0.254326138948914E+00  0.470353962736874E-18
  0.00000000  0.00000000  0.03500000    0.2141D+00  0.396498249092058E+01 -0.744012610949823E-17    0.252207923311112E+00  0.473257765840388E-18
  0.00000000  0.00000000  0.03500000    0.2207D+00  0.400172333856198E+01 -0.762655309853463E-17    0.249892337724514E+00  0.476249111028702E-18
  0.00000000  0.00000000  0.03500000    0.2274D+00  0.404283710443582E+01 -0.783393081114907E-17    0.247351049317024E+00  0.479299797730807E-18
  0.00000000  0.00000000  0.03500000    0.2343D+00  0.408916718642817E+01 -0.806575876238789E-17    0.244548572951229E+00  0.482364673583755E-18
  0.00000000  0.00000000  0.03500000    0.2415D+00  0.414182876653702E+01 -0.832640672779523E-17    0.241439242510284E+00  0.485370459887998E-18
  0.00000000  0.00000000  0.03500000    0.2489D+00  0.420234777839772E+01 -0.862142745755557E-17    0.237962218439065E+00  0.488197101262671E-18
  0.00000000  0.00000000  0.03500000    0.2565D+00  0.427290773957265E+01 -0.895797859314245E-17    0.234032668372103E+00  0.490640042132756E-18
  0.00000000  0.00000000  0.03500000    0.2643D+00  0.435682996943589E+01 -0.934538546992075E-17    0.229524678955851E+00  0.492329655908046E-18
  0.00000000  0.00000000  0.03500000    0.2724D+00  0.445963738624166E+01 -0.979573571179375E-17    0.224233477610776E+00  0.492535983124560E-18
  0.00000000  0.00000000  0.03500000    0.2807D+00  0.459195851025035E+01 -0.103229914212340E-16    0.217772002462078E+00  0.489564204071699E-18
  0.00000000  0.00000000  0.03500000    0.2893D+00  0.478379647441904E+01 -0.109122698389298E-16    0.209038993474622E+00  0.476836737484822E-18
  0.00000000  0.00000000  0.03500000    0.2981D+00  0.514180411128665E+01  0.331055712324521E-01    0.194476204388499E+00 -0.125213751789337E-02
  0.00000000  0.00000000  0.03500000    0.3072D+00  0.536961748898763E+01  0.569341623681220E+00    0.184162574878751E+00 -0.195267949007203E-01
  0.00000000  0.00000000  0.03500000    0.3166D+00  0.529159020107433E+01  0.914667116925907E+00    0.183496570406329E+00 -0.317179283810136E-01
  0.00000000  0.00000000  0.03500000    0.3262D+00  0.518288772645435E+01  0.110959997325601E+01    0.184486833172697E+00 -0.394966273549882E-01
  0.00000000  0.00000000  0.03500000    0.3362D+00  0.510272194795820E+01  0.125962122209681E+01    0.184717815626086E+00 -0.455981107798919E-01
  0.00000000  0.00000000  0.03500000    0.3464D+00  0.504256066873119E+01  0.137883730611315E+01    0.184515809338183E+00 -0.504539852263521E-01
  0.00000000  0.00000000  0.03500000    0.3570D+00  0.505723307909878E+01  0.145770158268010E+01    0.182568293734390E+00 -0.526236553786151E-01
  0.00000000  0.00000000  0.03500000    0.3679D+00  0.505708314033798E+01  0.171377271348844E+01    0.177372389486500E+00 -0.601089507118312E-01
  0.00000000  0.00000000  0.03500000    0.3791D+00  0.496085967254885E+01  0.190855159346902E+01    0.175588883383191E+00 -0.675528971381393E-01
  0.00000000  0.00000000  0.03500000    0.3907D+00  0.484959051060485E+01  0.206347820214014E+01    0.174593475657714E+00 -0.742887116897308E-01
  0.00000000  0.00000000  0.03500000    0.4026D+00  0.475325869020229E+01  0.218114581980196E+01    0.173788238304609E+00 -0.797468671945379E-01
  0.00000000  0.00000000  0.03500000    0.4149D+00  0.468428143590672E+01  0.231871877434624E+01    0.171466383283306E+00 -0.848758400895039E-01
  0.00000000  0.00000000  0.03500000    0.4276D+00  0.453999828414630E+01  0.254330124367476E+01    0.167651552633037E+00 -0.939181857853467E-01
  0.00000000  0.00000000  0.03500000    0.4406D+00  0.441641288554786E+01  0.253895146019326E+01    0.170182912023300E+00 -0.978364487603604E-01
  0.00000000  0.00000000  0.03500000    0.4540D+00  0.431795289502926E+01  0.281083069454946E+01    0.162662413882116E+00 -0.105887330618103E+00
  0.00000000  0.00000000  0.03500000    0.4679D+00  0.402839630211071E+01  0.293928912627954E+01    0.161995091319248E+00 -0.118198502509757E+00
  0.00000000  0.00000000  0.03500000    0.4822D+00  0.381065194642772E+01  0.281101783112046E+01    0.169944731957964E+00 -0.125363764141896E+00
  0.00000000  0.00000000  0.03500000    0.4969D+00  0.374358793116617E+01  0.280305371665626E+01    0.171162359020025E+00 -0.128159748194636E+00
  0.00000000  0.00000000  0.03500000    0.5120D+00  0.368849512205849E+01  0.278707263901355E+01    0.172579178756169E+00 -0.130402966862625E+00
  0.00000000  0.00000000  0.03500000    0.5276D+00  0.367527974222538E+01  0.280567659518838E+01    0.171906702209823E+00 -0.131232081575940E+00
  0.00000000  0.00000000  0.03500000    0.5437D+00  0.365904093724076E+01  0.287357350700487E+01    0.169040009452747E+00 -0.132753063198458E+00
  0.00000000  0.00000000  0.03500000    0.5603D+00  0.369467125012764E+01  0.286012827480914E+01    0.169240218008938E+00 -0.131012666619663E+00
  0.00000000  0.00000000  0.03500000    0.5774D+00  0.396210300005933E+01  0.291384364282463E+01    0.163799445029243E+00 -0.120462787461485E+00
  0.00000000  0.00000000  0.03500000    0.5950D+00  0.419700034107925E+01  0.357387301032771E+01    0.138116557577499E+00 -0.117610435380300E+00
  0.00000000  0.00000000  0.03500000    0.6131D+00  0.390455297640762E+01  0.452454311816573E+01    0.109319100481425E+00 -0.126677493366315E+00
  0.00000000  0.00000000  0.03500000    0.6318D+00  0.307618940899707E+01  0.501994876029728E+01    0.887460628513721E-01 -0.144822255381620E+00
  0.00000000  0.00000000  0.03500000    0.6511D+00  0.197168783218791E+01  0.485172643579444E+01    0.718890889836595E-01 -0.176897269320856E+00
  0.00000000  0.00000000  0.03500000    0.6709D+00  0.172231838156152E+01  0.356689064738705E+01    0.109778096542444E+00 -0.227348479838081E+00
  0.00000000  0.00000000  0.03500000    0.6914D+00  0.257837568192575E+01  0.388396723688243E+01    0.118637522052578E+00 -0.178711059038913E+00
  0.00000000  0.00000000  0.03500000    0.7125D+00  0.263812267012412E+01  0.546296535925580E+01    0.716809445541114E-01 -0.148435295087860E+00
  0.00000000  0.00000000  0.03500000    0.7342D+00  0.114409838135775E+01  0.645015506024749E+01    0.266605942246088E-01 -0.150306100899285E+00
  0.00000000  0.00000000  0.03500000    0.7565D+00 -0.142423579004276E+01  0.577235469373076E+01   -0.402912352871974E-01 -0.163298312507146E+00
  0.00000000  0.00000000  0.03500000    0.7796D+00 -0.224384392688210E+01  0.346173615879920E+01   -0.131847703964309E+00 -0.203410744749130E+00
  0.00000000  0.00000000  0.03500000    0.8034D+00 -0.166401311856139E+01  0.264574610378410E+01   -0.170337607788103E+00 -0.270833238696401E+00
  0.00000000  0.00000000  0.03500000    0.8279D+00 -0.159471984082501E+01  0.210426122803098E+01   -0.228763328168464E+00 -0.301857285233996E+00
  0.00000000  0.00000000  0.03500000    0.8531D+00 -0.148714428208229E+01  0.125290585290548E+01   -0.393281750608994E+00 -0.331336382835014E+00
  0.00000000  0.00000000  0.03500000    0.8791D+00 -0.923654709949773E+00  0.502516209870367E+00   -0.835387224337954E+00 -0.454494106105151E+00
  0.00000000  0.00000000  0.03500000    0.9059D+00 -0.291395597719869E+00  0.404398685547034E+00   -0.117285554376170E+01 -0.162768842063890E+01
  0.00000000  0.00000000  0.03500000    0.9335D+00  0.748218765442918E-01  0.389176674947338E+00    0.476400115879895E+00 -0.247793588727906E+01
  0.00000000  0.00000000  0.03500000    0.9619D+00  0.343729091378698E+00  0.350246723226875E+00    0.142731329111461E+01 -0.145437734474528E+01
  0.00000000  0.00000000  0.03500000    0.9913D+00  0.587001419028121E+00  0.324073597842887E+00    0.130562450877893E+01 -0.720813303471029E+00
  0.00000000  0.00000000  0.03500000    0.1021D+01  0.875643943013623E+00  0.272128192460905E+00    0.104143390047739E+01 -0.323651556281037E+00
  0.00000000  0.00000000  0.03500000    0.1053D+01  0.119199028644329E+01  0.390906779550954E+00    0.757468992028554E+00 -0.248407866784807E+00
  0.00000000  0.00000000  0.03500000    0.1085D+01  0.157486316210219E+01  0.561285178132989E+00    0.563409926140955E+00 -0.200800709779635E+00
  0.00000000  0.00000000  0.03500000    0.1118D+01  0.152954086360912E+01  0.162279447940566E+01    0.307571694170255E+00 -0.326323839523447E+00
  0.00000000  0.00000000  0.03500000    0.1152D+01  0.731846127433332E+00  0.140213181512930E+01    0.292554448123327E+00 -0.560500198053830E+00
  0.00000000  0.00000000  0.03500000    0.1187D+01  0.582206133049268E+00  0.101231326990962E+01    0.426918049177906E+00 -0.742305485658888E+00
  0.00000000  0.00000000  0.03500000    0.1223D+01  0.687742768397644E+00  0.825354617477401E+00    0.595860816013989E+00 -0.715087818395855E+00
  0.00000000  0.00000000  0.03500000    0.1260D+01  0.771280927697550E+00  0.803460107598546E+00    0.621788931766005E+00 -0.647731045951918E+00
  0.00000000  0.00000000  0.03500000    0.1299D+01  0.806127357531157E+00  0.733807449582096E+00    0.678378685857489E+00 -0.617519463480927E+00
  0.00000000  0.00000000  0.03500000    0.1338D+01  0.911083705067806E+00  0.672180462479727E+00    0.710729105107587E+00 -0.524362597982657E+00
  0.00000000  0.00000000  0.03500000    0.1379D+01  0.980620784010097E+00  0.905822772582840E+00    0.550251482189029E+00 -0.508280398846973E+00
  0.00000000  0.00000000  0.03500000    0.1421D+01  0.739891531826697E+00  0.895146371903868E+00    0.548585297711845E+00 -0.663697471593150E+00
  0.00000000  0.00000000  0.03500000    0.1464D+01  0.609030989086035E+00  0.667188886897130E+00    0.746306853463004E+00 -0.817573568124859E+00
  0.00000000  0.00000000  0.03500000    0.1509D+01  0.681824232255223E+00  0.464003503069633E+00    0.100241213969549E+01 -0.682173971435098E+00
  0.00000000  0.00000000  0.03500000    0.1555D+01  0.813096810818431E+00  0.388562478481866E+00    0.100121854275247E+01 -0.478462039572277E+00
  0.00000000  0.00000000  0.03500000    0.1602D+01  0.916914165579414E+00  0.296388322500215E+00    0.987439435471696E+00 -0.319185294367303E+00
  0.00000000  0.00000000  0.03500000    0.1651D+01  0.107822858447095E+01  0.299603893178928E+00    0.860971560555996E+00 -0.239235385867165E+00
  0.00000000  0.00000000  0.03500000    0.1701D+01  0.121116212912415E+01  0.362499294909344E+00    0.757772255922856E+00 -0.226800278731090E+00
  0.00000000  0.00000000  0.03500000    0.1753D+01  0.126147174769377E+01  0.483691171921710E+00    0.691115860653276E+00 -0.264997326483299E+00
  0.00000000  0.00000000  0.03500000    0.1807D+01  0.127977365003236E+01  0.530330764050140E+00    0.666871335257807E+00 -0.276347606267302E+00
  0.00000000  0.00000000  0.03500000    0.1862D+01  0.129341104876964E+01  0.673854333327631E+00    0.608094044634316E+00 -0.316810968514109E+00
  0.00000000  0.00000000  0.03500000    0.1919D+01  0.116143321436582E+01  0.690690733361307E+00    0.636059926804709E+00 -0.378257390844781E+00
  0.00000000  0.00000000  0.03500000    0.1977D+01  0.110315532493964E+01  0.577347156209529E+00    0.711583921486019E+00 -0.372414422689621E+00
  0.00000000  0.00000000  0.03500000    0.2037D+01  0.124097087544375E+01  0.523584616972909E+00    0.684051028372537E+00 -0.288611604645668E+00
  0.00000000  0.00000000  0.03500000    0.2099D+01  0.133606492053690E+01  0.654549411897110E+00    0.603597136657249E+00 -0.295707300407989E+00
  0.00000000  0.00000000  0.03500000    0.2163D+01  0.164075909672605E+01  0.109737986744674E+01    0.421103407284340E+00 -0.281644271964818E+00
  0.00000000  0.00000000  0.03500000    0.2229D+01  0.115079045555723E+01  0.652304625277119E+00    0.657662192504576E+00 -0.372783844329765E+00
  0.00000000  0.00000000  0.03500000    0.2297D+01  0.154584394482977E+01  0.809182704980107E+00    0.507764679444672E+00 -0.265792933485044E+00
  0.00000000  0.00000000  0.03500000    0.2367D+01  0.150124945391709E+01  0.161366484671185E+01    0.309047600728638E+00 -0.332189462554158E+00
  0.00000000  0.00000000  0.03500000    0.2439D+01  0.194396715624395E+00  0.170002258558989E+01    0.663953396629496E-01 -0.580635205910659E+00
  0.00000000  0.00000000  0.03500000    0.2513D+01  0.264887158216066E+00  0.815508778965216E+00    0.360282961866006E+00 -0.110920408634403E+01
  0.00000000  0.00000000  0.03500000    0.2590D+01  0.445261283684343E+00  0.581619712652987E+00    0.829876672439702E+00 -0.108402111175688E+01
  0.00000000  0.00000000  0.03500000    0.2669D+01  0.613191702316136E+00  0.661724823663272E+00    0.753414305290689E+00 -0.813045816554176E+00
  0.00000000  0.00000000  0.03500000    0.2750D+01  0.302517496787719E+00  0.756088567143122E+00    0.456157324450402E+00 -0.114008393398007E+01
  0.00000000  0.00000000  0.03500000    0.2834D+01  0.294755734774126E+00  0.291519518168011E+00    0.171504650563191E+01 -0.169621646663016E+01
  0.00000000  0.00000000  0.03500000    0.2920D+01  0.553659063810425E+00  0.221491551131953E+00    0.155698521695567E+01 -0.622872618429872E+00
  0.00000000  0.00000000  0.03500000    0.3009D+01  0.689026153853894E+00  0.270346758461491E+00    0.125770408649117E+01 -0.493473609071097E+00
  0.00000000  0.00000000  0.03500000    0.3101D+01  0.612947626535570E+00  0.315048664625595E+00    0.129052349817281E+01 -0.663315570802198E+00
  0.00000000  0.00000000  0.03500000    0.3195D+01  0.673806920816001E+00  0.267058936553184E+00    0.128262028540210E+01 -0.508358105028374E+00
  0.00000000  0.00000000  0.03500000    0.3293D+01  0.643636271913227E+00  0.276183375831548E+00    0.131208430039901E+01 -0.563013439846391E+00
  0.00000000  0.00000000  0.03500000    0.3393D+01  0.652778350925352E+00  0.151085372306737E+00    0.145402302275009E+01 -0.336533234325790E+00
  0.00000000  0.00000000  0.03500000    0.3496D+01  0.733471625873856E+00  0.147284709186247E+00    0.131053505629126E+01 -0.263161883616527E+00
  0.00000000  0.00000000  0.03500000    0.3603D+01  0.781239391599572E+00  0.159329449973513E+00    0.122890318691587E+01 -0.250628003333403E+00
  0.00000000  0.00000000  0.03500000    0.3713D+01  0.784265987142779E+00  0.178494435179076E+00    0.121228241538271E+01 -0.275908516445543E+00
  0.00000000  0.00000000  0.03500000    0.3826D+01  0.771382528954978E+00  0.167785178370468E+00    0.123781086345943E+01 -0.269239072339121E+00
  0.00000000  0.00000000  0.03500000    0.3942D+01  0.794045327476459E+00  0.126525788020552E+00    0.122818986318607E+01 -0.195703802920595E+00
  0.00000000  0.00000000  0.03500000    0.4062D+01  0.806384566465926E+00  0.144413235818011E+00    0.120156615524863E+01 -0.215185240076383E+00
  0.00000000  0.00000000  0.03500000    0.4186D+01  0.810663854234257E+00  0.122216727466784E+00    0.120614253814633E+01 -0.181839603555492E+00
  0.00000000  0.00000000  0.03500000    0.4313D+01  0.829124647946095E+00  0.116236114804546E+00    0.118284410384409E+01 -0.165824527579646E+00
  0.00000000  0.00000000  0.03500000    0.4445D+01  0.840154003120391E+00  0.892480721223367E-01    0.117697645577095E+01 -0.125028124868537E+00
  0.00000000  0.00000000  0.03500000    0.4580D+01  0.875611482457474E+00  0.946635937937860E-01    0.112886477080560E+01 -0.122043164408648E+00
  0.00000000  0.00000000  0.03500000    0.4720D+01  0.881456388043728E+00  0.115702383802116E+00    0.111527007668092E+01 -0.146393410048950E+00
  0.00000000  0.00000000  0.03500000    0.4863D+01  0.877009474187841E+00  0.846145807282716E-01    0.112972246386084E+01 -0.108996533597790E+00
  0.00000000  0.00000000  0.03500000    0.5012D+01  0.918137955126160E+00  0.706171644988149E-01    0.108275570570424E+01 -0.832784848451675E-01
  0.00000000  0.00000000  0.03500000    0.5164D+01  0.966230526610242E+00  0.110819383700049E+00    0.102151235817139E+01 -0.117159794538556E+00
  0.00000000  0.00000000  0.03500000    0.5322D+01  0.948560066031062E+00  0.223386031145610E+00    0.998833853187517E+00 -0.235225515207521E+00
  0.00000000  0.00000000  0.03500000    0.5484D+01  0.830840756251632E+00  0.147290231822567E+00    0.116692629433681E+01 -0.206870983542196E+00
  0.00000000  0.00000000  0.03500000    0.5651D+01  0.859933132048050E+00  0.106891536391710E+00    0.114518680653172E+01 -0.142349181167322E+00
  0.00000000  0.00000000  0.03500000    0.5823D+01  0.882440537908185E+00  0.106837457318870E+00    0.111684998888518E+01 -0.135217510861356E+00
  0.00000000  0.00000000  0.03500000    0.6000D+01  0.876939500987562E+00  0.124595185093600E+00    0.111776562816941E+01 -0.158811657105417E+00
  0.00000000  0.00000000  0.03500000    0.6183D+01  0.854154961147609E+00  0.946374766484831E-01    0.115655007046646E+01 -0.128141830540344E+00
  0.00000000  0.00000000  0.03500000    0.6371D+01  0.862323876272784E+00  0.723260222757140E-01    0.115155618971156E+01 -0.965849153902674E-01
  0.00000000  0.00000000  0.03500000    0.6565D+01  0.876652538674856E+00  0.536276624911870E-01    0.113645001210756E+01 -0.695203116385588E-01
  0.00000000  0.00000000  0.03500000    0.6765D+01  0.898184079459015E+00  0.481870482588807E-01    0.111016218605319E+01 -0.595595491591772E-01
  0.00000000  0.00000000  0.03500000    0.6971D+01  0.912635743937417E+00  0.653389190644303E-01    0.109013973535349E+01 -0.780470767338972E-01
  0.00000000  0.00000000  0.03500000    0.7184D+01  0.900782572055317E+00  0.676410894036465E-01    0.110392109999622E+01 -0.828950605128168E-01
  0.00000000  0.00000000  0.03500000    0.7402D+01  0.900525936235542E+00  0.539787495734184E-01    0.110648661679548E+01 -0.663243129276403E-01
  0.00000000  0.00000000  0.03500000    0.7628D+01  0.905829644205904E+00  0.605355151991532E-01    0.109905187370115E+01 -0.734483264382662E-01
  0.00000000  0.00000000  0.03500000    0.7860D+01  0.895399019341648E+00  0.608518357483644E-01    0.111168604384587E+01 -0.755508271536830E-01
  0.00000000  0.00000000  0.03500000    0.8100D+01  0.889745554494928E+00  0.390519586341493E-01    0.112175583864337E+01 -0.492351576099571E-01
  0.00000000  0.00000000  0.03500000    0.8346D+01  0.895974809665849E+00  0.307872525929599E-01    0.111478654599675E+01 -0.383060043748720E-01
  0.00000000  0.00000000  0.03500000    0.8600D+01  0.899019069847486E+00  0.200359129470762E-01    0.111177125798461E+01 -0.247773967084147E-01
  0.00000000  0.00000000  0.03500000    0.8862D+01  0.907639281341506E+00  0.688100309740163E-02    0.110169595909861E+01 -0.835218733123569E-02
  0.00000000  0.00000000  0.03500000    0.9132D+01  0.919470022823242E+00  0.251177967235798E-02    0.108757492106543E+01 -0.297100341619687E-02
  0.00000000  0.00000000  0.03500000    0.9410D+01  0.928645657301290E+00  0.574418600925919E-03    0.107683658403753E+01 -0.666082869354334E-03
  0.00000000  0.00000000  0.03500000    0.9697D+01  0.936156403251563E+00  0.386240136757274E-04    0.106819757342305E+01 -0.440717785414581E-04
  0.00000000  0.00000000  0.03500000    0.9992D+01  0.942138021651007E+00  0.182272589117240E-08    0.106141560686363E+01 -0.205348862211767E-08
  0.00000000  0.00000000  0.03500000    0.1030D+02  0.947072389646664E+00 -0.643683406329957E-20    0.105588549611618E+01  0.717638884064633E-20
  0.00000000  0.00000000  0.03500000    0.1061D+02  0.951322781486380E+00 -0.171093213837182E-19    0.105116793107547E+01  0.189050134308024E-19
  0.00000000  0.00000000  0.03500000    0.1093D+02  0.955065843214137E+00 -0.235961579922188E-19    0.104704822929762E+01  0.258687038380873E-19
