 q(1:3)   w(Ry)   eps    epsi  --- NO LFC
  0.00000000  0.00000000  0.02000000    0.0000D+00  0.393067554352147E+01 -0.305010848131842E-16    0.254409194787954E+00  0.197415338446616E-17
  0.00000000  0.00000000  0.02000000    0.1015D-04  0.393067554436875E+01 -0.305010848251415E-16    0.254409194733114E+00  0.197415338438901E-17
  0.00000000  0.00000000  0.02000000    0.3076D-04  0.393067555130245E+01 -0.305010849230059E-16    0.254409194284337E+00  0.197415338375838E-17
  0.00000000  0.00000000  0.02000000    0.5200D-04  0.393067556575580E+01 -0.305010851270028E-16    0.254409193348858E+00  0.197415338244370E-17
  0.00000000  0.00000000  0.02000000    0.7389D-04  0.393067558840973E+01 -0.305010854467508E-16    0.254409191882604E+00  0.197415338038354E-17
  0.00000000  0.00000000  0.02000000    0.9644D-04  0.393067561999386E+01 -0.305010858925400E-16    0.254409189838352E+00  0.197415337751102E-17
  0.00000000  0.00000000  0.02000000    0.1197D-03  0.393067566128970E+01 -0.305010864754026E-16    0.254409187165519E+00  0.197415337375517E-17
  0.00000000  0.00000000  0.02000000    0.1436D-03  0.393067571313410E+01 -0.305010872071522E-16    0.254409183809940E+00  0.197415336904000E-17
  0.00000000  0.00000000  0.02000000    0.1683D-03  0.393067577642281E+01 -0.305010881004304E-16    0.254409179713640E+00  0.197415336328398E-17
  0.00000000  0.00000000  0.02000000    0.1937D-03  0.393067585211440E+01 -0.305010891687677E-16    0.254409174814574E+00  0.197415335639996E-17
  0.00000000  0.00000000  0.02000000    0.2199D-03  0.393067594123438E+01 -0.305010904266380E-16    0.254409169046371E+00  0.197415334829468E-17
  0.00000000  0.00000000  0.02000000    0.2469D-03  0.393067604487953E+01 -0.305010918895208E-16    0.254409162338040E+00  0.197415333886830E-17
  0.00000000  0.00000000  0.02000000    0.2748D-03  0.393067616422258E+01 -0.305010935739673E-16    0.254409154613678E+00  0.197415332801410E-17
  0.00000000  0.00000000  0.02000000    0.3034D-03  0.393067630051709E+01 -0.305010954976745E-16    0.254409145792150E+00  0.197415331561831E-17
  0.00000000  0.00000000  0.02000000    0.3330D-03  0.393067645510280E+01 -0.305010976795492E-16    0.254409135786742E+00  0.197415330155892E-17
  0.00000000  0.00000000  0.02000000    0.3634D-03  0.393067662941119E+01 -0.305011001397952E-16    0.254409124504805E+00  0.197415328570569E-17
  0.00000000  0.00000000  0.02000000    0.3948D-03  0.393067682497135E+01 -0.305011028999959E-16    0.254409111847370E+00  0.197415326791964E-17
  0.00000000  0.00000000  0.02000000    0.4271D-03  0.393067704341640E+01 -0.305011059832053E-16    0.254409097708734E+00  0.197415324805246E-17
  0.00000000  0.00000000  0.02000000    0.4604D-03  0.393067728649015E+01 -0.305011094140273E-16    0.254409081976032E+00  0.197415322594498E-17
  0.00000000  0.00000000  0.02000000    0.4948D-03  0.393067755605422E+01 -0.305011132187436E-16    0.254409064528774E+00  0.197415320142829E-17
  0.00000000  0.00000000  0.02000000    0.5301D-03  0.393067785409571E+01 -0.305011174254024E-16    0.254409045238346E+00  0.197415317432177E-17
  0.00000000  0.00000000  0.02000000    0.5666D-03  0.393067818273523E+01 -0.305011220639278E-16    0.254409023967496E+00  0.197415314443208E-17
  0.00000000  0.00000000  0.02000000    0.6041D-03  0.393067854423542E+01 -0.305011271662623E-16    0.254409000569777E+00  0.197415311155389E-17
  0.00000000  0.00000000  0.02000000    0.6428D-03  0.393067894101019E+01 -0.305011327664716E-16    0.254408974888953E+00  0.197415307546732E-17
  0.00000000  0.00000000  0.02000000    0.6827D-03  0.393067937563431E+01 -0.305011389009017E-16    0.254408946758377E+00  0.197415303593851E-17
  0.00000000  0.00000000  0.02000000    0.7238D-03  0.393067985085378E+01 -0.305011456083024E-16    0.254408916000317E+00  0.197415299271716E-17
  0.00000000  0.00000000  0.02000000    0.7662D-03  0.393068036959675E+01 -0.305011529300109E-16    0.254408882425256E+00  0.197415294553751E-17
  0.00000000  0.00000000  0.02000000    0.8098D-03  0.393068093498517E+01 -0.305011609100875E-16    0.254408845831129E+00  0.197415289411533E-17
  0.00000000  0.00000000  0.02000000    0.8548D-03  0.393068155034715E+01 -0.305011695955061E-16    0.254408806002532E+00  0.197415283814790E-17
  0.00000000  0.00000000  0.02000000    0.9011D-03  0.393068221923018E+01 -0.305011790363348E-16    0.254408762709861E+00  0.197415277731244E-17
  0.00000000  0.00000000  0.02000000    0.9488D-03  0.393068294541498E+01 -0.305011892859380E-16    0.254408715708416E+00  0.197415271126518E-17
  0.00000000  0.00000000  0.02000000    0.9980D-03  0.393068373293043E+01 -0.305012004011818E-16    0.254408664737438E+00  0.197415263963976E-17
  0.00000000  0.00000000  0.02000000    0.1049D-02  0.393068458606941E+01 -0.305012124426528E-16    0.254408609519080E+00  0.197415256204542E-17
  0.00000000  0.00000000  0.02000000    0.1101D-02  0.393068550940541E+01 -0.305012254749066E-16    0.254408549757335E+00  0.197415247806642E-17
  0.00000000  0.00000000  0.02000000    0.1155D-02  0.393068650781054E+01 -0.305012395667069E-16    0.254408485136866E+00  0.197415238725941E-17
  0.00000000  0.00000000  0.02000000    0.1210D-02  0.393068758647437E+01 -0.305012547912964E-16    0.254408415321796E+00  0.197415228915209E-17
  0.00000000  0.00000000  0.02000000    0.1267D-02  0.393068875092401E+01 -0.305012712266923E-16    0.254408339954397E+00  0.197415218324205E-17
  0.00000000  0.00000000  0.02000000    0.1326D-02  0.393069000704564E+01 -0.305012889559699E-16    0.254408258653705E+00  0.197415206899364E-17
  0.00000000  0.00000000  0.02000000    0.1387D-02  0.393069136110712E+01 -0.305013080675957E-16    0.254408171014053E+00  0.197415194583672E-17
  0.00000000  0.00000000  0.02000000    0.1450D-02  0.393069281978222E+01 -0.305013286557628E-16    0.254408076603505E+00  0.197415181316405E-17
  0.00000000  0.00000000  0.02000000    0.1514D-02  0.393069439017618E+01 -0.305013508207552E-16    0.254407974962200E+00  0.197415167032922E-17
  0.00000000  0.00000000  0.02000000    0.1580D-02  0.393069607985308E+01 -0.305013746693344E-16    0.254407865600583E+00  0.197415151664412E-17
  0.00000000  0.00000000  0.02000000    0.1649D-02  0.393069789686471E+01 -0.305014003151453E-16    0.254407747997536E+00  0.197415135137630E-17
  0.00000000  0.00000000  0.02000000    0.1719D-02  0.393069984978148E+01 -0.305014278791421E-16    0.254407621598376E+00  0.197415117374540E-17
  0.00000000  0.00000000  0.02000000    0.1792D-02  0.393070194772495E+01 -0.305014574900807E-16    0.254407485812754E+00  0.197415098292235E-17
  0.00000000  0.00000000  0.02000000    0.1867D-02  0.393070420040275E+01 -0.305014892849645E-16    0.254407340012392E+00  0.197415077802325E-17
  0.00000000  0.00000000  0.02000000    0.1944D-02  0.393070661814539E+01 -0.305015234096010E-16    0.254407183528703E+00  0.197415055810822E-17
  0.00000000  0.00000000  0.02000000    0.2024D-02  0.393070921194543E+01 -0.305015600191389E-16    0.254407015650254E+00  0.197415032217702E-17
  0.00000000  0.00000000  0.02000000    0.2106D-02  0.393071199349932E+01 -0.305015992786594E-16    0.254406835620065E+00  0.197415006916515E-17
  0.00000000  0.00000000  0.02000000    0.2190D-02  0.393071497525154E+01 -0.305016413638043E-16    0.254406642632746E+00  0.197414979794025E-17
  0.00000000  0.00000000  0.02000000    0.2277D-02  0.393071817044161E+01 -0.305016864614313E-16    0.254406435831458E+00  0.197414950729719E-17
  0.00000000  0.00000000  0.02000000    0.2367D-02  0.393072159315413E+01 -0.305017347703308E-16    0.254406214304679E+00  0.197414919595425E-17
  0.00000000  0.00000000  0.02000000    0.2459D-02  0.393072525837188E+01 -0.305017865019637E-16    0.254405977082765E+00  0.197414886254760E-17
  0.00000000  0.00000000  0.02000000    0.2554D-02  0.393072918203210E+01 -0.305018418812655E-16    0.254405723134307E+00  0.197414850562663E-17
  0.00000000  0.00000000  0.02000000    0.2652D-02  0.393073338108651E+01 -0.305019011474859E-16    0.254405451362256E+00  0.197414812364815E-17
  0.00000000  0.00000000  0.02000000    0.2753D-02  0.393073787356489E+01 -0.305019645550940E-16    0.254405160599802E+00  0.197414771497102E-17
  0.00000000  0.00000000  0.02000000    0.2858D-02  0.393074267864272E+01 -0.305020323747173E-16    0.254404849606003E+00  0.197414727784899E-17
  0.00000000  0.00000000  0.02000000    0.2965D-02  0.393074781671300E+01 -0.305021048941800E-16    0.254404517061140E+00  0.197414681042579E-17
  0.00000000  0.00000000  0.02000000    0.3075D-02  0.393075330946256E+01 -0.305021824195557E-16    0.254404161561777E+00  0.197414631072648E-17
  0.00000000  0.00000000  0.02000000    0.3189D-02  0.393075917995310E+01 -0.305022652763201E-16    0.254403781615523E+00  0.197414577665077E-17
  0.00000000  0.00000000  0.02000000    0.3307D-02  0.393076545270730E+01 -0.305023538105734E-16    0.254403375635464E+00  0.197414520596555E-17
  0.00000000  0.00000000  0.02000000    0.3428D-02  0.393077215380039E+01 -0.305024483903207E-16    0.254402941934238E+00  0.197414459629575E-17
  0.00000000  0.00000000  0.02000000    0.3553D-02  0.393077931095719E+01 -0.305025494068485E-16    0.254402478717761E+00  0.197414394511596E-17
  0.00000000  0.00000000  0.02000000    0.3681D-02  0.393078695365540E+01 -0.305026572761777E-16    0.254401984078547E+00  0.197414324974068E-17
  0.00000000  0.00000000  0.02000000    0.3813D-02  0.393079511323535E+01 -0.305027724406134E-16    0.254401455988614E+00  0.197414250731434E-17
  0.00000000  0.00000000  0.02000000    0.3950D-02  0.393080382301633E+01 -0.305028953703890E-16    0.254400892291959E+00  0.197414171480086E-17
  0.00000000  0.00000000  0.02000000    0.4090D-02  0.393081311842055E+01 -0.305030265654131E-16    0.254400290696550E+00  0.197414086897210E-17
  0.00000000  0.00000000  0.02000000    0.4235D-02  0.393082303710450E+01 -0.305031665571167E-16    0.254399648765826E+00  0.197413996639546E-17
  0.00000000  0.00000000  0.02000000    0.4385D-02  0.393083361909856E+01 -0.305033159104376E-16    0.254398963909677E+00  0.197413900342199E-17
  0.00000000  0.00000000  0.02000000    0.4538D-02  0.393084490695556E+01 -0.305034752258997E-16    0.254398233374845E+00  0.197413797617174E-17
  0.00000000  0.00000000  0.02000000    0.4697D-02  0.393085694590819E+01 -0.305036451418373E-16    0.254397454234743E+00  0.197413688051945E-17
  0.00000000  0.00000000  0.02000000    0.4860D-02  0.393086978403660E+01 -0.305038263367784E-16    0.254396623378631E+00  0.197413571208044E-17
  0.00000000  0.00000000  0.02000000    0.5029D-02  0.393088347244624E+01 -0.305040195319179E-16    0.254395737500121E+00  0.197413446619194E-17
  0.00000000  0.00000000  0.02000000    0.5202D-02  0.393089806545679E+01 -0.305042254938126E-16    0.254394793084973E+00  0.197413313789760E-17
  0.00000000  0.00000000  0.02000000    0.5381D-02  0.393091362080298E+01 -0.305044450372017E-16    0.254393786398117E+00  0.197413172192825E-17
  0.00000000  0.00000000  0.02000000    0.5565D-02  0.393093019984781E+01 -0.305046790280142E-16    0.254392713469885E+00  0.197413021268220E-17
  0.00000000  0.00000000  0.02000000    0.5755D-02  0.393094786780923E+01 -0.305049283865613E-16    0.254391570081369E+00  0.197412860420403E-17
  0.00000000  0.00000000  0.02000000    0.5950D-02  0.393096669400075E+01 -0.305051940909442E-16    0.254390351748885E+00  0.197412689016332E-17
  0.00000000  0.00000000  0.02000000    0.6152D-02  0.393098675208725E+01 -0.305054771806462E-16    0.254389053707450E+00  0.197412506382992E-17
  0.00000000  0.00000000  0.02000000    0.6360D-02  0.393100812035674E+01 -0.305057787603678E-16    0.254387670893249E+00  0.197412311804903E-17
  0.00000000  0.00000000  0.02000000    0.6574D-02  0.393103088200889E+01 -0.305061000040976E-16    0.254386197925000E+00  0.197412104521458E-17
  0.00000000  0.00000000  0.02000000    0.6794D-02  0.393105512546189E+01 -0.305064421594416E-16    0.254384629084158E+00  0.197411883724094E-17
  0.00000000  0.00000000  0.02000000    0.7021D-02  0.393108094467825E+01 -0.305068065522076E-16    0.254382958293892E+00  0.197411648553200E-17
  0.00000000  0.00000000  0.02000000    0.7255D-02  0.393110843951101E+01 -0.305071945912949E-16    0.254381179096751E+00  0.197411398094959E-17
  0.00000000  0.00000000  0.02000000    0.7497D-02  0.393113771607177E+01 -0.305076077738705E-16    0.254379284630929E+00  0.197411131377837E-17
  0.00000000  0.00000000  0.02000000    0.7745D-02  0.393116888712143E+01 -0.305080476908858E-16    0.254377267605067E+00  0.197410847368992E-17
  0.00000000  0.00000000  0.02000000    0.8001D-02  0.393120207248567E+01 -0.305085160329264E-16    0.254375120271471E+00  0.197410544970353E-17
  0.00000000  0.00000000  0.02000000    0.8265D-02  0.393123739949633E+01 -0.305090145964332E-16    0.254372834397668E+00  0.197410223014485E-17
  0.00000000  0.00000000  0.02000000    0.8537D-02  0.393127500346042E+01 -0.305095452903132E-16    0.254370401236182E+00  0.197409880260201E-17
  0.00000000  0.00000000  0.02000000    0.8818D-02  0.393131502815858E+01 -0.305101101429541E-16    0.254367811492431E+00  0.197409515387817E-17
  0.00000000  0.00000000  0.02000000    0.9107D-02  0.393135762637478E+01 -0.305107113096916E-16    0.254365055290614E+00  0.197409126994183E-17
  0.00000000  0.00000000  0.02000000    0.9404D-02  0.393140296045938E+01 -0.305113510807450E-16    0.254362122137475E+00  0.197408713587400E-17
  0.00000000  0.00000000  0.02000000    0.9711D-02  0.393145120292728E+01 -0.305120318896194E-16    0.254359000883801E+00  0.197408273581001E-17
  0.00000000  0.00000000  0.02000000    0.1003D-01  0.393150253709407E+01 -0.305127563220883E-16    0.254355679683508E+00  0.197407805288066E-17
  0.00000000  0.00000000  0.02000000    0.1035D-01  0.393155715775180E+01 -0.305135271256985E-16    0.254352145950190E+00  0.197407306914720E-17
  0.00000000  0.00000000  0.02000000    0.1069D-01  0.393161527188766E+01 -0.305143472198719E-16    0.254348386310921E+00  0.197406776553169E-17
  0.00000000  0.00000000  0.02000000    0.1103D-01  0.393167709944772E+01 -0.305152197066768E-16    0.254344386557195E+00  0.197406212174519E-17
  0.00000000  0.00000000  0.02000000    0.1139D-01  0.393174287414893E+01 -0.305161478822338E-16    0.254340131592776E+00  0.197405611620826E-17
  0.00000000  0.00000000  0.02000000    0.1176D-01  0.393181284434251E+01 -0.305171352488761E-16    0.254335605378293E+00  0.197404972596859E-17
  0.00000000  0.00000000  0.02000000    0.1214D-01  0.393188727393168E+01 -0.305181855280490E-16    0.254330790872357E+00  0.197404292661134E-17
  0.00000000  0.00000000  0.02000000    0.1253D-01  0.393196644334785E+01 -0.305193026740358E-16    0.254325669968983E+00  0.197403569216414E-17
  0.00000000  0.00000000  0.02000000    0.1293D-01  0.393205065058835E+01 -0.305204908885581E-16    0.254320223431092E+00  0.197402799499627E-17
  0.00000000  0.00000000  0.02000000    0.1334D-01  0.393214021232026E+01 -0.305217546362733E-16    0.254314430819832E+00  0.197401980570936E-17
  0.00000000  0.00000000  0.02000000    0.1377D-01  0.393223546505435E+01 -0.305230986612862E-16    0.254308270419452E+00  0.197401109302255E-17
  0.00000000  0.00000000  0.02000000    0.1421D-01  0.393233676639366E+01 -0.305245280046777E-16    0.254301719157461E+00  0.197400182364811E-17
  0.00000000  0.00000000  0.02000000    0.1466D-01  0.393244449636195E+01 -0.305260480231632E-16    0.254294752519746E+00  0.197399196215933E-17
  0.00000000  0.00000000  0.02000000    0.1513D-01  0.393255905881674E+01 -0.305276644089333E-16    0.254287344460350E+00  0.197398147084920E-17
  0.00000000  0.00000000  0.02000000    0.1561D-01  0.393268088295297E+01 -0.305293832107471E-16    0.254279467305550E+00  0.197397030957841E-17
  0.00000000  0.00000000  0.02000000    0.1610D-01  0.393281042490306E+01 -0.305312108563897E-16    0.254271091651882E+00  0.197395843561398E-17
  0.00000000  0.00000000  0.02000000    0.1662D-01  0.393294816943972E+01 -0.305331541765454E-16    0.254262186257709E+00  0.197394580345515E-17
  0.00000000  0.00000000  0.02000000    0.1714D-01  0.393309463178859E+01 -0.305352204302072E-16    0.254252717927930E+00  0.197393236464745E-17
  0.00000000  0.00000000  0.02000000    0.1768D-01  0.393325035955770E+01 -0.305374173317064E-16    0.254242651391368E+00  0.197391806758286E-17
  0.00000000  0.00000000  0.02000000    0.1824D-01  0.393341593479187E+01 -0.305397530795073E-16    0.254231949170388E+00  0.197390285728741E-17
  0.00000000  0.00000000  0.02000000    0.1882D-01  0.393359197616051E+01 -0.305422363867946E-16    0.254220571442205E+00  0.197388667518906E-17
  0.00000000  0.00000000  0.02000000    0.1941D-01  0.393377914128766E+01 -0.305448765141152E-16    0.254208475891370E+00  0.197386945887401E-17
  0.00000000  0.00000000  0.02000000    0.2002D-01  0.393397812923406E+01 -0.305476833040539E-16    0.254195617552836E+00  0.197385114181972E-17
  0.00000000  0.00000000  0.02000000    0.2065D-01  0.393418968314178E+01 -0.305506672182125E-16    0.254181948644992E+00  0.197383165311149E-17
  0.00000000  0.00000000  0.02000000    0.2130D-01  0.393441459305249E+01 -0.305538393765617E-16    0.254167418392010E+00  0.197381091713565E-17
  0.00000000  0.00000000  0.02000000    0.2197D-01  0.393465369891146E+01 -0.305572115993747E-16    0.254151972834777E+00  0.197378885325013E-17
  0.00000000  0.00000000  0.02000000    0.2266D-01  0.393490789377025E+01 -0.305607964518915E-16    0.254135554629678E+00  0.197376537542904E-17
  0.00000000  0.00000000  0.02000000    0.2337D-01  0.393517812720208E+01 -0.305646072919326E-16    0.254118102834395E+00  0.197374039188071E-17
  0.00000000  0.00000000  0.02000000    0.2410D-01  0.393546540894483E+01 -0.305686583206163E-16    0.254099552679874E+00  0.197371380463362E-17
  0.00000000  0.00000000  0.02000000    0.2486D-01  0.393577081278812E+01 -0.305729646364634E-16    0.254079835327503E+00  0.197368550909176E-17
  0.00000000  0.00000000  0.02000000    0.2564D-01  0.393609548072168E+01 -0.305775422930581E-16    0.254058877610523E+00  0.197365539355216E-17
  0.00000000  0.00000000  0.02000000    0.2644D-01  0.393644062736421E+01 -0.305824083605620E-16    0.254036601758576E+00  0.197362333868409E-17
  0.00000000  0.00000000  0.02000000    0.2726D-01  0.393680754469294E+01 -0.305875809913543E-16    0.254012925104266E+00  0.197358921696630E-17
  0.00000000  0.00000000  0.02000000    0.2811D-01  0.393719760709644E+01 -0.305930794900461E-16    0.253987759770450E+00  0.197355289207504E-17
  0.00000000  0.00000000  0.02000000    0.2899D-01  0.393761227677400E+01 -0.305989243882523E-16    0.253961012336968E+00  0.197351421822299E-17
  0.00000000  0.00000000  0.02000000    0.2989D-01  0.393805310950838E+01 -0.306051375244049E-16    0.253932583485355E+00  0.197347303943976E-17
  0.00000000  0.00000000  0.02000000    0.3082D-01  0.393852176083952E+01 -0.306117421290353E-16    0.253902367619988E+00  0.197342918879236E-17
  0.00000000  0.00000000  0.02000000    0.3178D-01  0.393901999267024E+01 -0.306187629158681E-16    0.253870252464016E+00  0.197338248753541E-17
  0.00000000  0.00000000  0.02000000    0.3277D-01  0.393954968033718E+01 -0.306262261792158E-16    0.253836118628262E+00  0.197333274418766E-17
  0.00000000  0.00000000  0.02000000    0.3379D-01  0.394011282018338E+01 -0.306341598981021E-16    0.253799839151169E+00  0.197327975352433E-17
  0.00000000  0.00000000  0.02000000    0.3484D-01  0.394071153767213E+01 -0.306425938476703E-16    0.253761279007680E+00  0.197322329547904E-17
  0.00000000  0.00000000  0.02000000    0.3592D-01  0.394134809608524E+01 -0.306515597184016E-16    0.253720294584803E+00  0.197316313394419E-17
  0.00000000  0.00000000  0.02000000    0.3703D-01  0.394202490585321E+01 -0.306610912437472E-16    0.253676733121391E+00  0.197309901545820E-17
  0.00000000  0.00000000  0.02000000    0.3818D-01  0.394274453456891E+01 -0.306712243368746E-16    0.253630432109479E+00  0.197303066777032E-17
  0.00000000  0.00000000  0.02000000    0.3936D-01  0.394350971774160E+01 -0.306819972371984E-16    0.253581218654303E+00  0.197295779826617E-17
  0.00000000  0.00000000  0.02000000    0.4058D-01  0.394432337035348E+01 -0.306934506675115E-16    0.253528908789844E+00  0.197288009224044E-17
  0.00000000  0.00000000  0.02000000    0.4184D-01  0.394518859928725E+01 -0.307056280025733E-16    0.253473306746517E+00  0.197279721099945E-17
  0.00000000  0.00000000  0.02000000    0.4313D-01  0.394610871669998E+01 -0.307185754500867E-16    0.253414204167257E+00  0.197270878977342E-17
  0.00000000  0.00000000  0.02000000    0.4447D-01  0.394708725442644E+01 -0.307323422450894E-16    0.253351379267979E+00  0.197261443541622E-17
  0.00000000  0.00000000  0.02000000    0.4584D-01  0.394812797950343E+01 -0.307469808589065E-16    0.253284595937990E+00  0.197251372386889E-17
  0.00000000  0.00000000  0.02000000    0.4726D-01  0.394923491091655E+01 -0.307625472238912E-16    0.253213602775510E+00  0.197240619735772E-17
  0.00000000  0.00000000  0.02000000    0.4872D-01  0.395041233768201E+01 -0.307791009753149E-16    0.253138132053013E+00  0.197229136129472E-17
  0.00000000  0.00000000  0.02000000    0.5022D-01  0.395166483838770E+01 -0.307967057119258E-16    0.253057898606605E+00  0.197216868084534E-17
  0.00000000  0.00000000  0.02000000    0.5177D-01  0.395299730233259E+01 -0.308154292768219E-16    0.252972598643039E+00  0.197203757712116E-17
  0.00000000  0.00000000  0.02000000    0.5337D-01  0.395441495241850E+01 -0.308353440604604E-16    0.252881908457383E+00  0.197189742295006E-17
  0.00000000  0.00000000  0.02000000    0.5501D-01  0.395592336996661E+01 -0.308565273278523E-16    0.252785483053591E+00  0.197174753817168E-17
  0.00000000  0.00000000  0.02000000    0.5671D-01  0.395752852165120E+01 -0.308790615721625E-16    0.252682954659482E+00  0.197158718439523E-17
  0.00000000  0.00000000  0.02000000    0.5846D-01  0.395923678876647E+01 -0.309030348972110E-16    0.252573931126649E+00  0.197141555914982E-17
  0.00000000  0.00000000  0.02000000    0.6026D-01  0.396105499906821E+01 -0.309285414316572E-16    0.252457994204887E+00  0.197123178934796E-17
  0.00000000  0.00000000  0.02000000    0.6211D-01  0.396299046146315E+01 -0.309556817779111E-16    0.252334697679488E+00  0.197103492396692E-17
  0.00000000  0.00000000  0.02000000    0.6403D-01  0.396505100385232E+01 -0.309845634992450E-16    0.252203565358537E+00  0.197082392584492E-17
  0.00000000  0.00000000  0.02000000    0.6600D-01  0.396724501447613E+01 -0.310153016488827E-16    0.252064088895717E+00  0.197059766246471E-17
  0.00000000  0.00000000  0.02000000    0.6803D-01  0.396958148715306E+01 -0.310480193454250E-16    0.251915725432605E+00  0.197035489558819E-17
  0.00000000  0.00000000  0.02000000    0.7012D-01  0.397207007085854E+01 -0.310828483993237E-16    0.251757895042334E+00  0.197009426957121E-17
  0.00000000  0.00000000  0.02000000    0.7227D-01  0.397472112415096E+01 -0.311199299958832E-16    0.251589977954393E+00  0.196981429817393E-17
  0.00000000  0.00000000  0.02000000    0.7450D-01  0.397754577502391E+01 -0.311594154407876E-16    0.251411311537701E+00  0.196951334964068E-17
  0.00000000  0.00000000  0.02000000    0.7678D-01  0.398055598684681E+01 -0.312014669749816E-16    0.251221187016175E+00  0.196918962979091E-17
  0.00000000  0.00000000  0.02000000    0.7914D-01  0.398376463115339E+01 -0.312462586666578E-16    0.251018845887609E+00  0.196884116282224E-17
  0.00000000  0.00000000  0.02000000    0.8157D-01  0.398718556815195E+01 -0.312939773890034E-16    0.250803476012655E+00  0.196846576946789E-17
  0.00000000  0.00000000  0.02000000    0.8408D-01  0.399083373596545E+01 -0.313448238935843E-16    0.250574207336173E+00  0.196806104209368E-17
  0.00000000  0.00000000  0.02000000    0.8666D-01  0.399472524976830E+01 -0.313990139905945E-16    0.250330107197735E+00  0.196762431624669E-17
  0.00000000  0.00000000  0.02000000    0.8932D-01  0.399887751217462E+01 -0.314567798486811E-16    0.250070175181783E+00  0.196715263807534E-17
  0.00000000  0.00000000  0.02000000    0.9206D-01  0.400330933645662E+01 -0.315183714288199E-16    0.249793337450439E+00  0.196664272693352E-17
  0.00000000  0.00000000  0.02000000    0.9488D-01  0.400804108443813E+01 -0.315840580689180E-16    0.249498440493203E+00  0.196609093236041E-17
  0.00000000  0.00000000  0.02000000    0.9779D-01  0.401309482122937E+01 -0.316541302379811E-16    0.249184244217200E+00  0.196549318445654E-17
  0.00000000  0.00000000  0.02000000    0.1008D+00  0.401849448935387E+01 -0.317289014816970E-16    0.248849414289178E+00  0.196484493649981E-17
  0.00000000  0.00000000  0.02000000    0.1039D+00  0.402426610528556E+01 -0.318087105843656E-16    0.248492513625423E+00  0.196414109840077E-17
  0.00000000  0.00000000  0.02000000    0.1071D+00  0.403043798198092E+01 -0.318939239760190E-16    0.248111992907657E+00  0.196337595931598E-17
  0.00000000  0.00000000  0.02000000    0.1103D+00  0.403704098168450E+01 -0.319849384179365E-16    0.247706179981046E+00  0.196254309737776E-17
  0.00000000  0.00000000  0.02000000    0.1137D+00  0.404410880413731E+01 -0.320821840050331E-16    0.247273267963749E+00  0.196163527406161E-17
  0.00000000  0.00000000  0.02000000    0.1172D+00  0.405167831637024E+01 -0.321861275297467E-16    0.246811301864622E+00  0.196064431016187E-17
  0.00000000  0.00000000  0.02000000    0.1208D+00  0.405978993157271E+01 -0.322972762592773E-16    0.246318163465323E+00  0.195956093965570E-17
  0.00000000  0.00000000  0.02000000    0.1245D+00  0.406848804616267E+01 -0.324161821865858E-16    0.245791554172854E+00  0.195837463686448E-17
  0.00000000  0.00000000  0.02000000    0.1283D+00  0.407782154624707E+01 -0.325434468257884E-16    0.245228975485778E+00  0.195707341122094E-17
  0.00000000  0.00000000  0.02000000    0.1322D+00  0.408784439727648E+01 -0.326797266344993E-16    0.244627706638307E+00  0.195564356253154E-17
  0.00000000  0.00000000  0.02000000    0.1363D+00  0.409861633404497E+01 -0.328257391601127E-16    0.243984778885876E+00  0.195406938781249E-17
  0.00000000  0.00000000  0.02000000    0.1405D+00  0.411020367249926E+01 -0.329822700239900E-16    0.243296945767151E+00  0.195233282841793E-17
  0.00000000  0.00000000  0.02000000    0.1448D+00  0.412268027043634E+01 -0.331501808778821E-16    0.242560648510868E+00  0.195041304310039E-17
  0.00000000  0.00000000  0.02000000    0.1492D+00  0.413612867154297E+01 -0.333304184911744E-16    0.241771975538409E+00  0.194828588858359E-17
  0.00000000  0.00000000  0.02000000    0.1537D+00  0.415064147702010E+01 -0.335240251565739E-16    0.240926614726054E+00  0.194592328383011E-17
  0.00000000  0.00000000  0.02000000    0.1585D+00  0.416632300217650E+01 -0.337321506364698E-16    0.240019796707456E+00  0.194329242692926E-17
  0.00000000  0.00000000  0.02000000    0.1633D+00  0.418329129323214E+01 -0.339560659136761E-16    0.239046226978702E+00  0.194035482368546E-17
  0.00000000  0.00000000  0.02000000    0.1683D+00  0.420168060415744E+01 -0.341971790596922E-16    0.238000003858106E+00  0.193706507345891E-17
  0.00000000  0.00000000  0.02000000    0.1734D+00  0.422164446772188E+01 -0.344570535927034E-16    0.236874518365027E+00  0.193336933899930E-17
  0.00000000  0.00000000  0.02000000    0.1787D+00  0.424335954367480E+01 -0.347374297681091E-16    0.235662330685744E+00  0.192920340049608E-17
  0.00000000  0.00000000  0.02000000    0.1842D+00  0.426703049739562E+01 -0.350402493288025E-16    0.234355015885251E+00  0.192449015611367E-17
  0.00000000  0.00000000  0.02000000    0.1898D+00  0.429289626605197E+01 -0.353676843448105E-16    0.232942968575308E+00  0.191913637607913E-17
  0.00000000  0.00000000  0.02000000    0.1956D+00  0.432123822536127E+01 -0.357221708987220E-16    0.231415151826395E+00  0.191302843559499E-17
  0.00000000  0.00000000  0.02000000    0.2016D+00  0.435239101066447E+01 -0.361064485399180E-16    0.229758768812302E+00  0.190602662821184E-17
  0.00000000  0.00000000  0.02000000    0.2078D+00  0.438675712730251E+01 -0.365236066718274E-16    0.227958824931554E+00  0.189795747007579E-17
  0.00000000  0.00000000  0.02000000    0.2141D+00  0.442482710862709E+01 -0.369771394416119E-16    0.225997530626744E+00  0.188860310206289E-17
  0.00000000  0.00000000  0.02000000    0.2207D+00  0.446720803629844E+01 -0.374710115039329E-16    0.223853465492198E+00  0.187768640110250E-17
  0.00000000  0.00000000  0.02000000    0.2274D+00  0.451466510396615E+01 -0.380097388586677E-16    0.221500372003562E+00  0.186484957423683E-17
  0.00000000  0.00000000  0.02000000    0.2343D+00  0.456818437005963E+01 -0.385984935791780E-16    0.218905350351905E+00  0.184962253611831E-17
  0.00000000  0.00000000  0.02000000    0.2415D+00  0.462907166932100E+01 -0.392432538281964E-16    0.216026035333923E+00  0.183137465645494E-17
  0.00000000  0.00000000  0.02000000    0.2489D+00  0.469911710767070E+01 -0.399510573159670E-16    0.212805932920384E+00  0.180923816718719E-17
  0.00000000  0.00000000  0.02000000    0.2565D+00  0.478088813866393E+01 -0.407305327260189E-16    0.209166157206820E+00  0.178198041121055E-17
  0.00000000  0.00000000  0.02000000    0.2643D+00  0.487830228539839E+01 -0.415932938640403E-16    0.204989347009753E+00  0.174777651124547E-17
  0.00000000  0.00000000  0.02000000    0.2724D+00  0.499790492684517E+01 -0.425584782602814E-16    0.200083838055565E+00  0.170376663757318E-17
  0.00000000  0.00000000  0.02000000    0.2807D+00  0.515240677041359E+01 -0.436719651114549E-16    0.194084055191887E+00  0.164506267938729E-17
  0.00000000  0.00000000  0.02000000    0.2893D+00  0.537919598286573E+01 -0.451852687837321E-16    0.185901388085745E+00  0.156157243846100E-17
  0.00000000  0.00000000  0.02000000    0.2981D+00  0.579552703914074E+01  0.501717181282082E-01    0.172533931028240E+00 -0.149362149406588E-02
  0.00000000  0.00000000  0.02000000    0.3072D+00  0.604483177557586E+01  0.683233870868106E+00    0.163343813076273E+00 -0.184623873473843E-01
  0.00000000  0.00000000  0.02000000    0.3166D+00  0.595333241569654E+01  0.105657883696707E+01    0.162843886706349E+00 -0.289010242347202E-01
  0.00000000  0.00000000  0.02000000    0.3262D+00  0.583476598037872E+01  0.130374458578775E+01    0.163236519476751E+00 -0.364742526412066E-01
  0.00000000  0.00000000  0.02000000    0.3362D+00  0.572686346082005E+01  0.148001384899034E+01    0.163683567902926E+00 -0.423013310873997E-01
  0.00000000  0.00000000  0.02000000    0.3464D+00  0.565796417335617E+01  0.159837139539404E+01    0.163679432230349E+00 -0.462393388284994E-01
  0.00000000  0.00000000  0.02000000    0.3570D+00  0.568303728090871E+01  0.170375753136243E+01    0.161451287466547E+00 -0.484026117325254E-01
  0.00000000  0.00000000  0.02000000    0.3679D+00  0.567368094761552E+01  0.200801502668514E+01    0.156632952309276E+00 -0.554351442767091E-01
  0.00000000  0.00000000  0.02000000    0.3791D+00  0.555629584278359E+01  0.222756260119386E+01    0.155054549572351E+00 -0.621625855687508E-01
  0.00000000  0.00000000  0.02000000    0.3907D+00  0.542367667291916E+01  0.241145834171709E+01    0.153944398322034E+00 -0.684462820853372E-01
  0.00000000  0.00000000  0.02000000    0.4026D+00  0.530922888706328E+01  0.254531497735710E+01    0.153151394157072E+00 -0.734228163153724E-01
  0.00000000  0.00000000  0.02000000    0.4149D+00  0.522277053305490E+01  0.271306255865312E+01    0.150781350776681E+00 -0.783260981401145E-01
  0.00000000  0.00000000  0.02000000    0.4276D+00  0.503669006145811E+01  0.296615405067150E+01    0.147416829164525E+00 -0.868151543231786E-01
  0.00000000  0.00000000  0.02000000    0.4406D+00  0.490061722036920E+01  0.296171669937535E+01    0.149464587016568E+00 -0.903297979471368E-01
  0.00000000  0.00000000  0.02000000    0.4540D+00  0.475444946149692E+01  0.327110162703001E+01    0.142755273209514E+00 -0.982168409285668E-01
  0.00000000  0.00000000  0.02000000    0.4679D+00  0.440760861419690E+01  0.339029424685147E+01    0.142543679338974E+00 -0.109643359537725E+00
  0.00000000  0.00000000  0.02000000    0.4822D+00  0.418667693415913E+01  0.322637900105820E+01    0.149857152339230E+00 -0.115484422865501E+00
  0.00000000  0.00000000  0.02000000    0.4969D+00  0.412159953348039E+01  0.321199723112092E+01    0.150949410754189E+00 -0.117636147190741E+00
  0.00000000  0.00000000  0.02000000    0.5120D+00  0.407517975260390E+01  0.320725194104462E+01    0.151529976165437E+00 -0.119257269540689E+00
  0.00000000  0.00000000  0.02000000    0.5276D+00  0.406039721510201E+01  0.324964359054236E+01    0.150123705493890E+00 -0.120147983436747E+00
  0.00000000  0.00000000  0.02000000    0.5437D+00  0.404029783793797E+01  0.333136193576309E+01    0.147337938042460E+00 -0.121485102875232E+00
  0.00000000  0.00000000  0.02000000    0.5603D+00  0.411458314554983E+01  0.333752684832944E+01    0.146588790024735E+00 -0.118904881749886E+00
  0.00000000  0.00000000  0.02000000    0.5774D+00  0.443926264613339E+01  0.350408029616333E+01    0.138789275970553E+00 -0.109551699463149E+00
  0.00000000  0.00000000  0.02000000    0.5950D+00  0.458918963295351E+01  0.440673048280186E+01    0.113369491056637E+00 -0.108862093749979E+00
  0.00000000  0.00000000  0.02000000    0.6131D+00  0.393061441483407E+01  0.549403730092851E+01    0.861331308858265E-01 -0.120393043933938E+00
  0.00000000  0.00000000  0.02000000    0.6318D+00  0.272066967418264E+01  0.576512710578568E+01    0.669476975517422E-01 -0.141862861738790E+00
  0.00000000  0.00000000  0.02000000    0.6511D+00  0.175001459170021E+01  0.516392403917817E+01    0.588662402335453E-01 -0.173701861961455E+00
  0.00000000  0.00000000  0.02000000    0.6709D+00  0.201010317383355E+01  0.398825330716982E+01    0.100773825683420E+00 -0.199945728552606E+00
  0.00000000  0.00000000  0.02000000    0.6914D+00  0.280802896549000E+01  0.482287435969669E+01    0.901594478769353E-01 -0.154851568411155E+00
  0.00000000  0.00000000  0.02000000    0.7125D+00  0.164401736398551E+01  0.702039184143522E+01    0.316225935938650E-01 -0.135036893730368E+00
  0.00000000  0.00000000  0.02000000    0.7342D+00 -0.814275147512891E+00  0.655860787496262E+01   -0.186425211689147E-01 -0.150156843815088E+00
  0.00000000  0.00000000  0.02000000    0.7565D+00 -0.206170832069443E+01  0.453598028104740E+01   -0.830471438163981E-01 -0.182712657735023E+00
  0.00000000  0.00000000  0.02000000    0.7796D+00 -0.187016312838451E+01  0.290105105715733E+01   -0.156977065921465E+00 -0.243507358330985E+00
  0.00000000  0.00000000  0.02000000    0.8034D+00 -0.147834737049635E+01  0.243746354852306E+01   -0.181911499786348E+00 -0.299931300745313E+00
  0.00000000  0.00000000  0.02000000    0.8279D+00 -0.142905795446907E+01  0.187481391135206E+01   -0.257157375683346E+00 -0.337370660042297E+00
  0.00000000  0.00000000  0.02000000    0.8531D+00 -0.121455751389683E+01  0.107830413080739E+01   -0.460427700770638E+00 -0.408775283177985E+00
  0.00000000  0.00000000  0.02000000    0.8791D+00 -0.624197169979663E+00  0.441829456356238E+00   -0.106730405873679E+01 -0.755476626165813E+00
  0.00000000  0.00000000  0.02000000    0.9059D+00 -0.158044718005670E-01  0.380218384726576E+00   -0.109134995258537E+00 -0.262553106095294E+01
  0.00000000  0.00000000  0.02000000    0.9335D+00  0.348236887826541E+00  0.393788461014426E+00    0.126018329858758E+01 -0.142502319281600E+01
  0.00000000  0.00000000  0.02000000    0.9619D+00  0.617009165487863E+00  0.376551225660220E+00    0.118089881944745E+01 -0.720684428556341E+00
  0.00000000  0.00000000  0.02000000    0.9913D+00  0.856125833063751E+00  0.371240340664937E+00    0.983181568600497E+00 -0.426335296011978E+00
  0.00000000  0.00000000  0.02000000    0.1021D+01  0.114332305669994E+01  0.326130219064785E+00    0.808831837750323E+00 -0.230717383758066E+00
  0.00000000  0.00000000  0.02000000    0.1053D+01  0.147632033441869E+01  0.447328271493797E+00    0.620400592980332E+00 -0.187982728694783E+00
  0.00000000  0.00000000  0.02000000    0.1085D+01  0.192812778191169E+01  0.650662761580714E+00    0.465614520353871E+00 -0.157125493697909E+00
  0.00000000  0.00000000  0.02000000    0.1118D+01  0.160590680643589E+01  0.187824757326898E+01    0.262972390234434E+00 -0.307569064291333E+00
  0.00000000  0.00000000  0.02000000    0.1152D+01  0.906716307096691E+00  0.135939551293134E+01    0.339582596778077E+00 -0.509119616264345E+00
  0.00000000  0.00000000  0.02000000    0.1187D+01  0.908101224193350E+00  0.100528471008130E+01    0.494811937525342E+00 -0.547765889867381E+00
  0.00000000  0.00000000  0.02000000    0.1223D+01  0.105997012641181E+01  0.889030799913296E+00    0.553823732290556E+00 -0.464509653112573E+00
  0.00000000  0.00000000  0.02000000    0.1260D+01  0.112430214099614E+01  0.952443323588700E+00    0.517824374805497E+00 -0.438670665643323E+00
  0.00000000  0.00000000  0.02000000    0.1299D+01  0.112920849146522E+01  0.898285342960382E+00    0.542359799345163E+00 -0.431447214615372E+00
  0.00000000  0.00000000  0.02000000    0.1338D+01  0.121956182722325E+01  0.865844014768390E+00    0.545173271905886E+00 -0.387052959476569E+00
  0.00000000  0.00000000  0.02000000    0.1379D+01  0.112220212616441E+01  0.110026092314059E+01    0.454349085105188E+00 -0.445465689424902E+00
  0.00000000  0.00000000  0.02000000    0.1421D+01  0.936744829886113E+00  0.853468945498435E+00    0.583314503700928E+00 -0.531458299511618E+00
  0.00000000  0.00000000  0.02000000    0.1464D+01  0.102296701727758E+01  0.575411137921670E+00    0.742593710244087E+00 -0.417703293076047E+00
  0.00000000  0.00000000  0.02000000    0.1509D+01  0.124255281405456E+01  0.469532575386218E+00    0.704235993290987E+00 -0.266114837027016E+00
  0.00000000  0.00000000  0.02000000    0.1555D+01  0.139947860251737E+01  0.508686606042609E+00    0.631162708607947E+00 -0.229416881061925E+00
  0.00000000  0.00000000  0.02000000    0.1602D+01  0.165329752082061E+01  0.365352655157432E+00    0.576689731423593E+00 -0.127439327721884E+00
  0.00000000  0.00000000  0.02000000    0.1651D+01  0.198614801088361E+01  0.606388501607605E+00    0.460557028490166E+00 -0.140612121997271E+00
  0.00000000  0.00000000  0.02000000    0.1701D+01  0.214717269750765E+01  0.939310840714088E+00    0.390917055999035E+00 -0.171012154237129E+00
  0.00000000  0.00000000  0.02000000    0.1753D+01  0.218227710798504E+01  0.129515911227916E+01    0.338874981220940E+00 -0.201118830530636E+00
  0.00000000  0.00000000  0.02000000    0.1807D+01  0.209573653012596E+01  0.167138422703476E+01    0.291656338519397E+00 -0.232600709539921E+00
  0.00000000  0.00000000  0.02000000    0.1862D+01  0.191278478899882E+01  0.199486784423604E+01    0.250422079737017E+00 -0.261168405994887E+00
  0.00000000  0.00000000  0.02000000    0.1919D+01  0.166838693859437E+01  0.232296866556193E+01    0.203966803836081E+00 -0.283991970426970E+00
  0.00000000  0.00000000  0.02000000    0.1977D+01  0.126670257689985E+01  0.275149036865456E+01    0.138056695316870E+00 -0.299882288407688E+00
  0.00000000  0.00000000  0.02000000    0.2037D+01  0.100523187904816E+00  0.335561306563336E+01    0.891934445105096E-02 -0.297740943165979E+00
  0.00000000  0.00000000  0.02000000    0.2099D+01 -0.886333811066195E+00  0.201544830143061E+01   -0.182838982031024E+00 -0.415760417992457E+00
  0.00000000  0.00000000  0.02000000    0.2163D+01 -0.813899884361424E+00  0.108580471176737E+01   -0.441999414183924E+00 -0.589661032936336E+00
  0.00000000  0.00000000  0.02000000    0.2229D+01 -0.435927245087004E+00  0.537950835243309E+00   -0.909273525038854E+00 -0.112207818568820E+01
  0.00000000  0.00000000  0.02000000    0.2297D+01 -0.577137352217061E-01  0.397680758498189E+00   -0.357402944815998E+00 -0.246271140895516E+01
  0.00000000  0.00000000  0.02000000    0.2367D+01  0.189721569325687E+00  0.379854889740192E+00    0.105234828169042E+01 -0.210698046579817E+01
  0.00000000  0.00000000  0.02000000    0.2439D+01  0.244700645858193E+00  0.498608049773896E+00    0.793224805558862E+00 -0.161629435813252E+01
  0.00000000  0.00000000  0.02000000    0.2513D+01  0.216437490631568E+00  0.368466198249703E+00    0.118522805996510E+01 -0.201774875526355E+01
  0.00000000  0.00000000  0.02000000    0.2590D+01  0.273298921493390E+00  0.246751692687943E+00    0.201579543727796E+01 -0.181998865397279E+01
  0.00000000  0.00000000  0.02000000    0.2669D+01  0.393666826869830E+00  0.122569474579589E+00    0.231573017127207E+01 -0.721010283283973E+00
  0.00000000  0.00000000  0.02000000    0.2750D+01  0.512882003647209E+00  0.125613551169993E+00    0.183942921561728E+01 -0.450507590939877E+00
  0.00000000  0.00000000  0.02000000    0.2834D+01  0.597208828459552E+00  0.958710812689234E-01    0.163238868772889E+01 -0.262050494041427E+00
  0.00000000  0.00000000  0.02000000    0.2920D+01  0.686162286415174E+00  0.103377402282595E+00    0.142503499089003E+01 -0.214696170915573E+00
  0.00000000  0.00000000  0.02000000    0.3009D+01  0.741860241427642E+00  0.140272608564354E+00    0.130143379789146E+01 -0.246078039379409E+00
  0.00000000  0.00000000  0.02000000    0.3101D+01  0.777105752144974E+00  0.152551755051743E+00    0.123907627402759E+01 -0.243240073470232E+00
  0.00000000  0.00000000  0.02000000    0.3195D+01  0.804820163146908E+00  0.182875153745644E+00    0.118151085033821E+01 -0.268468644675727E+00
  0.00000000  0.00000000  0.02000000    0.3293D+01  0.780673022542258E+00  0.225102260631635E+00    0.118262038987122E+01 -0.341001309821319E+00
  0.00000000  0.00000000  0.02000000    0.3393D+01  0.771295622002982E+00  0.151660990893587E+00    0.124825720610924E+01 -0.245446647651081E+00
  0.00000000  0.00000000  0.02000000    0.3496D+01  0.816386615359720E+00  0.132162891877121E+00    0.119362771962914E+01 -0.193233559055069E+00
  0.00000000  0.00000000  0.02000000    0.3603D+01  0.857123357014725E+00  0.133797640850017E+00    0.113894013164838E+01 -0.177789464534849E+00
  0.00000000  0.00000000  0.02000000    0.3713D+01  0.874734074224579E+00  0.158855368210701E+00    0.110670534930447E+01 -0.200982322450808E+00
  0.00000000  0.00000000  0.02000000    0.3826D+01  0.884029310713336E+00  0.150824224668536E+00    0.109918926894439E+01 -0.187532661240313E+00
  0.00000000  0.00000000  0.02000000    0.3942D+01  0.896759072740587E+00  0.161818864093143E+00    0.107996136514321E+01 -0.194877450013275E+00
  0.00000000  0.00000000  0.02000000    0.4062D+01  0.887995611719675E+00  0.168598059112086E+00    0.108694913861810E+01 -0.206372095431500E+00
  0.00000000  0.00000000  0.02000000    0.4186D+01  0.901538657140194E+00  0.122861474963082E+00    0.108898986717898E+01 -0.148407281531195E+00
  0.00000000  0.00000000  0.02000000    0.4313D+01  0.935872431603182E+00  0.130390595306172E+00    0.104817504229784E+01 -0.146037176793597E+00
  0.00000000  0.00000000  0.02000000    0.4445D+01  0.977847808568351E+00  0.121823974983005E+00    0.100702389123327E+01 -0.125458841609006E+00
  0.00000000  0.00000000  0.02000000    0.4580D+01  0.100038803237866E+01  0.191987787625018E+00    0.964103490470046E+00 -0.185024300757369E+00
  0.00000000  0.00000000  0.02000000    0.4720D+01  0.943112368861860E+00  0.237098792674989E+00    0.997288281803531E+00 -0.250718636899953E+00
  0.00000000  0.00000000  0.02000000    0.4863D+01  0.937411010996332E+00  0.131112603164707E+00    0.104629948381650E+01 -0.146342476676549E+00
  0.00000000  0.00000000  0.02000000    0.5012D+01  0.103680952767002E+01  0.126242909396911E+00    0.950406836270175E+00 -0.115722435914619E+00
  0.00000000  0.00000000  0.02000000    0.5164D+01  0.111366308211481E+01  0.248122739587945E+00    0.855472595051766E+00 -0.190598222510505E+00
  0.00000000  0.00000000  0.02000000    0.5322D+01  0.942904608301759E+00  0.506977918887336E+00    0.822710179947712E+00 -0.442352165006954E+00
  0.00000000  0.00000000  0.02000000    0.5484D+01  0.791333739852937E+00  0.243707743131750E+00    0.115421644459921E+01 -0.355465046708487E+00
  0.00000000  0.00000000  0.02000000    0.5651D+01  0.851395003192243E+00  0.207004854095803E+00    0.110898511947190E+01 -0.269634308387951E+00
  0.00000000  0.00000000  0.02000000    0.5823D+01  0.874832650148017E+00  0.212050648040784E+00    0.107964358232814E+01 -0.261694760988884E+00
  0.00000000  0.00000000  0.02000000    0.6000D+01  0.839603228144036E+00  0.249424402307361E+00    0.109445021453314E+01 -0.325132850213698E+00
  0.00000000  0.00000000  0.02000000    0.6183D+01  0.804024516001075E+00  0.176474498464789E+00    0.118657924001929E+01 -0.260441033953317E+00
  0.00000000  0.00000000  0.02000000    0.6371D+01  0.816229748308944E+00  0.138765673256970E+00    0.119072987612296E+01 -0.202433730539370E+00
  0.00000000  0.00000000  0.02000000    0.6565D+01  0.848183487347990E+00  0.988164594948086E-01    0.116320192460592E+01 -0.135517252554041E+00
  0.00000000  0.00000000  0.02000000    0.6765D+01  0.893557557481070E+00  0.108583638791706E+00    0.110283681815823E+01 -0.134014908951878E+00
  0.00000000  0.00000000  0.02000000    0.6971D+01  0.880300423917027E+00  0.172534787041325E+00    0.109395253922793E+01 -0.214409607516898E+00
  0.00000000  0.00000000  0.02000000    0.7184D+01  0.839765360524115E+00  0.141280080814314E+00    0.115803202423181E+01 -0.194824489863362E+00
  0.00000000  0.00000000  0.02000000    0.7402D+01  0.842802906768744E+00  0.107300036907310E+00    0.116759190237701E+01 -0.148650002523194E+00
  0.00000000  0.00000000  0.02000000    0.7628D+01  0.846340948639408E+00  0.112645763622151E+00    0.116099007665468E+01 -0.154524738467105E+00
  0.00000000  0.00000000  0.02000000    0.7860D+01  0.828290487332296E+00  0.102815583069252E+00    0.118898575243476E+01 -0.147588636193729E+00
  0.00000000  0.00000000  0.02000000    0.8100D+01  0.823167422408363E+00  0.629076575503081E-01    0.120776605524129E+01 -0.922992471953216E-01
  0.00000000  0.00000000  0.02000000    0.8346D+01  0.836184746056864E+00  0.402881178787874E-01    0.119313821951418E+01 -0.574864507636030E-01
  0.00000000  0.00000000  0.02000000    0.8600D+01  0.850028872688544E+00  0.229871840261123E-01    0.117557091532635E+01 -0.317907612724745E-01
  0.00000000  0.00000000  0.02000000    0.8862D+01  0.867332527528719E+00  0.793012739909152E-02    0.115286395766910E+01 -0.105407761936313E-01
  0.00000000  0.00000000  0.02000000    0.9132D+01  0.884716449225683E+00  0.346000877222345E-02    0.113028836100521E+01 -0.442040797098650E-02
  0.00000000  0.00000000  0.02000000    0.9410D+01  0.898115112699479E+00  0.789526397260253E-03    0.111344215575105E+01 -0.978818818832160E-03
  0.00000000  0.00000000  0.02000000    0.9697D+01  0.909250969146368E+00  0.178569478285669E-04    0.109980636100188E+01 -0.215993003871907E-04
  0.00000000  0.00000000  0.02000000    0.9992D+01  0.918162065816521E+00  0.159640239089720E-09    0.108913234082558E+01 -0.189366729211493E-09
  0.00000000  0.00000000  0.02000000    0.1030D+02  0.925473465058028E+00  0.878561128381366E-18    0.108052800837169E+01 -0.102575594236317E-17
  0.00000000  0.00000000  0.02000000    0.1061D+02  0.931744022163801E+00  0.766618497137632E-18    0.107325614783950E+01 -0.883051563013726E-18
  0.00000000  0.00000000  0.02000000    0.1093D+02  0.937232337075976E+00  0.672797524951883E-18    0.106697129456699E+01 -0.765931368116234E-18
