 q(1:3)   w(Ry)   eps    epsi  --- NO LFC
  0.00000000  0.00000000  0.01500000    0.0000D+00  0.398605230719611E+01 -0.321599521121100E-16    0.250874781094738E+00  0.202408807620947E-17
  0.00000000  0.00000000  0.01500000    0.1015D-04  0.398605230804454E+01 -0.321599521098927E-16    0.250874781041340E+00  0.202408807520826E-17
  0.00000000  0.00000000  0.01500000    0.3076D-04  0.398605231498771E+01 -0.321599520917170E-16    0.250874780604349E+00  0.202408806701293E-17
  0.00000000  0.00000000  0.01500000    0.5200D-04  0.398605232946078E+01 -0.321599520538351E-16    0.250874779693441E+00  0.202408804993007E-17
  0.00000000  0.00000000  0.01500000    0.7389D-04  0.398605235214562E+01 -0.321599519944526E-16    0.250874778265699E+00  0.202408802315426E-17
  0.00000000  0.00000000  0.01500000    0.9644D-04  0.398605238377286E+01 -0.321599519116656E-16    0.250874776275139E+00  0.202408798582365E-17
  0.00000000  0.00000000  0.01500000    0.1197D-03  0.398605242512505E+01 -0.321599518034201E-16    0.250874773672508E+00  0.202408793701420E-17
  0.00000000  0.00000000  0.01500000    0.1436D-03  0.398605247704020E+01 -0.321599516675282E-16    0.250874770405065E+00  0.202408787573715E-17
  0.00000000  0.00000000  0.01500000    0.1683D-03  0.398605254041529E+01 -0.321599515016375E-16    0.250874766416354E+00  0.202408780093350E-17
  0.00000000  0.00000000  0.01500000    0.1937D-03  0.398605261621018E+01 -0.321599513032357E-16    0.250874761645964E+00  0.202408771147030E-17
  0.00000000  0.00000000  0.01500000    0.2199D-03  0.398605270545179E+01 -0.321599510696380E-16    0.250874756029263E+00  0.202408760613566E-17
  0.00000000  0.00000000  0.01500000    0.2469D-03  0.398605280923838E+01 -0.321599507979635E-16    0.250874749497128E+00  0.202408748363287E-17
  0.00000000  0.00000000  0.01500000    0.2748D-03  0.398605292874430E+01 -0.321599504851434E-16    0.250874741975647E+00  0.202408734257615E-17
  0.00000000  0.00000000  0.01500000    0.3034D-03  0.398605306522482E+01 -0.321599501278935E-16    0.250874733385818E+00  0.202408718148398E-17
  0.00000000  0.00000000  0.01500000    0.3330D-03  0.398605322002151E+01 -0.321599497226939E-16    0.250874723643204E+00  0.202408699877234E-17
  0.00000000  0.00000000  0.01500000    0.3634D-03  0.398605339456778E+01 -0.321599492657978E-16    0.250874712657589E+00  0.202408679274968E-17
  0.00000000  0.00000000  0.01500000    0.3948D-03  0.398605359039482E+01 -0.321599487531980E-16    0.250874700332604E+00  0.202408656160874E-17
  0.00000000  0.00000000  0.01500000    0.4271D-03  0.398605380913799E+01 -0.321599481806127E-16    0.250874686565322E+00  0.202408630341921E-17
  0.00000000  0.00000000  0.01500000    0.4604D-03  0.398605405254347E+01 -0.321599475434699E-16    0.250874671245842E+00  0.202408601611996E-17
  0.00000000  0.00000000  0.01500000    0.4948D-03  0.398605432247543E+01 -0.321599468368886E-16    0.250874654256839E+00  0.202408569751058E-17
  0.00000000  0.00000000  0.01500000    0.5301D-03  0.398605462092366E+01 -0.321599460556634E-16    0.250874635473078E+00  0.202408534524266E-17
  0.00000000  0.00000000  0.01500000    0.5666D-03  0.398605495001169E+01 -0.321599451942293E-16    0.250874614760910E+00  0.202408495680938E-17
  0.00000000  0.00000000  0.01500000    0.6041D-03  0.398605531200524E+01 -0.321599442466648E-16    0.250874591977736E+00  0.202408452953705E-17
  0.00000000  0.00000000  0.01500000    0.6428D-03  0.398605570932150E+01 -0.321599432066332E-16    0.250874566971423E+00  0.202408406057200E-17
  0.00000000  0.00000000  0.01500000    0.6827D-03  0.398605614453876E+01 -0.321599420673911E-16    0.250874539579701E+00  0.202408354687141E-17
  0.00000000  0.00000000  0.01500000    0.7238D-03  0.398605662040680E+01 -0.321599408217366E-16    0.250874509629506E+00  0.202408298518944E-17
  0.00000000  0.00000000  0.01500000    0.7662D-03  0.398605713985771E+01 -0.321599394619927E-16    0.250874476936298E+00  0.202408237206515E-17
  0.00000000  0.00000000  0.01500000    0.8098D-03  0.398605770601773E+01 -0.321599379799793E-16    0.250874441303322E+00  0.202408170380885E-17
  0.00000000  0.00000000  0.01500000    0.8548D-03  0.398605832221953E+01 -0.321599363669695E-16    0.250874402520828E+00  0.202408097648678E-17
  0.00000000  0.00000000  0.01500000    0.9011D-03  0.398605899201540E+01 -0.321599346136634E-16    0.250874360365246E+00  0.202408018590603E-17
  0.00000000  0.00000000  0.01500000    0.9488D-03  0.398605971919126E+01 -0.321599327101520E-16    0.250874314598300E+00  0.202407932759819E-17
  0.00000000  0.00000000  0.01500000    0.9980D-03  0.398606050778146E+01 -0.321599306458663E-16    0.250874264966081E+00  0.202407839680094E-17
  0.00000000  0.00000000  0.01500000    0.1049D-02  0.398606136208474E+01 -0.321599284095623E-16    0.250874211198041E+00  0.202407738844109E-17
  0.00000000  0.00000000  0.01500000    0.1101D-02  0.398606228668086E+01 -0.321599259892402E-16    0.250874153005945E+00  0.202407629711243E-17
  0.00000000  0.00000000  0.01500000    0.1155D-02  0.398606328644856E+01 -0.321599233721287E-16    0.250874090082740E+00  0.202407511705661E-17
  0.00000000  0.00000000  0.01500000    0.1210D-02  0.398606436658448E+01 -0.321599205446297E-16    0.250874022101371E+00  0.202407384214044E-17
  0.00000000  0.00000000  0.01500000    0.1267D-02  0.398606553262328E+01 -0.321599174922446E-16    0.250873948713504E+00  0.202407246583078E-17
  0.00000000  0.00000000  0.01500000    0.1326D-02  0.398606679045920E+01 -0.321599141995390E-16    0.250873869548182E+00  0.202407098117049E-17
  0.00000000  0.00000000  0.01500000    0.1387D-02  0.398606814636862E+01 -0.321599106500858E-16    0.250873784210393E+00  0.202406938075188E-17
  0.00000000  0.00000000  0.01500000    0.1450D-02  0.398606960703443E+01 -0.321599068263797E-16    0.250873692279545E+00  0.202406765668664E-17
  0.00000000  0.00000000  0.01500000    0.1514D-02  0.398607117957156E+01 -0.321599027097911E-16    0.250873593307856E+00  0.202406580057698E-17
  0.00000000  0.00000000  0.01500000    0.1580D-02  0.398607287155443E+01 -0.321598982804945E-16    0.250873486818628E+00  0.202406380348330E-17
  0.00000000  0.00000000  0.01500000    0.1649D-02  0.398607469104581E+01 -0.321598935173642E-16    0.250873372304430E+00  0.202406165588827E-17
  0.00000000  0.00000000  0.01500000    0.1719D-02  0.398607664662780E+01 -0.321598883979336E-16    0.250873249225149E+00  0.202405934766289E-17
  0.00000000  0.00000000  0.01500000    0.1792D-02  0.398607874743442E+01 -0.321598828982806E-16    0.250873117005938E+00  0.202405686802613E-17
  0.00000000  0.00000000  0.01500000    0.1867D-02  0.398608100318653E+01 -0.321598769929445E-16    0.250872975035024E+00  0.202405420550428E-17
  0.00000000  0.00000000  0.01500000    0.1944D-02  0.398608342422876E+01 -0.321598706548349E-16    0.250872822661378E+00  0.202405134788775E-17
  0.00000000  0.00000000  0.01500000    0.2024D-02  0.398608602156867E+01 -0.321598638551229E-16    0.250872659192253E+00  0.202404828218444E-17
  0.00000000  0.00000000  0.01500000    0.2106D-02  0.398608880691866E+01 -0.321598565631259E-16    0.250872483890549E+00  0.202404499456999E-17
  0.00000000  0.00000000  0.01500000    0.2190D-02  0.398609179274020E+01 -0.321598487462056E-16    0.250872295972030E+00  0.202404147033643E-17
  0.00000000  0.00000000  0.01500000    0.2277D-02  0.398609499229087E+01 -0.321598403696344E-16    0.250872094602363E+00  0.202403769383604E-17
  0.00000000  0.00000000  0.01500000    0.2367D-02  0.398609841967451E+01 -0.321598313964599E-16    0.250871878893962E+00  0.202403364842199E-17
  0.00000000  0.00000000  0.01500000    0.2459D-02  0.398610208989434E+01 -0.321598217873852E-16    0.250871647902653E+00  0.202402931638684E-17
  0.00000000  0.00000000  0.01500000    0.2554D-02  0.398610601890934E+01 -0.321598115005920E-16    0.250871400624115E+00  0.202402467889415E-17
  0.00000000  0.00000000  0.01500000    0.2652D-02  0.398611022369437E+01 -0.321598004916021E-16    0.250871135990111E+00  0.202401971590892E-17
  0.00000000  0.00000000  0.01500000    0.2753D-02  0.398611472230383E+01 -0.321597887131062E-16    0.250870852864475E+00  0.202401440612208E-17
  0.00000000  0.00000000  0.01500000    0.2858D-02  0.398611953393935E+01 -0.321597761147920E-16    0.250870550038858E+00  0.202400872687104E-17
  0.00000000  0.00000000  0.01500000    0.2965D-02  0.398612467902177E+01 -0.321597626431365E-16    0.250870226228199E+00  0.202400265405365E-17
  0.00000000  0.00000000  0.01500000    0.3075D-02  0.398613017926752E+01 -0.321597482412182E-16    0.250869880065923E+00  0.202399616203885E-17
  0.00000000  0.00000000  0.01500000    0.3189D-02  0.398613605776978E+01 -0.321597328485099E-16    0.250869510098833E+00  0.202398922357130E-17
  0.00000000  0.00000000  0.01500000    0.3307D-02  0.398614233908469E+01 -0.321597164006361E-16    0.250869114781692E+00  0.202398180966875E-17
  0.00000000  0.00000000  0.01500000    0.3428D-02  0.398614904932305E+01 -0.321596988291370E-16    0.250868692471453E+00  0.202397388951410E-17
  0.00000000  0.00000000  0.01500000    0.3553D-02  0.398615621624755E+01 -0.321596800612259E-16    0.250868241421148E+00  0.202396543034165E-17
  0.00000000  0.00000000  0.01500000    0.3681D-02  0.398616386937610E+01 -0.321596600194794E-16    0.250867759773388E+00  0.202395639731272E-17
  0.00000000  0.00000000  0.01500000    0.3813D-02  0.398617204009180E+01 -0.321596386216014E-16    0.250867245553449E+00  0.202394675338941E-17
  0.00000000  0.00000000  0.01500000    0.3950D-02  0.398618076175943E+01 -0.321596157800711E-16    0.250866696661949E+00  0.202393645919433E-17
  0.00000000  0.00000000  0.01500000    0.4090D-02  0.398619006984953E+01 -0.321595914018280E-16    0.250866110867049E+00  0.202392547286500E-17
  0.00000000  0.00000000  0.01500000    0.4235D-02  0.398620000206998E+01 -0.321595653879362E-16    0.250865485796175E+00  0.202391374989941E-17
  0.00000000  0.00000000  0.01500000    0.4385D-02  0.398621059850581E+01 -0.321595376332005E-16    0.250864818927239E+00  0.202390124299019E-17
  0.00000000  0.00000000  0.01500000    0.4538D-02  0.398622190176790E+01 -0.321595080257741E-16    0.250864107579284E+00  0.202388790184927E-17
  0.00000000  0.00000000  0.01500000    0.4697D-02  0.398623395715069E+01 -0.321594764467442E-16    0.250863348902578E+00  0.202387367302206E-17
  0.00000000  0.00000000  0.01500000    0.4860D-02  0.398624681279996E+01 -0.321594427696942E-16    0.250862539868071E+00  0.202385849968999E-17
  0.00000000  0.00000000  0.01500000    0.5029D-02  0.398626051989089E+01 -0.321594068602242E-16    0.250861677256200E+00  0.202384232146002E-17
  0.00000000  0.00000000  0.01500000    0.5202D-02  0.398627513281729E+01 -0.321593685754348E-16    0.250860757645008E+00  0.202382507414056E-17
  0.00000000  0.00000000  0.01500000    0.5381D-02  0.398629070939270E+01 -0.321593277634287E-16    0.250859777397506E+00  0.202380668950665E-17
  0.00000000  0.00000000  0.01500000    0.5565D-02  0.398630731106388E+01 -0.321592842626969E-16    0.250858732648266E+00  0.202378709504521E-17
  0.00000000  0.00000000  0.01500000    0.5755D-02  0.398632500313777E+01 -0.321592379015588E-16    0.250857619289161E+00  0.202376621369023E-17
  0.00000000  0.00000000  0.01500000    0.5950D-02  0.398634385502248E+01 -0.321591884974871E-16    0.250856432954242E+00  0.202374396353653E-17
  0.00000000  0.00000000  0.01500000    0.6152D-02  0.398636394048345E+01 -0.321591358564389E-16    0.250855169003642E+00  0.202372025753868E-17
  0.00000000  0.00000000  0.01500000    0.6360D-02  0.398638533791551E+01 -0.321590797721227E-16    0.250853822506507E+00  0.202369500318979E-17
  0.00000000  0.00000000  0.01500000    0.6574D-02  0.398640813063191E+01 -0.321590200252283E-16    0.250852388222850E+00  0.202366810218105E-17
  0.00000000  0.00000000  0.01500000    0.6794D-02  0.398643240717150E+01 -0.321589563826130E-16    0.250850860584272E+00  0.202363945004009E-17
  0.00000000  0.00000000  0.01500000    0.7021D-02  0.398645826162505E+01 -0.321588885964052E-16    0.250849233673491E+00  0.202360893574512E-17
  0.00000000  0.00000000  0.01500000    0.7255D-02  0.398648579398187E+01 -0.321588164030832E-16    0.250847501202596E+00  0.202357644131697E-17
  0.00000000  0.00000000  0.01500000    0.7497D-02  0.398651511049839E+01 -0.321587395224923E-16    0.250845656489931E+00  0.202354184138531E-17
  0.00000000  0.00000000  0.01500000    0.7745D-02  0.398654632408943E+01 -0.321586576567656E-16    0.250843692435560E+00  0.202350500272606E-17
  0.00000000  0.00000000  0.01500000    0.8001D-02  0.398657955474421E+01 -0.321585704892341E-16    0.250841601495185E+00  0.202346578377334E-17
  0.00000000  0.00000000  0.01500000    0.8265D-02  0.398661492996835E+01 -0.321584776831864E-16    0.250839375652451E+00  0.202342403409596E-17
  0.00000000  0.00000000  0.01500000    0.8537D-02  0.398665258525355E+01 -0.321583788806426E-16    0.250837006389510E+00  0.202337959384715E-17
  0.00000000  0.00000000  0.01500000    0.8818D-02  0.398669266457671E+01 -0.321582737009499E-16    0.250834484655761E+00  0.202333229317368E-17
  0.00000000  0.00000000  0.01500000    0.9107D-02  0.398673532093032E+01 -0.321581617393721E-16    0.250831800834635E+00  0.202328195159338E-17
  0.00000000  0.00000000  0.01500000    0.9404D-02  0.398678071688635E+01 -0.321580425655254E-16    0.250828944708299E+00  0.202322837732970E-17
  0.00000000  0.00000000  0.01500000    0.9711D-02  0.398682902519518E+01 -0.321579157217556E-16    0.250825905420172E+00  0.202317136660759E-17
  0.00000000  0.00000000  0.01500000    0.1003D-01  0.398688042942259E+01 -0.321577807213703E-16    0.250822671435077E+00  0.202311070290254E-17
  0.00000000  0.00000000  0.01500000    0.1035D-01  0.398693512462655E+01 -0.321576370467879E-16    0.250819230496927E+00  0.202304615614490E-17
  0.00000000  0.00000000  0.01500000    0.1069D-01  0.398699331807675E+01 -0.321574841475339E-16    0.250815569583743E+00  0.202297748187213E-17
  0.00000000  0.00000000  0.01500000    0.1103D-01  0.398705523001953E+01 -0.321573214381303E-16    0.250811674859869E+00  0.202290442032958E-17
  0.00000000  0.00000000  0.01500000    0.1139D-01  0.398712109449085E+01 -0.321571482958189E-16    0.250807531625196E+00  0.202282669551315E-17
  0.00000000  0.00000000  0.01500000    0.1176D-01  0.398719116018094E+01 -0.321569640581653E-16    0.250803124261196E+00  0.202274401415378E-17
  0.00000000  0.00000000  0.01500000    0.1214D-01  0.398726569135327E+01 -0.321567680204515E-16    0.250798436173588E+00  0.202265606463483E-17
  0.00000000  0.00000000  0.01500000    0.1253D-01  0.398734496882204E+01 -0.321565594329514E-16    0.250793449731394E+00  0.202256251584497E-17
  0.00000000  0.00000000  0.01500000    0.1293D-01  0.398742929099142E+01 -0.321563374979586E-16    0.250788146202177E+00  0.202246301595469E-17
  0.00000000  0.00000000  0.01500000    0.1334D-01  0.398751897496077E+01 -0.321561013666683E-16    0.250782505683208E+00  0.202235719111923E-17
  0.00000000  0.00000000  0.01500000    0.1377D-01  0.398761435770023E+01 -0.321558501358057E-16    0.250776507028310E+00  0.202224464409689E-17
  0.00000000  0.00000000  0.01500000    0.1421D-01  0.398771579730107E+01 -0.321555828440256E-16    0.250770127770091E+00  0.202212495278014E-17
  0.00000000  0.00000000  0.01500000    0.1466D-01  0.398782367430583E+01 -0.321552984680917E-16    0.250763344037289E+00  0.202199766863548E-17
  0.00000000  0.00000000  0.01500000    0.1513D-01  0.398793839312343E+01 -0.321549959187400E-16    0.250756130466896E+00  0.202186231504116E-17
  0.00000000  0.00000000  0.01500000    0.1561D-01  0.398806038353476E+01 -0.321546740362832E-16    0.250748460110743E+00  0.202171838552119E-17
  0.00000000  0.00000000  0.01500000    0.1610D-01  0.398819010229502E+01 -0.321543315859085E-16    0.250740304336182E+00  0.202156534186715E-17
  0.00000000  0.00000000  0.01500000    0.1662D-01  0.398832803483881E+01 -0.321539672526112E-16    0.250731632720481E+00  0.202140261213843E-17
  0.00000000  0.00000000  0.01500000    0.1714D-01  0.398847469709524E+01 -0.321535796357732E-16    0.250722412938532E+00  0.202122958853505E-17
  0.00000000  0.00000000  0.01500000    0.1768D-01  0.398863063742009E+01 -0.321531672433627E-16    0.250712610643440E+00  0.202104562513533E-17
  0.00000000  0.00000000  0.01500000    0.1824D-01  0.398879643865294E+01 -0.321527284857041E-16    0.250702189339527E+00  0.202085003548779E-17
  0.00000000  0.00000000  0.01500000    0.1882D-01  0.398897272030803E+01 -0.321522616687566E-16    0.250691110247246E+00  0.202064209004622E-17
  0.00000000  0.00000000  0.01500000    0.1941D-01  0.398916014090744E+01 -0.321517649869384E-16    0.250679332159507E+00  0.202042101344212E-17
  0.00000000  0.00000000  0.01500000    0.2002D-01  0.398935940046656E+01 -0.321512365153991E-16    0.250666811288812E+00  0.202018598158014E-17
  0.00000000  0.00000000  0.01500000    0.2065D-01  0.398957124314242E+01 -0.321506742016742E-16    0.250653501104630E+00  0.201993611854302E-17
  0.00000000  0.00000000  0.01500000    0.2130D-01  0.398979646005567E+01 -0.321500758567393E-16    0.250639352160347E+00  0.201967049329798E-17
  0.00000000  0.00000000  0.01500000    0.2197D-01  0.399003589229882E+01 -0.321494391453674E-16    0.250624311909099E+00  0.201938811618783E-17
  0.00000000  0.00000000  0.01500000    0.2266D-01  0.399029043414327E+01 -0.321487615757039E-16    0.250608324507763E+00  0.201908793519099E-17
  0.00000000  0.00000000  0.01500000    0.2337D-01  0.399056103645934E+01 -0.321480404880540E-16    0.250591330608305E+00  0.201876883193820E-17
  0.00000000  0.00000000  0.01500000    0.2410D-01  0.399084871036429E+01 -0.321472730427730E-16    0.250573267135631E+00  0.201842961746689E-17
  0.00000000  0.00000000  0.01500000    0.2486D-01  0.399115453111471E+01 -0.321464562071531E-16    0.250554067051046E+00  0.201806902769334E-17
  0.00000000  0.00000000  0.01500000    0.2564D-01  0.399147964226059E+01 -0.321455867412664E-16    0.250533659100325E+00  0.201768571858610E-17
  0.00000000  0.00000000  0.01500000    0.2644D-01  0.399182526008025E+01 -0.321446611826283E-16    0.250511967545367E+00  0.201727826101725E-17
  0.00000000  0.00000000  0.01500000    0.2726D-01  0.399219267831635E+01 -0.321436758296112E-16    0.250488911878305E+00  0.201684513527136E-17
  0.00000000  0.00000000  0.01500000    0.2811D-01  0.399258327323569E+01 -0.321426267233971E-16    0.250464406516830E+00  0.201638472518152E-17
  0.00000000  0.00000000  0.01500000    0.2899D-01  0.399299850903599E+01 -0.321415096284566E-16    0.250438360479484E+00  0.201589531187418E-17
  0.00000000  0.00000000  0.01500000    0.2989D-01  0.399343994362651E+01 -0.321403200112933E-16    0.250410677039476E+00  0.201537506708679E-17
  0.00000000  0.00000000  0.01500000    0.3082D-01  0.399390923481032E+01 -0.321390530173412E-16    0.250381253355522E+00  0.201482204603070E-17
  0.00000000  0.00000000  0.01500000    0.3178D-01  0.399440814689900E+01 -0.321377034458120E-16    0.250349980078109E+00  0.201423417976487E-17
  0.00000000  0.00000000  0.01500000    0.3277D-01  0.399493855779340E+01 -0.321362657222783E-16    0.250316740929390E+00  0.201360926704334E-17
  0.00000000  0.00000000  0.01500000    0.3379D-01  0.399550246656652E+01 -0.321347338687654E-16    0.250281412254849E+00  0.201294496559771E-17
  0.00000000  0.00000000  0.01500000    0.3484D-01  0.399610200158863E+01 -0.321331014710622E-16    0.250243862544663E+00  0.201223878280922E-17
  0.00000000  0.00000000  0.01500000    0.3592D-01  0.399673942923748E+01 -0.321313616429904E-16    0.250203951922576E+00  0.201148806572649E-17
  0.00000000  0.00000000  0.01500000    0.3703D-01  0.399741716324130E+01 -0.321295069872643E-16    0.250161531599857E+00  0.201068999037497E-17
  0.00000000  0.00000000  0.01500000    0.3818D-01  0.399813777470633E+01 -0.321275295526179E-16    0.250116443291765E+00  0.200984155030578E-17
  0.00000000  0.00000000  0.01500000    0.3936D-01  0.399890400288569E+01 -0.321254207866863E-16    0.250068518593690E+00  0.200893954431724E-17
  0.00000000  0.00000000  0.01500000    0.4058D-01  0.399971876675186E+01 -0.321231714842941E-16    0.250017578313910E+00  0.200798056329042E-17
  0.00000000  0.00000000  0.01500000    0.4184D-01  0.400058517744144E+01 -0.321207717304886E-16    0.249963431759637E+00  0.200696097605796E-17
  0.00000000  0.00000000  0.01500000    0.4313D-01  0.400150655164754E+01 -0.321182108377987E-16    0.249905875972706E+00  0.200587691423156E-17
  0.00000000  0.00000000  0.01500000    0.4447D-01  0.400248642604304E+01 -0.321154772770166E-16    0.249844694910964E+00  0.200472425589930E-17
  0.00000000  0.00000000  0.01500000    0.4584D-01  0.400352857282646E+01 -0.321125586006872E-16    0.249779658571041E+00  0.200349860809396E-17
  0.00000000  0.00000000  0.01500000    0.4726D-01  0.400463701649199E+01 -0.321094413585023E-16    0.249710522047760E+00  0.200219528793081E-17
  0.00000000  0.00000000  0.01500000    0.4872D-01  0.400581605193642E+01 -0.321061110035077E-16    0.249637024525027E+00  0.200080930229222E-17
  0.00000000  0.00000000  0.01500000    0.5022D-01  0.400707026402747E+01 -0.321025517880748E-16    0.249558888192519E+00  0.199933532593523E-17
  0.00000000  0.00000000  0.01500000    0.5177D-01  0.400840454877257E+01 -0.320987466482645E-16    0.249475817081939E+00  0.199776767787424E-17
  0.00000000  0.00000000  0.01500000    0.5337D-01  0.400982413624270E+01 -0.320946770751608E-16    0.249387495815969E+00  0.199610029588392E-17
  0.00000000  0.00000000  0.01500000    0.5501D-01  0.401133461542356E+01 -0.320903229714498E-16    0.249293588262372E+00  0.199432670894408E-17
  0.00000000  0.00000000  0.01500000    0.5671D-01  0.401294196118709E+01 -0.320856624913025E-16    0.249193736084881E+00  0.199244000743061E-17
  0.00000000  0.00000000  0.01500000    0.5846D-01  0.401465256359937E+01 -0.320806718613553E-16    0.249087557181646E+00  0.199043281083498E-17
  0.00000000  0.00000000  0.01500000    0.6026D-01  0.401647325980714E+01 -0.320753251802244E-16    0.248974644000995E+00  0.198829723276832E-17
  0.00000000  0.00000000  0.01500000    0.6211D-01  0.401841136877612E+01 -0.320695941935762E-16    0.248854561723124E+00  0.198602484297458E-17
  0.00000000  0.00000000  0.01500000    0.6403D-01  0.402047472918784E+01 -0.320634480413858E-16    0.248726846295091E+00  0.198360662604921E-17
  0.00000000  0.00000000  0.01500000    0.6600D-01  0.402267174084342E+01 -0.320568529734548E-16    0.248591002304934E+00  0.198103293651850E-17
  0.00000000  0.00000000  0.01500000    0.6803D-01  0.402501140996664E+01 -0.320497720285705E-16    0.248446500679184E+00  0.197829344988861E-17
  0.00000000  0.00000000  0.01500000    0.7012D-01  0.402750339885358E+01 -0.320421646720931E-16    0.248292776186023E+00  0.197537710923058E-17
  0.00000000  0.00000000  0.01500000    0.7227D-01  0.403015808037657E+01 -0.320339863857447E-16    0.248129224724248E+00  0.197227206680172E-17
  0.00000000  0.00000000  0.01500000    0.7450D-01  0.403298659792256E+01 -0.320251882024175E-16    0.247955200375600E+00  0.196896562014045E-17
  0.00000000  0.00000000  0.01500000    0.7678D-01  0.403600093142894E+01 -0.320157161776302E-16    0.247770012195203E+00  0.196544414199654E-17
  0.00000000  0.00000000  0.01500000    0.7914D-01  0.403921397027753E+01 -0.320055107877014E-16    0.247572920711425E+00  0.196169300336121E-17
  0.00000000  0.00000000  0.01500000    0.8157D-01  0.404263959392224E+01 -0.319945062431309E-16    0.247363134102633E+00  0.195769648876578E-17
  0.00000000  0.00000000  0.01500000    0.8408D-01  0.404629276125984E+01 -0.319826297034245E-16    0.247139804013747E+00  0.195343770288326E-17
  0.00000000  0.00000000  0.01500000    0.8666D-01  0.405018960991271E+01 -0.319698003772490E-16    0.246902020970211E+00  0.194889846733055E-17
  0.00000000  0.00000000  0.01500000    0.8932D-01  0.405434756678076E+01 -0.319559284887721E-16    0.246648809340740E+00  0.194405920639702E-17
  0.00000000  0.00000000  0.01500000    0.9206D-01  0.405878547144343E+01 -0.319409140872911E-16    0.246379121792897E+00  0.193889882021542E-17
  0.00000000  0.00000000  0.01500000    0.9488D-01  0.406352371426036E+01 -0.319246456730091E-16    0.246091833176866E+00  0.193339454366214E-17
  0.00000000  0.00000000  0.01500000    0.9779D-01  0.406858439134020E+01 -0.319069986062572E-16    0.245785733762449E+00  0.192752178897612E-17
  0.00000000  0.00000000  0.01500000    0.1008D+00  0.407399147893305E+01 -0.318878332610123E-16    0.245459521742027E+00  0.192125396975240E-17
  0.00000000  0.00000000  0.01500000    0.1039D+00  0.407977103026981E+01 -0.318669928752648E-16    0.245111794897437E+00  0.191456230354266E-17
  0.00000000  0.00000000  0.01500000    0.1071D+00  0.408595139843985E+01 -0.318443010409484E-16    0.244741041310925E+00  0.190741558980759E-17
  0.00000000  0.00000000  0.01500000    0.1103D+00  0.409256348959283E+01 -0.318195587634807E-16    0.244345628978743E+00  0.189977995934824E-17
  0.00000000  0.00000000  0.01500000    0.1137D+00  0.409964105160392E+01 -0.317925410055563E-16    0.243923794159678E+00  0.189161859061257E-17
  0.00000000  0.00000000  0.01500000    0.1172D+00  0.410722100439584E+01 -0.317629926102152E-16    0.243473628258554E+00  0.188289138735945E-17
  0.00000000  0.00000000  0.01500000    0.1208D+00  0.411534381942240E+01 -0.317306234735653E-16    0.242993063004965E+00  0.187355461104123E-17
  0.00000000  0.00000000  0.01500000    0.1245D+00  0.412405395745740E+01 -0.316951028063249E-16    0.242479853638125E+00  0.186356045987848E-17
  0.00000000  0.00000000  0.01500000    0.1283D+00  0.413340037589987E+01 -0.316560522832148E-16    0.241931559746930E+00  0.185285658485023E-17
  0.00000000  0.00000000  0.01500000    0.1322D+00  0.414343711942766E+01 -0.316130378279229E-16    0.241345523336464E+00  0.184138553064114E-17
  0.00000000  0.00000000  0.01500000    0.1363D+00  0.415422401118534E+01 -0.315655597146285E-16    0.240718843593287E+00  0.182908408680449E-17
  0.00000000  0.00000000  0.01500000    0.1405D+00  0.416582746601623E+01 -0.315130405800167E-16    0.240048347695085E+00  0.181588253085173E-17
  0.00000000  0.00000000  0.01500000    0.1448D+00  0.417832145287592E+01 -0.314548108252947E-16    0.239330556846387E+00  0.180170374041805E-17
  0.00000000  0.00000000  0.01500000    0.1492D+00  0.419178864095746E+01 -0.313900907353819E-16    0.238561646507918E+00  0.178646214570475E-17
  0.00000000  0.00000000  0.01500000    0.1537D+00  0.420632177387162E+01 -0.313179684388626E-16    0.237737399504644E+00  0.177006248563117E-17
  0.00000000  0.00000000  0.01500000    0.1585D+00  0.422202532940165E+01 -0.312373725561957E-16    0.236853150320091E+00  0.175239832080918E-17
  0.00000000  0.00000000  0.01500000    0.1633D+00  0.423901754025444E+01 -0.311470380061847E-16    0.235903718374323E+00  0.173335024265182E-17
  0.00000000  0.00000000  0.01500000    0.1683D+00  0.425743287588392E+01 -0.310454629182221E-16    0.234883327383613E+00  0.171278369923393E-17
  0.00000000  0.00000000  0.01500000    0.1734D+00  0.427742511990724E+01 -0.309308538651078E-16    0.233785506927047E+00  0.169054633285959E-17
  0.00000000  0.00000000  0.01500000    0.1787D+00  0.429917122652765E+01 -0.308010555903249E-16    0.232602970970216E+00  0.166646468861741E-17
  0.00000000  0.00000000  0.01500000    0.1842D+00  0.432287621001020E+01 -0.306534599017934E-16    0.231327466117204E+00  0.164034010282021E-17
  0.00000000  0.00000000  0.01500000    0.1898D+00  0.434877942529160E+01 -0.304848862017393E-16    0.229949579457677E+00  0.161194350790395E-17
  0.00000000  0.00000000  0.01500000    0.1956D+00  0.437716275439267E+01 -0.302914228334532E-16    0.228458491518612E+00  0.158100878463756E-17
  0.00000000  0.00000000  0.01500000    0.2016D+00  0.440836145477483E+01 -0.300682134141893E-16    0.226841653130977E+00  0.154722413475918E-17
  0.00000000  0.00000000  0.01500000    0.2078D+00  0.444277880851118E+01 -0.298091645133683E-16    0.225084354432471E+00  0.151022070642118E-17
  0.00000000  0.00000000  0.01500000    0.2141D+00  0.448090633700595E+01 -0.295065385495973E-16    0.223169136953704E+00  0.146955732777149E-17
  0.00000000  0.00000000  0.01500000    0.2207D+00  0.452335240691209E+01 -0.291503752339147E-16    0.221074970517864E+00  0.142469959571903E-17
  0.00000000  0.00000000  0.01500000    0.2274D+00  0.457088392813761E+01 -0.287276499253143E-16    0.218776065137897E+00  0.137499055109020E-17
  0.00000000  0.00000000  0.01500000    0.2343D+00  0.462448932734939E+01 -0.282210153945254E-16    0.216240092519181E+00  0.131960840385271E-17
  0.00000000  0.00000000  0.01500000    0.2415D+00  0.468547784338821E+01 -0.276068587326284E-16    0.213425403646103E+00  0.125750353866821E-17
  0.00000000  0.00000000  0.01500000    0.2489D+00  0.475564473944633E+01 -0.268521795790058E-16    0.210276430387108E+00  0.118730072983633E-17
  0.00000000  0.00000000  0.01500000    0.2565D+00  0.483756585122624E+01 -0.259093182286007E-16    0.206715532305677E+00  0.110713914270433E-17
  0.00000000  0.00000000  0.01500000    0.2643D+00  0.493517374025041E+01 -0.247064425520518E-16    0.202627111553171E+00  0.101439085117652E-17
  0.00000000  0.00000000  0.01500000    0.2724D+00  0.505504514456456E+01 -0.231286420715653E-16    0.197822170010737E+00  0.905107280578559E-18
  0.00000000  0.00000000  0.01500000    0.2807D+00  0.520997610913776E+01 -0.209734160254544E-16    0.191939459807906E+00  0.772676507132474E-18
  0.00000000  0.00000000  0.01500000    0.2893D+00  0.543793764278044E+01 -0.177513012411271E-16    0.183893245140026E+00  0.600290883258448E-18
  0.00000000  0.00000000  0.01500000    0.2981D+00  0.585480458992390E+01  0.527451154905241E-01    0.170786032508551E+00 -0.153858747469298E-02
  0.00000000  0.00000000  0.01500000    0.3072D+00  0.610051391563319E+01  0.688655674050248E+00    0.161858060176900E+00 -0.182713248544437E-01
  0.00000000  0.00000000  0.01500000    0.3166D+00  0.600958893615478E+01  0.105452859327756E+01    0.161430099312838E+00 -0.283268385491184E-01
  0.00000000  0.00000000  0.01500000    0.3262D+00  0.589319342028158E+01  0.130737556320795E+01    0.161727818047378E+00 -0.358785096851583E-01
  0.00000000  0.00000000  0.01500000    0.3362D+00  0.578232156178042E+01  0.148329710446272E+01    0.162263352213069E+00 -0.416242434680425E-01
  0.00000000  0.00000000  0.01500000    0.3464D+00  0.571511137461296E+01  0.159724499173780E+01    0.162297999485488E+00 -0.453586378034174E-01
  0.00000000  0.00000000  0.01500000    0.3570D+00  0.574202930488216E+01  0.170744352062157E+01    0.160006327730427E+00 -0.475793056837028E-01
  0.00000000  0.00000000  0.01500000    0.3679D+00  0.573060974419381E+01  0.201253680961971E+01    0.155342365099090E+00 -0.545547929122303E-01
  0.00000000  0.00000000  0.01500000    0.3791D+00  0.561219848515216E+01  0.223129826888396E+01    0.153862292627686E+00 -0.611725811364215E-01
  0.00000000  0.00000000  0.01500000    0.3907D+00  0.547904349859559E+01  0.241522732109125E+01    0.152818640543898E+00 -0.673642682172996E-01
  0.00000000  0.00000000  0.01500000    0.4026D+00  0.536472128670801E+01  0.254798001809417E+01    0.152093866917308E+00 -0.722371420748642E-01
  0.00000000  0.00000000  0.01500000    0.4149D+00  0.527774046588157E+01  0.271713457024320E+01    0.149776821028246E+00 -0.771094715376459E-01
  0.00000000  0.00000000  0.01500000    0.4276D+00  0.509166631965431E+01  0.296785996261083E+01    0.146593395346778E+00 -0.854472075582557E-01
  0.00000000  0.00000000  0.01500000    0.4406D+00  0.495617683854892E+01  0.296499486872322E+01    0.148589241796233E+00 -0.888923768915186E-01
  0.00000000  0.00000000  0.01500000    0.4540D+00  0.481016141614490E+01  0.327356216125081E+01    0.142086046365429E+00 -0.966968599977613E-01
  0.00000000  0.00000000  0.01500000    0.4679D+00  0.446325050084089E+01  0.339481898094415E+01    0.141936511110649E+00 -0.107959157102350E+00
  0.00000000  0.00000000  0.01500000    0.4822D+00  0.423991693216008E+01  0.323157649948170E+01    0.149187881006791E+00 -0.113707899938361E+00
  0.00000000  0.00000000  0.01500000    0.4969D+00  0.417403086171368E+01  0.321383728809127E+01    0.150408568464316E+00 -0.115808598880505E+00
  0.00000000  0.00000000  0.01500000    0.5120D+00  0.412892186302581E+01  0.320863513569627E+01    0.151002861761037E+00 -0.117346150862269E+00
  0.00000000  0.00000000  0.01500000    0.5276D+00  0.411424668269011E+01  0.325163990948548E+01    0.149607948228942E+00 -0.118240643489900E+00
  0.00000000  0.00000000  0.01500000    0.5437D+00  0.409448632767199E+01  0.333198824298010E+01    0.146929760151005E+00 -0.119567680580188E+00
  0.00000000  0.00000000  0.01500000    0.5603D+00  0.417143847849084E+01  0.333808155929129E+01    0.146142241851277E+00 -0.116946402319645E+00
  0.00000000  0.00000000  0.01500000    0.5774D+00  0.449181699677455E+01  0.351266215477073E+01    0.138145079125773E+00 -0.108031336018667E+00
  0.00000000  0.00000000  0.01500000    0.5950D+00  0.464077495714931E+01  0.440277913071352E+01    0.113407441007278E+00 -0.107591494770774E+00
  0.00000000  0.00000000  0.01500000    0.6131D+00  0.398471280625829E+01  0.549670545294538E+01    0.864518384526854E-01 -0.119255844760930E+00
  0.00000000  0.00000000  0.01500000    0.6318D+00  0.277603849314331E+01  0.576132097971392E+01    0.678751142396344E-01 -0.140866317464675E+00
  0.00000000  0.00000000  0.01500000    0.6511D+00  0.180458625587957E+01  0.516859025577296E+01    0.602113669524285E-01 -0.172453870521920E+00
  0.00000000  0.00000000  0.01500000    0.6709D+00  0.206613516103322E+01  0.398113300074952E+01    0.102699115762976E+00 -0.197885814356560E+00
  0.00000000  0.00000000  0.01500000    0.6914D+00  0.287413085916999E+01  0.482297452414420E+01    0.911794038583765E-01 -0.153004843371189E+00
  0.00000000  0.00000000  0.01500000    0.7125D+00  0.169734703350301E+01  0.704215303634805E+01    0.323471130514777E-01 -0.134205507710721E+00
  0.00000000  0.00000000  0.01500000    0.7342D+00 -0.768710202585544E+00  0.655265236246752E+01   -0.176600631629424E-01 -0.150538205707114E+00
  0.00000000  0.00000000  0.01500000    0.7565D+00 -0.200699177280987E+01  0.453420365876236E+01   -0.816281058522128E-01 -0.184414535837765E+00
  0.00000000  0.00000000  0.01500000    0.7796D+00 -0.181462341430670E+01  0.289959129787376E+01   -0.155089551871794E+00 -0.247817983308899E+00
  0.00000000  0.00000000  0.01500000    0.8034D+00 -0.142058747530428E+01  0.243519934954859E+01   -0.178729262095534E+00 -0.306381261532043E+00
  0.00000000  0.00000000  0.01500000    0.8279D+00 -0.137040481948641E+01  0.187624204793981E+01   -0.253858890073354E+00 -0.347562061243669E+00
  0.00000000  0.00000000  0.01500000    0.8531D+00 -0.115690313079614E+01  0.107953418130947E+01   -0.462055434427152E+00 -0.431155056846157E+00
  0.00000000  0.00000000  0.01500000    0.8791D+00 -0.565820756246321E+00  0.442445052345727E+00   -0.109674154581156E+01 -0.857599982484710E+00
  0.00000000  0.00000000  0.01500000    0.9059D+00  0.441017865165177E-01  0.381784218727971E+00    0.298581890581188E+00 -0.258478993315077E+01
  0.00000000  0.00000000  0.01500000    0.9335D+00  0.407973584577846E+00  0.398354373391647E+00    0.125480661708474E+01 -0.122522075588231E+01
  0.00000000  0.00000000  0.01500000    0.9619D+00  0.675081009485426E+00  0.381772711207733E+00    0.112235760649789E+01 -0.634717167801728E+00
  0.00000000  0.00000000  0.01500000    0.9913D+00  0.913135866323418E+00  0.376119810499931E+00    0.936277632509610E+00 -0.385651882378380E+00
  0.00000000  0.00000000  0.01500000    0.1021D+01  0.120000552962083E+01  0.330517617271311E+00    0.774569325705501E+00 -0.213339690213361E+00
  0.00000000  0.00000000  0.01500000    0.1053D+01  0.153278138550272E+01  0.451694855654286E+00    0.600279298719215E+00 -0.176896114313329E+00
  0.00000000  0.00000000  0.01500000    0.1085D+01  0.198538637619827E+01  0.654020208878060E+00    0.454373657458953E+00 -0.149678449455783E+00
  0.00000000  0.00000000  0.01500000    0.1118D+01  0.166236133038330E+01  0.188449373179870E+01    0.263250044627175E+00 -0.298426731859344E+00
  0.00000000  0.00000000  0.01500000    0.1152D+01  0.962788738517137E+00  0.136226558060601E+01    0.345987161416883E+00 -0.489542910582565E+00
  0.00000000  0.00000000  0.01500000    0.1187D+01  0.965729537952303E+00  0.100984173988006E+01    0.494633616266826E+00 -0.517227289861280E+00
  0.00000000  0.00000000  0.01500000    0.1223D+01  0.111598543498100E+01  0.895619132429188E+00    0.545032626090377E+00 -0.437408618807804E+00
  0.00000000  0.00000000  0.01500000    0.1260D+01  0.117956589761359E+01  0.956151031424675E+00    0.511608969871432E+00 -0.414708025400149E+00
  0.00000000  0.00000000  0.01500000    0.1299D+01  0.118503439401130E+01  0.902726009092488E+00    0.533986710130660E+00 -0.406776119056745E+00
  0.00000000  0.00000000  0.01500000    0.1338D+01  0.127720895450587E+01  0.868567431360435E+00    0.535366514321921E+00 -0.364076619209799E+00
  0.00000000  0.00000000  0.01500000    0.1379D+01  0.117697363286230E+01  0.111028330465183E+01    0.449570456093767E+00 -0.424096647306980E+00
  0.00000000  0.00000000  0.01500000    0.1421D+01  0.988413576069318E+00  0.854767216440654E+00    0.578835965913625E+00 -0.500569821518749E+00
  0.00000000  0.00000000  0.01500000    0.1464D+01  0.107810971906562E+01  0.575329723162200E+00    0.721952570621347E+00 -0.385267626519315E+00
  0.00000000  0.00000000  0.01500000    0.1509D+01  0.130070877181268E+01  0.469281438757553E+00    0.680262686675952E+00 -0.245431305803743E+00
  0.00000000  0.00000000  0.01500000    0.1555D+01  0.145786197359547E+01  0.511855521454542E+00    0.610659236036153E+00 -0.214402534227187E+00
  0.00000000  0.00000000  0.01500000    0.1602D+01  0.171254166083509E+01  0.365170069317761E+00    0.558531941061797E+00 -0.119097334855061E+00
  0.00000000  0.00000000  0.01500000    0.1651D+01  0.204750408031107E+01  0.609347024452581E+00    0.448662132837589E+00 -0.133524000395446E+00
  0.00000000  0.00000000  0.01500000    0.1701D+01  0.220921286956619E+01  0.942642662196373E+00    0.382932492623080E+00 -0.163392359903550E+00
  0.00000000  0.00000000  0.01500000    0.1753D+01  0.224360852740172E+01  0.130220135281807E+01    0.333398617688695E+00 -0.193506186876851E+00
  0.00000000  0.00000000  0.01500000    0.1807D+01  0.215445359165899E+01  0.167757450975755E+01    0.288958533523340E+00 -0.224998798810239E+00
  0.00000000  0.00000000  0.01500000    0.1862D+01  0.197301368519218E+01  0.199713201267252E+01    0.250340535080264E+00 -0.253400724197038E+00
  0.00000000  0.00000000  0.01500000    0.1919D+01  0.173108850829260E+01  0.232825975541455E+01    0.205654475422431E+00 -0.276598819963978E+00
  0.00000000  0.00000000  0.01500000    0.1977D+01  0.132898524110732E+01  0.275852423529303E+01    0.141748480980649E+00 -0.294221943183732E+00
  0.00000000  0.00000000  0.01500000    0.2037D+01  0.160966286210320E+00  0.336402085712720E+01    0.141913711000278E-01 -0.296584269263367E+00
  0.00000000  0.00000000  0.01500000    0.2099D+01 -0.827146704547615E+00  0.202149726021832E+01   -0.173383378147949E+00 -0.423738645111534E+00
  0.00000000  0.00000000  0.01500000    0.2163D+01 -0.754124942189817E+00  0.109034862270758E+01   -0.429073824499953E+00 -0.620374724942648E+00
  0.00000000  0.00000000  0.01500000    0.2229D+01 -0.373748321881384E+00  0.540288210301403E+00   -0.865961656073785E+00 -0.125182869315526E+01
  0.00000000  0.00000000  0.01500000    0.2297D+01  0.683635820843931E-02  0.402046599859798E+00    0.422811190219446E-01 -0.248655492043343E+01
  0.00000000  0.00000000  0.01500000    0.2367D+01  0.254422621260206E+00  0.385219733180933E+00    0.119377119678701E+01 -0.180748166034756E+01
  0.00000000  0.00000000  0.01500000    0.2439D+01  0.310526092552831E+00  0.502653486617519E+00    0.889537876728904E+00 -0.143990899940254E+01
  0.00000000  0.00000000  0.01500000    0.2513D+01  0.283957154930253E+00  0.373595425594018E+00    0.128951153194195E+01 -0.169657851975091E+01
  0.00000000  0.00000000  0.01500000    0.2590D+01  0.342406549845250E+00  0.251338377946263E+00    0.189790160170302E+01 -0.139312612533036E+01
  0.00000000  0.00000000  0.01500000    0.2669D+01  0.467986202700149E+00  0.126493561614159E+00    0.199133144718395E+01 -0.538243661149063E+00
  0.00000000  0.00000000  0.01500000    0.2750D+01  0.586479224481793E+00  0.140484105335927E+00    0.161256376331308E+01 -0.386270422087571E+00
  0.00000000  0.00000000  0.01500000    0.2834D+01  0.668680478611069E+00  0.104494725852293E+00    0.145983297230791E+01 -0.228128158531422E+00
  0.00000000  0.00000000  0.01500000    0.2920D+01  0.760956522006132E+00  0.114527151751495E+00    0.128502770402032E+01 -0.193402065173475E+00
  0.00000000  0.00000000  0.01500000    0.3009D+01  0.817637683014285E+00  0.153255412617279E+00    0.118152558390314E+01 -0.221461406000027E+00
  0.00000000  0.00000000  0.01500000    0.3101D+01  0.852927375184228E+00  0.167400314629312E+00    0.112894556514399E+01 -0.221573194040876E+00
  0.00000000  0.00000000  0.01500000    0.3195D+01  0.882261044593649E+00  0.196510102421873E+00    0.107987786026144E+01 -0.240526214121612E+00
  0.00000000  0.00000000  0.01500000    0.3293D+01  0.860259804614975E+00  0.242288209926402E+00    0.107700689500070E+01 -0.303334029171459E+00
  0.00000000  0.00000000  0.01500000    0.3393D+01  0.848459859319393E+00  0.172166324951376E+00    0.113199617534115E+01 -0.229700461638615E+00
  0.00000000  0.00000000  0.01500000    0.3496D+01  0.892875277777980E+00  0.146497077085092E+00    0.109061773686168E+01 -0.178941353449729E+00
  0.00000000  0.00000000  0.01500000    0.3603D+01  0.940242914526080E+00  0.143563027351824E+00    0.103932477938998E+01 -0.158691556645442E+00
  0.00000000  0.00000000  0.01500000    0.3713D+01  0.966179459996832E+00  0.169961377122815E+00    0.100393794913224E+01 -0.176603502190918E+00
  0.00000000  0.00000000  0.01500000    0.3826D+01  0.987683656888551E+00  0.160981926327956E+00    0.986269162783515E+00 -0.160751378840185E+00
  0.00000000  0.00000000  0.01500000    0.3942D+01  0.101740251343540E+01  0.184025332433331E+00    0.951756803617092E+00 -0.172151493502715E+00
  0.00000000  0.00000000  0.01500000    0.4062D+01  0.100138413290210E+01  0.225892551577650E+00    0.950262277816078E+00 -0.214360467228263E+00
  0.00000000  0.00000000  0.01500000    0.4186D+01  0.100765014570074E+01  0.161848530819302E+00    0.967448999215583E+00 -0.155391432069666E+00
  0.00000000  0.00000000  0.01500000    0.4313D+01  0.105585205444389E+01  0.177681403907347E+00    0.921020025752432E+00 -0.154991535522148E+00
  0.00000000  0.00000000  0.01500000    0.4445D+01  0.111618609182144E+01  0.179302905522053E+00    0.873370749487349E+00 -0.140297316127199E+00
  0.00000000  0.00000000  0.01500000    0.4580D+01  0.113802771039489E+01  0.302694245620079E+00    0.820655060130960E+00 -0.218279012076469E+00
  0.00000000  0.00000000  0.01500000    0.4720D+01  0.102729993881882E+01  0.381257752278732E+00    0.855582311833541E+00 -0.317528870364925E+00
  0.00000000  0.00000000  0.01500000    0.4863D+01  0.100758786014514E+01  0.199842730288103E+00    0.954905338473973E+00 -0.189393796368124E+00
  0.00000000  0.00000000  0.01500000    0.5012D+01  0.116514293716723E+01  0.194788928802959E+00    0.834928181220779E+00 -0.139583531650465E+00
  0.00000000  0.00000000  0.01500000    0.5164D+01  0.128606792854462E+01  0.392305949750477E+00    0.711370066907813E+00 -0.216998420945110E+00
  0.00000000  0.00000000  0.01500000    0.5322D+01  0.100251189657193E+01  0.820378347091521E+00    0.597426451760640E+00 -0.488887689692349E+00
  0.00000000  0.00000000  0.01500000    0.5484D+01  0.750936972442083E+00  0.389118394614559E+00    0.104979245322660E+01 -0.543978481642174E+00
  0.00000000  0.00000000  0.01500000    0.5651D+01  0.845740908681793E+00  0.335877109770063E+00    0.102131382745656E+01 -0.405604048489248E+00
  0.00000000  0.00000000  0.01500000    0.5823D+01  0.879554161593165E+00  0.346553441943643E+00    0.984155292575831E+00 -0.387767370040556E+00
  0.00000000  0.00000000  0.01500000    0.6000D+01  0.813294611756325E+00  0.417589048819847E+00    0.973039779092529E+00 -0.499610780572669E+00
  0.00000000  0.00000000  0.01500000    0.6183D+01  0.745619588732111E+00  0.294159360508053E+00    0.116053660984382E+01 -0.457851043825639E+00
  0.00000000  0.00000000  0.01500000    0.6371D+01  0.759562191639043E+00  0.234235504792919E+00    0.120221746727709E+01 -0.370742538818120E+00
  0.00000000  0.00000000  0.01500000    0.6565D+01  0.808422325158221E+00  0.163910358361504E+00    0.118813428695355E+01 -0.240898241792161E+00
  0.00000000  0.00000000  0.01500000    0.6765D+01  0.883964048615016E+00  0.183195089003851E+00    0.108468117659304E+01 -0.224792246922369E+00
  0.00000000  0.00000000  0.01500000    0.6971D+01  0.851512590022044E+00  0.301962223754029E+00    0.104319449174275E+01 -0.369936196159402E+00
  0.00000000  0.00000000  0.01500000    0.7184D+01  0.774224923994923E+00  0.238510613257704E+00    0.117966067977783E+01 -0.363410662005056E+00
  0.00000000  0.00000000  0.01500000    0.7402D+01  0.775867906122315E+00  0.183788702128783E+00    0.122039916126028E+01 -0.289089903264696E+00
  0.00000000  0.00000000  0.01500000    0.7628D+01  0.776869116424877E+00  0.187139857599097E+00    0.121662019682432E+01 -0.293071413925752E+00
  0.00000000  0.00000000  0.01500000    0.7860D+01  0.745468050971928E+00  0.167833191366155E+00    0.127672556669291E+01 -0.287439449722175E+00
  0.00000000  0.00000000  0.01500000    0.8100D+01  0.735686565547091E+00  0.992224404223748E-01    0.133499094863409E+01 -0.180050942981066E+00
  0.00000000  0.00000000  0.01500000    0.8346D+01  0.758938718965911E+00  0.573418614322505E-01    0.131015030760795E+01 -0.989888320583229E-01
  0.00000000  0.00000000  0.01500000    0.8600D+01  0.785172187236556E+00  0.308113189631666E-01    0.127164778640516E+01 -0.499013416326345E-01
  0.00000000  0.00000000  0.01500000    0.8862D+01  0.813268663572945E+00  0.105856316715056E-01    0.122939768021154E+01 -0.160020318050230E-01
  0.00000000  0.00000000  0.01500000    0.9132D+01  0.839103134762073E+00  0.492068260692941E-02    0.119170763487700E+01 -0.698843180123141E-02
  0.00000000  0.00000000  0.01500000    0.9410D+01  0.858671303761121E+00  0.109869244270677E-02    0.116458807745780E+01 -0.149012097407327E-02
  0.00000000  0.00000000  0.01500000    0.9697D+01  0.874932248315481E+00  0.684392518640537E-05    0.114294564163582E+01 -0.894038878843924E-05
  0.00000000  0.00000000  0.01500000    0.9992D+01  0.887853390358366E+00  0.300929295708929E-10    0.112631208131825E+01 -0.381752556289449E-10
  0.00000000  0.00000000  0.01500000    0.1030D+02  0.898373307851193E+00 -0.187482616996614E-17    0.111312300940005E+01  0.232298993099688E-17
  0.00000000  0.00000000  0.01500000    0.1061D+02  0.907332524205656E+00 -0.159364321533944E-17    0.110213176902864E+01  0.193578954712356E-17
  0.00000000  0.00000000  0.01500000    0.1093D+02  0.915118698301186E+00 -0.136612215389400E-17    0.109275441738475E+01  0.163130315348831E-17
