 q(1:3)   w(Ry)   eps    epsi  --- NO LFC
  0.00000000  0.00000000  0.03500000    0.0000D+00  0.387972105034263E+01 -0.522833827205189E-17    0.257750489538851E+00  0.347346299285377E-18
  0.00000000  0.00000000  0.03500000    0.1015D-04  0.387972105118698E+01 -0.522833827583010E-17    0.257750489482757E+00  0.347346299385197E-18
  0.00000000  0.00000000  0.03500000    0.3076D-04  0.387972105809671E+01 -0.522833830675082E-17    0.257750489023707E+00  0.347346300202186E-18
  0.00000000  0.00000000  0.03500000    0.5200D-04  0.387972107250009E+01 -0.522833837120500E-17    0.257750488066814E+00  0.347346301905189E-18
  0.00000000  0.00000000  0.03500000    0.7389D-04  0.387972109507570E+01 -0.522833847222885E-17    0.257750486566996E+00  0.347346304574411E-18
  0.00000000  0.00000000  0.03500000    0.9644D-04  0.387972112655063E+01 -0.522833861307674E-17    0.257750484475949E+00  0.347346308295867E-18
  0.00000000  0.00000000  0.03500000    0.1197D-03  0.387972116770369E+01 -0.522833879723385E-17    0.257750481741933E+00  0.347346313161643E-18
  0.00000000  0.00000000  0.03500000    0.1436D-03  0.387972121936885E+01 -0.522833902843135E-17    0.257750478309542E+00  0.347346319270294E-18
  0.00000000  0.00000000  0.03500000    0.1683D-03  0.387972128243875E+01 -0.522833931066446E-17    0.257750474119474E+00  0.347346326727407E-18
  0.00000000  0.00000000  0.03500000    0.1937D-03  0.387972135786866E+01 -0.522833964820670E-17    0.257750469108265E+00  0.347346335645849E-18
  0.00000000  0.00000000  0.03500000    0.2199D-03  0.387972144668052E+01 -0.522834004563342E-17    0.257750463208021E+00  0.347346346146595E-18
  0.00000000  0.00000000  0.03500000    0.2469D-03  0.387972154996733E+01 -0.522834050783337E-17    0.257750456346131E+00  0.347346358358723E-18
  0.00000000  0.00000000  0.03500000    0.2748D-03  0.387972166889778E+01 -0.522834104003782E-17    0.257750448444952E+00  0.347346372420511E-18
  0.00000000  0.00000000  0.03500000    0.3034D-03  0.387972180472108E+01 -0.522834164783677E-17    0.257750439421491E+00  0.347346388479648E-18
  0.00000000  0.00000000  0.03500000    0.3330D-03  0.387972195877234E+01 -0.522834233720414E-17    0.257750429187052E+00  0.347346406693954E-18
  0.00000000  0.00000000  0.03500000    0.3634D-03  0.387972213247809E+01 -0.522834311452373E-17    0.257750417646861E+00  0.347346427232103E-18
  0.00000000  0.00000000  0.03500000    0.3948D-03  0.387972232736214E+01 -0.522834398661501E-17    0.257750404699686E+00  0.347346450274301E-18
  0.00000000  0.00000000  0.03500000    0.4271D-03  0.387972254505196E+01 -0.522834496075995E-17    0.257750390237405E+00  0.347346476012913E-18
  0.00000000  0.00000000  0.03500000    0.4604D-03  0.387972278728533E+01 -0.522834604473571E-17    0.257750374144568E+00  0.347346504653450E-18
  0.00000000  0.00000000  0.03500000    0.4948D-03  0.387972305591743E+01 -0.522834724684325E-17    0.257750356297927E+00  0.347346536415205E-18
  0.00000000  0.00000000  0.03500000    0.5301D-03  0.387972335292850E+01 -0.522834857594452E-17    0.257750336565925E+00  0.347346571532342E-18
  0.00000000  0.00000000  0.03500000    0.5666D-03  0.387972368043181E+01 -0.522835004149622E-17    0.257750314808167E+00  0.347346610254717E-18
  0.00000000  0.00000000  0.03500000    0.6041D-03  0.387972404068219E+01 -0.522835165358915E-17    0.257750290874854E+00  0.347346652848967E-18
  0.00000000  0.00000000  0.03500000    0.6428D-03  0.387972443608519E+01 -0.522835342298669E-17    0.257750264606175E+00  0.347346699599423E-18
  0.00000000  0.00000000  0.03500000    0.6827D-03  0.387972486920667E+01 -0.522835536117195E-17    0.257750235831666E+00  0.347346750809520E-18
  0.00000000  0.00000000  0.03500000    0.7238D-03  0.387972534278317E+01 -0.522835748039024E-17    0.257750204369528E+00  0.347346806802775E-18
  0.00000000  0.00000000  0.03500000    0.7662D-03  0.387972585973268E+01 -0.522835979369996E-17    0.257750170025905E+00  0.347346867924226E-18
  0.00000000  0.00000000  0.03500000    0.8098D-03  0.387972642316638E+01 -0.522836231502296E-17    0.257750132594109E+00  0.347346934541683E-18
  0.00000000  0.00000000  0.03500000    0.8548D-03  0.387972703640086E+01 -0.522836505919990E-17    0.257750091853802E+00  0.347347007047210E-18
  0.00000000  0.00000000  0.03500000    0.9011D-03  0.387972770297135E+01 -0.522836804205167E-17    0.257750047570125E+00  0.347347085858848E-18
  0.00000000  0.00000000  0.03500000    0.9488D-03  0.387972842664550E+01 -0.522837128043929E-17    0.257749999492779E+00  0.347347171422115E-18
  0.00000000  0.00000000  0.03500000    0.9980D-03  0.387972921143827E+01 -0.522837479232717E-17    0.257749947355034E+00  0.347347264211549E-18
  0.00000000  0.00000000  0.03500000    0.1049D-02  0.387973006162767E+01 -0.522837859686044E-17    0.257749890872683E+00  0.347347364733021E-18
  0.00000000  0.00000000  0.03500000    0.1101D-02  0.387973098177140E+01 -0.522838271443457E-17    0.257749829742943E+00  0.347347473525384E-18
  0.00000000  0.00000000  0.03500000    0.1155D-02  0.387973197672473E+01 -0.522838716677585E-17    0.257749763643261E+00  0.347347591162622E-18
  0.00000000  0.00000000  0.03500000    0.1210D-02  0.387973305165927E+01 -0.522839197702749E-17    0.257749692230068E+00  0.347347718256195E-18
  0.00000000  0.00000000  0.03500000    0.1267D-02  0.387973421208303E+01 -0.522839716983771E-17    0.257749615137450E+00  0.347347855457311E-18
  0.00000000  0.00000000  0.03500000    0.1326D-02  0.387973546386185E+01 -0.522840277145527E-17    0.257749531975721E+00  0.347348003459431E-18
  0.00000000  0.00000000  0.03500000    0.1387D-02  0.387973681324190E+01 -0.522840880983163E-17    0.257749442329930E+00  0.347348163001018E-18
  0.00000000  0.00000000  0.03500000    0.1450D-02  0.387973826687388E+01 -0.522841531472849E-17    0.257749345758253E+00  0.347348334868360E-18
  0.00000000  0.00000000  0.03500000    0.1514D-02  0.387973983183846E+01 -0.522842231783151E-17    0.257749241790303E+00  0.347348519898558E-18
  0.00000000  0.00000000  0.03500000    0.1580D-02  0.387974151567359E+01 -0.522842985287173E-17    0.257749129925317E+00  0.347348718982706E-18
  0.00000000  0.00000000  0.03500000    0.1649D-02  0.387974332640321E+01 -0.522843795575737E-17    0.257749009630250E+00  0.347348933069502E-18
  0.00000000  0.00000000  0.03500000    0.1719D-02  0.387974527256808E+01 -0.522844666470690E-17    0.257748880337724E+00  0.347349163168563E-18
  0.00000000  0.00000000  0.03500000    0.1792D-02  0.387974736325825E+01 -0.522845602039820E-17    0.257748741443873E+00  0.347349410354525E-18
  0.00000000  0.00000000  0.03500000    0.1867D-02  0.387974960814776E+01 -0.522846606612177E-17    0.257748592306041E+00  0.347349675771000E-18
  0.00000000  0.00000000  0.03500000    0.1944D-02  0.387975201753143E+01 -0.522847684794731E-17    0.257748432240335E+00  0.347349960635052E-18
  0.00000000  0.00000000  0.03500000    0.2024D-02  0.387975460236380E+01 -0.522848841489558E-17    0.257748260519038E+00  0.347350266241635E-18
  0.00000000  0.00000000  0.03500000    0.2106D-02  0.387975737430087E+01 -0.522850081912739E-17    0.257748076367842E+00  0.347350593968680E-18
  0.00000000  0.00000000  0.03500000    0.2190D-02  0.387976034574410E+01 -0.522851411613778E-17    0.257747878962924E+00  0.347350945282099E-18
  0.00000000  0.00000000  0.03500000    0.2277D-02  0.387976352988723E+01 -0.522852836496930E-17    0.257747667427831E+00  0.347351321741574E-18
  0.00000000  0.00000000  0.03500000    0.2367D-02  0.387976694076618E+01 -0.522854362843232E-17    0.257747440830175E+00  0.347351725006248E-18
  0.00000000  0.00000000  0.03500000    0.2459D-02  0.387977059331190E+01 -0.522855997334250E-17    0.257747198178119E+00  0.347352156841030E-18
  0.00000000  0.00000000  0.03500000    0.2554D-02  0.387977450340654E+01 -0.522857747077218E-17    0.257746938416646E+00  0.347352619123227E-18
  0.00000000  0.00000000  0.03500000    0.2652D-02  0.387977868794321E+01 -0.522859619631861E-17    0.257746660423595E+00  0.347353113849663E-18
  0.00000000  0.00000000  0.03500000    0.2753D-02  0.387978316488934E+01 -0.522861623038442E-17    0.257746363005450E+00  0.347353643143943E-18
  0.00000000  0.00000000  0.03500000    0.2858D-02  0.387978795335410E+01 -0.522863765848439E-17    0.257746044892864E+00  0.347354209264756E-18
  0.00000000  0.00000000  0.03500000    0.2965D-02  0.387979307365999E+01 -0.522866057156297E-17    0.257745704735911E+00  0.347354814614135E-18
  0.00000000  0.00000000  0.03500000    0.3075D-02  0.387979854741884E+01 -0.522868506633126E-17    0.257745341099032E+00  0.347355461746215E-18
  0.00000000  0.00000000  0.03500000    0.3189D-02  0.387980439761263E+01 -0.522871124563592E-17    0.257744952455678E+00  0.347356153377260E-18
  0.00000000  0.00000000  0.03500000    0.3307D-02  0.387981064867923E+01 -0.522873921883680E-17    0.257744537182613E+00  0.347356892395367E-18
  0.00000000  0.00000000  0.03500000    0.3428D-02  0.387981732660369E+01 -0.522876910221746E-17    0.257744093553853E+00  0.347357681871369E-18
  0.00000000  0.00000000  0.03500000    0.3553D-02  0.387982445901498E+01 -0.522880101941968E-17    0.257743619734250E+00  0.347358525070363E-18
  0.00000000  0.00000000  0.03500000    0.3681D-02  0.387983207528888E+01 -0.522883510190043E-17    0.257743113772661E+00  0.347359425463604E-18
  0.00000000  0.00000000  0.03500000    0.3813D-02  0.387984020665731E+01 -0.522887148942675E-17    0.257742573594688E+00  0.347360386741768E-18
  0.00000000  0.00000000  0.03500000    0.3950D-02  0.387984888632437E+01 -0.522891033058834E-17    0.257741996994982E+00  0.347361412828195E-18
  0.00000000  0.00000000  0.03500000    0.4090D-02  0.387985814958976E+01 -0.522895178335414E-17    0.257741381629052E+00  0.347362507893721E-18
  0.00000000  0.00000000  0.03500000    0.4235D-02  0.387986803397974E+01 -0.522899601565863E-17    0.257740725004572E+00  0.347363676372120E-18
  0.00000000  0.00000000  0.03500000    0.4385D-02  0.387987857938630E+01 -0.522904320602304E-17    0.257740024472151E+00  0.347364922976403E-18
  0.00000000  0.00000000  0.03500000    0.4538D-02  0.387988982821506E+01 -0.522909354421697E-17    0.257739277215521E+00  0.347366252716216E-18
  0.00000000  0.00000000  0.03500000    0.4697D-02  0.387990182554230E+01 -0.522914723196352E-17    0.257738480241115E+00  0.347367670916502E-18
  0.00000000  0.00000000  0.03500000    0.4860D-02  0.387991461928190E+01 -0.522920448368471E-17    0.257737630367000E+00  0.347369183237036E-18
  0.00000000  0.00000000  0.03500000    0.5029D-02  0.387992826036256E+01 -0.522926552729541E-17    0.257736724211121E+00  0.347370795693351E-18
  0.00000000  0.00000000  0.03500000    0.5202D-02  0.387994280291607E+01 -0.522933060504570E-17    0.257735758178812E+00  0.347372514678865E-18
  0.00000000  0.00000000  0.03500000    0.5381D-02  0.387995830447750E+01 -0.522939997441546E-17    0.257734728449528E+00  0.347374346988360E-18
  0.00000000  0.00000000  0.03500000    0.5565D-02  0.387997482619760E+01 -0.522947390906965E-17    0.257733630962757E+00  0.347376299843261E-18
  0.00000000  0.00000000  0.03500000    0.5755D-02  0.387999243306875E+01 -0.522955269986449E-17    0.257732461403045E+00  0.347378380917871E-18
  0.00000000  0.00000000  0.03500000    0.5950D-02  0.388001119416470E+01 -0.522963665592299E-17    0.257731215184106E+00  0.347380598367717E-18
  0.00000000  0.00000000  0.03500000    0.6152D-02  0.388003118289553E+01 -0.522972610577694E-17    0.257729887431919E+00  0.347382960859556E-18
  0.00000000  0.00000000  0.03500000    0.6360D-02  0.388005247727843E+01 -0.522982139857723E-17    0.257728472966795E+00  0.347385477603079E-18
  0.00000000  0.00000000  0.03500000    0.6574D-02  0.388007516022526E+01 -0.522992290538362E-17    0.257726966284319E+00  0.347388158384834E-18
  0.00000000  0.00000000  0.03500000    0.6794D-02  0.388009931984833E+01 -0.523003102053013E-17    0.257725361535098E+00  0.347391013603898E-18
  0.00000000  0.00000000  0.03500000    0.7021D-02  0.388012504978510E+01 -0.523014616308163E-17    0.257723652503258E+00  0.347394054310170E-18
  0.00000000  0.00000000  0.03500000    0.7255D-02  0.388015244954313E+01 -0.523026877837871E-17    0.257721832583600E+00  0.347397292244862E-18
  0.00000000  0.00000000  0.03500000    0.7497D-02  0.388018162486688E+01 -0.523039933967434E-17    0.257719894757325E+00  0.347400739883123E-18
  0.00000000  0.00000000  0.03500000    0.7745D-02  0.388021268812712E+01 -0.523053834988493E-17    0.257717831566257E+00  0.347404410480174E-18
  0.00000000  0.00000000  0.03500000    0.8001D-02  0.388024575873489E+01 -0.523068634343903E-17    0.257715635085454E+00  0.347408318119446E-18
  0.00000000  0.00000000  0.03500000    0.8265D-02  0.388028096358140E+01 -0.523084388824700E-17    0.257713296894106E+00  0.347412477764058E-18
  0.00000000  0.00000000  0.03500000    0.8537D-02  0.388031843750543E+01 -0.523101158779682E-17    0.257710808044630E+00  0.347416905311667E-18
  0.00000000  0.00000000  0.03500000    0.8818D-02  0.388035832379002E+01 -0.523119008337449E-17    0.257708159029829E+00  0.347421617652259E-18
  0.00000000  0.00000000  0.03500000    0.9107D-02  0.388040077469035E+01 -0.523138005643081E-17    0.257705339748006E+00  0.347426632729972E-18
  0.00000000  0.00000000  0.03500000    0.9404D-02  0.388044595199481E+01 -0.523158223109211E-17    0.257702339465889E+00  0.347431969608429E-18
  0.00000000  0.00000000  0.03500000    0.9711D-02  0.388049402762116E+01 -0.523179737683117E-17    0.257699146779264E+00  0.347437648540302E-18
  0.00000000  0.00000000  0.03500000    0.1003D-01  0.388054518425034E+01 -0.523202631130472E-17    0.257695749571122E+00  0.347443691041048E-18
  0.00000000  0.00000000  0.03500000    0.1035D-01  0.388059961600004E+01 -0.523226990337374E-17    0.257692134967213E+00  0.347450119967507E-18
  0.00000000  0.00000000  0.03500000    0.1069D-01  0.388065752914075E+01 -0.523252907630265E-17    0.257688289288805E+00  0.347456959600584E-18
  0.00000000  0.00000000  0.03500000    0.1103D-01  0.388071914285691E+01 -0.523280481117926E-17    0.257684198002492E+00  0.347464235734316E-18
  0.00000000  0.00000000  0.03500000    0.1139D-01  0.388078469005609E+01 -0.523309815053082E-17    0.257679845666869E+00  0.347471975769124E-18
  0.00000000  0.00000000  0.03500000    0.1176D-01  0.388085441822932E+01 -0.523341020218398E-17    0.257675215875854E+00  0.347480208811835E-18
  0.00000000  0.00000000  0.03500000    0.1214D-01  0.388092859036569E+01 -0.523374214335868E-17    0.257670291198471E+00  0.347488965781220E-18
  0.00000000  0.00000000  0.03500000    0.1253D-01  0.388100748592508E+01 -0.523409522502935E-17    0.257665053114846E+00  0.347498279520552E-18
  0.00000000  0.00000000  0.03500000    0.1293D-01  0.388109140187234E+01 -0.523447077655611E-17    0.257659481948189E+00  0.347508184916678E-18
  0.00000000  0.00000000  0.03500000    0.1334D-01  0.388118065377721E+01 -0.523487021061629E-17    0.257653556792516E+00  0.347518719026857E-18
  0.00000000  0.00000000  0.03500000    0.1377D-01  0.388127557698415E+01 -0.523529502844632E-17    0.257647255435808E+00  0.347529921213176E-18
  0.00000000  0.00000000  0.03500000    0.1421D-01  0.388137652785666E+01 -0.523574682541733E-17    0.257640554278359E+00  0.347541833285260E-18
  0.00000000  0.00000000  0.03500000    0.1466D-01  0.388148388510095E+01 -0.523622729697150E-17    0.257633428245959E+00  0.347554499652072E-18
  0.00000000  0.00000000  0.03500000    0.1513D-01  0.388159805117416E+01 -0.523673824493334E-17    0.257625850697629E+00  0.347567967482790E-18
  0.00000000  0.00000000  0.03500000    0.1561D-01  0.388171945378270E+01 -0.523728158422556E-17    0.257617793327519E+00  0.347582286877596E-18
  0.00000000  0.00000000  0.03500000    0.1610D-01  0.388184854747670E+01 -0.523785935002306E-17    0.257609226060616E+00  0.347597511049445E-18
  0.00000000  0.00000000  0.03500000    0.1662D-01  0.388198581534691E+01 -0.523847370535851E-17    0.257600116941859E+00  0.347613696516460E-18
  0.00000000  0.00000000  0.03500000    0.1714D-01  0.388213177083089E+01 -0.523912694922463E-17    0.257590432018224E+00  0.347630903306574E-18
  0.00000000  0.00000000  0.03500000    0.1768D-01  0.388228695963578E+01 -0.523982152520056E-17    0.257580135213347E+00  0.347649195174792E-18
  0.00000000  0.00000000  0.03500000    0.1824D-01  0.388245196178546E+01 -0.524056003063331E-17    0.257569188194185E+00  0.347668639833567E-18
  0.00000000  0.00000000  0.03500000    0.1882D-01  0.388262739380062E+01 -0.524134522642207E-17    0.257557550229182E+00  0.347689309197721E-18
  0.00000000  0.00000000  0.03500000    0.1941D-01  0.388281391102065E+01 -0.524218004743689E-17    0.257545178037424E+00  0.347711279644220E-18
  0.00000000  0.00000000  0.03500000    0.2002D-01  0.388301221007692E+01 -0.524306761361996E-17    0.257532025628163E+00  0.347734632288015E-18
  0.00000000  0.00000000  0.03500000    0.2065D-01  0.388322303152811E+01 -0.524401124181784E-17    0.257518044130081E+00  0.347759453274996E-18
  0.00000000  0.00000000  0.03500000    0.2130D-01  0.388344716266849E+01 -0.524501445838841E-17    0.257503181609623E+00  0.347785834092673E-18
  0.00000000  0.00000000  0.03500000    0.2197D-01  0.388368544052132E+01 -0.524608101264591E-17    0.257487382877684E+00  0.347813871900290E-18
  0.00000000  0.00000000  0.03500000    0.2266D-01  0.388393875503019E+01 -0.524721489119410E-17    0.257470589283849E+00  0.347843669878937E-18
  0.00000000  0.00000000  0.03500000    0.2337D-01  0.388420805246222E+01 -0.524842033321866E-17    0.257452738497387E+00  0.347875337603497E-18
  0.00000000  0.00000000  0.03500000    0.2410D-01  0.388449433903821E+01 -0.524970184679941E-17    0.257433764274090E+00  0.347908991437179E-18
  0.00000000  0.00000000  0.03500000    0.2486D-01  0.388479868480580E+01 -0.525106422631984E-17    0.257413596208008E+00  0.347944754950353E-18
  0.00000000  0.00000000  0.03500000    0.2564D-01  0.388512222777311E+01 -0.525251257105200E-17    0.257392159467061E+00  0.347982759365046E-18
  0.00000000  0.00000000  0.03500000    0.2644D-01  0.388546617832171E+01 -0.525405230500175E-17    0.257369374511436E+00  0.348023144026634E-18
  0.00000000  0.00000000  0.03500000    0.2726D-01  0.388583182391933E+01 -0.525568919811258E-17    0.257345156793579E+00  0.348066056904752E-18
  0.00000000  0.00000000  0.03500000    0.2811D-01  0.388622053415445E+01 -0.525742938891279E-17    0.257319416438516E+00  0.348111655124092E-18
  0.00000000  0.00000000  0.03500000    0.2899D-01  0.388663376611640E+01 -0.525927940873748E-17    0.257292057903160E+00  0.348160105528516E-18
  0.00000000  0.00000000  0.03500000    0.2989D-01  0.388707307014717E+01 -0.526124620762660E-17    0.257262979613125E+00  0.348211585279261E-18
  0.00000000  0.00000000  0.03500000    0.3082D-01  0.388754009599294E+01 -0.526333718202187E-17    0.257232073575459E+00  0.348266282488976E-18
  0.00000000  0.00000000  0.03500000    0.3178D-01  0.388803659938574E+01 -0.526556020443212E-17    0.257199224965626E+00  0.348324396895787E-18
  0.00000000  0.00000000  0.03500000    0.3277D-01  0.388856444908888E+01 -0.526792365517700E-17    0.257164311686877E+00  0.348386140576899E-18
  0.00000000  0.00000000  0.03500000    0.3379D-01  0.388912563444176E+01 -0.527043645641122E-17    0.257127203900046E+00  0.348451738706662E-18
  0.00000000  0.00000000  0.03500000    0.3484D-01  0.388972227344425E+01 -0.527310810857965E-17    0.257087763521616E+00  0.348521430359615E-18
  0.00000000  0.00000000  0.03500000    0.3592D-01  0.389035662142301E+01 -0.527594872952707E-17    0.257045843687775E+00  0.348595469363084E-18
  0.00000000  0.00000000  0.03500000    0.3703D-01  0.389103108032733E+01 -0.527896909645326E-17    0.257001288181917E+00  0.348674125200482E-18
  0.00000000  0.00000000  0.03500000    0.3818D-01  0.389174820870595E+01 -0.528218069096914E-17    0.256953930822907E+00  0.348757683969665E-18
  0.00000000  0.00000000  0.03500000    0.3936D-01  0.389251073242118E+01 -0.528559574749423E-17    0.256903594811154E+00  0.348846449398277E-18
  0.00000000  0.00000000  0.03500000    0.4058D-01  0.389332155616253E+01 -0.528922730529772E-17    0.256850092029299E+00  0.348940743920636E-18
  0.00000000  0.00000000  0.03500000    0.4184D-01  0.389418377582783E+01 -0.529308926447421E-17    0.256793222294040E+00  0.349040909818227E-18
  0.00000000  0.00000000  0.03500000    0.4313D-01  0.389510069184701E+01 -0.529719644621853E-17    0.256732772555313E+00  0.349147310428823E-18
  0.00000000  0.00000000  0.03500000    0.4447D-01  0.389607582353114E+01 -0.530156465776197E-17    0.256668516038702E+00  0.349260331426945E-18
  0.00000000  0.00000000  0.03500000    0.4584D-01  0.389711292453803E+01 -0.530621076238982E-17    0.256600211326579E+00  0.349380382179713E-18
  0.00000000  0.00000000  0.03500000    0.4726D-01  0.389821599955526E+01 -0.531115275502034E-17    0.256527601373061E+00  0.349507897183413E-18
  0.00000000  0.00000000  0.03500000    0.4872D-01  0.389938932231289E+01 -0.531640984382098E-17    0.256450412447367E+00  0.349643337582524E-18
  0.00000000  0.00000000  0.03500000    0.5022D-01  0.390063745504937E+01 -0.532200253847536E-17    0.256368352999713E+00  0.349787192778712E-18
  0.00000000  0.00000000  0.03500000    0.5177D-01  0.390196526956921E+01 -0.532795274568549E-17    0.256281112443218E+00  0.349939982131088E-18
  0.00000000  0.00000000  0.03500000    0.5337D-01  0.390337797004562E+01 -0.533428387265377E-17    0.256188359844720E+00  0.350102256755150E-18
  0.00000000  0.00000000  0.03500000    0.5501D-01  0.390488111773987E+01 -0.534102093929553E-17    0.256089742516616E+00  0.350274601422877E-18
  0.00000000  0.00000000  0.03500000    0.5671D-01  0.390648065782885E+01 -0.534819070007950E-17    0.255984884501074E+00  0.350457636570116E-18
  0.00000000  0.00000000  0.03500000    0.5846D-01  0.390818294855570E+01 -0.535582177646429E-17    0.255873384936997E+00  0.350652020415177E-18
  0.00000000  0.00000000  0.03500000    0.6026D-01  0.390999479294410E+01 -0.536394480103143E-17    0.255754816299137E+00  0.350858451193368E-18
  0.00000000  0.00000000  0.03500000    0.6211D-01  0.391192347334789E+01 -0.537259257455558E-17    0.255628722497524E+00  0.351077669512272E-18
  0.00000000  0.00000000  0.03500000    0.6403D-01  0.391397678914063E+01 -0.538180023739436E-17    0.255494616824124E+00  0.351310460831566E-18
  0.00000000  0.00000000  0.03500000    0.6600D-01  0.391616309789134E+01 -0.539160545676662E-17    0.255351979732011E+00  0.351557658071132E-18
  0.00000000  0.00000000  0.03500000    0.6803D-01  0.391849136041622E+01 -0.540204863169691E-17    0.255200256430776E+00  0.351820144351203E-18
  0.00000000  0.00000000  0.03500000    0.7012D-01  0.392097119015079E+01 -0.541317311763192E-17    0.255038854279759E+00  0.352098855866815E-18
  0.00000000  0.00000000  0.03500000    0.7227D-01  0.392361290734670E+01 -0.542502547300027E-17    0.254867139958574E+00  0.352394784897626E-18
  0.00000000  0.00000000  0.03500000    0.7450D-01  0.392642759866949E+01 -0.543765573032961E-17    0.254684436391711E+00  0.352708982954490E-18
  0.00000000  0.00000000  0.03500000    0.7678D-01  0.392942718285584E+01 -0.545111769486254E-17    0.254490019401051E+00  0.353042564060125E-18
  0.00000000  0.00000000  0.03500000    0.7914D-01  0.393262448318585E+01 -0.546546927407011E-17    0.254283114056670E+00  0.353396708161092E-18
  0.00000000  0.00000000  0.03500000    0.8157D-01  0.393603330763961E+01 -0.548077284194247E-17    0.254062890692276E+00  0.353772664664432E-18
  0.00000000  0.00000000  0.03500000    0.8408D-01  0.393966853774059E+01 -0.549709564251982E-17    0.253828460546963E+00  0.354171756089015E-18
  0.00000000  0.00000000  0.03500000    0.8666D-01  0.394354622724618E+01 -0.551451023780909E-17    0.253578870989503E+00  0.354595381817085E-18
  0.00000000  0.00000000  0.03500000    0.8932D-01  0.394768371203275E+01 -0.553309500604954E-17    0.253313100274965E+00  0.355045021926698E-18
  0.00000000  0.00000000  0.03500000    0.9206D-01  0.395209973274468E+01 -0.555293469720070E-17    0.253030051775923E+00  0.355522241075940E-18
  0.00000000  0.00000000  0.03500000    0.9488D-01  0.395681457204177E+01 -0.557412105371679E-17    0.252728547621575E+00  0.356028692404900E-18
  0.00000000  0.00000000  0.03500000    0.9779D-01  0.396185020859826E+01 -0.559675350594305E-17    0.252407321667472E+00  0.356566121405163E-18
  0.00000000  0.00000000  0.03500000    0.1008D+00  0.396723049038912E+01 -0.562093995313397E-17    0.252065011705916E+00  0.357136369696028E-18
  0.00000000  0.00000000  0.03500000    0.1039D+00  0.397298133026302E+01 -0.564679764295708E-17    0.251700150811884E+00  0.357741378624196E-18
  0.00000000  0.00000000  0.03500000    0.1071D+00  0.397913092736441E+01 -0.567445416473266E-17    0.251311157701050E+00  0.358383192584482E-18
  0.00000000  0.00000000  0.03500000    0.1103D+00  0.398571001865593E+01 -0.570404857438209E-17    0.250896325954295E+00  0.359063961923629E-18
  0.00000000  0.00000000  0.03500000    0.1137D+00  0.399275216563691E+01 -0.573573267254340E-17    0.250453811936129E+00  0.359785945255619E-18
  0.00000000  0.00000000  0.03500000    0.1172D+00  0.400029408239905E+01 -0.576967246141933E-17    0.249981621201280E+00  0.360551510963164E-18
  0.00000000  0.00000000  0.03500000    0.1208D+00  0.400837601245828E+01 -0.580604981107077E-17    0.249477593142943E+00  0.361363137597873E-18
  0.00000000  0.00000000  0.03500000    0.1245D+00  0.401704216342527E+01 -0.584506437218137E-17    0.248939383585487E+00  0.362223412807699E-18
  0.00000000  0.00000000  0.03500000    0.1283D+00  0.402634121062309E+01 -0.588693578014554E-17    0.248364444960999E+00  0.363135030309720E-18
  0.00000000  0.00000000  0.03500000    0.1322D+00  0.403632688335455E+01 -0.593190620517605E-17    0.247750003629268E+00  0.364100784285204E-18
  0.00000000  0.00000000  0.03500000    0.1363D+00  0.404705865083979E+01 -0.598024331543431E-17    0.247093033799373E+00  0.365123560381921E-18
  0.00000000  0.00000000  0.03500000    0.1405D+00  0.405860252912160E+01 -0.603224373582679E-17    0.246390227381155E+00  0.366206322256095E-18
  0.00000000  0.00000000  0.03500000    0.1448D+00  0.407103203579900E+01 -0.608823710507539E-17    0.245637958926977E+00  0.367352092246725E-18
  0.00000000  0.00000000  0.03500000    0.1492D+00  0.408442932675738E+01 -0.614859085928157E-17    0.244832244604878E+00  0.368563924309606E-18
  0.00000000  0.00000000  0.03500000    0.1537D+00  0.409888655875743E+01 -0.621371590351231E-17    0.243968693855033E+00  0.369844866705875E-18
  0.00000000  0.00000000  0.03500000    0.1585D+00  0.411450753475669E+01 -0.628407337642834E-17    0.243042451995202E+00  0.371197911055770E-18
  0.00000000  0.00000000  0.03500000    0.1633D+00  0.413140970650807E+01 -0.636018277048149E-17    0.242048131519063E+00  0.372625923129752E-18
  0.00000000  0.00000000  0.03500000    0.1683D+00  0.414972663330027E+01 -0.644263174688058E-17    0.240979729116446E+00  0.374131548980026E-18
  0.00000000  0.00000000  0.03500000    0.1734D+00  0.416961102966521E+01 -0.653208808797788E-17    0.239830524450692E+00  0.375717087457829E-18
  0.00000000  0.00000000  0.03500000    0.1787D+00  0.419123858305033E+01 -0.662931437077574E-17    0.238592955324488E+00  0.377384316391585E-18
  0.00000000  0.00000000  0.03500000    0.1842D+00  0.421481279199446E+01 -0.673518614009486E-17    0.237258461846605E+00  0.379134254049113E-18
  0.00000000  0.00000000  0.03500000    0.1898D+00  0.424057117768860E+01 -0.685071463243651E-17    0.235817289251366E+00  0.380966828845074E-18
  0.00000000  0.00000000  0.03500000    0.1956D+00  0.426879337569580E+01 -0.697707548804411E-17    0.234258234585318E+00  0.382880416677770E-18
  0.00000000  0.00000000  0.03500000    0.2016D+00  0.429981185166781E+01 -0.711564544463618E-17    0.232568315660631E+00  0.384871183434546E-18
  0.00000000  0.00000000  0.03500000    0.2078D+00  0.433402636016223E+01 -0.726804981803173E-17    0.230732329916556E+00  0.386932134026358E-18
  0.00000000  0.00000000  0.03500000    0.2141D+00  0.437192387842294E+01 -0.743622477759001E-17    0.228732253307376E+00  0.389051707389713E-18
  0.00000000  0.00000000  0.03500000    0.2207D+00  0.441410678387200E+01 -0.762250023086694E-17    0.226546399750396E+00  0.391211646874727E-18
  0.00000000  0.00000000  0.03500000    0.2274D+00  0.446133387296099E+01 -0.782971187348296E-17    0.224148209588335E+00  0.393383671343327E-18
  0.00000000  0.00000000  0.03500000    0.2343D+00  0.451458220665874E+01 -0.806135512986855E-17    0.221504439220325E+00  0.395524074135526E-18
  0.00000000  0.00000000  0.03500000    0.2415D+00  0.457514442195701E+01 -0.832179993154130E-17    0.218572335159696E+00  0.397564552288110E-18
  0.00000000  0.00000000  0.03500000    0.2489D+00  0.464479019408325E+01 -0.861659382013682E-17    0.215294977429518E+00  0.399395730379556E-18
  0.00000000  0.00000000  0.03500000    0.2565D+00  0.472605299889845E+01 -0.895288884664368E-17    0.211593056665484E+00  0.400835351928808E-18
  0.00000000  0.00000000  0.03500000    0.2643D+00  0.482278788667989E+01 -0.934001423544066E-17    0.207348949092684E+00  0.401560711715760E-18
  0.00000000  0.00000000  0.03500000    0.2724D+00  0.494140647404289E+01 -0.979005270384451E-17    0.202371532326470E+00  0.400944139617186E-18
  0.00000000  0.00000000  0.03500000    0.2807D+00  0.509424444830979E+01 -0.103169755028063E-16    0.196299963644616E+00  0.397550988507280E-18
  0.00000000  0.00000000  0.03500000    0.2893D+00  0.531600439618765E+01 -0.109060144549057E-16    0.188111206363401E+00  0.385918329413020E-18
  0.00000000  0.00000000  0.03500000    0.2981D+00  0.573118085507167E+01  0.379497636546784E-01    0.174476461520680E+00 -0.115531871100439E-02
  0.00000000  0.00000000  0.03500000    0.3072D+00  0.599617216233192E+01  0.661165552484786E+00    0.164769746161438E+00 -0.181682709075581E-01
  0.00000000  0.00000000  0.03500000    0.3166D+00  0.590309823249550E+01  0.106435481368601E+01    0.164068743936079E+00 -0.295823227915284E-01
  0.00000000  0.00000000  0.03500000    0.3262D+00  0.577529389200060E+01  0.129126189135601E+01    0.164907676907172E+00 -0.368706775385448E-01
  0.00000000  0.00000000  0.03500000    0.3362D+00  0.567962071008315E+01  0.146614769264073E+01    0.165068398479334E+00 -0.426110587153685E-01
  0.00000000  0.00000000  0.03500000    0.3464D+00  0.560663341747598E+01  0.160418155249993E+01    0.164863468032827E+00 -0.471710765456971E-01
  0.00000000  0.00000000  0.03500000    0.3570D+00  0.562179406949994E+01  0.169577497857928E+01    0.163044024990939E+00 -0.491810931827823E-01
  0.00000000  0.00000000  0.03500000    0.3679D+00  0.561975133832813E+01  0.199111401900288E+01    0.158097371922445E+00 -0.560149150115141E-01
  0.00000000  0.00000000  0.03500000    0.3791D+00  0.550706809602178E+01  0.221833791073251E+01    0.156234102811540E+00 -0.629336749016204E-01
  0.00000000  0.00000000  0.03500000    0.3907D+00  0.537566950283865E+01  0.239951105927451E+01    0.155117462940373E+00 -0.692390162035601E-01
  0.00000000  0.00000000  0.03500000    0.4026D+00  0.526174062125306E+01  0.253965498560405E+01    0.154141590580213E+00 -0.743986614286489E-01
  0.00000000  0.00000000  0.03500000    0.4149D+00  0.517486226024354E+01  0.270432235736368E+01    0.151788614248699E+00 -0.793229505371781E-01
  0.00000000  0.00000000  0.03500000    0.4276D+00  0.498879463998300E+01  0.296222330729156E+01    0.148198868712265E+00 -0.879968358479495E-01
  0.00000000  0.00000000  0.03500000    0.4406D+00  0.485001055227551E+01  0.295675655692712E+01    0.150317954267473E+00 -0.916397175044692E-01
  0.00000000  0.00000000  0.03500000    0.4540D+00  0.470036256638517E+01  0.326600677816390E+01    0.143477797524118E+00 -0.996943220042226E-01
  0.00000000  0.00000000  0.03500000    0.4679D+00  0.435568789588043E+01  0.337447376609341E+01    0.143472279993235E+00 -0.111152005509091E+00
  0.00000000  0.00000000  0.03500000    0.4822D+00  0.414488399048504E+01  0.321148144965603E+01    0.150757720821884E+00 -0.116808003534798E+00
  0.00000000  0.00000000  0.03500000    0.4969D+00  0.407996665042316E+01  0.321072794417451E+01    0.151362697615646E+00 -0.119114807688388E+00
  0.00000000  0.00000000  0.03500000    0.5120D+00  0.402702680256433E+01  0.320400198068551E+01    0.152063272601420E+00 -0.120985295229281E+00
  0.00000000  0.00000000  0.03500000    0.5276D+00  0.401510209005453E+01  0.324087618374642E+01    0.150805789693785E+00 -0.121726143253065E+00
  0.00000000  0.00000000  0.03500000    0.5437D+00  0.399635149117395E+01  0.333294234479743E+01    0.147579408491820E+00 -0.123080680182627E+00
  0.00000000  0.00000000  0.03500000    0.5603D+00  0.405455091369401E+01  0.334640008789444E+01    0.146703223040463E+00 -0.121080654535357E+00
  0.00000000  0.00000000  0.03500000    0.5774D+00  0.437610902153580E+01  0.348124135429646E+01    0.139948735989314E+00 -0.111330710640416E+00
  0.00000000  0.00000000  0.03500000    0.5950D+00  0.455204644204462E+01  0.437670306478026E+01    0.114153162235970E+00 -0.109756018830976E+00
  0.00000000  0.00000000  0.03500000    0.6131D+00  0.389434158442677E+01  0.550101596196220E+01    0.857273279589816E-01 -0.121095540608090E+00
  0.00000000  0.00000000  0.03500000    0.6318D+00  0.267308307397651E+01  0.575602482088007E+01    0.663671609538961E-01 -0.142910270713616E+00
  0.00000000  0.00000000  0.03500000    0.6511D+00  0.170821892049103E+01  0.515742226763385E+01    0.578723439241370E-01 -0.174727086589529E+00
  0.00000000  0.00000000  0.03500000    0.6709D+00  0.196180652545083E+01  0.399203444511721E+01    0.991561364746140E-01 -0.201770514633413E+00
  0.00000000  0.00000000  0.03500000    0.6914D+00  0.274463251703624E+01  0.481652951180221E+01    0.893087242950570E-01 -0.156727031235880E+00
  0.00000000  0.00000000  0.03500000    0.7125D+00  0.160638924214084E+01  0.696996247007975E+01    0.313987908075225E-01 -0.136236217096833E+00
  0.00000000  0.00000000  0.03500000    0.7342D+00 -0.824907233297373E+00  0.655736786617417E+01   -0.188854354615475E-01 -0.150124453557331E+00
  0.00000000  0.00000000  0.03500000    0.7565D+00 -0.209206988233668E+01  0.455601705863003E+01   -0.832364884635635E-01 -0.181268735113614E+00
  0.00000000  0.00000000  0.03500000    0.7796D+00 -0.191674652669007E+01  0.291195768998361E+01   -0.157712589636843E+00 -0.239599958474057E+00
  0.00000000  0.00000000  0.03500000    0.8034D+00 -0.152840222030511E+01  0.244271562875430E+01   -0.184081127357603E+00 -0.294201251988082E+00
  0.00000000  0.00000000  0.03500000    0.8279D+00 -0.147867901795379E+01  0.187550378274051E+01   -0.259235175758590E+00 -0.328804660681152E+00
  0.00000000  0.00000000  0.03500000    0.8531D+00 -0.126348680460012E+01  0.107962830751778E+01   -0.457454217418753E+00 -0.390886965119503E+00
  0.00000000  0.00000000  0.03500000    0.8791D+00 -0.674459464462086E+00  0.442661178716113E+00   -0.103628359237906E+01 -0.680133559772251E+00
  0.00000000  0.00000000  0.03500000    0.9059D+00 -0.671417347028165E-01  0.379290608774358E+00   -0.452530942754221E+00 -0.255639413438156E+01
  0.00000000  0.00000000  0.03500000    0.9335D+00  0.297196328918359E+00  0.390582474762807E+00    0.123379244783120E+01 -0.162147934118645E+01
  0.00000000  0.00000000  0.03500000    0.9619D+00  0.567046668692564E+00  0.372545212538300E+00    0.123182147085008E+01 -0.809297042032162E+00
  0.00000000  0.00000000  0.03500000    0.9913D+00  0.806904600014829E+00  0.367025642968422E+00    0.102685373784146E+01 -0.467070894575222E+00
  0.00000000  0.00000000  0.03500000    0.1021D+01  0.109463294769499E+01  0.321712276548625E+00    0.840912701050264E+00 -0.247143976438132E+00
  0.00000000  0.00000000  0.03500000    0.1053D+01  0.142953353776560E+01  0.442546280012189E+00    0.638351798968574E+00 -0.197617059348035E+00
  0.00000000  0.00000000  0.03500000    0.1085D+01  0.187364386132319E+01  0.654024741982247E+00    0.475750646223923E+00 -0.166068216093505E+00
  0.00000000  0.00000000  0.03500000    0.1118D+01  0.156081206781175E+01  0.185332384808930E+01    0.265853698310046E+00 -0.315677338317564E+00
  0.00000000  0.00000000  0.03500000    0.1152D+01  0.867549035473815E+00  0.136865887377333E+01    0.330385567568210E+00 -0.521221418420349E+00
  0.00000000  0.00000000  0.03500000    0.1187D+01  0.857881714230946E+00  0.100176843542750E+01    0.493176892422847E+00 -0.575894130526286E+00
  0.00000000  0.00000000  0.03500000    0.1223D+01  0.101204999619437E+01  0.886112147280114E+00    0.559316713474713E+00 -0.489716254977929E+00
  0.00000000  0.00000000  0.03500000    0.1260D+01  0.107734146265874E+01  0.948750258594391E+00    0.522780382380788E+00 -0.460381448373678E+00
  0.00000000  0.00000000  0.03500000    0.1299D+01  0.108089957553941E+01  0.898354157288145E+00    0.547184511670547E+00 -0.454774423070347E+00
  0.00000000  0.00000000  0.03500000    0.1338D+01  0.116811287851450E+01  0.862815473160473E+00    0.553886717802329E+00 -0.409123158633152E+00
  0.00000000  0.00000000  0.03500000    0.1379D+01  0.107474299323157E+01  0.109112165084770E+01    0.458191638228506E+00 -0.465174297350156E+00
  0.00000000  0.00000000  0.03500000    0.1421D+01  0.892490059511226E+00  0.851832387654880E+00    0.586332490451453E+00 -0.559621925172390E+00
  0.00000000  0.00000000  0.03500000    0.1464D+01  0.975684586234844E+00  0.575585939343117E+00    0.760317395908285E+00 -0.448534299605557E+00
  0.00000000  0.00000000  0.03500000    0.1509D+01  0.119291785494900E+01  0.468946448088141E+00    0.726076782454687E+00 -0.285427137131707E+00
  0.00000000  0.00000000  0.03500000    0.1555D+01  0.135091116796559E+01  0.505590406928276E+00    0.649294644607384E+00 -0.243004241409721E+00
  0.00000000  0.00000000  0.03500000    0.1602D+01  0.160288767568589E+01  0.368070246832113E+00    0.592625094347760E+00 -0.136084186100031E+00
  0.00000000  0.00000000  0.03500000    0.1651D+01  0.193276721774833E+01  0.603883849903911E+00    0.471376191921662E+00 -0.147279230999335E+00
  0.00000000  0.00000000  0.03500000    0.1701D+01  0.209412876380328E+01  0.936723401696543E+00    0.397909556492256E+00 -0.177988669926891E+00
  0.00000000  0.00000000  0.03500000    0.1753D+01  0.212899290913420E+01  0.129064864705803E+01    0.343475437451276E+00 -0.208223384278172E+00
  0.00000000  0.00000000  0.03500000    0.1807D+01  0.204483467160159E+01  0.166511771136513E+01    0.294053022765186E+00 -0.239448647407406E+00
  0.00000000  0.00000000  0.03500000    0.1862D+01  0.186065634226022E+01  0.199396456710349E+01    0.250157592433248E+00 -0.268080334973568E+00
  0.00000000  0.00000000  0.03500000    0.1919D+01  0.161692988914129E+01  0.231569226130659E+01    0.202701716855787E+00 -0.290300031082852E+00
  0.00000000  0.00000000  0.03500000    0.1977D+01  0.121101403209227E+01  0.275500771917674E+01    0.133715855949474E+00 -0.304198139373051E+00
  0.00000000  0.00000000  0.03500000    0.2037D+01  0.451785281877730E-01  0.334083847998844E+01    0.404707922238813E-02 -0.299271325119775E+00
  0.00000000  0.00000000  0.03500000    0.2099D+01 -0.934547409609594E+00  0.201148397283112E+01   -0.189970026952902E+00 -0.408884194215131E+00
  0.00000000  0.00000000  0.03500000    0.2163D+01 -0.866360847062711E+00  0.108477101345338E+01   -0.449518331603237E+00 -0.562842212678871E+00
  0.00000000  0.00000000  0.03500000    0.2229D+01 -0.491021423425948E+00  0.534714389463745E+00   -0.931691416753399E+00 -0.101459688581803E+01
  0.00000000  0.00000000  0.03500000    0.2297D+01 -0.114088225756633E+00  0.394488913340071E+00   -0.676528888953708E+00 -0.233926984556508E+01
  0.00000000  0.00000000  0.03500000    0.2367D+01  0.132940381972656E+00  0.374297607383032E+00    0.842611574781964E+00 -0.237239800062414E+01
  0.00000000  0.00000000  0.03500000    0.2439D+01  0.187440833211892E+00  0.494477437903130E+00    0.670288552872530E+00 -0.176825166961100E+01
  0.00000000  0.00000000  0.03500000    0.2513D+01  0.158299407035197E+00  0.362701437801809E+00    0.101078066932700E+01 -0.231593793642995E+01
  0.00000000  0.00000000  0.03500000    0.2590D+01  0.214677841626144E+00  0.242319878020499E+00    0.204834520838814E+01 -0.231209125860729E+01
  0.00000000  0.00000000  0.03500000    0.2669D+01  0.329811751015360E+00  0.120292913096790E+00    0.267604043864117E+01 -0.976037691009879E+00
  0.00000000  0.00000000  0.03500000    0.2750D+01  0.449031150658816E+00  0.112630756952812E+00    0.209519566767852E+01 -0.525539205172406E+00
  0.00000000  0.00000000  0.03500000    0.2834D+01  0.534772556349267E+00  0.888986339417191E-01    0.181966818891004E+01 -0.302494984644748E+00
  0.00000000  0.00000000  0.03500000    0.2920D+01  0.622074088218107E+00  0.915038868522993E-01    0.157348034184155E+01 -0.231450835022894E+00
  0.00000000  0.00000000  0.03500000    0.3009D+01  0.677815392560533E+00  0.130597116678197E+00    0.142251961098442E+01 -0.274081942741017E+00
  0.00000000  0.00000000  0.03500000    0.3101D+01  0.710277681641649E+00  0.141799755903010E+00    0.135393742883916E+01 -0.270299914920041E+00
  0.00000000  0.00000000  0.03500000    0.3195D+01  0.736556416033444E+00  0.169264109740631E+00    0.128956697725125E+01 -0.296348523485589E+00
  0.00000000  0.00000000  0.03500000    0.3293D+01  0.711975971534319E+00  0.209676760257648E+00    0.129244764921756E+01 -0.380625536149135E+00
  0.00000000  0.00000000  0.03500000    0.3393D+01  0.705248745288771E+00  0.132874148076013E+00    0.136933173095934E+01 -0.257992358582891E+00
  0.00000000  0.00000000  0.03500000    0.3496D+01  0.750955148250227E+00  0.120573557918129E+00    0.129817112104381E+01 -0.208434699749421E+00
  0.00000000  0.00000000  0.03500000    0.3603D+01  0.784465111925987E+00  0.126138013464229E+00    0.124262584647578E+01 -0.199807937116455E+00
  0.00000000  0.00000000  0.03500000    0.3713D+01  0.795147553143509E+00  0.147726935683943E+00    0.121566788998720E+01 -0.225853543140768E+00
  0.00000000  0.00000000  0.03500000    0.3826D+01  0.795209900171321E+00  0.141328941096395E+00    0.121902513107598E+01 -0.216651642425157E+00
  0.00000000  0.00000000  0.03500000    0.3942D+01  0.792697400884168E+00  0.143166000371612E+00    0.122166641545606E+01 -0.220640428862369E+00
  0.00000000  0.00000000  0.03500000    0.4062D+01  0.790450945495735E+00  0.117923282111912E+00    0.123755742880068E+01 -0.184624782395106E+00
  0.00000000  0.00000000  0.03500000    0.4186D+01  0.810530137977715E+00  0.901042321512261E-01    0.121869959254033E+01 -0.135479220159334E+00
  0.00000000  0.00000000  0.03500000    0.4313D+01  0.831747679332105E+00  0.899277798495216E-01    0.118839566810587E+01 -0.128488226262761E+00
  0.00000000  0.00000000  0.03500000    0.4445D+01  0.858059124340000E+00  0.714695441011441E-01    0.115739136928042E+01 -0.964015545813299E-01
  0.00000000  0.00000000  0.03500000    0.4580D+01  0.881830641512588E+00  0.959707221637528E-01    0.112073039713376E+01 -0.121970478797727E+00
  0.00000000  0.00000000  0.03500000    0.4720D+01  0.870408798038332E+00  0.112828070539069E+00    0.112989969961720E+01 -0.146464975190735E+00
  0.00000000  0.00000000  0.03500000    0.4863D+01  0.876899434174581E+00  0.709748962211272E-01    0.113295956473002E+01 -0.917000107374202E-01
  0.00000000  0.00000000  0.03500000    0.5012D+01  0.926563255497658E+00  0.670475194360698E-01    0.107363537279277E+01 -0.776898804236653E-01
  0.00000000  0.00000000  0.03500000    0.5164D+01  0.964427759779242E+00  0.124381004348109E+00    0.101992004046708E+01 -0.131537772219557E+00
  0.00000000  0.00000000  0.03500000    0.5322D+01  0.890635284019907E+00  0.235305044204175E+00    0.104953526661598E+01 -0.277286277262953E+00
  0.00000000  0.00000000  0.03500000    0.5484D+01  0.826647738558049E+00  0.116311134239855E+00    0.118622137250924E+01 -0.166903926377123E+00
  0.00000000  0.00000000  0.03500000    0.5651D+01  0.858414907907642E+00  0.943251551324152E-01    0.115103987425524E+01 -0.126479647199234E+00
  0.00000000  0.00000000  0.03500000    0.5823D+01  0.873080716970538E+00  0.972868991103318E-01    0.113132238401739E+01 -0.126062624561291E+00
  0.00000000  0.00000000  0.03500000    0.6000D+01  0.862251943737941E+00  0.106810021746592E+00    0.114222682022213E+01 -0.141491442719838E+00
  0.00000000  0.00000000  0.03500000    0.6183D+01  0.854513825866205E+00  0.738497627453180E-01    0.116158028536916E+01 -0.100387408474281E+00
  0.00000000  0.00000000  0.03500000    0.6371D+01  0.865888672556903E+00  0.583358970689678E-01    0.114966469805582E+01 -0.774542081623118E-01
  0.00000000  0.00000000  0.03500000    0.6565D+01  0.881611118619541E+00  0.440226576456363E-01    0.113146572645351E+01 -0.564989792681251E-01
  0.00000000  0.00000000  0.03500000    0.6765D+01  0.900890548011716E+00  0.443156493060003E-01    0.110733328822557E+01 -0.544707609311338E-01
  0.00000000  0.00000000  0.03500000    0.6971D+01  0.903299294833276E+00  0.618069398103080E-01    0.110189395822574E+01 -0.753954906673213E-01
  0.00000000  0.00000000  0.03500000    0.7184D+01  0.895998929794986E+00  0.538317627562123E-01    0.111205864570123E+01 -0.668126659482518E-01
  0.00000000  0.00000000  0.03500000    0.7402D+01  0.901730129943170E+00  0.422201080077625E-01    0.110655343016380E+01 -0.518101855383498E-01
  0.00000000  0.00000000  0.03500000    0.7628D+01  0.906355069458105E+00  0.481944496492746E-01    0.110020955376693E+01 -0.585024519964053E-01
  0.00000000  0.00000000  0.03500000    0.7860D+01  0.899514133194384E+00  0.473271219368151E-01    0.110864227946512E+01 -0.583302100637653E-01
  0.00000000  0.00000000  0.03500000    0.8100D+01  0.898388816436951E+00  0.307895150618222E-01    0.111179791510750E+01 -0.381034559052832E-01
  0.00000000  0.00000000  0.03500000    0.8346D+01  0.903067557257966E+00  0.254891471026176E-01    0.110645540459970E+01 -0.312297838004072E-01
  0.00000000  0.00000000  0.03500000    0.8600D+01  0.906196274800843E+00  0.160338904209594E-01    0.110316833303236E+01 -0.195190387111232E-01
  0.00000000  0.00000000  0.03500000    0.8862D+01  0.914178234686850E+00  0.577336066494630E-02    0.109383496558130E+01 -0.690795681259376E-02
  0.00000000  0.00000000  0.03500000    0.9132D+01  0.924101615987383E+00  0.226578387136821E-02    0.108212557042751E+01 -0.265323923457272E-02
  0.00000000  0.00000000  0.03500000    0.9410D+01  0.932168040867923E+00  0.510820162928846E-03    0.107276762972299E+01 -0.587867542519122E-03
  0.00000000  0.00000000  0.03500000    0.9697D+01  0.938896464136367E+00  0.351379668826079E-04    0.106508016250676E+01 -0.398603604412443E-04
  0.00000000  0.00000000  0.03500000    0.9992D+01  0.944339515552106E+00  0.168425419218211E-08    0.105894117902643E+01 -0.188864925238970E-08
  0.00000000  0.00000000  0.03500000    0.1030D+02  0.948881617512997E+00 -0.636159719724232E-20    0.105387224448608E+01  0.706548698281876E-20
  0.00000000  0.00000000  0.03500000    0.1061D+02  0.952830131951802E+00 -0.170513416050478E-19    0.104950501297810E+01  0.187813838924700E-19
  0.00000000  0.00000000  0.03500000    0.1093D+02  0.956333722611439E+00 -0.235503524928313E-19    0.104566008324931E+01  0.257500733958851E-19
