 q(1:3)   w(Ry)   eps    epsi  --- NO LFC
  0.00000000  0.00000000  0.05000000    0.0000D+00  0.386253722285549E+01  0.119521241132628E-17    0.258897181387089E+00 -0.801123993369518E-19
  0.00000000  0.00000000  0.05000000    0.1015D-04  0.386253722369607E+01  0.119521241203451E-17    0.258897181330746E+00 -0.801123993495541E-19
  0.00000000  0.00000000  0.05000000    0.3076D-04  0.386253723057498E+01  0.119521241783164E-17    0.258897180869669E+00 -0.801123994527730E-19
  0.00000000  0.00000000  0.05000000    0.5200D-04  0.386253724491412E+01  0.119521242991597E-17    0.258897179908548E+00 -0.801123996679462E-19
  0.00000000  0.00000000  0.05000000    0.7389D-04  0.386253726738904E+01  0.119521244885675E-17    0.258897178402105E+00 -0.801124000052052E-19
  0.00000000  0.00000000  0.05000000    0.9644D-04  0.386253729872358E+01  0.119521247526395E-17    0.258897176301822E+00 -0.801124004754089E-19
  0.00000000  0.00000000  0.05000000    0.1197D-03  0.386253733969308E+01  0.119521250979102E-17    0.258897173555728E+00 -0.801124010901937E-19
  0.00000000  0.00000000  0.05000000    0.1436D-03  0.386253739112780E+01  0.119521255313770E-17    0.258897170108175E+00 -0.801124018620223E-19
  0.00000000  0.00000000  0.05000000    0.1683D-03  0.386253745391639E+01  0.119521260605271E-17    0.258897165899597E+00 -0.801124028042153E-19
  0.00000000  0.00000000  0.05000000    0.1937D-03  0.386253752900985E+01  0.119521266933791E-17    0.258897160866252E+00 -0.801124039310712E-19
  0.00000000  0.00000000  0.05000000    0.2199D-03  0.386253761742559E+01  0.119521274385020E-17    0.258897154939945E+00 -0.801124052578226E-19
  0.00000000  0.00000000  0.05000000    0.2469D-03  0.386253772025171E+01  0.119521283050721E-17    0.258897148047743E+00 -0.801124068008381E-19
  0.00000000  0.00000000  0.05000000    0.2748D-03  0.386253783865169E+01  0.119521293028859E-17    0.258897140111661E+00 -0.801124085775197E-19
  0.00000000  0.00000000  0.05000000    0.3034D-03  0.386253797386918E+01  0.119521304424346E-17    0.258897131048340E+00 -0.801124106065979E-19
  0.00000000  0.00000000  0.05000000    0.3330D-03  0.386253812723332E+01  0.119521317349104E-17    0.258897120768691E+00 -0.801124129079566E-19
  0.00000000  0.00000000  0.05000000    0.3634D-03  0.386253830016429E+01  0.119521331922885E-17    0.258897109177524E+00 -0.801124155029505E-19
  0.00000000  0.00000000  0.05000000    0.3948D-03  0.386253849417909E+01  0.119521348273507E-17    0.258897096173156E+00 -0.801124184143257E-19
  0.00000000  0.00000000  0.05000000    0.4271D-03  0.386253871089794E+01  0.119521366537488E-17    0.258897081646989E+00 -0.801124216663762E-19
  0.00000000  0.00000000  0.05000000    0.4604D-03  0.386253895205087E+01  0.119521386860656E-17    0.258897065483064E+00 -0.801124252850833E-19
  0.00000000  0.00000000  0.05000000    0.4948D-03  0.386253921948479E+01  0.119521409398659E-17    0.258897047557587E+00 -0.801124292981595E-19
  0.00000000  0.00000000  0.05000000    0.5301D-03  0.386253951517109E+01  0.119521434317664E-17    0.258897027738422E+00 -0.801124337352066E-19
  0.00000000  0.00000000  0.05000000    0.5666D-03  0.386253984121364E+01  0.119521461794893E-17    0.258897005884551E+00 -0.801124386277397E-19
  0.00000000  0.00000000  0.05000000    0.6041D-03  0.386254019985718E+01  0.119521492019565E-17    0.258896981845516E+00 -0.801124440094696E-19
  0.00000000  0.00000000  0.05000000    0.6428D-03  0.386254059349655E+01  0.119521525193553E-17    0.258896955460798E+00 -0.801124499163654E-19
  0.00000000  0.00000000  0.05000000    0.6827D-03  0.386254102468617E+01  0.119521561532053E-17    0.258896926559181E+00 -0.801124563867037E-19
  0.00000000  0.00000000  0.05000000    0.7238D-03  0.386254149615036E+01  0.119521601264725E-17    0.258896894958063E+00 -0.801124634614112E-19
  0.00000000  0.00000000  0.05000000    0.7662D-03  0.386254201079411E+01  0.119521644636324E-17    0.258896860462731E+00 -0.801124711840342E-19
  0.00000000  0.00000000  0.05000000    0.8098D-03  0.386254257171471E+01  0.119521691907894E-17    0.258896822865584E+00 -0.801124796010621E-19
  0.00000000  0.00000000  0.05000000    0.8548D-03  0.386254318221396E+01  0.119521743357699E-17    0.258896781945312E+00 -0.801124887620418E-19
  0.00000000  0.00000000  0.05000000    0.9011D-03  0.386254384581133E+01  0.119521799282358E-17    0.258896737466018E+00 -0.801124987197942E-19
  0.00000000  0.00000000  0.05000000    0.9488D-03  0.386254456625765E+01  0.119521859997929E-17    0.258896689176297E+00 -0.801125095305696E-19
  0.00000000  0.00000000  0.05000000    0.9980D-03  0.386254534754997E+01  0.119521925841286E-17    0.258896636808239E+00 -0.801125212543605E-19
  0.00000000  0.00000000  0.05000000    0.1049D-02  0.386254619394724E+01  0.119521997171344E-17    0.258896580076386E+00 -0.801125339550648E-19
  0.00000000  0.00000000  0.05000000    0.1101D-02  0.386254710998683E+01  0.119522074370508E-17    0.258896518676613E+00 -0.801125477007764E-19
  0.00000000  0.00000000  0.05000000    0.1155D-02  0.386254810050232E+01  0.119522157846104E-17    0.258896452284944E+00 -0.801125625640060E-19
  0.00000000  0.00000000  0.05000000    0.1210D-02  0.386254917064228E+01  0.119522248032007E-17    0.258896380556294E+00 -0.801125786219902E-19
  0.00000000  0.00000000  0.05000000    0.1267D-02  0.386255032589015E+01  0.119522345390353E-17    0.258896303123130E+00 -0.801125959570171E-19
  0.00000000  0.00000000  0.05000000    0.1326D-02  0.386255157208559E+01  0.119522450413280E-17    0.258896219594047E+00 -0.801126146567070E-19
  0.00000000  0.00000000  0.05000000    0.1387D-02  0.386255291544692E+01  0.119522563624796E-17    0.258896129552259E+00 -0.801126348143324E-19
  0.00000000  0.00000000  0.05000000    0.1450D-02  0.386255436259518E+01  0.119522685582904E-17    0.258896032553991E+00 -0.801126565292436E-19
  0.00000000  0.00000000  0.05000000    0.1514D-02  0.386255592057946E+01  0.119522816881626E-17    0.258895928126778E+00 -0.801126799071773E-19
  0.00000000  0.00000000  0.05000000    0.1580D-02  0.386255759690406E+01  0.119522958153408E-17    0.258895815767647E+00 -0.801127050607379E-19
  0.00000000  0.00000000  0.05000000    0.1649D-02  0.386255939955715E+01  0.119523110071491E-17    0.258895694941197E+00 -0.801127321098014E-19
  0.00000000  0.00000000  0.05000000    0.1719D-02  0.386256133704140E+01  0.119523273352316E-17    0.258895565077542E+00 -0.801127611818526E-19
  0.00000000  0.00000000  0.05000000    0.1792D-02  0.386256341840629E+01  0.119523448758548E-17    0.258895425570152E+00 -0.801127924126726E-19
  0.00000000  0.00000000  0.05000000    0.1867D-02  0.386256565328273E+01  0.119523637101866E-17    0.258895275773531E+00 -0.801128259467746E-19
  0.00000000  0.00000000  0.05000000    0.1944D-02  0.386256805191960E+01  0.119523839245859E-17    0.258895115000764E+00 -0.801128619378268E-19
  0.00000000  0.00000000  0.05000000    0.2024D-02  0.386257062522259E+01  0.119524056109684E-17    0.258894942520921E+00 -0.801129005494904E-19
  0.00000000  0.00000000  0.05000000    0.2106D-02  0.386257338479570E+01  0.119524288671184E-17    0.258894757556274E+00 -0.801129419557915E-19
  0.00000000  0.00000000  0.05000000    0.2190D-02  0.386257634298506E+01  0.119524537970816E-17    0.258894559279360E+00 -0.801129863419333E-19
  0.00000000  0.00000000  0.05000000    0.2277D-02  0.386257951292558E+01  0.119524805115469E-17    0.258894346809856E+00 -0.801130339049177E-19
  0.00000000  0.00000000  0.05000000    0.2367D-02  0.386258290859054E+01  0.119525091282677E-17    0.258894119211256E+00 -0.801130848543137E-19
  0.00000000  0.00000000  0.05000000    0.2459D-02  0.386258654484431E+01  0.119525397725151E-17    0.258893875487341E+00 -0.801131394131063E-19
  0.00000000  0.00000000  0.05000000    0.2554D-02  0.386259043749818E+01  0.119525725775222E-17    0.258893614578434E+00 -0.801131978183557E-19
  0.00000000  0.00000000  0.05000000    0.2652D-02  0.386259460336989E+01  0.119526076850214E-17    0.258893335357419E+00 -0.801132603223281E-19
  0.00000000  0.00000000  0.05000000    0.2753D-02  0.386259906034674E+01  0.119526452457492E-17    0.258893036625507E+00 -0.801133271932616E-19
  0.00000000  0.00000000  0.05000000    0.2858D-02  0.386260382745265E+01  0.119526854200171E-17    0.258892717107747E+00 -0.801133987164078E-19
  0.00000000  0.00000000  0.05000000    0.2965D-02  0.386260892491945E+01  0.119527283783203E-17    0.258892375448248E+00 -0.801134751951510E-19
  0.00000000  0.00000000  0.05000000    0.3075D-02  0.386261437426257E+01  0.119527743019656E-17    0.258892010205113E+00 -0.801135569520755E-19
  0.00000000  0.00000000  0.05000000    0.3189D-02  0.386262019836144E+01  0.119528233837586E-17    0.258891619845049E+00 -0.801136443302338E-19
  0.00000000  0.00000000  0.05000000    0.3307D-02  0.386262642154493E+01  0.119528758287141E-17    0.258891202737652E+00 -0.801137376943613E-19
  0.00000000  0.00000000  0.05000000    0.3428D-02  0.386263306968216E+01  0.119529318548304E-17    0.258890757149316E+00 -0.801138374322947E-19
  0.00000000  0.00000000  0.05000000    0.3553D-02  0.386264017027883E+01  0.119529916938814E-17    0.258890281236788E+00 -0.801139439562799E-19
  0.00000000  0.00000000  0.05000000    0.3681D-02  0.386264775257965E+01  0.119530555923139E-17    0.258889773040308E+00 -0.801140577047354E-19
  0.00000000  0.00000000  0.05000000    0.3813D-02  0.386265584767722E+01  0.119531238121286E-17    0.258889230476316E+00 -0.801141791436318E-19
  0.00000000  0.00000000  0.05000000    0.3950D-02  0.386266448862749E+01  0.119531966318776E-17    0.258888651329727E+00 -0.801143087683859E-19
  0.00000000  0.00000000  0.05000000    0.4090D-02  0.386267371057267E+01  0.119532743476845E-17    0.258888033245693E+00 -0.801144471055889E-19
  0.00000000  0.00000000  0.05000000    0.4235D-02  0.386268355087158E+01  0.119533572743574E-17    0.258887373720884E+00 -0.801145947150537E-19
  0.00000000  0.00000000  0.05000000    0.4385D-02  0.386269404923820E+01  0.119534457465327E-17    0.258886670094211E+00 -0.801147521917245E-19
  0.00000000  0.00000000  0.05000000    0.4538D-02  0.386270524788895E+01  0.119535401199500E-17    0.258885919536967E+00 -0.801149201681012E-19
  0.00000000  0.00000000  0.05000000    0.4697D-02  0.386271719169899E+01  0.119536407727312E-17    0.258885119042369E+00 -0.801150993163206E-19
  0.00000000  0.00000000  0.05000000    0.4860D-02  0.386272992836838E+01  0.119537481068008E-17    0.258884265414435E+00 -0.801152903507677E-19
  0.00000000  0.00000000  0.05000000    0.5029D-02  0.386274350859854E+01  0.119538625493777E-17    0.258883355256175E+00 -0.801154940307390E-19
  0.00000000  0.00000000  0.05000000    0.5202D-02  0.386275798627974E+01  0.119539845545361E-17    0.258882384957053E+00 -0.801157111631158E-19
  0.00000000  0.00000000  0.05000000    0.5381D-02  0.386277341869025E+01  0.119541146048933E-17    0.258881350679655E+00 -0.801159426053908E-19
  0.00000000  0.00000000  0.05000000    0.5565D-02  0.386278986670794E+01  0.119542532133925E-17    0.258880248345543E+00 -0.801161892688209E-19
  0.00000000  0.00000000  0.05000000    0.5755D-02  0.386280739503512E+01  0.119544009251836E-17    0.258879073620213E+00 -0.801164521216829E-19
  0.00000000  0.00000000  0.05000000    0.5950D-02  0.386282607243725E+01  0.119545583196547E-17    0.258877821897130E+00 -0.801167321929608E-19
  0.00000000  0.00000000  0.05000000    0.6152D-02  0.386284597199677E+01  0.119547260125478E-17    0.258876488280759E+00 -0.801170305759630E-19
  0.00000000  0.00000000  0.05000000    0.6360D-02  0.386286717138261E+01  0.119549046582403E-17    0.258875067568548E+00 -0.801173484324025E-19
  0.00000000  0.00000000  0.05000000    0.6574D-02  0.386288975313656E+01  0.119550949521475E-17    0.258873554231784E+00 -0.801176869965797E-19
  0.00000000  0.00000000  0.05000000    0.6794D-02  0.386291380497757E+01  0.119552976332966E-17    0.258871942395258E+00 -0.801180475799635E-19
  0.00000000  0.00000000  0.05000000    0.7021D-02  0.386293942012510E+01  0.119555134870302E-17    0.258870225815660E+00 -0.801184315758558E-19
  0.00000000  0.00000000  0.05000000    0.7255D-02  0.386296669764244E+01  0.119557433479083E-17    0.258868397858646E+00 -0.801188404645327E-19
  0.00000000  0.00000000  0.05000000    0.7497D-02  0.386299574280193E+01  0.119559881027842E-17    0.258866451474439E+00 -0.801192758186542E-19
  0.00000000  0.00000000  0.05000000    0.7745D-02  0.386302666747260E+01  0.119562486940518E-17    0.258864379171954E+00 -0.801197393088710E-19
  0.00000000  0.00000000  0.05000000    0.8001D-02  0.386305959053227E+01  0.119565261231207E-17    0.258862172991283E+00 -0.801202327099388E-19
  0.00000000  0.00000000  0.05000000    0.8265D-02  0.386309463830550E+01  0.119568214541148E-17    0.258859824474463E+00 -0.801207579072484E-19
  0.00000000  0.00000000  0.05000000    0.8537D-02  0.386313194502884E+01  0.119571358177544E-17    0.258857324634438E+00 -0.801213169034382E-19
  0.00000000  0.00000000  0.05000000    0.8818D-02  0.386317165334538E+01  0.119574704155397E-17    0.258854663922074E+00 -0.801219118257998E-19
  0.00000000  0.00000000  0.05000000    0.9107D-02  0.386321391483019E+01  0.119578265241697E-17    0.258851832191114E+00 -0.801225449339601E-19
  0.00000000  0.00000000  0.05000000    0.9404D-02  0.386325889054891E+01  0.119582055002185E-17    0.258848818660951E+00 -0.801232186279040E-19
  0.00000000  0.00000000  0.05000000    0.9711D-02  0.386330675165121E+01  0.119586087851485E-17    0.258845611877077E+00 -0.801239354567778E-19
  0.00000000  0.00000000  0.05000000    0.1003D-01  0.386335768000179E+01  0.119590379106015E-17    0.258842199669055E+00 -0.801246981279839E-19
  0.00000000  0.00000000  0.05000000    0.1035D-01  0.386341186885084E+01  0.119594945040272E-17    0.258838569105874E+00 -0.801255095168703E-19
  0.00000000  0.00000000  0.05000000    0.1069D-01  0.386346952354698E+01  0.119599802946972E-17    0.258834706448498E+00 -0.801263726772122E-19
  0.00000000  0.00000000  0.05000000    0.1103D-01  0.386353086229494E+01  0.119604971200358E-17    0.258830597099462E+00 -0.801272908519332E-19
  0.00000000  0.00000000  0.05000000    0.1139D-01  0.386359611696106E+01  0.119610469324260E-17    0.258826225549309E+00 -0.801282674849831E-19
  0.00000000  0.00000000  0.05000000    0.1176D-01  0.386366553392981E+01  0.119616318063663E-17    0.258821575319663E+00 -0.801293062334149E-19
  0.00000000  0.00000000  0.05000000    0.1214D-01  0.386373937501422E+01  0.119622539461364E-17    0.258816628902750E+00 -0.801304109805864E-19
  0.00000000  0.00000000  0.05000000    0.1253D-01  0.386381791842428E+01  0.119629156939119E-17    0.258811367697113E+00 -0.801315858499160E-19
  0.00000000  0.00000000  0.05000000    0.1293D-01  0.386390145979639E+01  0.119636195384182E-17    0.258805771939302E+00 -0.801328352196534E-19
  0.00000000  0.00000000  0.05000000    0.1334D-01  0.386399031328836E+01  0.119643681241007E-17    0.258799820631272E+00 -0.801341637383318E-19
  0.00000000  0.00000000  0.05000000    0.1377D-01  0.386408481274394E+01  0.119651642609087E-17    0.258793491463218E+00 -0.801355763413642E-19
  0.00000000  0.00000000  0.05000000    0.1421D-01  0.386418531293153E+01  0.119660109346661E-17    0.258786760731555E+00 -0.801370782684169E-19
  0.00000000  0.00000000  0.05000000    0.1466D-01  0.386429219086183E+01  0.119669113181207E-17    0.258779603251734E+00 -0.801386750819512E-19
  0.00000000  0.00000000  0.05000000    0.1513D-01  0.386440584718974E+01  0.119678687826878E-17    0.258771992265568E+00 -0.801403726868174E-19
  0.00000000  0.00000000  0.05000000    0.1561D-01  0.386452670770584E+01  0.119688869109609E-17    0.258763899342708E+00 -0.801421773511490E-19
  0.00000000  0.00000000  0.05000000    0.1610D-01  0.386465522492364E+01  0.119699695099668E-17    0.258755294275897E+00 -0.801440957281295E-19
  0.00000000  0.00000000  0.05000000    0.1662D-01  0.386479187976878E+01  0.119711206253314E-17    0.258746144969603E+00 -0.801461348794779E-19
  0.00000000  0.00000000  0.05000000    0.1714D-01  0.386493718337700E+01  0.119723445563091E-17    0.258736417321600E+00 -0.801483023000278E-19
  0.00000000  0.00000000  0.05000000    0.1768D-01  0.386509167900815E+01  0.119736458717911E-17    0.258726075097038E+00 -0.801506059438503E-19
  0.00000000  0.00000000  0.05000000    0.1824D-01  0.386525594408403E+01  0.119750294273190E-17    0.258715079794535E+00 -0.801530542517515E-19
  0.00000000  0.00000000  0.05000000    0.1882D-01  0.386543059235851E+01  0.119765003832440E-17    0.258703390503733E+00 -0.801556561806999E-19
  0.00000000  0.00000000  0.05000000    0.1941D-01  0.386561627622878E+01  0.119780642239982E-17    0.258690963753801E+00 -0.801584212345558E-19
  0.00000000  0.00000000  0.05000000    0.2002D-01  0.386581368919735E+01  0.119797267786338E-17    0.258677753352265E+00 -0.801613594967211E-19
  0.00000000  0.00000000  0.05000000    0.2065D-01  0.386602356849530E+01  0.119814942427121E-17    0.258663710213544E+00 -0.801644816647706E-19
  0.00000000  0.00000000  0.05000000    0.2130D-01  0.386624669787761E+01  0.119833732015836E-17    0.258648782176511E+00 -0.801677990868430E-19
  0.00000000  0.00000000  0.05000000    0.2197D-01  0.386648391060285E+01  0.119853706552007E-17    0.258632913810336E+00 -0.801713238001850E-19
  0.00000000  0.00000000  0.05000000    0.2266D-01  0.386673609260978E+01  0.119874940445580E-17    0.258616046207867E+00 -0.801750685718906E-19
  0.00000000  0.00000000  0.05000000    0.2337D-01  0.386700418590485E+01  0.119897512798371E-17    0.258598116765681E+00 -0.801790469417163E-19
  0.00000000  0.00000000  0.05000000    0.2410D-01  0.386728919217556E+01  0.119921507704354E-17    0.258579058949932E+00 -0.801832732674555E-19
  0.00000000  0.00000000  0.05000000    0.2486D-01  0.386759217664562E+01  0.119947014569616E-17    0.258558802047041E+00 -0.801877627726948E-19
  0.00000000  0.00000000  0.05000000    0.2564D-01  0.386791427218941E+01  0.119974128453348E-17    0.258537270898188E+00 -0.801925315970350E-19
  0.00000000  0.00000000  0.05000000    0.2644D-01  0.386825668372440E+01  0.120002950431834E-17    0.258514385616517E+00 -0.801975968491990E-19
  0.00000000  0.00000000  0.05000000    0.2726D-01  0.386862069290181E+01  0.120033587986431E-17    0.258490061285876E+00 -0.802029766627311E-19
  0.00000000  0.00000000  0.05000000    0.2811D-01  0.386900766311766E+01  0.120066155417835E-17    0.258464207639795E+00 -0.802086902547535E-19
  0.00000000  0.00000000  0.05000000    0.2899D-01  0.386941904486752E+01  0.120100774287946E-17    0.258436728719372E+00 -0.802147579875343E-19
  0.00000000  0.00000000  0.05000000    0.2989D-01  0.386985638147132E+01  0.120137573891814E-17    0.258407522508575E+00 -0.802212014332463E-19
  0.00000000  0.00000000  0.05000000    0.3082D-01  0.387032131519570E+01  0.120176691761715E-17    0.258376480545372E+00 -0.802280434419380E-19
  0.00000000  0.00000000  0.05000000    0.3178D-01  0.387081559380458E+01  0.120218274205644E-17    0.258343487507012E+00 -0.802353082127431E-19
  0.00000000  0.00000000  0.05000000    0.3277D-01  0.387134107757092E+01  0.120262476882790E-17    0.258308420767579E+00 -0.802430213684058E-19
  0.00000000  0.00000000  0.05000000    0.3379D-01  0.387189974678556E+01  0.120309465418841E-17    0.258271149925872E+00 -0.802512100332332E-19
  0.00000000  0.00000000  0.05000000    0.3484D-01  0.387249370980284E+01  0.120359416064094E-17    0.258231536301427E+00 -0.802599029144864E-19
  0.00000000  0.00000000  0.05000000    0.3592D-01  0.387312521166514E+01  0.120412516397641E-17    0.258189432396398E+00 -0.802691303872485E-19
  0.00000000  0.00000000  0.05000000    0.3703D-01  0.387379664335379E+01  0.120468966081301E-17    0.258144681320762E+00 -0.802789245828230E-19
  0.00000000  0.00000000  0.05000000    0.3818D-01  0.387451055171739E+01  0.120528977666865E-17    0.258097116178131E+00 -0.802893194804369E-19
  0.00000000  0.00000000  0.05000000    0.3936D-01  0.387526965013367E+01  0.120592777461338E-17    0.258046559409229E+00 -0.803003510024847E-19
  0.00000000  0.00000000  0.05000000    0.4058D-01  0.387607682996656E+01  0.120660606454100E-17    0.257992822089810E+00 -0.803120571127319E-19
  0.00000000  0.00000000  0.05000000    0.4184D-01  0.387693517288632E+01  0.120732721312146E-17    0.257935703179559E+00 -0.803244779180715E-19
  0.00000000  0.00000000  0.05000000    0.4313D-01  0.387784796412720E+01  0.120809395447410E-17    0.257874988718149E+00 -0.803376557725858E-19
  0.00000000  0.00000000  0.05000000    0.4447D-01  0.387881870676488E+01  0.120890920163559E-17    0.257810450964347E+00 -0.803516353845183E-19
  0.00000000  0.00000000  0.05000000    0.4584D-01  0.387985113710450E+01  0.120977605888067E-17    0.257741847473636E+00 -0.803664639252056E-19
  0.00000000  0.00000000  0.05000000    0.4726D-01  0.388094924127947E+01  0.121069783497039E-17    0.257668920109432E+00 -0.803821911396093E-19
  0.00000000  0.00000000  0.05000000    0.4872D-01  0.388211727317252E+01  0.121167805740656E-17    0.257591393982487E+00 -0.803988694577176E-19
  0.00000000  0.00000000  0.05000000    0.5022D-01  0.388335977378207E+01  0.121272048778620E-17    0.257508976312561E+00 -0.804165541064337E-19
  0.00000000  0.00000000  0.05000000    0.5177D-01  0.388468159217127E+01  0.121382913833849E-17    0.257421355205863E+00 -0.804353032200027E-19
  0.00000000  0.00000000  0.05000000    0.5337D-01  0.388608790815222E+01  0.121500828977074E-17    0.257328198341114E+00 -0.804551779490975E-19
  0.00000000  0.00000000  0.05000000    0.5501D-01  0.388758425687594E+01  0.121626251051976E-17    0.257229151556345E+00 -0.804762425656595E-19
  0.00000000  0.00000000  0.05000000    0.5671D-01  0.388917655551830E+01  0.121759667755836E-17    0.257123837327753E+00 -0.804985645630082E-19
  0.00000000  0.00000000  0.05000000    0.5846D-01  0.389087113227549E+01  0.121901599888882E-17    0.257011853130991E+00 -0.805222147482213E-19
  0.00000000  0.00000000  0.05000000    0.6026D-01  0.389267475790800E+01  0.122052603789090E-17    0.256892769674243E+00 -0.805472673246989E-19
  0.00000000  0.00000000  0.05000000    0.6211D-01  0.389459468010297E+01  0.122213273969806E-17    0.256766128991262E+00 -0.805737999615045E-19
  0.00000000  0.00000000  0.05000000    0.6403D-01  0.389663866095752E+01  0.122384245980536E-17    0.256631442381232E+00 -0.806018938461354E-19
  0.00000000  0.00000000  0.05000000    0.6600D-01  0.389881501792693E+01  0.122566199512889E-17    0.256488188180756E+00 -0.806316337161784E-19
  0.00000000  0.00000000  0.05000000    0.6803D-01  0.390113266862477E+01  0.122759861776804E-17    0.256335809351626E+00 -0.806631078648858E-19
  0.00000000  0.00000000  0.05000000    0.7012D-01  0.390360117991640E+01  0.122966011173973E-17    0.256173710865979E+00 -0.806964081138503E-19
  0.00000000  0.00000000  0.05000000    0.7227D-01  0.390623082180647E+01  0.123185481301134E-17    0.256001256868262E+00 -0.807316297464168E-19
  0.00000000  0.00000000  0.05000000    0.7450D-01  0.390903262669256E+01  0.123419165316425E-17    0.255817767590776E+00 -0.807688713917916E-19
  0.00000000  0.00000000  0.05000000    0.7678D-01  0.391201845463890E+01  0.123668020710172E-17    0.255622515996619E+00 -0.808082348506559E-19
  0.00000000  0.00000000  0.05000000    0.7914D-01  0.391520106541988E+01  0.123933074522996E-17    0.255414724120371E+00 -0.808498248487416E-19
  0.00000000  0.00000000  0.05000000    0.8157D-01  0.391859419819639E+01  0.124215429062141E-17    0.255193559072861E+00 -0.808937487038603E-19
  0.00000000  0.00000000  0.05000000    0.8408D-01  0.392221265981972E+01  0.124516268173336E-17    0.254958128671678E+00 -0.809401158888559E-19
  0.00000000  0.00000000  0.05000000    0.8666D-01  0.392607242291465E+01  0.124836864131899E-17    0.254707476653632E+00 -0.809890374686024E-19
  0.00000000  0.00000000  0.05000000    0.8932D-01  0.393019073507834E+01  0.125178585227116E-17    0.254440577418965E+00 -0.810406253859371E-19
  0.00000000  0.00000000  0.05000000    0.9206D-01  0.393458624075211E+01  0.125542904123585E-17    0.254156330249568E+00 -0.810949915659352E-19
  0.00000000  0.00000000  0.05000000    0.9488D-01  0.393927911758580E+01  0.125931407094951E-17    0.253853552934541E+00 -0.811522468016713E-19
  0.00000000  0.00000000  0.05000000    0.9779D-01  0.394429122943007E+01  0.126345804239497E-17    0.253530974725843E+00 -0.812124993772048E-19
  0.00000000  0.00000000  0.05000000    0.1008D+00  0.394964629847116E+01  0.126787940803483E-17    0.253187228534130E+00 -0.812758533745390E-19
  0.00000000  0.00000000  0.05000000    0.1039D+00  0.395537009948196E+01  0.127259809757468E-17    0.252820842259735E+00 -0.813424066003598E-19
  0.00000000  0.00000000  0.05000000    0.1071D+00  0.396149067972086E+01  0.127763565791531E-17    0.252430229135478E+00 -0.814122480535397E-19
  0.00000000  0.00000000  0.05000000    0.1103D+00  0.396803860869185E+01  0.128301540924463E-17    0.252013676935888E+00 -0.814854548392958E-19
  0.00000000  0.00000000  0.05000000    0.1137D+00  0.397504726281547E+01  0.128876261951166E-17    0.251569335880478E+00 -0.815620884136352E-19
  0.00000000  0.00000000  0.05000000    0.1172D+00  0.398255315109512E+01  0.129490469990861E-17    0.251095205025706E+00 -0.816421900164458E-19
  0.00000000  0.00000000  0.05000000    0.1208D+00  0.399059628914699E+01  0.130147142443498E-17    0.250589116899559E+00 -0.817257751194082E-19
  0.00000000  0.00000000  0.05000000    0.1245D+00  0.399922063056857E+01  0.130849517716264E-17    0.250048720082200E+00 -0.818128266748647E-19
  0.00000000  0.00000000  0.05000000    0.1283D+00  0.400847456664396E+01  0.131601123146718E-17    0.249471459372945E+00 -0.819032869005266E-19
  0.00000000  0.00000000  0.05000000    0.1322D+00  0.401841150794888E+01  0.132405806631278E-17    0.248854553104351E+00 -0.819970472722107E-19
  0.00000000  0.00000000  0.05000000    0.1363D+00  0.402909056469820E+01  0.133267772566093E-17    0.248194967063220E+00 -0.820939363151488E-19
  0.00000000  0.00000000  0.05000000    0.1405D+00  0.404057734690408E+01  0.134191622832859E-17    0.247489384349048E+00 -0.821937046822042E-19
  0.00000000  0.00000000  0.05000000    0.1448D+00  0.405294491090822E+01  0.135182403718858E-17    0.246734170333421E+00 -0.822960068750987E-19
  0.00000000  0.00000000  0.05000000    0.1492D+00  0.406627488606576E+01  0.136245659865514E-17    0.245925331665792E+00 -0.824003787969917E-19
  0.00000000  0.00000000  0.05000000    0.1537D+00  0.408065882492551E+01  0.137387496601449E-17    0.245058467983600E+00 -0.825062101041189E-19
  0.00000000  0.00000000  0.05000000    0.1585D+00  0.409619983308541E+01  0.138614652375332E-17    0.244128714601007E+00 -0.826127100438985E-19
  0.00000000  0.00000000  0.05000000    0.1633D+00  0.411301455232256E+01  0.139934583484098E-17    0.243130673932411E+00 -0.827188650955006E-19
  0.00000000  0.00000000  0.05000000    0.1683D+00  0.413123559455992E+01  0.141355563973879E-17    0.242058332697563E+00 -0.828233862481663E-19
  0.00000000  0.00000000  0.05000000    0.1734D+00  0.415101455766997E+01  0.142886804571941E-17    0.240904960969666E+00 -0.829246431209951E-19
  0.00000000  0.00000000  0.05000000    0.1787D+00  0.417252580151406E+01  0.144538595970701E-17    0.239662987736861E+00 -0.830205813012815E-19
  0.00000000  0.00000000  0.05000000    0.1842D+00  0.419597123098264E+01  0.146322484039381E-17    0.238323845648916E+00 -0.831086181994645E-19
  0.00000000  0.00000000  0.05000000    0.1898D+00  0.422158643332311E+01  0.148251488140909E-17    0.236877774693062E+00 -0.831855113247321E-19
  0.00000000  0.00000000  0.05000000    0.1956D+00  0.424964866803698E+01  0.150340379697358E-17    0.235313570159654E+00 -0.832471911191772E-19
  0.00000000  0.00000000  0.05000000    0.2016D+00  0.428048743994360E+01  0.152606048416951E-17    0.233618253535438E+00 -0.832885483494892E-19
  0.00000000  0.00000000  0.05000000    0.2078D+00  0.431449875323652E+01  0.155068001976659E-17    0.231776634365661E+00 -0.833031637081744E-19
  0.00000000  0.00000000  0.05000000    0.2141D+00  0.435216474299018E+01  0.157749079241567E-17    0.229770713898331E+00 -0.832829653622814E-19
  0.00000000  0.00000000  0.05000000    0.2207D+00  0.439408139152441E+01  0.160676523920942E-17    0.227578852300930E+00 -0.832178005991490E-19
  0.00000000  0.00000000  0.05000000    0.2274D+00  0.444099881583428E+01  0.163883702180003E-17    0.225174570286874E+00 -0.830949156838986E-19
  0.00000000  0.00000000  0.05000000    0.2343D+00  0.449388189710953E+01  0.167413042488310E-17    0.222524762086694E+00 -0.828983678317897E-19
  0.00000000  0.00000000  0.05000000    0.2415D+00  0.455400545044295E+01  0.171321452918897E-17    0.219586913296895E+00 -0.826084848544498E-19
  0.00000000  0.00000000  0.05000000    0.2489D+00  0.462311162906568E+01  0.175691146654630E-17    0.216304532582117E+00 -0.822017602106361E-19
  0.00000000  0.00000000  0.05000000    0.2565D+00  0.470368822990549E+01  0.180653360917710E-17    0.212599124585282E+00 -0.816524065951240E-19
  0.00000000  0.00000000  0.05000000    0.2643D+00  0.479950638269105E+01  0.186446457267320E-17    0.208354759899144E+00 -0.809395878252736E-19
  0.00000000  0.00000000  0.05000000    0.2724D+00  0.491679762844918E+01  0.193581156960408E-17    0.203384413101300E+00 -0.800752704729103E-19
  0.00000000  0.00000000  0.05000000    0.2807D+00  0.506738783684118E+01  0.203435323633385E-17    0.197340332375933E+00 -0.792242387506762E-19
  0.00000000  0.00000000  0.05000000    0.2893D+00  0.528216499261837E+01  0.222666727734091E-17    0.189316312799290E+00 -0.798052388303107E-19
  0.00000000  0.00000000  0.05000000    0.2981D+00  0.569810651634717E+01  0.198679678395945E-01    0.175494761239932E+00 -0.611909282904646E-03
  0.00000000  0.00000000  0.05000000    0.3072D+00  0.597941327291547E+01  0.638960754717569E+00    0.165352317229868E+00 -0.176695666596700E-01
  0.00000000  0.00000000  0.05000000    0.3166D+00  0.588580905829061E+01  0.106560281610789E+01    0.164507984675260E+00 -0.297835301835466E-01
  0.00000000  0.00000000  0.05000000    0.3262D+00  0.574963296959959E+01  0.127982369971733E+01    0.165713488269585E+00 -0.368865370662111E-01
  0.00000000  0.00000000  0.05000000    0.3362D+00  0.566223793611036E+01  0.145035069524611E+01    0.165734762614152E+00 -0.424520359080861E-01
  0.00000000  0.00000000  0.05000000    0.3464D+00  0.558881341994671E+01  0.160273429830642E+01    0.165331935982490E+00 -0.474131348630823E-01
  0.00000000  0.00000000  0.05000000    0.3570D+00  0.559204356804058E+01  0.169061836864225E+01    0.163849522247556E+00 -0.495359180654660E-01
  0.00000000  0.00000000  0.05000000    0.3679D+00  0.559666681779611E+01  0.196420890779937E+01    0.159083006576279E+00 -0.558318493434418E-01
  0.00000000  0.00000000  0.05000000    0.3791D+00  0.549228348869429E+01  0.220636458828273E+01    0.156773573153672E+00 -0.629792072635796E-01
  0.00000000  0.00000000  0.05000000    0.3907D+00  0.536147988567752E+01  0.238149015332809E+01    0.155780161506724E+00 -0.691952462049090E-01
  0.00000000  0.00000000  0.05000000    0.4026D+00  0.524791832578597E+01  0.253123693886398E+01    0.154587844088835E+00 -0.745626050112737E-01
  0.00000000  0.00000000  0.05000000    0.4149D+00  0.515823595912753E+01  0.268955625348751E+01    0.152425136142783E+00 -0.794760032983927E-01
  0.00000000  0.00000000  0.05000000    0.4276D+00  0.497898290856148E+01  0.294446333289555E+01    0.148803431018166E+00 -0.879991465101516E-01
  0.00000000  0.00000000  0.05000000    0.4406D+00  0.483951699272458E+01  0.295182733715177E+01    0.150603269550799E+00 -0.918593423254431E-01
  0.00000000  0.00000000  0.05000000    0.4540D+00  0.468450159570147E+01  0.325433100706999E+01    0.143982453576901E+00 -0.100024848658240E+00
  0.00000000  0.00000000  0.05000000    0.4679D+00  0.434399131724791E+01  0.335844695174485E+01    0.144082054708377E+00 -0.111393394253617E+00
  0.00000000  0.00000000  0.05000000    0.4822D+00  0.413790670354242E+01  0.319935167168505E+01    0.151249656366565E+00 -0.116943390851200E+00
  0.00000000  0.00000000  0.05000000    0.4969D+00  0.407125331357577E+01  0.320498251976202E+01    0.151646396697051E+00 -0.119379467000561E+00
  0.00000000  0.00000000  0.05000000    0.5120D+00  0.401334333332329E+01  0.319712132947211E+01    0.152433366284296E+00 -0.121431915038080E+00
  0.00000000  0.00000000  0.05000000    0.5276D+00  0.400341697133837E+01  0.322707798766602E+01    0.151407264065238E+00 -0.122046504907112E+00
  0.00000000  0.00000000  0.05000000    0.5437D+00  0.398424411056120E+01  0.332683234298111E+01    0.147882189733222E+00 -0.123481201980381E+00
  0.00000000  0.00000000  0.05000000    0.5603D+00  0.403483285197641E+01  0.333379030121363E+01    0.147288744124730E+00 -0.121697677364859E+00
  0.00000000  0.00000000  0.05000000    0.5774D+00  0.437282809313410E+01  0.344387834088669E+01    0.141141271774700E+00 -0.111157666964610E+00
  0.00000000  0.00000000  0.05000000    0.5950D+00  0.456948530962526E+01  0.436739936369744E+01    0.114367588426569E+00 -0.109309670362584E+00
  0.00000000  0.00000000  0.05000000    0.6131D+00  0.388552325025652E+01  0.552560049180123E+01    0.851536581779372E-01 -0.121096970781379E+00
  0.00000000  0.00000000  0.05000000    0.6318D+00  0.265568099448376E+01  0.573043885193334E+01    0.665741534710372E-01 -0.143653969124091E+00
  0.00000000  0.00000000  0.05000000    0.6511D+00  0.170875421448317E+01  0.514871009473839E+01    0.580635063300904E-01 -0.174953283885866E+00
  0.00000000  0.00000000  0.05000000    0.6709D+00  0.195934546945156E+01  0.398777763665139E+01    0.992505576355266E-01 -0.202000698873649E+00
  0.00000000  0.00000000  0.05000000    0.6914D+00  0.272813263071098E+01  0.481685056938339E+01    0.890244496147042E-01 -0.157183512996535E+00
  0.00000000  0.00000000  0.05000000    0.7125D+00  0.161402503679734E+01  0.692033350998302E+01    0.319633648905272E-01 -0.137046910736059E+00
  0.00000000  0.00000000  0.05000000    0.7342D+00 -0.787094625383659E+00  0.656652570237346E+01   -0.179953502563832E-01 -0.150130525823568E+00
  0.00000000  0.00000000  0.05000000    0.7565D+00 -0.208907780277125E+01  0.460143173739036E+01   -0.818045751919886E-01 -0.180183891692697E+00
  0.00000000  0.00000000  0.05000000    0.7796D+00 -0.194382467880019E+01  0.292641557348050E+01   -0.157492107388450E+00 -0.237103356484959E+00
  0.00000000  0.00000000  0.05000000    0.8034D+00 -0.154408213084376E+01  0.243198505148302E+01   -0.186062216691341E+00 -0.293054702596595E+00
  0.00000000  0.00000000  0.05000000    0.8279D+00 -0.148527397899901E+01  0.188186140159684E+01   -0.258423522059125E+00 -0.327425955281010E+00
  0.00000000  0.00000000  0.05000000    0.8531D+00 -0.127664095197603E+01  0.108469683020986E+01   -0.454906767817242E+00 -0.386511123843097E+00
  0.00000000  0.00000000  0.05000000    0.8791D+00 -0.688462424951443E+00  0.443238167076508E+00   -0.102688059475568E+01 -0.661114762592956E+00
  0.00000000  0.00000000  0.05000000    0.9059D+00 -0.802746385829676E-01  0.379799908066890E+00   -0.532706746870697E+00 -0.252037227522356E+01
  0.00000000  0.00000000  0.05000000    0.9335D+00  0.284457725393334E+00  0.389814626745562E+00    0.122152154063966E+01 -0.167394632284180E+01
  0.00000000  0.00000000  0.05000000    0.9619D+00  0.554306650913246E+00  0.372529304946463E+00    0.124274543568521E+01 -0.835203930204432E+00
  0.00000000  0.00000000  0.05000000    0.9913D+00  0.793641053342245E+00  0.365740360695441E+00    0.103929761341086E+01 -0.478948363870590E+00
  0.00000000  0.00000000  0.05000000    0.1021D+01  0.108179334288899E+01  0.319431455531654E+00    0.850257047626924E+00 -0.251063521591098E+00
  0.00000000  0.00000000  0.05000000    0.1053D+01  0.141750034663916E+01  0.439711429516018E+00    0.643542176627110E+00 -0.199628064366597E+00
  0.00000000  0.00000000  0.05000000    0.1085D+01  0.186072031896445E+01  0.651864439874835E+00    0.478677917026031E+00 -0.167694794904095E+00
  0.00000000  0.00000000  0.05000000    0.1118D+01  0.155293014708555E+01  0.184409180101071E+01    0.267181506058929E+00 -0.317275845040195E+00
  0.00000000  0.00000000  0.05000000    0.1152D+01  0.860074535920791E+00  0.137326126520698E+01    0.327575723780320E+00 -0.523032637407468E+00
  0.00000000  0.00000000  0.05000000    0.1187D+01  0.846674526210553E+00  0.998885056208833E+00    0.493794559907962E+00 -0.582566253571941E+00
  0.00000000  0.00000000  0.05000000    0.1223D+01  0.100209965371465E+01  0.886229576765272E+00    0.559955280471639E+00 -0.495209163460269E+00
  0.00000000  0.00000000  0.05000000    0.1260D+01  0.106801158582131E+01  0.946473548936598E+00    0.524444919141917E+00 -0.464763913080870E+00
  0.00000000  0.00000000  0.05000000    0.1299D+01  0.107071947984765E+01  0.900915036679453E+00    0.546818846179798E+00 -0.460099335199529E+00
  0.00000000  0.00000000  0.05000000    0.1338D+01  0.115752315884953E+01  0.860619400033355E+00    0.556360926542542E+00 -0.413654796573523E+00
  0.00000000  0.00000000  0.05000000    0.1379D+01  0.106558198361351E+01  0.109304120243428E+01    0.457291279242570E+00 -0.469075319790034E+00
  0.00000000  0.00000000  0.05000000    0.1421D+01  0.879120762823696E+00  0.855956389312530E+00    0.583933712834360E+00 -0.568547364107468E+00
  0.00000000  0.00000000  0.05000000    0.1464D+01  0.961328936324306E+00  0.572955453739633E+00    0.767570209169534E+00 -0.457474565525190E+00
  0.00000000  0.00000000  0.05000000    0.1509D+01  0.118075378342631E+01  0.467338277835450E+00    0.732212009536706E+00 -0.289806989696319E+00
  0.00000000  0.00000000  0.05000000    0.1555D+01  0.134110383766339E+01  0.502269645982474E+00    0.653930859857725E+00 -0.244909910965593E+00
  0.00000000  0.00000000  0.05000000    0.1602D+01  0.159276662067233E+01  0.370963330111508E+00    0.595533792014164E+00 -0.138702805428114E+00
  0.00000000  0.00000000  0.05000000    0.1651D+01  0.192072701085580E+01  0.603959480406171E+00    0.473790402598319E+00 -0.148980153742522E+00
  0.00000000  0.00000000  0.05000000    0.1701D+01  0.208096289527330E+01  0.939444277506912E+00    0.399190104695614E+00 -0.180213140919280E+00
  0.00000000  0.00000000  0.05000000    0.1753D+01  0.211224974276640E+01  0.129098385499677E+01    0.344674871132830E+00 -0.210661497476527E+00
  0.00000000  0.00000000  0.05000000    0.1807D+01  0.203366770295081E+01  0.165648680206845E+01    0.295601854726735E+00 -0.240777079909025E+00
  0.00000000  0.00000000  0.05000000    0.1862D+01  0.185018890868639E+01  0.199971548479889E+01    0.249282362972582E+00 -0.269428596714188E+00
  0.00000000  0.00000000  0.05000000    0.1919D+01  0.160314636758384E+01  0.231306905018915E+01    0.202408098882508E+00 -0.292040651121814E+00
  0.00000000  0.00000000  0.05000000    0.1977D+01  0.119528111728713E+01  0.275926623138796E+01    0.132188504256555E+00 -0.305152713196570E+00
  0.00000000  0.00000000  0.05000000    0.2037D+01  0.271337838579263E-01  0.333438706129547E+01    0.244033573231054E-02 -0.299885336068095E+00
  0.00000000  0.00000000  0.05000000    0.2099D+01 -0.943870670001784E+00  0.200199450046009E+01   -0.192670949361342E+00 -0.408664230470368E+00
  0.00000000  0.00000000  0.05000000    0.2163D+01 -0.875280300933163E+00  0.108819715354043E+01   -0.448795259539946E+00 -0.557967228821593E+00
  0.00000000  0.00000000  0.05000000    0.2229D+01 -0.503334106890647E+00  0.532418534979252E+00   -0.937630971284938E+00 -0.991810610980823E+00
  0.00000000  0.00000000  0.05000000    0.2297D+01 -0.125567085091579E+00  0.395418803463754E+00   -0.729518979841366E+00 -0.229730205095218E+01
  0.00000000  0.00000000  0.05000000    0.2367D+01  0.119670427927258E+00  0.375104225683616E+00    0.771946796245310E+00 -0.241964961845507E+01
  0.00000000  0.00000000  0.05000000    0.2439D+01  0.173088280972122E+00  0.494856655817476E+00    0.629772245684921E+00 -0.180050888295838E+01
  0.00000000  0.00000000  0.05000000    0.2513D+01  0.143898364717825E+00  0.361927035860699E+00    0.948584964074098E+00 -0.238584048527994E+01
  0.00000000  0.00000000  0.05000000    0.2590D+01  0.199563626497116E+00  0.242918901212259E+00    0.201915470075506E+01 -0.245781683713828E+01
  0.00000000  0.00000000  0.05000000    0.2669D+01  0.313037660797345E+00  0.119443718364696E+00    0.278852122441072E+01 -0.106399767661859E+01
  0.00000000  0.00000000  0.05000000    0.2750D+01  0.433127936791139E+00  0.109159203638445E+00    0.217089823590436E+01 -0.547121306390582E+00
  0.00000000  0.00000000  0.05000000    0.2834D+01  0.519602967066082E+00  0.871878003202427E-01    0.187184308311332E+01 -0.314089586290903E+00
  0.00000000  0.00000000  0.05000000    0.2920D+01  0.606813500985383E+00  0.890297996821665E-01    0.161322670955697E+01 -0.236687632296497E+00
  0.00000000  0.00000000  0.05000000    0.3009D+01  0.660443827737149E+00  0.130782365442355E+00    0.145700041027889E+01 -0.288518042116661E+00
  0.00000000  0.00000000  0.05000000    0.3101D+01  0.692387255534295E+00  0.136141798907027E+00    0.139051818259258E+01 -0.273412956806954E+00
  0.00000000  0.00000000  0.05000000    0.3195D+01  0.720928588613943E+00  0.165182792586570E+00    0.131791182714210E+01 -0.301966601725067E+00
  0.00000000  0.00000000  0.05000000    0.3293D+01  0.695954479826378E+00  0.206358734919583E+00    0.132075571413087E+01 -0.391619690951413E+00
  0.00000000  0.00000000  0.05000000    0.3393D+01  0.689388699935928E+00  0.128950399407778E+00    0.140152417904417E+01 -0.262155591880461E+00
  0.00000000  0.00000000  0.05000000    0.3496D+01  0.734271548956895E+00  0.119003196015840E+00    0.132703722203186E+01 -0.215072572099677E+00
  0.00000000  0.00000000  0.05000000    0.3603D+01  0.765937505663509E+00  0.123609946476133E+00    0.127244893345231E+01 -0.205352712714334E+00
  0.00000000  0.00000000  0.05000000    0.3713D+01  0.775489085238591E+00  0.145116096503954E+00    0.124588167534350E+01 -0.233139948547477E+00
  0.00000000  0.00000000  0.05000000    0.3826D+01  0.773720296378949E+00  0.138535565572829E+00    0.125230853864009E+01 -0.224227375815429E+00
  0.00000000  0.00000000  0.05000000    0.3942D+01  0.767136787315474E+00  0.140003529996912E+00    0.126153098272184E+01 -0.230231157861157E+00
  0.00000000  0.00000000  0.05000000    0.4062D+01  0.765514089296122E+00  0.105781902273890E+00    0.128183522714207E+01 -0.177129292098921E+00
  0.00000000  0.00000000  0.05000000    0.4186D+01  0.787286759162557E+00  0.819116271263844E-01    0.125658278883609E+01 -0.130738564639471E+00
  0.00000000  0.00000000  0.05000000    0.4313D+01  0.805839790154836E+00  0.792648362993621E-01    0.122905004476078E+01 -0.120893075511906E+00
  0.00000000  0.00000000  0.05000000    0.4445D+01  0.828377649134834E+00  0.593433074965740E-01    0.120101526493336E+01 -0.860383162793649E-01
  0.00000000  0.00000000  0.05000000    0.4580D+01  0.852262897429066E+00  0.719499794512530E-01    0.116504345964248E+01 -0.983556285671459E-01
  0.00000000  0.00000000  0.05000000    0.4720D+01  0.852245605956262E+00  0.821716938960430E-01    0.116256301851459E+01 -0.112091833415851E+00
  0.00000000  0.00000000  0.05000000    0.4863D+01  0.861545524723189E+00  0.559144663692027E-01    0.115583634743080E+01 -0.750139960363515E-01
  0.00000000  0.00000000  0.05000000    0.5012D+01  0.899075217401496E+00  0.518082046166879E-01    0.110857296274256E+01 -0.638802780620377E-01
  0.00000000  0.00000000  0.05000000    0.5164D+01  0.928121077608542E+00  0.928981774970071E-01    0.106675825390650E+01 -0.106774751709283E+00
  0.00000000  0.00000000  0.05000000    0.5322D+01  0.878135679180329E+00  0.168943292061717E+00    0.109813066700508E+01 -0.211267819308900E+00
  0.00000000  0.00000000  0.05000000    0.5484D+01  0.835144414144851E+00  0.846729114064864E-01    0.118521446015015E+01 -0.120165515427341E+00
  0.00000000  0.00000000  0.05000000    0.5651D+01  0.860653556718604E+00  0.659616168076869E-01    0.115512264233796E+01 -0.885301135456663E-01
  0.00000000  0.00000000  0.05000000    0.5823D+01  0.873022956221286E+00  0.699674693317813E-01    0.113813495916117E+01 -0.912145806511335E-01
  0.00000000  0.00000000  0.05000000    0.6000D+01  0.867221790097502E+00  0.721776741129511E-01    0.114517492663084E+01 -0.953113305044960E-01
  0.00000000  0.00000000  0.05000000    0.6183D+01  0.866173410499144E+00  0.482719810180550E-01    0.115092861757966E+01 -0.641414336985080E-01
  0.00000000  0.00000000  0.05000000    0.6371D+01  0.878014695521681E+00  0.375339505999823E-01    0.113685555690551E+01 -0.485990502549092E-01
  0.00000000  0.00000000  0.05000000    0.6565D+01  0.890193152616590E+00  0.303460088283397E-01    0.112204780453859E+01 -0.382497579118231E-01
  0.00000000  0.00000000  0.05000000    0.6765D+01  0.902848444007606E+00  0.284449281565177E-01    0.110650727472368E+01 -0.348613547966795E-01
  0.00000000  0.00000000  0.05000000    0.6971D+01  0.908942341027963E+00  0.345441516433676E-01    0.109859302947215E+01 -0.417517839047009E-01
  0.00000000  0.00000000  0.05000000    0.7184D+01  0.909767002183634E+00  0.320837375944463E-01    0.109781719918544E+01 -0.387154940339618E-01
  0.00000000  0.00000000  0.05000000    0.7402D+01  0.916322089518175E+00  0.258658259673075E-01    0.109045043535837E+01 -0.307810992549416E-01
  0.00000000  0.00000000  0.05000000    0.7628D+01  0.921409411688927E+00  0.320961128026129E-01    0.108397859860921E+01 -0.377590015200813E-01
  0.00000000  0.00000000  0.05000000    0.7860D+01  0.917390124078851E+00  0.336974218743735E-01    0.108858005347096E+01 -0.399855419663162E-01
  0.00000000  0.00000000  0.05000000    0.8100D+01  0.916911479330640E+00  0.232636760639681E-01    0.108991621267759E+01 -0.276531140466344E-01
  0.00000000  0.00000000  0.05000000    0.8346D+01  0.919374355759732E+00  0.216683557392424E-01    0.108709235119109E+01 -0.256212321340557E-01
  0.00000000  0.00000000  0.05000000    0.8600D+01  0.920065363472278E+00  0.141834587053066E-01    0.108662107292511E+01 -0.167510328374769E-01
  0.00000000  0.00000000  0.05000000    0.8862D+01  0.925781782892634E+00  0.516405454993454E-02    0.108013454664475E+01 -0.602504156294160E-02
  0.00000000  0.00000000  0.05000000    0.9132D+01  0.933898882999787E+00  0.187078318356665E-02    0.107077543984943E+01 -0.214497385392735E-02
  0.00000000  0.00000000  0.05000000    0.9410D+01  0.940666981902673E+00  0.436042327484388E-03    0.106307524805703E+01 -0.492784178005507E-03
  0.00000000  0.00000000  0.05000000    0.9697D+01  0.946268649276904E+00  0.474100062725091E-04    0.105678234004047E+01 -0.529469695612144E-04
  0.00000000  0.00000000  0.05000000    0.9992D+01  0.950838439183505E+00  0.486266372442187E-08    0.105170337966007E+01 -0.537849508641702E-08
  0.00000000  0.00000000  0.05000000    0.1030D+02  0.954691805385808E+00 -0.115724282778653E-18    0.104745845136471E+01  0.126969119605708E-18
  0.00000000  0.00000000  0.05000000    0.1061D+02  0.958062609978681E+00 -0.973162166077341E-19    0.104377312044591E+01  0.106022351796930E-18
  0.00000000  0.00000000  0.05000000    0.1093D+02  0.961072792352002E+00 -0.831071459904311E-19    0.104050391183454E+01  0.899758178491603E-19
