 q(1:3)   w(Ry)   eps  epsi --- LFC included. 
  0.00000000  0.00000000  0.01750000    0.0000D+00  0.360573267192881E+01 -0.240478469396808E-16    0.277336145240372E+00  0.184964826247475E-17
  0.00000000  0.00000000  0.01750000    0.1015D-04  0.360573267267206E+01 -0.240478504270444E-16    0.277336145183204E+00  0.184964852994396E-17
  0.00000000  0.00000000  0.01750000    0.3076D-04  0.360573267875445E+01 -0.240478467226770E-16    0.277336144715374E+00  0.184964823878106E-17
  0.00000000  0.00000000  0.01750000    0.5200D-04  0.360573269143325E+01 -0.240478488194061E-16    0.277336143740180E+00  0.184964838704389E-17
  0.00000000  0.00000000  0.01750000    0.7389D-04  0.360573271130578E+01 -0.240478494314386E-16    0.277336142211678E+00  0.184964841373039E-17
  0.00000000  0.00000000  0.01750000    0.9644D-04  0.360573273901207E+01 -0.240478487501426E-16    0.277336140080639E+00  0.184964833290304E-17
  0.00000000  0.00000000  0.01750000    0.1197D-03  0.360573277523770E+01 -0.240478511098996E-16    0.277336137294333E+00  0.184964847723890E-17
  0.00000000  0.00000000  0.01750000    0.1436D-03  0.360573282071675E+01 -0.240478473281480E-16    0.277336133796297E+00  0.184964813970504E-17
  0.00000000  0.00000000  0.01750000    0.1683D-03  0.360573287623501E+01 -0.240478498208484E-16    0.277336129526091E+00  0.184964827447304E-17
  0.00000000  0.00000000  0.01750000    0.1937D-03  0.360573294263336E+01 -0.240478483327561E-16    0.277336124419041E+00  0.184964809189464E-17
  0.00000000  0.00000000  0.01750000    0.2199D-03  0.360573302081138E+01 -0.240478473933720E-16    0.277336118405953E+00  0.184964793943500E-17
  0.00000000  0.00000000  0.01750000    0.2469D-03  0.360573311173120E+01 -0.240478477579361E-16    0.277336111412826E+00  0.184964787419653E-17
  0.00000000  0.00000000  0.01750000    0.2748D-03  0.360573321642157E+01 -0.240478482819204E-16    0.277336103360533E+00  0.184964780709204E-17
  0.00000000  0.00000000  0.01750000    0.3034D-03  0.360573333598214E+01 -0.240478478387244E-16    0.277336094164494E+00  0.184964765034053E-17
  0.00000000  0.00000000  0.01750000    0.3330D-03  0.360573347158815E+01 -0.240478486172725E-16    0.277336083734316E+00  0.184964757109807E-17
  0.00000000  0.00000000  0.01750000    0.3634D-03  0.360573362449534E+01 -0.240478469363689E-16    0.277336071973415E+00  0.184964728493607E-17
  0.00000000  0.00000000  0.01750000    0.3948D-03  0.360573379604504E+01 -0.240478491750818E-16    0.277336058778619E+00  0.184964728112628E-17
  0.00000000  0.00000000  0.01750000    0.4271D-03  0.360573398766988E+01 -0.240478460230294E-16    0.277336044039740E+00  0.184964684208823E-17
  0.00000000  0.00000000  0.01750000    0.4604D-03  0.360573420089955E+01 -0.240478473447170E-16    0.277336027639120E+00  0.184964672498376E-17
  0.00000000  0.00000000  0.01750000    0.4948D-03  0.360573443736713E+01 -0.240478485283664E-16    0.277336009451153E+00  0.184964657342120E-17
  0.00000000  0.00000000  0.01750000    0.5301D-03  0.360573469881572E+01 -0.240478470017373E-16    0.277335989341768E+00  0.184964618776772E-17
  0.00000000  0.00000000  0.01750000    0.5666D-03  0.360573498710559E+01 -0.240478451249455E-16    0.277335967167882E+00  0.184964574764377E-17
  0.00000000  0.00000000  0.01750000    0.6041D-03  0.360573530422156E+01 -0.240478454101858E-16    0.277335942776834E+00  0.184964544423908E-17
  0.00000000  0.00000000  0.01750000    0.6428D-03  0.360573565228117E+01 -0.240478459881110E-16    0.277335916005753E+00  0.184964513159990E-17
  0.00000000  0.00000000  0.01750000    0.6827D-03  0.360573603354307E+01 -0.240478483636395E-16    0.277335886680917E+00  0.184964492316005E-17
  0.00000000  0.00000000  0.01750000    0.7238D-03  0.360573645041611E+01 -0.240478455829950E-16    0.277335854617050E+00  0.184964428159721E-17
  0.00000000  0.00000000  0.01750000    0.7662D-03  0.360573690546891E+01 -0.240478460810026E-16    0.277335819616588E+00  0.184964385304232E-17
  0.00000000  0.00000000  0.01750000    0.8098D-03  0.360573740144014E+01 -0.240478453893933E-16    0.277335781468889E+00  0.184964329100801E-17
  0.00000000  0.00000000  0.01750000    0.8548D-03  0.360573794124928E+01 -0.240478447005564E-16    0.277335739949401E+00  0.184964268421192E-17
  0.00000000  0.00000000  0.01750000    0.9011D-03  0.360573852800826E+01 -0.240478421844546E-16    0.277335694818776E+00  0.184964188870400E-17
  0.00000000  0.00000000  0.01750000    0.9488D-03  0.360573916503360E+01 -0.240478451654758E-16    0.277335645821924E+00  0.184964146443762E-17
  0.00000000  0.00000000  0.01750000    0.9980D-03  0.360573985585956E+01 -0.240478428937345E-16    0.277335592687015E+00  0.184964058095872E-17
  0.00000000  0.00000000  0.01750000    0.1049D-02  0.360574060425190E+01 -0.240478441554720E-16    0.277335535124406E+00  0.184963991019811E-17
  0.00000000  0.00000000  0.01750000    0.1101D-02  0.360574141422261E+01 -0.240478442047017E-16    0.277335472825523E+00  0.184963908300212E-17
  0.00000000  0.00000000  0.01750000    0.1155D-02  0.360574229004562E+01 -0.240478409587847E-16    0.277335405461644E+00  0.184963793480019E-17
  0.00000000  0.00000000  0.01750000    0.1210D-02  0.360574323627330E+01 -0.240478405638908E-16    0.277335332682630E+00  0.184963693365436E-17
  0.00000000  0.00000000  0.01750000    0.1267D-02  0.360574425775419E+01 -0.240478409672174E-16    0.277335254115566E+00  0.184963591669917E-17
  0.00000000  0.00000000  0.01750000    0.1326D-02  0.360574535965175E+01 -0.240478406786615E-16    0.277335169363314E+00  0.184963476402635E-17
  0.00000000  0.00000000  0.01750000    0.1387D-02  0.360574654746427E+01 -0.240478395831350E-16    0.277335078002986E+00  0.184963346114335E-17
  0.00000000  0.00000000  0.01750000    0.1450D-02  0.360574782704614E+01 -0.240478393891899E-16    0.277334979584307E+00  0.184963213345711E-17
  0.00000000  0.00000000  0.01750000    0.1514D-02  0.360574920463023E+01 -0.240478355495085E-16    0.277334873627893E+00  0.184963042481798E-17
  0.00000000  0.00000000  0.01750000    0.1580D-02  0.360575068685190E+01 -0.240478371177326E-16    0.277334759623405E+00  0.184962902477653E-17
  0.00000000  0.00000000  0.01750000    0.1649D-02  0.360575228077436E+01 -0.240478359419364E-16    0.277334637027601E+00  0.184962729908444E-17
  0.00000000  0.00000000  0.01750000    0.1719D-02  0.360575399391574E+01 -0.240478324268257E-16    0.277334505262249E+00  0.184962527115737E-17
  0.00000000  0.00000000  0.01750000    0.1792D-02  0.360575583427769E+01 -0.240478289593094E-16    0.277334363711935E+00  0.184962311637485E-17
  0.00000000  0.00000000  0.01750000    0.1867D-02  0.360575781037592E+01 -0.240478319100096E-16    0.277334211721709E+00  0.184962131599276E-17
  0.00000000  0.00000000  0.01750000    0.1944D-02  0.360575993127256E+01 -0.240478309778179E-16    0.277334048594598E+00  0.184961906841176E-17
  0.00000000  0.00000000  0.01750000    0.2024D-02  0.360576220661055E+01 -0.240478282399886E-16    0.277333873588966E+00  0.184961652351094E-17
  0.00000000  0.00000000  0.01750000    0.2106D-02  0.360576464665022E+01 -0.240478252022735E-16    0.277333685915693E+00  0.184961378657883E-17
  0.00000000  0.00000000  0.01750000    0.2190D-02  0.360576726230812E+01 -0.240478230230965E-16    0.277333484735197E+00  0.184961093551599E-17
  0.00000000  0.00000000  0.01750000    0.2277D-02  0.360577006519824E+01 -0.240478220654960E-16    0.277333269154260E+00  0.184960798633101E-17
  0.00000000  0.00000000  0.01750000    0.2367D-02  0.360577306767588E+01 -0.240478202387584E-16    0.277333038222662E+00  0.184960476554504E-17
  0.00000000  0.00000000  0.01750000    0.2459D-02  0.360577628288422E+01 -0.240478184142039E-16    0.277332790929589E+00  0.184960132669254E-17
  0.00000000  0.00000000  0.01750000    0.2554D-02  0.360577972480372E+01 -0.240478154960700E-16    0.277332526199846E+00  0.184959757115388E-17
  0.00000000  0.00000000  0.01750000    0.2652D-02  0.360578340830476E+01 -0.240478129923889E-16    0.277332242889804E+00  0.184959359966363E-17
  0.00000000  0.00000000  0.01750000    0.2753D-02  0.360578734920342E+01 -0.240478110759390E-16    0.277331939783115E+00  0.184958940928710E-17
  0.00000000  0.00000000  0.01750000    0.2858D-02  0.360579156432079E+01 -0.240478049239316E-16    0.277331615586151E+00  0.184958461183566E-17
  0.00000000  0.00000000  0.01750000    0.2965D-02  0.360579607154600E+01 -0.240478044042753E-16    0.277331268923161E+00  0.184957994792928E-17
  0.00000000  0.00000000  0.01750000    0.3075D-02  0.360580088990314E+01 -0.240478018951351E-16    0.277330898331123E+00  0.184957481183767E-17
  0.00000000  0.00000000  0.01750000    0.3189D-02  0.360580603962236E+01 -0.240478011953747E-16    0.277330502254284E+00  0.184956947499120E-17
  0.00000000  0.00000000  0.01750000    0.3307D-02  0.360581154221542E+01 -0.240477930803696E-16    0.277330079038351E+00  0.184956320584055E-17
  0.00000000  0.00000000  0.01750000    0.3428D-02  0.360581742055593E+01 -0.240477894094033E-16    0.277329626924323E+00  0.184955689304875E-17
  0.00000000  0.00000000  0.01750000    0.3553D-02  0.360582369896463E+01 -0.240477850553261E-16    0.277329144041939E+00  0.184955011733188E-17
  0.00000000  0.00000000  0.01750000    0.3681D-02  0.360583040329986E+01 -0.240477813289535E-16    0.277328628402727E+00  0.184954295298640E-17
  0.00000000  0.00000000  0.01750000    0.3813D-02  0.360583756105388E+01 -0.240477788124671E-16    0.277328077892596E+00  0.184953541659226E-17
  0.00000000  0.00000000  0.01750000    0.3950D-02  0.360584520145493E+01 -0.240477702281242E-16    0.277327490264004E+00  0.184952691843792E-17
  0.00000000  0.00000000  0.01750000    0.4090D-02  0.360585335557595E+01 -0.240477659721649E-16    0.277326863127598E+00  0.184951822624019E-17
  0.00000000  0.00000000  0.01750000    0.4235D-02  0.360586205644977E+01 -0.240477594501299E-16    0.277326193943362E+00  0.184950879894064E-17
  0.00000000  0.00000000  0.01750000    0.4385D-02  0.360587133919171E+01 -0.240477529993195E-16    0.277325480011209E+00  0.184949878029264E-17
  0.00000000  0.00000000  0.01750000    0.4538D-02  0.360588124112969E+01 -0.240477469456866E-16    0.277324718460975E+00  0.184948815708749E-17
  0.00000000  0.00000000  0.01750000    0.4697D-02  0.360589180194250E+01 -0.240477390912304E-16    0.277323906241806E+00  0.184947671959297E-17
  0.00000000  0.00000000  0.01750000    0.4860D-02  0.360590306380671E+01 -0.240477325149557E-16    0.277323040110876E+00  0.184946466136566E-17
  0.00000000  0.00000000  0.01750000    0.5029D-02  0.360591507155269E+01 -0.240477237033282E-16    0.277322116621401E+00  0.184945166622075E-17
  0.00000000  0.00000000  0.01750000    0.5202D-02  0.360592787283034E+01 -0.240477120669712E-16    0.277321132109913E+00  0.184943763998007E-17
  0.00000000  0.00000000  0.01750000    0.5381D-02  0.360594151828526E+01 -0.240477047240260E-16    0.277320082682742E+00  0.184942307815583E-17
  0.00000000  0.00000000  0.01750000    0.5565D-02  0.360595606174578E+01 -0.240476966550736E-16    0.277318964201650E+00  0.184940753953387E-17
  0.00000000  0.00000000  0.01750000    0.5755D-02  0.360597156042176E+01 -0.240476847665526E-16    0.277317772268575E+00  0.184939072755675E-17
  0.00000000  0.00000000  0.01750000    0.5950D-02  0.360598807511567E+01 -0.240476729057087E-16    0.277316502209432E+00  0.184937287577518E-17
  0.00000000  0.00000000  0.01750000    0.6152D-02  0.360600567044702E+01 -0.240476606212776E-16    0.277315149056888E+00  0.184935388324898E-17
  0.00000000  0.00000000  0.01750000    0.6360D-02  0.360602441509067E+01 -0.240476466546993E-16    0.277313707532082E+00  0.184933358280339E-17
  0.00000000  0.00000000  0.01750000    0.6574D-02  0.360604438202996E+01 -0.240476342692860E-16    0.277312172025200E+00  0.184931215059791E-17
  0.00000000  0.00000000  0.01750000    0.6794D-02  0.360606564882586E+01 -0.240476188710187E-16    0.277310536574841E+00  0.184928915385686E-17
  0.00000000  0.00000000  0.01750000    0.7021D-02  0.360608829790276E+01 -0.240476024541393E-16    0.277308794846089E+00  0.184926466148197E-17
  0.00000000  0.00000000  0.01750000    0.7255D-02  0.360611241685213E+01 -0.240475886159051E-16    0.277306940107244E+00  0.184923886035023E-17
  0.00000000  0.00000000  0.01750000    0.7497D-02  0.360613809875533E+01 -0.240475675249863E-16    0.277304965205064E+00  0.184921089907355E-17
  0.00000000  0.00000000  0.01750000    0.7745D-02  0.360616544252639E+01 -0.240475504508348E-16    0.277302862538504E+00  0.184918154292550E-17
  0.00000000  0.00000000  0.01750000    0.8001D-02  0.360619455327639E+01 -0.240475317384308E-16    0.277300624030796E+00  0.184915024936985E-17
  0.00000000  0.00000000  0.01750000    0.8265D-02  0.360622554270063E+01 -0.240475087820884E-16    0.277298241099784E+00  0.184911670364105E-17
  0.00000000  0.00000000  0.01750000    0.8537D-02  0.360625852949001E+01 -0.240474850723512E-16    0.277295704626428E+00  0.184908105259280E-17
  0.00000000  0.00000000  0.01750000    0.8818D-02  0.360629363976824E+01 -0.240474588378820E-16    0.277293004921326E+00  0.184904303086832E-17
  0.00000000  0.00000000  0.01750000    0.9107D-02  0.360633100755644E+01 -0.240474333325352E-16    0.277290131689153E+00  0.184900275143711E-17
  0.00000000  0.00000000  0.01750000    0.9404D-02  0.360637077526696E+01 -0.240474057749547E-16    0.277287073990881E+00  0.184895985463807E-17
  0.00000000  0.00000000  0.01750000    0.9711D-02  0.360641309422816E+01 -0.240473778535658E-16    0.277283820203636E+00  0.184891431538685E-17
  0.00000000  0.00000000  0.01750000    0.1003D-01  0.360645812524214E+01 -0.240473470341496E-16    0.277280357978053E+00  0.184886577425706E-17
  0.00000000  0.00000000  0.01750000    0.1035D-01  0.360650603917768E+01 -0.240473147939280E-16    0.277276674192957E+00  0.184881416997482E-17
  0.00000000  0.00000000  0.01750000    0.1069D-01  0.360655701760039E+01 -0.240472800077441E-16    0.277272754907212E+00  0.184875923026683E-17
  0.00000000  0.00000000  0.01750000    0.1103D-01  0.360661125344268E+01 -0.240472405901457E-16    0.277268585308564E+00  0.184870059744861E-17
  0.00000000  0.00000000  0.01750000    0.1139D-01  0.360666895171585E+01 -0.240472017093925E-16    0.277264149659274E+00  0.184863845917096E-17
  0.00000000  0.00000000  0.01750000    0.1176D-01  0.360673033026735E+01 -0.240471553704233E-16    0.277259431238341E+00  0.184857197804677E-17
  0.00000000  0.00000000  0.01750000    0.1214D-01  0.360679562058565E+01 -0.240471115781253E-16    0.277254412280124E+00  0.184850168653169E-17
  0.00000000  0.00000000  0.01750000    0.1253D-01  0.360686506865637E+01 -0.240470651699908E-16    0.277249073909083E+00  0.184842693632975E-17
  0.00000000  0.00000000  0.01750000    0.1293D-01  0.360693893587240E+01 -0.240470091968925E-16    0.277243396070451E+00  0.184834692619251E-17
  0.00000000  0.00000000  0.01750000    0.1334D-01  0.360701750000188E+01 -0.240469536436140E-16    0.277237357456535E+00  0.184826213985152E-17
  0.00000000  0.00000000  0.01750000    0.1377D-01  0.360710105621780E+01 -0.240468978152794E-16    0.277230935428391E+00  0.184817222239706E-17
  0.00000000  0.00000000  0.01750000    0.1421D-01  0.360718991819293E+01 -0.240468334078940E-16    0.277224105932566E+00  0.184807621533617E-17
  0.00000000  0.00000000  0.01750000    0.1466D-01  0.360728441926471E+01 -0.240467652300306E-16    0.277216843412595E+00  0.184797414801898E-17
  0.00000000  0.00000000  0.01750000    0.1513D-01  0.360738491367453E+01 -0.240466946055719E-16    0.277209120714925E+00  0.184786576071830E-17
  0.00000000  0.00000000  0.01750000    0.1561D-01  0.360749177788620E+01 -0.240466206924272E-16    0.277200908988890E+00  0.184775060470343E-17
  0.00000000  0.00000000  0.01750000    0.1610D-01  0.360760541198904E+01 -0.240465373052280E-16    0.277192177580379E+00  0.184762779675202E-17
  0.00000000  0.00000000  0.01750000    0.1662D-01  0.360772624119106E+01 -0.240464534213753E-16    0.277182893918764E+00  0.184749759328166E-17
  0.00000000  0.00000000  0.01750000    0.1714D-01  0.360785471740829E+01 -0.240463606313036E-16    0.277173023396671E+00  0.184735888773618E-17
  0.00000000  0.00000000  0.01750000    0.1768D-01  0.360799132095667E+01 -0.240462645182878E-16    0.277162529242129E+00  0.184721161994002E-17
  0.00000000  0.00000000  0.01750000    0.1824D-01  0.360813656235328E+01 -0.240461558366689E-16    0.277151372382586E+00  0.184705456001690E-17
  0.00000000  0.00000000  0.01750000    0.1882D-01  0.360829098423457E+01 -0.240460467034225E-16    0.277139511300287E+00  0.184688808668906E-17
  0.00000000  0.00000000  0.01750000    0.1941D-01  0.360845516339918E+01 -0.240459282380480E-16    0.277126901878419E+00  0.184671093131271E-17
  0.00000000  0.00000000  0.01750000    0.2002D-01  0.360862971298406E+01 -0.240457991299613E-16    0.277113497237453E+00  0.184652237019430E-17
  0.00000000  0.00000000  0.01750000    0.2065D-01  0.360881528478293E+01 -0.240456665494469E-16    0.277099247561004E+00  0.184632229198600E-17
  0.00000000  0.00000000  0.01750000    0.2130D-01  0.360901257171699E+01 -0.240455219393688E-16    0.277084099910533E+00  0.184610933629396E-17
  0.00000000  0.00000000  0.01750000    0.2197D-01  0.360922231046818E+01 -0.240453688195707E-16    0.277067998028163E+00  0.184588302620325E-17
  0.00000000  0.00000000  0.01750000    0.2266D-01  0.360944528428671E+01 -0.240452053861193E-16    0.277050882126786E+00  0.184564242936310E-17
  0.00000000  0.00000000  0.01750000    0.2337D-01  0.360968232598467E+01 -0.240450270619762E-16    0.277032688666645E+00  0.184538635106190E-17
  0.00000000  0.00000000  0.01750000    0.2410D-01  0.360993432112925E+01 -0.240448416260483E-16    0.277013350117457E+00  0.184511449221928E-17
  0.00000000  0.00000000  0.01750000    0.2486D-01  0.361020221144949E+01 -0.240446393854894E-16    0.276992794705120E+00  0.184482515686828E-17
  0.00000000  0.00000000  0.01750000    0.2564D-01  0.361048699847204E+01 -0.240444262227057E-16    0.276970946141947E+00  0.184451778476460E-17
  0.00000000  0.00000000  0.01750000    0.2644D-01  0.361078974740245E+01 -0.240442008221125E-16    0.276947723339301E+00  0.184419119999645E-17
  0.00000000  0.00000000  0.01750000    0.2726D-01  0.361111159126973E+01 -0.240439520521371E-16    0.276923040101450E+00  0.184384340667526E-17
  0.00000000  0.00000000  0.01750000    0.2811D-01  0.361145373535393E+01 -0.240436917863912E-16    0.276896804799300E+00  0.184347410187118E-17
  0.00000000  0.00000000  0.01750000    0.2899D-01  0.361181746191713E+01 -0.240434118196142E-16    0.276868920022665E+00  0.184308136674862E-17
  0.00000000  0.00000000  0.01750000    0.2989D-01  0.361220413526117E+01 -0.240431134677974E-16    0.276839282209530E+00  0.184266393184506E-17
  0.00000000  0.00000000  0.01750000    0.3082D-01  0.361261520713636E+01 -0.240427917993024E-16    0.276807781250713E+00  0.184221996294844E-17
  0.00000000  0.00000000  0.01750000    0.3178D-01  0.361305222252811E+01 -0.240424483439806E-16    0.276774300068180E+00  0.184174802977923E-17
  0.00000000  0.00000000  0.01750000    0.3277D-01  0.361351682585078E+01 -0.240420827932891E-16    0.276738714165128E+00  0.184124646396240E-17
  0.00000000  0.00000000  0.01750000    0.3379D-01  0.361401076758017E+01 -0.240416860139793E-16    0.276700891145814E+00  0.184071281812205E-17
  0.00000000  0.00000000  0.01750000    0.3484D-01  0.361453591135970E+01 -0.240412622609933E-16    0.276660690202916E+00  0.184014556047769E-17
  0.00000000  0.00000000  0.01750000    0.3592D-01  0.361509424161751E+01 -0.240408075132402E-16    0.276617961570088E+00  0.183954240867477E-17
  0.00000000  0.00000000  0.01750000    0.3703D-01  0.361568787173622E+01 -0.240403207041015E-16    0.276572545937105E+00  0.183890118233162E-17
  0.00000000  0.00000000  0.01750000    0.3818D-01  0.361631905282030E+01 -0.240397958514647E-16    0.276524273824822E+00  0.183821919294950E-17
  0.00000000  0.00000000  0.01750000    0.3936D-01  0.361699018311057E+01 -0.240392320420962E-16    0.276472964916928E+00  0.183749399930323E-17
  0.00000000  0.00000000  0.01750000    0.4058D-01  0.361770381810013E+01 -0.240386239602516E-16    0.276418427345210E+00  0.183672267403172E-17
  0.00000000  0.00000000  0.01750000    0.4184D-01  0.361846268141145E+01 -0.240379726547182E-16    0.276360456924743E+00  0.183590261702274E-17
  0.00000000  0.00000000  0.01750000    0.4313D-01  0.361926967650026E+01 -0.240372719155340E-16    0.276298836335118E+00  0.183503050409744E-17
  0.00000000  0.00000000  0.01750000    0.4447D-01  0.362012789925861E+01 -0.240365139251125E-16    0.276233334243466E+00  0.183410270849356E-17
  0.00000000  0.00000000  0.01750000    0.4584D-01  0.362104065159707E+01 -0.240356950754548E-16    0.276163704364641E+00  0.183311573320474E-17
  0.00000000  0.00000000  0.01750000    0.4726D-01  0.362201145609433E+01 -0.240348115585533E-16    0.276089684453487E+00  0.183206586161808E-17
  0.00000000  0.00000000  0.01750000    0.4872D-01  0.362304407181218E+01 -0.240338575998902E-16    0.276010995223643E+00  0.183094900965171E-17
  0.00000000  0.00000000  0.01750000    0.5022D-01  0.362414251138427E+01 -0.240328301193965E-16    0.275927339186792E+00  0.182976106682968E-17
  0.00000000  0.00000000  0.01750000    0.5177D-01  0.362531105949953E+01 -0.240317181584389E-16    0.275838399405663E+00  0.182849707597419E-17
  0.00000000  0.00000000  0.01750000    0.5337D-01  0.362655429291440E+01 -0.240305090805028E-16    0.275743838153426E+00  0.182715169040349E-17
  0.00000000  0.00000000  0.01750000    0.5501D-01  0.362787710214384E+01 -0.240292016994767E-16    0.275643295471356E+00  0.182572015465342E-17
  0.00000000  0.00000000  0.01750000    0.5671D-01  0.362928471499862E+01 -0.240277823337138E-16    0.275536387615812E+00  0.182419646474417E-17
  0.00000000  0.00000000  0.01750000    0.5846D-01  0.363078272215645E+01 -0.240262410735137E-16    0.275422705384602E+00  0.182257458599987E-17
  0.00000000  0.00000000  0.01750000    0.6026D-01  0.363237710497748E+01 -0.240245681301232E-16    0.275301812311748E+00  0.182084815399996E-17
  0.00000000  0.00000000  0.01750000    0.6211D-01  0.363407426580091E+01 -0.240227466459888E-16    0.275173242718420E+00  0.181900990736163E-17
  0.00000000  0.00000000  0.01750000    0.6403D-01  0.363588106098932E+01 -0.240207628046339E-16    0.275036499606481E+00  0.181705243071576E-17
  0.00000000  0.00000000  0.01750000    0.6600D-01  0.363780483702250E+01 -0.240185998691345E-16    0.274891052379404E+00  0.181496767707590E-17
  0.00000000  0.00000000  0.01750000    0.6803D-01  0.363985346998138E+01 -0.240162411820947E-16    0.274736334373679E+00  0.181274716749425E-17
  0.00000000  0.00000000  0.01750000    0.7012D-01  0.364203540880975E+01 -0.240136614750809E-16    0.274571740181628E+00  0.181038130584795E-17
  0.00000000  0.00000000  0.01750000    0.7227D-01  0.364435972279377E+01 -0.240108427181014E-16    0.274396622744310E+00  0.180786054403024E-17
  0.00000000  0.00000000  0.01750000    0.7450D-01  0.364683615376210E+01 -0.240077490595546E-16    0.274210290190415E+00  0.180517345964334E-17
  0.00000000  0.00000000  0.01750000    0.7678D-01  0.364947517358090E+01 -0.240043639290432E-16    0.274012002393975E+00  0.180230951398333E-17
  0.00000000  0.00000000  0.01750000    0.7914D-01  0.365228804760270E+01 -0.240006468724993E-16    0.273800967220092E+00  0.179925576568681E-17
  0.00000000  0.00000000  0.01750000    0.8157D-01  0.365528690482690E+01 -0.239965586626319E-16    0.273576336423681E+00  0.179599872092931E-17
  0.00000000  0.00000000  0.01750000    0.8408D-01  0.365848481564590E+01 -0.239920634361382E-16    0.273337201161364E+00  0.179252444664366E-17
  0.00000000  0.00000000  0.01750000    0.8666D-01  0.366189587818820E+01 -0.239871079258334E-16    0.273082587070928E+00  0.178881696985255E-17
  0.00000000  0.00000000  0.01750000    0.8932D-01  0.366553531443248E+01 -0.239816413238660E-16    0.272811448866051E+00  0.178485971475705E-17
  0.00000000  0.00000000  0.01750000    0.9206D-01  0.366941957746025E+01 -0.239756050844573E-16    0.272522664386104E+00  0.178063468621043E-17
  0.00000000  0.00000000  0.01750000    0.9488D-01  0.367356647144493E+01 -0.239689219952032E-16    0.272215028031511E+00  0.177612160376751E-17
  0.00000000  0.00000000  0.01750000    0.9779D-01  0.367799528625298E+01 -0.239615176903670E-16    0.271887243503992E+00  0.177129944112656E-17
  0.00000000  0.00000000  0.01750000    0.1008D+00  0.368272694886524E+01 -0.239533055584301E-16    0.271537915757814E+00  0.176614523888346E-17
  0.00000000  0.00000000  0.01750000    0.1039D+00  0.368778419423024E+01 -0.239441814550046E-16    0.271165542052206E+00  0.176063364917099E-17
  0.00000000  0.00000000  0.01750000    0.1071D+00  0.369319175865140E+01 -0.239340280941843E-16    0.270768501975960E+00  0.175473719124708E-17
  0.00000000  0.00000000  0.01750000    0.1103D+00  0.369897659940859E+01 -0.239227150165870E-16    0.270345046291962E+00  0.174842617269401E-17
  0.00000000  0.00000000  0.01750000    0.1137D+00  0.370516814505013E+01 -0.239100887966659E-16    0.269893284421096E+00  0.174166789292767E-17
  0.00000000  0.00000000  0.01750000    0.1172D+00  0.371179858170034E+01 -0.238959726792624E-16    0.269411170350173E+00  0.173442653863689E-17
  0.00000000  0.00000000  0.01750000    0.1208D+00  0.371890318185664E+01 -0.238801713457181E-16    0.268896486705727E+00  0.172666344424395E-17
  0.00000000  0.00000000  0.01750000    0.1245D+00  0.372652068356358E+01 -0.238624426710619E-16    0.268346826682235E+00  0.171833495944608E-17
  0.00000000  0.00000000  0.01750000    0.1283D+00  0.373469372963041E+01 -0.238425285503454E-16    0.267759573446726E+00  0.170939459476471E-17
  0.00000000  0.00000000  0.01750000    0.1322D+00  0.374346937881664E+01 -0.238201161923827E-16    0.267131876557813E+00  0.169979013967727E-17
  0.00000000  0.00000000  0.01750000    0.1363D+00  0.375289970379747E+01 -0.237948432588667E-16    0.266460624830481E+00  0.168946396198259E-17
  0.00000000  0.00000000  0.01750000    0.1405D+00  0.376304249444274E+01 -0.237662940088695E-16    0.265742414941314E+00  0.167835265571657E-17
  0.00000000  0.00000000  0.01750000    0.1448D+00  0.377396208978671E+01 -0.237339773049191E-16    0.264973514892016E+00  0.166638541650194E-17
  0.00000000  0.00000000  0.01750000    0.1492D+00  0.378573036842729E+01 -0.236973250155651E-16    0.264149821218100E+00  0.165348388739295E-17
  0.00000000  0.00000000  0.01750000    0.1537D+00  0.379842793553646E+01 -0.236556614322314E-16    0.263266808524766E+00  0.163955999547649E-17
  0.00000000  0.00000000  0.01750000    0.1585D+00  0.381214555599726E+01 -0.236081970258380E-16    0.262319469524663E+00  0.162451554624112E-17
  0.00000000  0.00000000  0.01750000    0.1633D+00  0.382698589858125E+01 -0.235539944249871E-16    0.261302243201555E+00  0.160823994200965E-17
  0.00000000  0.00000000  0.01750000    0.1683D+00  0.384306567728123E+01 -0.234919465343642E-16    0.260208927969050E+00  0.159060883600034E-17
  0.00000000  0.00000000  0.01750000    0.1734D+00  0.386051830553110E+01 -0.234207248427906E-16    0.259032575643344E+00  0.157148087363556E-17
  0.00000000  0.00000000  0.01750000    0.1787D+00  0.387949722108070E+01 -0.233387504898030E-16    0.257765360564283E+00  0.155069615785112E-17
  0.00000000  0.00000000  0.01750000    0.1842D+00  0.390018010001074E+01 -0.232441060066747E-16    0.256398416062183E+00  0.152807096340922E-17
  0.00000000  0.00000000  0.01750000    0.1898D+00  0.392277426779593E+01 -0.231344876944915E-16    0.254921627331329E+00  0.150339551754783E-17
  0.00000000  0.00000000  0.01750000    0.1956D+00  0.394752374990302E+01 -0.230070856439493E-16    0.253323365065141E+00  0.147642743271914E-17
  0.00000000  0.00000000  0.01750000    0.2016D+00  0.397471861192635E+01 -0.228584613665544E-16    0.251590136972073E+00  0.144688567611458E-17
  0.00000000  0.00000000  0.01750000    0.2078D+00  0.400470756814152E+01 -0.226843588369069E-16    0.249706122852829E+00  0.141444117908341E-17
  0.00000000  0.00000000  0.01750000    0.2141D+00  0.403791537511996E+01 -0.224795017524679E-16    0.247652540259166E+00  0.137870787165609E-17
  0.00000000  0.00000000  0.01750000    0.2207D+00  0.407486743855428E+01 -0.222372671145023E-16    0.245406756190034E+00  0.133922775928080E-17
  0.00000000  0.00000000  0.01750000    0.2274D+00  0.411622567249103E+01 -0.219492508126562E-16    0.242941004591428E+00  0.129545206379050E-17
  0.00000000  0.00000000  0.01750000    0.2343D+00  0.416284264187001E+01 -0.216046793108513E-16    0.240220466164627E+00  0.124671686678471E-17
  0.00000000  0.00000000  0.01750000    0.2415D+00  0.421584691469343E+01 -0.211895628863185E-16    0.237200263727489E+00  0.119220882698262E-17
  0.00000000  0.00000000  0.01750000    0.2489D+00  0.427678504682365E+01 -0.206853810489235E-16    0.233820495781685E+00  0.113091165427744E-17
  0.00000000  0.00000000  0.01750000    0.2565D+00  0.434787467510189E+01 -0.200671081498136E-16    0.229997429715834E+00  0.106152629529935E-17
  0.00000000  0.00000000  0.01750000    0.2643D+00  0.443249950681952E+01 -0.192998153617807E-16    0.225606342078882E+00  0.982326278856920E-18
  0.00000000  0.00000000  0.01750000    0.2724D+00  0.453631526300063E+01 -0.183321227721388E-16    0.220443232452617E+00  0.890853515973530E-18
  0.00000000  0.00000000  0.01750000    0.2807D+00  0.467032054377397E+01 -0.170787091814668E-16    0.214118065479061E+00  0.782999825502373E-18
  0.00000000  0.00000000  0.01750000    0.2893D+00  0.486715505265867E+01 -0.152853038012478E-16    0.205458833585701E+00  0.645243608644019E-18
  0.00000000  0.00000000  0.01750000    0.2981D+00  0.522636429145233E+01  0.449680826597204E-01    0.191323436224409E+00 -0.164616310978395E-02
  0.00000000  0.00000000  0.01750000    0.3072D+00  0.543935830013661E+01  0.591198667830549E+00    0.181698752229263E+00 -0.197486641506435E-01
  0.00000000  0.00000000  0.01750000    0.3166D+00  0.536211741815804E+01  0.907301495220929E+00    0.181302685043570E+00 -0.306774701856691E-01
  0.00000000  0.00000000  0.01750000    0.3262D+00  0.526327320212307E+01  0.112220035985620E+01    0.181734208943156E+00 -0.387481680776000E-01
  0.00000000  0.00000000  0.01750000    0.3362D+00  0.517118161482055E+01  0.127400773063681E+01    0.182313581265284E+00 -0.449160229194764E-01
  0.00000000  0.00000000  0.01750000    0.3464D+00  0.511406716238399E+01  0.137389396479764E+01    0.182376461763149E+00 -0.489954300914446E-01
  0.00000000  0.00000000  0.01750000    0.3570D+00  0.513901963877535E+01  0.146657284742941E+01    0.179935402112546E+00 -0.513499448490992E-01
  0.00000000  0.00000000  0.01750000    0.3679D+00  0.513158697908568E+01  0.173096792203878E+01    0.174963718245764E+00 -0.590181137021299E-01
  0.00000000  0.00000000  0.01750000    0.3791D+00  0.503067472701849E+01  0.191904164175852E+01    0.173528932326855E+00 -0.661957421728385E-01
  0.00000000  0.00000000  0.01750000    0.3907D+00  0.491773830592111E+01  0.207640741802758E+01    0.172578757144703E+00 -0.728676048291925E-01
  0.00000000  0.00000000  0.01750000    0.4026D+00  0.482075932780438E+01  0.218755907196065E+01    0.172015560143900E+00 -0.780570390520957E-01
  0.00000000  0.00000000  0.01750000    0.4149D+00  0.475253991395319E+01  0.232828146626482E+01    0.169687933089560E+00 -0.831305526759006E-01
  0.00000000  0.00000000  0.01750000    0.4276D+00  0.460806844985961E+01  0.254811192062657E+01    0.166193253153559E+00 -0.918994615848631E-01
  0.00000000  0.00000000  0.01750000    0.4406D+00  0.448683731230339E+01  0.254505184925108E+01    0.168621055000341E+00 -0.956462866782608E-01
  0.00000000  0.00000000  0.01750000    0.4540D+00  0.439185396227268E+01  0.281602334005865E+01    0.161356252253034E+00 -0.103460401077135E+00
  0.00000000  0.00000000  0.01750000    0.4679D+00  0.410197528198588E+01  0.295525489607568E+01    0.160485844189220E+00 -0.115621510171904E+00
  0.00000000  0.00000000  0.01750000    0.4822D+00  0.387385036131817E+01  0.282968227948520E+01    0.168327145449168E+00 -0.122955792353260E+00
  0.00000000  0.00000000  0.01750000    0.4969D+00  0.380276718059848E+01  0.280659949918094E+01    0.170237288252331E+00 -0.125642161420916E+00
  0.00000000  0.00000000  0.01750000    0.5120D+00  0.375553378064241E+01  0.279031732251029E+01    0.171564647065327E+00 -0.127470510078826E+00
  0.00000000  0.00000000  0.01750000    0.5276D+00  0.374110466237688E+01  0.281522556329624E+01    0.170660251991060E+00 -0.128423860704972E+00
  0.00000000  0.00000000  0.01750000    0.5437D+00  0.372190376616329E+01  0.287457543049814E+01    0.168291986718803E+00 -0.129978645490418E+00
  0.00000000  0.00000000  0.01750000    0.5603D+00  0.377041999680983E+01  0.285151122923392E+01    0.168720144988573E+00 -0.127600476456192E+00
  0.00000000  0.00000000  0.01750000    0.5774D+00  0.404622165158284E+01  0.293456819885958E+01    0.161955107528781E+00 -0.117459780783617E+00
  0.00000000  0.00000000  0.01750000    0.5950D+00  0.425741431104500E+01  0.360304896288912E+01    0.136861176546982E+00 -0.115825589005537E+00
  0.00000000  0.00000000  0.01750000    0.6131D+00  0.395651679008940E+01  0.452295097750134E+01    0.109565081724405E+00 -0.125250951727722E+00
  0.00000000  0.00000000  0.01750000    0.6318D+00  0.314495785126497E+01  0.502667292698895E+01    0.894516157678868E-01 -0.142972986132389E+00
  0.00000000  0.00000000  0.01750000    0.6511D+00  0.203276753269177E+01  0.486367963515166E+01    0.731539655709450E-01 -0.175031058326107E+00
  0.00000000  0.00000000  0.01750000    0.6709D+00  0.178511032423750E+01  0.356246566786388E+01    0.112428202653507E+00 -0.224367988137563E+00
  0.00000000  0.00000000  0.01750000    0.6914D+00  0.265646098165136E+01  0.388425311244239E+01    0.119961891569746E+00 -0.175407187955232E+00
  0.00000000  0.00000000  0.01750000    0.7125D+00  0.271489218436656E+01  0.549703792491560E+01    0.722275048411791E-01 -0.146244236003289E+00
  0.00000000  0.00000000  0.01750000    0.7342D+00  0.118033910666760E+01  0.648201779646825E+01    0.271906419050789E-01 -0.149321685378804E+00
  0.00000000  0.00000000  0.01750000    0.7565D+00 -0.139861125538630E+01  0.575011251607897E+01   -0.399376057669218E-01 -0.164195537464894E+00
  0.00000000  0.00000000  0.01750000    0.7796D+00 -0.217683842138209E+01  0.344558019349185E+01   -0.131050779671182E+00 -0.207432010727741E+00
  0.00000000  0.00000000  0.01750000    0.8034D+00 -0.159398011475033E+01  0.263603468407295E+01   -0.167973894082043E+00 -0.277785780839817E+00
  0.00000000  0.00000000  0.01750000    0.8279D+00 -0.152369323874079E+01  0.209990257128383E+01   -0.226361721388258E+00 -0.311964080890893E+00
  0.00000000  0.00000000  0.01750000    0.8531D+00 -0.141553417853448E+01  0.125020216211527E+01   -0.396870308326532E+00 -0.350516522365340E+00
  0.00000000  0.00000000  0.01750000    0.8791D+00 -0.851375948457440E+00  0.501358375332098E+00   -0.872131611465821E+00 -0.513580972768256E+00
  0.00000000  0.00000000  0.01750000    0.9059D+00 -0.219002483208582E+00  0.405868989237302E+00   -0.102967092001328E+01 -0.190825003182639E+01
  0.00000000  0.00000000  0.01750000    0.9335D+00  0.145221137660095E+00  0.391229744257872E+00    0.833885891705468E+00 -0.224651155753770E+01
  0.00000000  0.00000000  0.01750000    0.9619D+00  0.414256741445919E+00  0.351451328568876E+00    0.140365735679981E+01 -0.119084904009262E+01
  0.00000000  0.00000000  0.01750000    0.9913D+00  0.658545259618305E+00  0.325108304939073E+00    0.122093624923032E+01 -0.602747508433976E+00
  0.00000000  0.00000000  0.01750000    0.1021D+01  0.948789744392301E+00  0.274274381953453E+00    0.972690285786239E+00 -0.281183506190850E+00
  0.00000000  0.00000000  0.01750000    0.1053D+01  0.126341845479216E+01  0.396253564110061E+00    0.720617962186779E+00 -0.226011765773372E+00
  0.00000000  0.00000000  0.01750000    0.1085D+01  0.164886578419410E+01  0.558777495946514E+00    0.544002264221893E+00 -0.184354740031018E+00
  0.00000000  0.00000000  0.01750000    0.1118D+01  0.160376833469101E+01  0.164330125266196E+01    0.304175385791732E+00 -0.311673314460838E+00
  0.00000000  0.00000000  0.01750000    0.1152D+01  0.792035675664717E+00  0.139463648072298E+01    0.307905765175217E+00 -0.542168270864683E+00
  0.00000000  0.00000000  0.01750000    0.1187D+01  0.657829409002756E+00  0.101359850755354E+01    0.450530606105189E+00 -0.694187799611580E+00
  0.00000000  0.00000000  0.01750000    0.1223D+01  0.762054244508089E+00  0.828926600767701E+00    0.601062160474049E+00 -0.653807018493097E+00
  0.00000000  0.00000000  0.01750000    0.1260D+01  0.844691247202237E+00  0.808203037491241E+00    0.618053748114559E+00 -0.591355620427590E+00
  0.00000000  0.00000000  0.01750000    0.1299D+01  0.879959537989732E+00  0.737526963171117E+00    0.667508421900391E+00 -0.559463745821782E+00
  0.00000000  0.00000000  0.01750000    0.1338D+01  0.986234560690107E+00  0.675850443632485E+00    0.689948359502551E+00 -0.472810346989883E+00
  0.00000000  0.00000000  0.01750000    0.1379D+01  0.105909086876864E+01  0.914633013979816E+00    0.540841719946010E+00 -0.467072002023188E+00
  0.00000000  0.00000000  0.01750000    0.1421D+01  0.816655839374176E+00  0.908365380700052E+00    0.547336495089772E+00 -0.608801773969137E+00
  0.00000000  0.00000000  0.01750000    0.1464D+01  0.671703089988552E+00  0.681391483022360E+00    0.733717322550357E+00 -0.744300185577981E+00
  0.00000000  0.00000000  0.01750000    0.1509D+01  0.749585685538298E+00  0.468107011639323E+00    0.959773273818892E+00 -0.599366567060327E+00
  0.00000000  0.00000000  0.01750000    0.1555D+01  0.883999832077883E+00  0.392946138513310E+00    0.944583156218525E+00 -0.419875988967477E+00
  0.00000000  0.00000000  0.01750000    0.1602D+01  0.989403674335013E+00  0.296812853434327E+00    0.927260962110014E+00 -0.278170557863667E+00
  0.00000000  0.00000000  0.01750000    0.1651D+01  0.115546748529583E+01  0.303038938068074E+00    0.809753277366662E+00 -0.212370124121243E+00
  0.00000000  0.00000000  0.01750000    0.1701D+01  0.128997970520321E+01  0.367126585003936E+00    0.717121692489764E+00 -0.204091922480700E+00
  0.00000000  0.00000000  0.01750000    0.1753D+01  0.134233891491571E+01  0.489520848476625E+00    0.657524372420885E+00 -0.239784368243354E+00
  0.00000000  0.00000000  0.01750000    0.1807D+01  0.137062902747170E+01  0.540841620589683E+00    0.631296496030435E+00 -0.249105639193636E+00
  0.00000000  0.00000000  0.01750000    0.1862D+01  0.136848862307400E+01  0.688649566384231E+00    0.583080106431029E+00 -0.293417026411982E+00
  0.00000000  0.00000000  0.01750000    0.1919D+01  0.123848010651566E+01  0.705731876905805E+00    0.609521100247263E+00 -0.347327718732116E+00
  0.00000000  0.00000000  0.01750000    0.1977D+01  0.117991905801076E+01  0.588992744259060E+00    0.678456968799794E+00 -0.338672580294428E+00
  0.00000000  0.00000000  0.01750000    0.2037D+01  0.131939247017233E+01  0.539933825658549E+00    0.649203475334344E+00 -0.265672969940714E+00
  0.00000000  0.00000000  0.01750000    0.2099D+01  0.141283590962081E+01  0.667490534628846E+00    0.578640072811692E+00 -0.273376949813240E+00
  0.00000000  0.00000000  0.01750000    0.2163D+01  0.172207066746348E+01  0.110829601957105E+01    0.410618337384116E+00 -0.264267127641176E+00
  0.00000000  0.00000000  0.01750000    0.2229D+01  0.123581530558232E+01  0.668539094311327E+00    0.625987907792907E+00 -0.338640723282282E+00
  0.00000000  0.00000000  0.01750000    0.2297D+01  0.163162580569648E+01  0.829637465650285E+00    0.486979636720201E+00 -0.247615936338653E+00
  0.00000000  0.00000000  0.01750000    0.2367D+01  0.158937636330326E+01  0.165369423020351E+01    0.302115603662252E+00 -0.314341424829273E+00
  0.00000000  0.00000000  0.01750000    0.2439D+01  0.262831544792690E+00  0.172733350779772E+01    0.860963254218378E-01 -0.565826556004527E+00
  0.00000000  0.00000000  0.01750000    0.2513D+01  0.322930414659896E+00  0.838159898064658E+00    0.400262752502131E+00 -0.103887454574259E+01
  0.00000000  0.00000000  0.01750000    0.2590D+01  0.509513173235678E+00  0.589074476174988E+00    0.839931994472951E+00 -0.971088728726358E+00
  0.00000000  0.00000000  0.01750000    0.2669D+01  0.698026814113723E+00  0.663492483737119E+00    0.752619005133658E+00 -0.715383768828306E+00
  0.00000000  0.00000000  0.01750000    0.2750D+01  0.395804524244707E+00  0.785361903228157E+00    0.511735989049860E+00 -0.101539503894621E+01
  0.00000000  0.00000000  0.01750000    0.2834D+01  0.359638250733354E+00  0.310213641547564E+00    0.159433782585900E+01 -0.137523008692266E+01
  0.00000000  0.00000000  0.01750000    0.2920D+01  0.633701962492605E+00  0.242171392362275E+00    0.137693897861052E+01 -0.526201983557671E+00
  0.00000000  0.00000000  0.01750000    0.3009D+01  0.770201189446622E+00  0.295694282242964E+00    0.113157550734940E+01 -0.434432473013713E+00
  0.00000000  0.00000000  0.01750000    0.3101D+01  0.687635615568121E+00  0.343448485790082E+00    0.116390670037698E+01 -0.581328227909108E+00
  0.00000000  0.00000000  0.01750000    0.3195D+01  0.745852413083168E+00  0.285223908010776E+00    0.116969210044983E+01 -0.447305855967558E+00
  0.00000000  0.00000000  0.01750000    0.3293D+01  0.725050220814777E+00  0.294775416231574E+00    0.118358083613372E+01 -0.481194989807691E+00
  0.00000000  0.00000000  0.01750000    0.3393D+01  0.732011256683465E+00  0.177207969231280E+00    0.129047175638415E+01 -0.312402134818597E+00
  0.00000000  0.00000000  0.01750000    0.3496D+01  0.809545116651742E+00  0.168938242105675E+00    0.118371262143046E+01 -0.247020611093117E+00
  0.00000000  0.00000000  0.01750000    0.3603D+01  0.863067089303708E+00  0.169972111822743E+00    0.111539754192736E+01 -0.219665977387971E+00
  0.00000000  0.00000000  0.01750000    0.3713D+01  0.878739062214109E+00  0.190592835124231E+00    0.108686506096345E+01 -0.235734021934287E+00
  0.00000000  0.00000000  0.01750000    0.3826D+01  0.876530690103951E+00  0.189791695225755E+00    0.108976915778602E+01 -0.235963370360053E+00
  0.00000000  0.00000000  0.01750000    0.3942D+01  0.896915383282972E+00  0.149847190460778E+00    0.108465719455834E+01 -0.181213118034299E+00
  0.00000000  0.00000000  0.01750000    0.4062D+01  0.913573170931170E+00  0.177794132408312E+00    0.105465830041421E+01 -0.205251274310350E+00
  0.00000000  0.00000000  0.01750000    0.4186D+01  0.921963422398670E+00  0.149120235525058E+00    0.105699034901111E+01 -0.170959764740096E+00
  0.00000000  0.00000000  0.01750000    0.4313D+01  0.955062505741139E+00  0.150166266219509E+00    0.102179130483124E+01 -0.160658160256219E+00
  0.00000000  0.00000000  0.01750000    0.4445D+01  0.980133629236159E+00  0.133862038256843E+00    0.100158663700563E+01 -0.136791989093241E+00
  0.00000000  0.00000000  0.01750000    0.4580D+01  0.103052166672249E+01  0.168164827929548E+00    0.945212188205804E+00 -0.154243671064264E+00
  0.00000000  0.00000000  0.01750000    0.4720D+01  0.101412831849309E+01  0.243369731818848E+00    0.932373114161490E+00 -0.223750180929526E+00
  0.00000000  0.00000000  0.01750000    0.4863D+01  0.970399408418621E+00  0.159204347091075E+00    0.100349358731711E+01 -0.164633799230411E+00
  0.00000000  0.00000000  0.01750000    0.5012D+01  0.106235703687236E+01  0.138263839763873E+00    0.925624391253879E+00 -0.120468334158769E+00
  0.00000000  0.00000000  0.01750000    0.5164D+01  0.115465979551664E+01  0.234373539138344E+00    0.831785465612561E+00 -0.168836313636628E+00
  0.00000000  0.00000000  0.01750000    0.5322D+01  0.110433432962302E+01  0.513424689932277E+00    0.744582450683689E+00 -0.346169636872366E+00
  0.00000000  0.00000000  0.01750000    0.5484D+01  0.816346358259742E+00  0.330273678836215E+00    0.105266817428282E+01 -0.425883679147335E+00
  0.00000000  0.00000000  0.01750000    0.5651D+01  0.874939066721365E+00  0.252236178515883E+00    0.105523497339193E+01 -0.304213684413585E+00
  0.00000000  0.00000000  0.01750000    0.5823D+01  0.922629521147106E+00  0.249815107602668E+00    0.100982506665483E+01 -0.273424545718633E+00
  0.00000000  0.00000000  0.01750000    0.6000D+01  0.904220846270618E+00  0.326118000102578E+00    0.978627575437863E+00 -0.352953671731115E+00
  0.00000000  0.00000000  0.01750000    0.6183D+01  0.811847075909597E+00  0.261389931081607E+00    0.111606315766304E+01 -0.359338206074599E+00
  0.00000000  0.00000000  0.01750000    0.6371D+01  0.811526387673496E+00  0.205891884381615E+00    0.115772484773849E+01 -0.293725692863359E+00
  0.00000000  0.00000000  0.01750000    0.6565D+01  0.837222509101727E+00  0.139901397714774E+00    0.116197962770586E+01 -0.194168900459400E+00
  0.00000000  0.00000000  0.01750000    0.6765D+01  0.902329730828366E+00  0.137166802510589E+00    0.108321118617082E+01 -0.164663326248102E+00
  0.00000000  0.00000000  0.01750000    0.6971D+01  0.925380978218189E+00  0.227764163462244E+00    0.101891035771996E+01 -0.250784564121854E+00
  0.00000000  0.00000000  0.01750000    0.7184D+01  0.846176471498141E+00  0.224554143783596E+00    0.110403602622739E+01 -0.292983642214495E+00
  0.00000000  0.00000000  0.01750000    0.7402D+01  0.823429026787971E+00  0.176604098870541E+00    0.116102754183424E+01 -0.249010195316219E+00
  0.00000000  0.00000000  0.01750000    0.7628D+01  0.824812267619699E+00  0.181685057778979E+00    0.115629281419124E+01 -0.254701748510628E+00
  0.00000000  0.00000000  0.01750000    0.7860D+01  0.788088753932446E+00  0.171039911592481E+00    0.121181309578788E+01 -0.263001348180560E+00
  0.00000000  0.00000000  0.01750000    0.8100D+01  0.764430980607779E+00  0.103234653683354E+00    0.128473178561537E+01 -0.173500086114446E+00
  0.00000000  0.00000000  0.01750000    0.8346D+01  0.784626136919660E+00  0.583869872673028E-01    0.126747381763892E+01 -0.943175025275773E-01
  0.00000000  0.00000000  0.01750000    0.8600D+01  0.807755379061618E+00  0.330751369521636E-01    0.123592634332233E+01 -0.506074414702904E-01
  0.00000000  0.00000000  0.01750000    0.8862D+01  0.832468886020588E+00  0.106325465779717E-01    0.120105016730436E+01 -0.153401791475826E-01
  0.00000000  0.00000000  0.01750000    0.9132D+01  0.857540896889531E+00  0.432831442021148E-02    0.116609543459772E+01 -0.588569909985559E-02
  0.00000000  0.00000000  0.01750000    0.9410D+01  0.875705547927254E+00  0.103418980670435E-02    0.114193476067114E+01 -0.134860089924378E-02
  0.00000000  0.00000000  0.01750000    0.9697D+01  0.890475370974353E+00  0.653606690969239E-05    0.112299568583456E+01 -0.824276019434338E-05
  0.00000000  0.00000000  0.01750000    0.9992D+01  0.902086216423909E+00  0.867825646403016E-10    0.110854149170380E+01 -0.106643990240323E-09
  0.00000000  0.00000000  0.01750000    0.1030D+02  0.911457817807115E+00  0.104863504392491E-17    0.109714347769369E+01 -0.126226697105002E-17
  0.00000000  0.00000000  0.01750000    0.1061D+02  0.919390864796893E+00  0.930545720282153E-18    0.108767667625337E+01 -0.110087332264487E-17
  0.00000000  0.00000000  0.01750000    0.1093D+02  0.926254001800950E+00  0.834396404042724E-18    0.107961746783891E+01 -0.972550651500544E-18
