 q(1:3)   w(Ry)   eps  epsi --- LFC included. 
  0.00000000  0.00000000  0.01500000    0.0000D+00  0.363764002825676E+01 -0.321767856139621E-16    0.274903506732969E+00  0.243166204791079E-17
  0.00000000  0.00000000  0.01500000    0.1015D-04  0.363764002900045E+01 -0.321767853686220E-16    0.274903506676767E+00  0.243166202837570E-17
  0.00000000  0.00000000  0.01500000    0.3076D-04  0.363764003508642E+01 -0.321767831535684E-16    0.274903506216839E+00  0.243166185284320E-17
  0.00000000  0.00000000  0.01500000    0.5200D-04  0.363764004777266E+01 -0.321767844693460E-16    0.274903505258115E+00  0.243166193531826E-17
  0.00000000  0.00000000  0.01500000    0.7389D-04  0.363764006765685E+01 -0.321767838656066E-16    0.274903503755428E+00  0.243166186310844E-17
  0.00000000  0.00000000  0.01500000    0.9644D-04  0.363764009537942E+01 -0.321767807390660E-16    0.274903501660380E+00  0.243166158976618E-17
  0.00000000  0.00000000  0.01500000    0.1197D-03  0.363764013162631E+01 -0.321767838111036E-16    0.274903498921132E+00  0.243166177346591E-17
  0.00000000  0.00000000  0.01500000    0.1436D-03  0.363764017713207E+01 -0.321767836847024E-16    0.274903495482174E+00  0.243166170307486E-17
  0.00000000  0.00000000  0.01500000    0.1683D-03  0.363764023268292E+01 -0.321767821941493E-16    0.274903491284089E+00  0.243166151616247E-17
  0.00000000  0.00000000  0.01500000    0.1937D-03  0.363764029912025E+01 -0.321767834236825E-16    0.274903486263292E+00  0.243166152025764E-17
  0.00000000  0.00000000  0.01500000    0.2199D-03  0.363764037734417E+01 -0.321767827692890E-16    0.274903480351759E+00  0.243166136622283E-17
  0.00000000  0.00000000  0.01500000    0.2469D-03  0.363764046831737E+01 -0.321767816420528E-16    0.274903473476740E+00  0.243166115940933E-17
  0.00000000  0.00000000  0.01500000    0.2748D-03  0.363764057306920E+01 -0.321767804264226E-16    0.274903465560443E+00  0.243166092749448E-17
  0.00000000  0.00000000  0.01500000    0.3034D-03  0.363764069269997E+01 -0.321767807042138E-16    0.274903456519717E+00  0.243166078854806E-17
  0.00000000  0.00000000  0.01500000    0.3330D-03  0.363764082838560E+01 -0.321767845458203E-16    0.274903446265695E+00  0.243166089746151E-17
  0.00000000  0.00000000  0.01500000    0.3634D-03  0.363764098138255E+01 -0.321767777244657E-16    0.274903434703425E+00  0.243166017741047E-17
  0.00000000  0.00000000  0.01500000    0.3948D-03  0.363764115303297E+01 -0.321767814076364E-16    0.274903421731477E+00  0.243166022626775E-17
  0.00000000  0.00000000  0.01500000    0.4271D-03  0.363764134477031E+01 -0.321767804804911E-16    0.274903407241525E+00  0.243165989985967E-17
  0.00000000  0.00000000  0.01500000    0.4604D-03  0.363764155812518E+01 -0.321767803770530E-16    0.274903391117896E+00  0.243165960679935E-17
  0.00000000  0.00000000  0.01500000    0.4948D-03  0.363764179473159E+01 -0.321767799420264E-16    0.274903373237108E+00  0.243165925759435E-17
  0.00000000  0.00000000  0.01500000    0.5301D-03  0.363764205633368E+01 -0.321767754274986E-16    0.274903353467351E+00  0.243165856667615E-17
  0.00000000  0.00000000  0.01500000    0.5666D-03  0.363764234479280E+01 -0.321767750849641E-16    0.274903331667962E+00  0.243165815513706E-17
  0.00000000  0.00000000  0.01500000    0.6041D-03  0.363764266209495E+01 -0.321767734485102E-16    0.274903307688856E+00  0.243165760725278E-17
  0.00000000  0.00000000  0.01500000    0.6428D-03  0.363764301035892E+01 -0.321767780234702E-16    0.274903281369915E+00  0.243165748738235E-17
  0.00000000  0.00000000  0.01500000    0.6827D-03  0.363764339184465E+01 -0.321767735582492E-16    0.274903252540349E+00  0.243165663991363E-17
  0.00000000  0.00000000  0.01500000    0.7238D-03  0.363764380896244E+01 -0.321767736494849E-16    0.274903221018011E+00  0.243165608914684E-17
  0.00000000  0.00000000  0.01500000    0.7662D-03  0.363764426428241E+01 -0.321767709031186E-16    0.274903186608674E+00  0.243165527286366E-17
  0.00000000  0.00000000  0.01500000    0.8098D-03  0.363764476054482E+01 -0.321767704769074E-16    0.274903149105254E+00  0.243165457718142E-17
  0.00000000  0.00000000  0.01500000    0.8548D-03  0.363764530067089E+01 -0.321767677792305E-16    0.274903108286992E+00  0.243165365119788E-17
  0.00000000  0.00000000  0.01500000    0.9011D-03  0.363764588777436E+01 -0.321767660500656E-16    0.274903063918582E+00  0.243165273560105E-17
  0.00000000  0.00000000  0.01500000    0.9488D-03  0.363764652517371E+01 -0.321767629425678E-16    0.274903015749241E+00  0.243165164859934E-17
  0.00000000  0.00000000  0.01500000    0.9980D-03  0.363764721640525E+01 -0.321767632345969E-16    0.274902963511730E+00  0.243165074653588E-17
  0.00000000  0.00000000  0.01500000    0.1049D-02  0.363764796523698E+01 -0.321767582036843E-16    0.274902906921301E+00  0.243164936520194E-17
  0.00000000  0.00000000  0.01500000    0.1101D-02  0.363764877568323E+01 -0.321767539386009E-16    0.274902845674587E+00  0.243164795936930E-17
  0.00000000  0.00000000  0.01500000    0.1155D-02  0.363764965202044E+01 -0.321767527158530E-16    0.274902779448421E+00  0.243164669535987E-17
  0.00000000  0.00000000  0.01500000    0.1210D-02  0.363765059880367E+01 -0.321767539505445E-16    0.274902707898575E+00  0.243164552288225E-17
  0.00000000  0.00000000  0.01500000    0.1267D-02  0.363765162088427E+01 -0.321767477414121E-16    0.274902630658434E+00  0.243164368719751E-17
  0.00000000  0.00000000  0.01500000    0.1326D-02  0.363765272342876E+01 -0.321767480590391E-16    0.274902547337566E+00  0.243164223717634E-17
  0.00000000  0.00000000  0.01500000    0.1387D-02  0.363765391193866E+01 -0.321767421496857E-16    0.274902457520226E+00  0.243164020164555E-17
  0.00000000  0.00000000  0.01500000    0.1450D-02  0.363765519227178E+01 -0.321767397401772E-16    0.274902360763743E+00  0.243163830784388E-17
  0.00000000  0.00000000  0.01500000    0.1514D-02  0.363765657066466E+01 -0.321767312182065E-16    0.274902256596830E+00  0.243163582101936E-17
  0.00000000  0.00000000  0.01500000    0.1580D-02  0.363765805375656E+01 -0.321767270335620E-16    0.274902144517766E+00  0.243163352200034E-17
  0.00000000  0.00000000  0.01500000    0.1649D-02  0.363765964861482E+01 -0.321767239419662E-16    0.274902023992483E+00  0.243163115616442E-17
  0.00000000  0.00000000  0.01500000    0.1719D-02  0.363766136276200E+01 -0.321767196956818E-16    0.274901894452517E+00  0.243162854359109E-17
  0.00000000  0.00000000  0.01500000    0.1792D-02  0.363766320420444E+01 -0.321767151423569E-16    0.274901755292846E+00  0.243162573763513E-17
  0.00000000  0.00000000  0.01500000    0.1867D-02  0.363766518146285E+01 -0.321767062201420E-16    0.274901605869582E+00  0.243162241994841E-17
  0.00000000  0.00000000  0.01500000    0.1944D-02  0.363766730360469E+01 -0.321767045186551E-16    0.274901445497521E+00  0.243161945424741E-17
  0.00000000  0.00000000  0.01500000    0.2024D-02  0.363766958027855E+01 -0.321766936483539E-16    0.274901273447553E+00  0.243161558906264E-17
  0.00000000  0.00000000  0.01500000    0.2106D-02  0.363767202175079E+01 -0.321766885945601E-16    0.274901088943886E+00  0.243161194312280E-17
  0.00000000  0.00000000  0.01500000    0.2190D-02  0.363767463894437E+01 -0.321766785027210E-16    0.274900891161117E+00  0.243160768154065E-17
  0.00000000  0.00000000  0.01500000    0.2277D-02  0.363767744348009E+01 -0.321766718770090E-16    0.274900679221113E+00  0.243160343144731E-17
  0.00000000  0.00000000  0.01500000    0.2367D-02  0.363768044772052E+01 -0.321766590318288E-16    0.274900452189700E+00  0.243159844437306E-17
  0.00000000  0.00000000  0.01500000    0.2459D-02  0.363768366481653E+01 -0.321766534035281E-16    0.274900209073137E+00  0.243159371812773E-17
  0.00000000  0.00000000  0.01500000    0.2554D-02  0.363768710875681E+01 -0.321766413443915E-16    0.274899948814386E+00  0.243158820265193E-17
  0.00000000  0.00000000  0.01500000    0.2652D-02  0.363769079442047E+01 -0.321766298000911E-16    0.274899670289132E+00  0.243158240294298E-17
  0.00000000  0.00000000  0.01500000    0.2753D-02  0.363769473763288E+01 -0.321766192749924E-16    0.274899372301569E+00  0.243157633596211E-17
  0.00000000  0.00000000  0.01500000    0.2858D-02  0.363769895522499E+01 -0.321766061475562E-16    0.274899053579917E+00  0.243156970553377E-17
  0.00000000  0.00000000  0.01500000    0.2965D-02  0.363770346509644E+01 -0.321765934859870E-16    0.274898712771655E+00  0.243156271959627E-17
  0.00000000  0.00000000  0.01500000    0.3075D-02  0.363770828628248E+01 -0.321765778079408E-16    0.274898348438472E+00  0.243155508954905E-17
  0.00000000  0.00000000  0.01500000    0.3189D-02  0.363771343902517E+01 -0.321765669519998E-16    0.274897959050887E+00  0.243154738069179E-17
  0.00000000  0.00000000  0.01500000    0.3307D-02  0.363771894484885E+01 -0.321765464233029E-16    0.274897542982544E+00  0.243153846889545E-17
  0.00000000  0.00000000  0.01500000    0.3428D-02  0.363772482664061E+01 -0.321765322691965E-16    0.274897098504145E+00  0.243152953625016E-17
  0.00000000  0.00000000  0.01500000    0.3553D-02  0.363773110873544E+01 -0.321765089581138E-16    0.274896623777018E+00  0.243151937653557E-17
  0.00000000  0.00000000  0.01500000    0.3681D-02  0.363773781700687E+01 -0.321764889921725E-16    0.274896116846266E+00  0.243150889993844E-17
  0.00000000  0.00000000  0.01500000    0.3813D-02  0.363774497896330E+01 -0.321764674262933E-16    0.274895575633503E+00  0.243149769600515E-17
  0.00000000  0.00000000  0.01500000    0.3950D-02  0.363775262385013E+01 -0.321764464561458E-16    0.274894997929138E+00  0.243148589157436E-17
  0.00000000  0.00000000  0.01500000    0.4090D-02  0.363776078275854E+01 -0.321764205838843E-16    0.274894381384169E+00  0.243147302964116E-17
  0.00000000  0.00000000  0.01500000    0.4235D-02  0.363776948874078E+01 -0.321763962111544E-16    0.274893723501472E+00  0.243145954979260E-17
  0.00000000  0.00000000  0.01500000    0.4385D-02  0.363777877693275E+01 -0.321763692041150E-16    0.274893021626556E+00  0.243144509269711E-17
  0.00000000  0.00000000  0.01500000    0.4538D-02  0.363778868468431E+01 -0.321763346267888E-16    0.274892272937723E+00  0.243142923545883E-17
  0.00000000  0.00000000  0.01500000    0.4697D-02  0.363779925169754E+01 -0.321763063277674E-16    0.274891474435639E+00  0.243141297151165E-17
  0.00000000  0.00000000  0.01500000    0.4860D-02  0.363781052017378E+01 -0.321762744002863E-16    0.274890622932233E+00  0.243139549585739E-17
  0.00000000  0.00000000  0.01500000    0.5029D-02  0.363782253496971E+01 -0.321762382163363E-16    0.274889715038924E+00  0.243137670111411E-17
  0.00000000  0.00000000  0.01500000    0.5202D-02  0.363783534376322E+01 -0.321762009512961E-16    0.274888747154107E+00  0.243135676353368E-17
  0.00000000  0.00000000  0.01500000    0.5381D-02  0.363784899722965E+01 -0.321761543590627E-16    0.274887715449854E+00  0.243133499231559E-17
  0.00000000  0.00000000  0.01500000    0.5565D-02  0.363786354922891E+01 -0.321761159738332E-16    0.274886615857805E+00  0.243131264045625E-17
  0.00000000  0.00000000  0.01500000    0.5755D-02  0.363787905700448E+01 -0.321760651432246E-16    0.274885444054159E+00  0.243128807093818E-17
  0.00000000  0.00000000  0.01500000    0.5950D-02  0.363789558139452E+01 -0.321760166664743E-16    0.274884195443748E+00  0.243126232077226E-17
  0.00000000  0.00000000  0.01500000    0.6152D-02  0.363791318705649E+01 -0.321759643497512E-16    0.274882865143113E+00  0.243123483558403E-17
  0.00000000  0.00000000  0.01500000    0.6360D-02  0.363793194270555E+01 -0.321759088100234E-16    0.274881447962519E+00  0.243120557022610E-17
  0.00000000  0.00000000  0.01500000    0.6574D-02  0.363795192136792E+01 -0.321758493864135E-16    0.274879938386867E+00  0.243117437724598E-17
  0.00000000  0.00000000  0.01500000    0.6794D-02  0.363797320065010E+01 -0.321757835657549E-16    0.274878330555404E+00  0.243114096312920E-17
  0.00000000  0.00000000  0.01500000    0.7021D-02  0.363799586302489E+01 -0.321757173021534E-16    0.274876618240167E+00  0.243110566764463E-17
  0.00000000  0.00000000  0.01500000    0.7255D-02  0.363801999613517E+01 -0.321756459663302E-16    0.274874794823103E+00  0.243106802400522E-17
  0.00000000  0.00000000  0.01500000    0.7497D-02  0.363804569311698E+01 -0.321755668601180E-16    0.274872853271732E+00  0.243102770402495E-17
  0.00000000  0.00000000  0.01500000    0.7745D-02  0.363807305294243E+01 -0.321754860494847E-16    0.274870786113328E+00  0.243098503391714E-17
  0.00000000  0.00000000  0.01500000    0.8001D-02  0.363810218078431E+01 -0.321754037516668E-16    0.274868585407466E+00  0.243093988971693E-17
  0.00000000  0.00000000  0.01500000    0.8265D-02  0.363813318840352E+01 -0.321753035316594E-16    0.274866242716864E+00  0.243089088057899E-17
  0.00000000  0.00000000  0.01500000    0.8537D-02  0.363816619456064E+01 -0.321752060034457E-16    0.274863749076412E+00  0.243083940547717E-17
  0.00000000  0.00000000  0.01500000    0.8818D-02  0.363820132545347E+01 -0.321750988062498E-16    0.274861094960258E+00  0.243078436217051E-17
  0.00000000  0.00000000  0.01500000    0.9107D-02  0.363823871518180E+01 -0.321749887399132E-16    0.274858270246852E+00  0.243072608549892E-17
  0.00000000  0.00000000  0.01500000    0.9404D-02  0.363827850624166E+01 -0.321748693494192E-16    0.274855264181795E+00  0.243066389774120E-17
  0.00000000  0.00000000  0.01500000    0.9711D-02  0.363832085005023E+01 -0.321747419927349E-16    0.274852065338381E+00  0.243059769957085E-17
  0.00000000  0.00000000  0.01500000    0.1003D-01  0.363836590750407E+01 -0.321746086401635E-16    0.274848661575658E+00  0.243052742530121E-17
  0.00000000  0.00000000  0.01500000    0.1035D-01  0.363841384957230E+01 -0.321744613045662E-16    0.274845039993884E+00  0.243045224365411E-17
  0.00000000  0.00000000  0.01500000    0.1069D-01  0.363846485792716E+01 -0.321743107745277E-16    0.274841186887181E+00  0.243037272746561E-17
  0.00000000  0.00000000  0.01500000    0.1103D-01  0.363851912561437E+01 -0.321741484708330E-16    0.274837087693238E+00  0.243028797141213E-17
  0.00000000  0.00000000  0.01500000    0.1139D-01  0.363857685776564E+01 -0.321739720238084E-16    0.274832726939860E+00  0.243019752322065E-17
  0.00000000  0.00000000  0.01500000    0.1176D-01  0.363863827235636E+01 -0.321737877321190E-16    0.274828088188169E+00  0.243010156831667E-17
  0.00000000  0.00000000  0.01500000    0.1214D-01  0.363870360101097E+01 -0.321735909267586E-16    0.274823153972245E+00  0.242999944558494E-17
  0.00000000  0.00000000  0.01500000    0.1253D-01  0.363877308985957E+01 -0.321733830988882E-16    0.274817905734978E+00  0.242989093996703E-17
  0.00000000  0.00000000  0.01500000    0.1293D-01  0.363884700044857E+01 -0.321731603189201E-16    0.274812323759897E+00  0.242977540656483E-17
  0.00000000  0.00000000  0.01500000    0.1334D-01  0.363892561070929E+01 -0.321729250201914E-16    0.274806387098713E+00  0.242965265933899E-17
  0.00000000  0.00000000  0.01500000    0.1377D-01  0.363900921598810E+01 -0.321726689605142E-16    0.274800073494310E+00  0.242952168299382E-17
  0.00000000  0.00000000  0.01500000    0.1421D-01  0.363909813014201E+01 -0.321724056292894E-16    0.274793359298881E+00  0.242938307883818E-17
  0.00000000  0.00000000  0.01500000    0.1466D-01  0.363919268670431E+01 -0.321721181162077E-16    0.274786219386918E+00  0.242923512654893E-17
  0.00000000  0.00000000  0.01500000    0.1513D-01  0.363929324012448E+01 -0.321718162692529E-16    0.274778627062709E+00  0.242907809876751E-17
  0.00000000  0.00000000  0.01500000    0.1561D-01  0.363940016708749E+01 -0.321714904859404E-16    0.274770553961993E+00  0.242891077011712E-17
  0.00000000  0.00000000  0.01500000    0.1610D-01  0.363951386791774E+01 -0.321711491149741E-16    0.274761969947411E+00  0.242873323940909E-17
  0.00000000  0.00000000  0.01500000    0.1662D-01  0.363963476807306E+01 -0.321707834732027E-16    0.274752842997330E+00  0.242854428643499E-17
  0.00000000  0.00000000  0.01500000    0.1714D-01  0.363976331973502E+01 -0.321703958868879E-16    0.274743139087627E+00  0.242834348698770E-17
  0.00000000  0.00000000  0.01500000    0.1768D-01  0.363990000350178E+01 -0.321699828573504E-16    0.274732822065976E+00  0.242812993975416E-17
  0.00000000  0.00000000  0.01500000    0.1824D-01  0.364004533019044E+01 -0.321695416474007E-16    0.274721853518149E+00  0.242790276123865E-17
  0.00000000  0.00000000  0.01500000    0.1882D-01  0.364019984275632E+01 -0.321690764479425E-16    0.274710192625801E+00  0.242766154863548E-17
  0.00000000  0.00000000  0.01500000    0.1941D-01  0.364036411833706E+01 -0.321685760485375E-16    0.274697796015198E+00  0.242740469201118E-17
  0.00000000  0.00000000  0.01500000    0.2002D-01  0.364053877042997E+01 -0.321680472597471E-16    0.274684617596283E+00  0.242713189381010E-17
  0.00000000  0.00000000  0.01500000    0.2065D-01  0.364072445121193E+01 -0.321674839353736E-16    0.274670608391448E+00  0.242684182814495E-17
  0.00000000  0.00000000  0.01500000    0.2130D-01  0.364092185401140E+01 -0.321668844653783E-16    0.274655716353331E+00  0.242653345771745E-17
  0.00000000  0.00000000  0.01500000    0.2197D-01  0.364113171594346E+01 -0.321662456416238E-16    0.274639886170909E+00  0.242620556759289E-17
  0.00000000  0.00000000  0.01500000    0.2266D-01  0.364135482071878E+01 -0.321655664715351E-16    0.274623059063112E+00  0.242585704931858E-17
  0.00000000  0.00000000  0.01500000    0.2337D-01  0.364159200163916E+01 -0.321648425634311E-16    0.274605172559111E+00  0.242548647363347E-17
  0.00000000  0.00000000  0.01500000    0.2410D-01  0.364184414479253E+01 -0.321640737362492E-16    0.274586160264409E+00  0.242509266035631E-17
  0.00000000  0.00000000  0.01500000    0.2486D-01  0.364211219246178E+01 -0.321632516990161E-16    0.274565951611743E+00  0.242467374507191E-17
  0.00000000  0.00000000  0.01500000    0.2564D-01  0.364239714676263E+01 -0.321623824280415E-16    0.274544471595801E+00  0.242422886170358E-17
  0.00000000  0.00000000  0.01500000    0.2644D-01  0.364270007352723E+01 -0.321614541559821E-16    0.274521640490620E+00  0.242375572439455E-17
  0.00000000  0.00000000  0.01500000    0.2726D-01  0.364302210645118E+01 -0.321604673615647E-16    0.274497373548507E+00  0.242325288315137E-17
  0.00000000  0.00000000  0.01500000    0.2811D-01  0.364336445152373E+01 -0.321594154410390E-16    0.274471580679166E+00  0.242271826144881E-17
  0.00000000  0.00000000  0.01500000    0.2899D-01  0.364372839176156E+01 -0.321582972469272E-16    0.274444166107713E+00  0.242215009530668E-17
  0.00000000  0.00000000  0.01500000    0.2989D-01  0.364411529226951E+01 -0.321571022767444E-16    0.274415028010053E+00  0.242154581132893E-17
  0.00000000  0.00000000  0.01500000    0.3082D-01  0.364452660565252E+01 -0.321558350964710E-16    0.274384058124048E+00  0.242090385962697E-17
  0.00000000  0.00000000  0.01500000    0.3178D-01  0.364496387780568E+01 -0.321544819705190E-16    0.274351141334771E+00  0.242022119378339E-17
  0.00000000  0.00000000  0.01500000    0.3277D-01  0.364542875411176E+01 -0.321530396436977E-16    0.274316155231968E+00  0.241949543085482E-17
  0.00000000  0.00000000  0.01500000    0.3379D-01  0.364592298607764E+01 -0.321515052573328E-16    0.274278969637760E+00  0.241872408384889E-17
  0.00000000  0.00000000  0.01500000    0.3484D-01  0.364644843844473E+01 -0.321498674920921E-16    0.274239446102388E+00  0.241790388706470E-17
  0.00000000  0.00000000  0.01500000    0.3592D-01  0.364700709681060E+01 -0.321481239835715E-16    0.274197437365703E+00  0.241703209739271E-17
  0.00000000  0.00000000  0.01500000    0.3703D-01  0.364760107580362E+01 -0.321462627382008E-16    0.274152786781840E+00  0.241610508691862E-17
  0.00000000  0.00000000  0.01500000    0.3818D-01  0.364823262785556E+01 -0.321442825740834E-16    0.274105327704336E+00  0.241511986969125E-17
  0.00000000  0.00000000  0.01500000    0.3936D-01  0.364890415262171E+01 -0.321421692364432E-16    0.274054882828727E+00  0.241407229554813E-17
  0.00000000  0.00000000  0.01500000    0.4058D-01  0.364961820710288E+01 -0.321399108307980E-16    0.274001263489370E+00  0.241295819900706E-17
  0.00000000  0.00000000  0.01500000    0.4184D-01  0.365037751652899E+01 -0.321375069173052E-16    0.273944268906977E+00  0.241177406914487E-17
  0.00000000  0.00000000  0.01500000    0.4313D-01  0.365118498606999E+01 -0.321349393594302E-16    0.273883685383020E+00  0.241051484789161E-17
  0.00000000  0.00000000  0.01500000    0.4447D-01  0.365204371344650E+01 -0.321321992485364E-16    0.273819285436833E+00  0.240917593766833E-17
  0.00000000  0.00000000  0.01500000    0.4584D-01  0.365295700252019E+01 -0.321292736838928E-16    0.273750826880824E+00  0.240775219417528E-17
  0.00000000  0.00000000  0.01500000    0.4726D-01  0.365392837795222E+01 -0.321261504081043E-16    0.273678051828819E+00  0.240623825839112E-17
  0.00000000  0.00000000  0.01500000    0.4872D-01  0.365496160102772E+01 -0.321228107355234E-16    0.273600685632050E+00  0.240462801009906E-17
  0.00000000  0.00000000  0.01500000    0.5022D-01  0.365606068675502E+01 -0.321192433698543E-16    0.273518435736788E+00  0.240291558490764E-17
  0.00000000  0.00000000  0.01500000    0.5177D-01  0.365722992236015E+01 -0.321154290890773E-16    0.273430990457024E+00  0.240109420823938E-17
  0.00000000  0.00000000  0.01500000    0.5337D-01  0.365847388731135E+01 -0.321113498289069E-16    0.273338017654927E+00  0.239915685523938E-17
  0.00000000  0.00000000  0.01500000    0.5501D-01  0.365979747502326E+01 -0.321069846875809E-16    0.273239163321092E+00  0.239709593021728E-17
  0.00000000  0.00000000  0.01500000    0.5671D-01  0.366120591640862E+01 -0.321023111453534E-16    0.273134050045710E+00  0.239490333489871E-17
  0.00000000  0.00000000  0.01500000    0.5846D-01  0.366270480546510E+01 -0.320973117304472E-16    0.273022275370897E+00  0.239257094070481E-17
  0.00000000  0.00000000  0.01500000    0.6026D-01  0.366430012710788E+01 -0.320919530483078E-16    0.272903410013325E+00  0.239008899846399E-17
  0.00000000  0.00000000  0.01500000    0.6211D-01  0.366599828748503E+01 -0.320862072011554E-16    0.272776995945087E+00  0.238744770871324E-17
  0.00000000  0.00000000  0.01500000    0.6403D-01  0.366780614704230E+01 -0.320800494548888E-16    0.272642544319414E+00  0.238463701587025E-17
  0.00000000  0.00000000  0.01500000    0.6600D-01  0.366973105663942E+01 -0.320734373978357E-16    0.272499533226219E+00  0.238164502656342E-17
  0.00000000  0.00000000  0.01500000    0.6803D-01  0.367178089705869E+01 -0.320663436528729E-16    0.272347405260771E+00  0.237846040787888E-17
  0.00000000  0.00000000  0.01500000    0.7012D-01  0.367396412229393E+01 -0.320587159245093E-16    0.272185564886689E+00  0.237506938364064E-17
  0.00000000  0.00000000  0.01500000    0.7227D-01  0.367628980705989E+01 -0.320505180178567E-16    0.272013375572191E+00  0.237145874031266E-17
  0.00000000  0.00000000  0.01500000    0.7450D-01  0.367876769902557E+01 -0.320417029263867E-16    0.271830156675802E+00  0.236761378788508E-17
  0.00000000  0.00000000  0.01500000    0.7678D-01  0.368140827634588E+01 -0.320322085948831E-16    0.271635180054679E+00  0.236351800617363E-17
  0.00000000  0.00000000  0.01500000    0.7914D-01  0.368422281115127E+01 -0.320219772975662E-16    0.271427666365138E+00  0.235915443115119E-17
  0.00000000  0.00000000  0.01500000    0.8157D-01  0.368722343975361E+01 -0.320109502919767E-16    0.271206781020795E+00  0.235450520641185E-17
  0.00000000  0.00000000  0.01500000    0.8408D-01  0.369042324044286E+01 -0.319990476152252E-16    0.270971629768947E+00  0.234955004302194E-17
  0.00000000  0.00000000  0.01500000    0.8666D-01  0.369383631988691E+01 -0.319861872611598E-16    0.270721253840131E+00  0.234426757739268E-17
  0.00000000  0.00000000  0.01500000    0.8932D-01  0.369747790930923E+01 -0.319722898238954E-16    0.270454624619196E+00  0.233863564695461E-17
  0.00000000  0.00000000  0.01500000    0.9206D-01  0.370136447181301E+01 -0.319572444702334E-16    0.270170637778392E+00  0.233262873351509E-17
  0.00000000  0.00000000  0.01500000    0.9488D-01  0.370551382245105E+01 -0.319409388284158E-16    0.269868106803752E+00  0.232622008827303E-17
  0.00000000  0.00000000  0.01500000    0.9779D-01  0.370994526291854E+01 -0.319232542064130E-16    0.269545755835039E+00  0.231938130456741E-17
  0.00000000  0.00000000  0.01500000    0.1008D+00  0.371467973307836E+01 -0.319040451806183E-16    0.269202211726420E+00  0.231208075602380E-17
  0.00000000  0.00000000  0.01500000    0.1039D+00  0.371973998193329E+01 -0.318831646125930E-16    0.268835995219284E+00  0.230428533472704E-17
  0.00000000  0.00000000  0.01500000    0.1071D+00  0.372515076114923E+01 -0.318604261499245E-16    0.268445511099662E+00  0.229595764844452E-17
  0.00000000  0.00000000  0.01500000    0.1103D+00  0.373093904483334E+01 -0.318356316949138E-16    0.268029037189663E+00  0.228705792535767E-17
  0.00000000  0.00000000  0.01500000    0.1137D+00  0.373713428000694E+01 -0.318085573467002E-16    0.267584711994385E+00  0.227754290288917E-17
  0.00000000  0.00000000  0.01500000    0.1172D+00  0.374376867312295E+01 -0.317789538128095E-16    0.267110520791293E+00  0.226736576009145E-17
  0.00000000  0.00000000  0.01500000    0.1208D+00  0.375087751910798E+01 -0.317465189393526E-16    0.266604279906697E+00  0.225647405927113E-17
  0.00000000  0.00000000  0.01500000    0.1245D+00  0.375849958082336E+01 -0.317109294423848E-16    0.266063618871266E+00  0.224481191597313E-17
  0.00000000  0.00000000  0.01500000    0.1283D+00  0.376667752862124E+01 -0.316718024527886E-16    0.265485960080592E+00  0.223231715955766E-17
  0.00000000  0.00000000  0.01500000    0.1322D+00  0.377545845193148E+01 -0.316287080162345E-16    0.264868495503748E+00  0.221892212923217E-17
  0.00000000  0.00000000  0.01500000    0.1363D+00  0.378489445770589E+01 -0.315811380690758E-16    0.264208159877230E+00  0.220455140012458E-17
  0.00000000  0.00000000  0.01500000    0.1405D+00  0.379504337427239E+01 -0.315285216533672E-16    0.263501599686388E+00  0.218912277728630E-17
  0.00000000  0.00000000  0.01500000    0.1448D+00  0.380596958400058E+01 -0.314701908448474E-16    0.262745137061465E+00  0.217254484682152E-17
  0.00000000  0.00000000  0.01500000    0.1492D+00  0.381774501454917E+01 -0.314053502237318E-16    0.261934727486793E+00  0.215471484374445E-17
  0.00000000  0.00000000  0.01500000    0.1537D+00  0.383045032691889E+01 -0.313330990978030E-16    0.261065909919884E+00  0.213552019434686E-17
  0.00000000  0.00000000  0.01500000    0.1585D+00  0.384417634988263E+01 -0.312523593479354E-16    0.260133747514089E+00  0.211483361216860E-17
  0.00000000  0.00000000  0.01500000    0.1633D+00  0.385902582578215E+01 -0.311618763348170E-16    0.259132756593387E+00  0.209251331289723E-17
  0.00000000  0.00000000  0.01500000    0.1683D+00  0.387511555391044E+01 -0.310601237831596E-16    0.258056820780708E+00  0.206839684779183E-17
  0.00000000  0.00000000  0.01500000    0.1734D+00  0.389257904735665E+01 -0.309453260965216E-16    0.256899086141635E+00  0.204230303298525E-17
  0.00000000  0.00000000  0.01500000    0.1787D+00  0.391156986128603E+01 -0.308153171455699E-16    0.255651831735718E+00  0.201402315519221E-17
  0.00000000  0.00000000  0.01500000    0.1842D+00  0.393226581143613E+01 -0.306674846476972E-16    0.254306307852262E+00  0.198331831210146E-17
  0.00000000  0.00000000  0.01500000    0.1898D+00  0.395487439117239E+01 -0.304986454706802E-16    0.252852531102399E+00  0.194991267476643E-17
  0.00000000  0.00000000  0.01500000    0.1956D+00  0.397963983024538E+01 -0.303048906976532E-16    0.251279020880224E+00  0.191348553819227E-17
  0.00000000  0.00000000  0.01500000    0.2016D+00  0.400685244626588E+01 -0.300813431602427E-16    0.249572454541453E+00  0.187365887541030E-17
  0.00000000  0.00000000  0.01500000    0.2078D+00  0.403686126939275E+01 -0.298219142939627E-16    0.247717207321922E+00  0.182998642581676E-17
  0.00000000  0.00000000  0.01500000    0.2141D+00  0.407009145953707E+01 -0.295188499854575E-16    0.245694724539124E+00  0.178193187745064E-17
  0.00000000  0.00000000  0.01500000    0.2207D+00  0.410706894879594E+01 -0.291621848529866E-16    0.243482642358163E+00  0.172884505068366E-17
  0.00000000  0.00000000  0.01500000    0.2274D+00  0.414845635651421E+01 -0.287388827232413E-16    0.241053518239315E+00  0.166992447198489E-17
  0.00000000  0.00000000  0.01500000    0.2343D+00  0.419510722345955E+01 -0.282315682018323E-16    0.238372929875994E+00  0.160416439170655E-17
  0.00000000  0.00000000  0.01500000    0.2415D+00  0.424815152313704E+01 -0.276166160566963E-16    0.235396499996204E+00  0.153027845783729E-17
  0.00000000  0.00000000  0.01500000    0.2489D+00  0.430913794341513E+01 -0.268609758131718E-16    0.232064977527145E+00  0.144657512251758E-17
  0.00000000  0.00000000  0.01500000    0.2565D+00  0.438028758733981E+01 -0.259169630336188E-16    0.228295512580102E+00  0.135076207721622E-17
  0.00000000  0.00000000  0.01500000    0.2643D+00  0.446499037615886E+01 -0.247126467200064E-16    0.223964648465890E+00  0.123959040647908E-17
  0.00000000  0.00000000  0.01500000    0.2724D+00  0.456891496405124E+01 -0.231330130551886E-16    0.218870346213076E+00  0.110816914216571E-17
  0.00000000  0.00000000  0.01500000    0.2807D+00  0.470309504323850E+01 -0.209753459592518E-16    0.212625939047877E+00  0.948290985072027E-18
  0.00000000  0.00000000  0.01500000    0.2893D+00  0.490040946355654E+01 -0.177495697963653E-16    0.204064580202291E+00  0.739133849161614E-18
  0.00000000  0.00000000  0.01500000    0.2981D+00  0.525983357636140E+01  0.460134603426726E-01    0.190105535162757E+00 -0.166305898773042E-02
  0.00000000  0.00000000  0.01500000    0.3072D+00  0.547141190530240E+01  0.593427014265401E+00    0.180643188280913E+00 -0.195924835717519E-01
  0.00000000  0.00000000  0.01500000    0.3166D+00  0.539430556030629E+01  0.906507690124603E+00    0.180289221797441E+00 -0.302974246043045E-01
  0.00000000  0.00000000  0.01500000    0.3262D+00  0.529640792388354E+01  0.112370622663390E+01    0.180674422439025E+00 -0.383325786846400E-01
  0.00000000  0.00000000  0.01500000    0.3362D+00  0.520311030574357E+01  0.127536675183730E+01    0.181299882100070E+00 -0.444395425342432E-01
  0.00000000  0.00000000  0.01500000    0.3464D+00  0.514660972934359E+01  0.137346312688593E+01    0.181384755741940E+00 -0.484057052879623E-01
  0.00000000  0.00000000  0.01500000    0.3570D+00  0.517243114700913E+01  0.146811124172306E+01    0.178918694791504E+00 -0.507831887389568E-01
  0.00000000  0.00000000  0.01500000    0.3679D+00  0.516412781124316E+01  0.173288007146791E+01    0.174045777114976E+00 -0.584029810472649E-01
  0.00000000  0.00000000  0.01500000    0.3791D+00  0.506287165521066E+01  0.192067133035315E+01    0.172666682898465E+00 -0.655035264836198E-01
  0.00000000  0.00000000  0.01500000    0.3907D+00  0.494968373869510E+01  0.207828123991206E+01    0.171752963564822E+00 -0.721159130401677E-01
  0.00000000  0.00000000  0.01500000    0.4026D+00  0.485258145519302E+01  0.218911744963685E+01    0.171228609215073E+00 -0.772453877942901E-01
  0.00000000  0.00000000  0.01500000    0.4149D+00  0.478393869979450E+01  0.233048068001330E+01    0.168941034561561E+00 -0.822990932396541E-01
  0.00000000  0.00000000  0.01500000    0.4276D+00  0.463922497842509E+01  0.254919687710584E+01    0.165563538744377E+00 -0.909751214680334E-01
  0.00000000  0.00000000  0.01500000    0.4406D+00  0.451801017916958E+01  0.254693310394217E+01    0.167960238014217E+00 -0.946840474854887E-01
  0.00000000  0.00000000  0.01500000    0.4540D+00  0.442247165830157E+01  0.281732526959237E+01    0.160843019195061E+00 -0.102464670760559E+00
  0.00000000  0.00000000  0.01500000    0.4679D+00  0.413282350321511E+01  0.295578965591702E+01    0.160081957383050E+00 -0.114490394608835E+00
  0.00000000  0.00000000  0.01500000    0.4822D+00  0.390491626757006E+01  0.283094200170533E+01    0.167862390742443E+00 -0.121694976254937E+00
  0.00000000  0.00000000  0.01500000    0.4969D+00  0.383332063886153E+01  0.280759539928233E+01    0.169789209732306E+00 -0.124356778104996E+00
  0.00000000  0.00000000  0.01500000    0.5120D+00  0.378593829912424E+01  0.279105102075384E+01    0.171129045952757E+00 -0.126158923006632E+00
  0.00000000  0.00000000  0.01500000    0.5276D+00  0.377117388333073E+01  0.281561007360748E+01    0.170260672859082E+00 -0.127118950351295E+00
  0.00000000  0.00000000  0.01500000    0.5437D+00  0.375251176834199E+01  0.287388992900824E+01    0.167968353647535E+00 -0.128639852381604E+00
  0.00000000  0.00000000  0.01500000    0.5603D+00  0.380265991258426E+01  0.285097450390005E+01    0.168346604689630E+00 -0.126214778292415E+00
  0.00000000  0.00000000  0.01500000    0.5774D+00  0.407603985896573E+01  0.293918204824145E+01    0.161408833957306E+00 -0.116389918550815E+00
  0.00000000  0.00000000  0.01500000    0.5950D+00  0.428529051066442E+01  0.359948137035146E+01    0.136822896695029E+00 -0.114926039778554E+00
  0.00000000  0.00000000  0.01500000    0.6131D+00  0.398584055420142E+01  0.452387958372730E+01    0.109644460970520E+00 -0.124445103036165E+00
  0.00000000  0.00000000  0.01500000    0.6318D+00  0.317478923914421E+01  0.502015377594939E+01    0.899852182281894E-01 -0.142289644773284E+00
  0.00000000  0.00000000  0.01500000    0.6511D+00  0.206409842363834E+01  0.486464599031370E+01    0.739150407187969E-01 -0.174202209709924E+00
  0.00000000  0.00000000  0.01500000    0.6709D+00  0.181610332743818E+01  0.355328582593353E+01    0.114047675079521E+00 -0.223139279146840E+00
  0.00000000  0.00000000  0.01500000    0.6914D+00  0.269513985376955E+01  0.388023228185390E+01    0.120750094114012E+00 -0.173845677270797E+00
  0.00000000  0.00000000  0.01500000    0.7125D+00  0.275104481859749E+01  0.550316373948221E+01    0.726769489799055E-01 -0.145382273534284E+00
  0.00000000  0.00000000  0.01500000    0.7342D+00  0.120845708854981E+01  0.647890861144711E+01    0.278211550588725E-01 -0.149157734105099E+00
  0.00000000  0.00000000  0.01500000    0.7565D+00 -0.136445153465905E+01  0.574719535402453E+01   -0.391050161017423E-01 -0.164713924349938E+00
  0.00000000  0.00000000  0.01500000    0.7796D+00 -0.214209763067852E+01  0.344600321129358E+01   -0.130111761016247E+00 -0.209311443076957E+00
  0.00000000  0.00000000  0.01500000    0.8034D+00 -0.156010053450757E+01  0.263251244245295E+01   -0.166605577790723E+00 -0.281130123870241E+00
  0.00000000  0.00000000  0.01500000    0.8279D+00 -0.148738563127838E+01  0.210006724452687E+01   -0.224592453103074E+00 -0.317106232715399E+00
  0.00000000  0.00000000  0.01500000    0.8531D+00 -0.138051756331810E+01  0.125043488725732E+01   -0.397910629244609E+00 -0.360416517716785E+00
  0.00000000  0.00000000  0.01500000    0.8791D+00 -0.816385380231716E+00  0.501475075742385E+00   -0.889345176901687E+00 -0.546291556349666E+00
  0.00000000  0.00000000  0.01500000    0.9059D+00 -0.183745588481834E+00  0.406413794053982E+00   -0.923648154781497E+00 -0.204295163795359E+01
  0.00000000  0.00000000  0.01500000    0.9335D+00  0.180008728337345E+00  0.392108887096891E+00    0.966995916965050E+00 -0.210638504216209E+01
  0.00000000  0.00000000  0.01500000    0.9619D+00  0.449017016689998E+00  0.352179919277309E+00    0.137884595483002E+01 -0.108147762560888E+01
  0.00000000  0.00000000  0.01500000    0.9913D+00  0.693628804098990E+00  0.325725654594811E+00    0.118121151331875E+01 -0.554692785416345E+00
  0.00000000  0.00000000  0.01500000    0.1021D+01  0.984436898582373E+00  0.275297001438781E+00    0.942131026503054E+00 -0.263466197713869E+00
  0.00000000  0.00000000  0.01500000    0.1053D+01  0.129885494621209E+01  0.398322617955822E+00    0.703725115837441E+00 -0.215812882939017E+00
  0.00000000  0.00000000  0.01500000    0.1085D+01  0.168337120868135E+01  0.560394621057410E+00    0.534780322503673E+00 -0.178028479180871E+00
  0.00000000  0.00000000  0.01500000    0.1118D+01  0.163895357357721E+01  0.164493309498883E+01    0.303961714903154E+00 -0.305070681997694E+00
  0.00000000  0.00000000  0.01500000    0.1152D+01  0.826859990086955E+00  0.139584107942873E+01    0.314148204562495E+00 -0.530320700256636E+00
  0.00000000  0.00000000  0.01500000    0.1187D+01  0.694046824561621E+00  0.101500040384717E+01    0.459047896967095E+00 -0.671329057806857E+00
  0.00000000  0.00000000  0.01500000    0.1223D+01  0.798034938548178E+00  0.832192448324254E+00    0.600295258644608E+00 -0.625989110098014E+00
  0.00000000  0.00000000  0.01500000    0.1260D+01  0.879769789977374E+00  0.810637576126636E+00    0.614738646481002E+00 -0.566432550892142E+00
  0.00000000  0.00000000  0.01500000    0.1299D+01  0.915409676277269E+00  0.740257154308424E+00    0.660489933847717E+00 -0.534113208053283E+00
  0.00000000  0.00000000  0.01500000    0.1338D+01  0.102142858185069E+01  0.677925084644169E+00    0.679638977325364E+00 -0.451078342056932E+00
  0.00000000  0.00000000  0.01500000    0.1379D+01  0.109596610181382E+01  0.917836574066099E+00    0.536300896165996E+00 -0.449134855896479E+00
  0.00000000  0.00000000  0.01500000    0.1421D+01  0.853929188601404E+00  0.913115869090495E+00    0.546348363685641E+00 -0.584216311600809E+00
  0.00000000  0.00000000  0.01500000    0.1464D+01  0.702826163623470E+00  0.688759914182932E+00    0.725794035143324E+00 -0.711268110427963E+00
  0.00000000  0.00000000  0.01500000    0.1509D+01  0.782295779541353E+00  0.468947294705755E+00    0.940374351977043E+00 -0.563707513069871E+00
  0.00000000  0.00000000  0.01500000    0.1555D+01  0.919040760279017E+00  0.395003744979517E+00    0.918431034486169E+00 -0.394741684816362E+00
  0.00000000  0.00000000  0.01500000    0.1602D+01  0.102489934870272E+01  0.297485943338274E+00    0.899889757853087E+00 -0.261200823138611E+00
  0.00000000  0.00000000  0.01500000    0.1651D+01  0.119281398844512E+01  0.304506990750909E+00    0.787060770849017E+00 -0.200924460302262E+00
  0.00000000  0.00000000  0.01500000    0.1701D+01  0.132832328233830E+01  0.369398983767767E+00    0.698787118844515E+00 -0.194328635960344E+00
  0.00000000  0.00000000  0.01500000    0.1753D+01  0.138180474824178E+01  0.492382300077010E+00    0.642154890022585E+00 -0.228820824474179E+00
  0.00000000  0.00000000  0.01500000    0.1807D+01  0.141473932038084E+01  0.546941240774037E+00    0.614935061369257E+00 -0.237735207197197E+00
  0.00000000  0.00000000  0.01500000    0.1862D+01  0.140345143924564E+01  0.695995148074343E+00    0.571883749530405E+00 -0.283606759596661E+00
  0.00000000  0.00000000  0.01500000    0.1919D+01  0.127509126296876E+01  0.711689000038018E+00    0.597972145350014E+00 -0.333756657687306E+00
  0.00000000  0.00000000  0.01500000    0.1977D+01  0.121762981873898E+01  0.595003219937944E+00    0.662961924372555E+00 -0.323960922792156E+00
  0.00000000  0.00000000  0.01500000    0.2037D+01  0.135681951343242E+01  0.546280351239915E+00    0.634211134320494E+00 -0.255345001886369E+00
  0.00000000  0.00000000  0.01500000    0.2099D+01  0.145130446148665E+01  0.674286408243235E+00    0.566706212457109E+00 -0.263295749904470E+00
  0.00000000  0.00000000  0.01500000    0.2163D+01  0.176028273670460E+01  0.111506410532993E+01    0.405411705806266E+00 -0.256811040407884E+00
  0.00000000  0.00000000  0.01500000    0.2229D+01  0.127614937754571E+01  0.675922827067982E+00    0.611936171185297E+00 -0.324116936536222E+00
  0.00000000  0.00000000  0.01500000    0.2297D+01  0.167338467154439E+01  0.838512966789713E+00    0.477656779858009E+00 -0.239348077221427E+00
  0.00000000  0.00000000  0.01500000    0.2367D+01  0.163079948201650E+01  0.167221751238232E+01    0.298910149610749E+00 -0.306501683572928E+00
  0.00000000  0.00000000  0.01500000    0.2439D+01  0.296491076039772E+00  0.174182617179066E+01    0.949724093815469E-01 -0.557944038209786E+00
  0.00000000  0.00000000  0.01500000    0.2513D+01  0.350874561256769E+00  0.848464110424926E+00    0.416219181110493E+00 -0.100647660513717E+01
  0.00000000  0.00000000  0.01500000    0.2590D+01  0.541632088629986E+00  0.592478284164806E+00    0.840526983311518E+00 -0.919432203742329E+00
  0.00000000  0.00000000  0.01500000    0.2669D+01  0.738206798741374E+00  0.665492730224028E+00    0.747301569677377E+00 -0.673691657613049E+00
  0.00000000  0.00000000  0.01500000    0.2750D+01  0.439407015122019E+00  0.798537727206365E+00    0.528933808484248E+00 -0.961235453085174E+00
  0.00000000  0.00000000  0.01500000    0.2834D+01  0.391973172902056E+00  0.319476816999026E+00    0.153289123638339E+01 -0.124937941385044E+01
  0.00000000  0.00000000  0.01500000    0.2920D+01  0.672569955373140E+00  0.251384635950963E+00    0.130458156555768E+01 -0.487609889954285E+00
  0.00000000  0.00000000  0.01500000    0.3009D+01  0.810368087790586E+00  0.308484978947210E+00    0.107781862711702E+01 -0.410296088289483E+00
  0.00000000  0.00000000  0.01500000    0.3101D+01  0.723124554414086E+00  0.357474041766497E+00    0.111130797227620E+01 -0.549371128489461E+00
  0.00000000  0.00000000  0.01500000    0.3195D+01  0.780478103421408E+00  0.294000186377774E+00    0.112205017093841E+01 -0.422667795464072E+00
  0.00000000  0.00000000  0.01500000    0.3293D+01  0.763910885564442E+00  0.303446657479601E+00    0.113064828573986E+01 -0.449124956295518E+00
  0.00000000  0.00000000  0.01500000    0.3393D+01  0.770741176813497E+00  0.189119569893042E+00    0.122377131549587E+01 -0.300281225133018E+00
  0.00000000  0.00000000  0.01500000    0.3496D+01  0.846727437957373E+00  0.180081951516001E+00    0.112990870048657E+01 -0.240308929056782E+00
  0.00000000  0.00000000  0.01500000    0.3603D+01  0.902052848127732E+00  0.175116902944629E+00    0.106832064229793E+01 -0.207394724842706E+00
  0.00000000  0.00000000  0.01500000    0.3713D+01  0.924228143057808E+00  0.196005168144812E+00    0.103541552896877E+01 -0.219585171020463E+00
  0.00000000  0.00000000  0.01500000    0.3826D+01  0.927508214267484E+00  0.200247891810120E+00    0.103014037261251E+01 -0.222406049575596E+00
  0.00000000  0.00000000  0.01500000    0.3942D+01  0.946819859375775E+00  0.160981739447507E+00    0.102649321780456E+01 -0.174528092220406E+00
  0.00000000  0.00000000  0.01500000    0.4062D+01  0.965294883451034E+00  0.193780219983315E+00    0.995821815470909E+00 -0.199908415318899E+00
  0.00000000  0.00000000  0.01500000    0.4186D+01  0.975839602799182E+00  0.162278723188264E+00    0.997181975107491E+00 -0.165827885282184E+00
  0.00000000  0.00000000  0.01500000    0.4313D+01  0.101563198726311E+01  0.166661606912717E+00    0.958790635936063E+00 -0.157334142762258E+00
  0.00000000  0.00000000  0.01500000    0.4445D+01  0.104759527146684E+01  0.154772661062316E+00    0.934176501297693E+00 -0.138016070657975E+00
  0.00000000  0.00000000  0.01500000    0.4580D+01  0.110546096578606E+01  0.203364473398167E+00    0.874988160417164E+00 -0.160965888421342E+00
  0.00000000  0.00000000  0.01500000    0.4720D+01  0.107857360236212E+01  0.305393291341493E+00    0.858336425297196E+00 -0.243034119716751E+00
  0.00000000  0.00000000  0.01500000    0.4863D+01  0.101519423896720E+01  0.194315696417683E+00    0.950220149526531E+00 -0.181879174465378E+00
  0.00000000  0.00000000  0.01500000    0.5012D+01  0.113238465972431E+01  0.171071714965152E+00    0.863387252979234E+00 -0.130433715061248E+00
  0.00000000  0.00000000  0.01500000    0.5164D+01  0.124567742121517E+01  0.293980734760687E+00    0.760423267132154E+00 -0.179460418077224E+00
  0.00000000  0.00000000  0.01500000    0.5322D+01  0.117963068750529E+01  0.653850122017246E+00    0.648487745620432E+00 -0.359446219983749E+00
  0.00000000  0.00000000  0.01500000    0.5484D+01  0.808369033329435E+00  0.417226659962671E+00    0.976835464874538E+00 -0.504177895909816E+00
  0.00000000  0.00000000  0.01500000    0.5651D+01  0.882777937441458E+00  0.321304789510683E+00    0.100027679720120E+01 -0.364070863289406E+00
  0.00000000  0.00000000  0.01500000    0.5823D+01  0.943500426678897E+00  0.317667648060465E+00    0.951967425092132E+00 -0.320518406148123E+00
  0.00000000  0.00000000  0.01500000    0.6000D+01  0.919460765778275E+00  0.425274910183687E+00    0.895927571509078E+00 -0.414390185732506E+00
  0.00000000  0.00000000  0.01500000    0.6183D+01  0.790711604923148E+00  0.341695108038711E+00    0.106567722897627E+01 -0.460517707875090E+00
  0.00000000  0.00000000  0.01500000    0.6371D+01  0.787933573474444E+00  0.270682077587185E+00    0.113517414605664E+01 -0.389971066879329E+00
  0.00000000  0.00000000  0.01500000    0.6565D+01  0.818590038391029E+00  0.182902669807620E+00    0.116352517851881E+01 -0.259973676149014E+00
  0.00000000  0.00000000  0.01500000    0.6765D+01  0.903923385493827E+00  0.181204047148718E+00    0.106354889322511E+01 -0.213203206030170E+00
  0.00000000  0.00000000  0.01500000    0.6971D+01  0.930421392856434E+00  0.307597320478210E+00    0.968886093398528E+00 -0.320313750808150E+00
  0.00000000  0.00000000  0.01500000    0.7184D+01  0.817907627162111E+00  0.297598071102308E+00    0.107969259447668E+01 -0.392849293525442E+00
  0.00000000  0.00000000  0.01500000    0.7402D+01  0.787501603508083E+00  0.236087554524979E+00    0.116512226228892E+01 -0.349295626067354E+00
  0.00000000  0.00000000  0.01500000    0.7628D+01  0.786030625453745E+00  0.239742959166184E+00    0.116393659104367E+01 -0.355006018318342E+00
  0.00000000  0.00000000  0.01500000    0.7860D+01  0.736447778414671E+00  0.225680057476320E+00    0.124130143336087E+01 -0.380389468251725E+00
  0.00000000  0.00000000  0.01500000    0.8100D+01  0.703262832974265E+00  0.133280958372876E+00    0.137264219619072E+01 -0.260140389671414E+00
  0.00000000  0.00000000  0.01500000    0.8346D+01  0.731091374745076E+00  0.718586289338562E-01    0.135473025779292E+01 -0.133155802766998E+00
  0.00000000  0.00000000  0.01500000    0.8600D+01  0.763682962154005E+00  0.392524256542954E-01    0.130599367621445E+01 -0.671265724404756E-01
  0.00000000  0.00000000  0.01500000    0.8862D+01  0.796233952092570E+00  0.124827495395413E-01    0.125560368527068E+01 -0.196843983894030E-01
  0.00000000  0.00000000  0.01500000    0.9132D+01  0.827644482105380E+00  0.522706658794689E-02    0.120820006232463E+01 -0.763050115584331E-02
  0.00000000  0.00000000  0.01500000    0.9410D+01  0.850144414459965E+00  0.121188545266992E-02    0.117626835032929E+01 -0.167677688396699E-02
  0.00000000  0.00000000  0.01500000    0.9697D+01  0.868442083161537E+00  0.737069826572343E-05    0.115148726589515E+01 -0.977297779356611E-05
  0.00000000  0.00000000  0.01500000    0.9992D+01  0.882752425254285E+00  0.320248210307242E-10    0.113282045043597E+01 -0.410968819198721E-10
  0.00000000  0.00000000  0.01500000    0.1030D+02  0.894268614585336E+00 -0.187443008130549E-17    0.111823224441762E+01  0.234386863481066E-17
  0.00000000  0.00000000  0.01500000    0.1061D+02  0.903979524062461E+00 -0.159329745783719E-17    0.110621974655579E+01  0.194975335511566E-17
  0.00000000  0.00000000  0.01500000    0.1093D+02  0.912348808844627E+00 -0.136582536679292E-17    0.109607201796687E+01  0.164086690469500E-17
