 q(1:3)   w(Ry)   eps    epsi  --- NO LFC
  0.00000000  0.00000000  0.01250000    0.0000D+00  0.404157679776766E+01  0.781344001160347E-16    0.247428182127417E+00 -0.478344308414602E-17
  0.00000000  0.00000000  0.01250000    0.1015D-04  0.404157679861700E+01  0.781344001378714E-16    0.247428182075420E+00 -0.478344308347239E-17
  0.00000000  0.00000000  0.01250000    0.3076D-04  0.404157680556761E+01  0.781344003165576E-16    0.247428181649899E+00 -0.478344307795877E-17
  0.00000000  0.00000000  0.01250000    0.5200D-04  0.404157682005620E+01  0.781344006890359E-16    0.247428180762897E+00 -0.478344306646596E-17
  0.00000000  0.00000000  0.01250000    0.7389D-04  0.404157684276537E+01  0.781344012728420E-16    0.247428179372626E+00 -0.478344304845172E-17
  0.00000000  0.00000000  0.01250000    0.9644D-04  0.404157687442651E+01  0.781344020867853E-16    0.247428177434308E+00 -0.478344302333626E-17
  0.00000000  0.00000000  0.01250000    0.1197D-03  0.404157691582305E+01  0.781344031510128E-16    0.247428174899983E+00 -0.478344299049858E-17
  0.00000000  0.00000000  0.01250000    0.1436D-03  0.404157696779386E+01  0.781344044870799E-16    0.247428171718294E+00 -0.478344294927253E-17
  0.00000000  0.00000000  0.01250000    0.1683D-03  0.404157703123690E+01  0.781344061180755E-16    0.247428167834266E+00 -0.478344289894612E-17
  0.00000000  0.00000000  0.01250000    0.1937D-03  0.404157710711306E+01  0.781344080687125E-16    0.247428163189075E+00 -0.478344283875773E-17
  0.00000000  0.00000000  0.01250000    0.2199D-03  0.404157719645035E+01  0.781344103654025E-16    0.247428157719784E+00 -0.478344276789088E-17
  0.00000000  0.00000000  0.01250000    0.2469D-03  0.404157730034822E+01  0.781344130364091E-16    0.247428151359084E+00 -0.478344268547335E-17
  0.00000000  0.00000000  0.01250000    0.2748D-03  0.404157741998229E+01  0.781344161119747E-16    0.247428144035005E+00 -0.478344259057381E-17
  0.00000000  0.00000000  0.01250000    0.3034D-03  0.404157755660914E+01  0.781344196243896E-16    0.247428135670615E+00 -0.478344248219456E-17
  0.00000000  0.00000000  0.01250000    0.3330D-03  0.404157771157179E+01  0.781344236081781E-16    0.247428126183696E+00 -0.478344235927016E-17
  0.00000000  0.00000000  0.01250000    0.3634D-03  0.404157788630522E+01  0.781344281002303E-16    0.247428115486398E+00 -0.478344222066230E-17
  0.00000000  0.00000000  0.01250000    0.3948D-03  0.404157808234223E+01  0.781344331399677E-16    0.247428103484881E+00 -0.478344206515603E-17
  0.00000000  0.00000000  0.01250000    0.4271D-03  0.404157830131994E+01  0.781344387694609E-16    0.247428090078920E+00 -0.478344189145172E-17
  0.00000000  0.00000000  0.01250000    0.4604D-03  0.404157854498640E+01  0.781344450336522E-16    0.247428075161500E+00 -0.478344169816292E-17
  0.00000000  0.00000000  0.01250000    0.4948D-03  0.404157881520778E+01  0.781344519805198E-16    0.247428058618372E+00 -0.478344148380947E-17
  0.00000000  0.00000000  0.01250000    0.5301D-03  0.404157911397601E+01  0.781344596612732E-16    0.247428040327590E+00 -0.478344124681130E-17
  0.00000000  0.00000000  0.01250000    0.5666D-03  0.404157944341689E+01  0.781344681305564E-16    0.247428020159011E+00 -0.478344098548177E-17
  0.00000000  0.00000000  0.01250000    0.6041D-03  0.404157980579857E+01  0.781344774466874E-16    0.247427997973780E+00 -0.478344069802215E-17
  0.00000000  0.00000000  0.01250000    0.6428D-03  0.404158020354084E+01  0.781344876718666E-16    0.247427973623757E+00 -0.478344038251250E-17
  0.00000000  0.00000000  0.01250000    0.6827D-03  0.404158063922474E+01  0.781344988724509E-16    0.247427946950929E+00 -0.478344003690561E-17
  0.00000000  0.00000000  0.01250000    0.7238D-03  0.404158111560300E+01  0.781345111192073E-16    0.247427917786775E+00 -0.478343965901787E-17
  0.00000000  0.00000000  0.01250000    0.7662D-03  0.404158163561087E+01  0.781345244875924E-16    0.247427885951598E+00 -0.478343924652070E-17
  0.00000000  0.00000000  0.01250000    0.8098D-03  0.404158220237794E+01  0.781345390580656E-16    0.247427851253806E+00 -0.478343879693182E-17
  0.00000000  0.00000000  0.01250000    0.8548D-03  0.404158281924043E+01  0.781345549163931E-16    0.247427813489156E+00 -0.478343830760467E-17
  0.00000000  0.00000000  0.01250000    0.9011D-03  0.404158348975447E+01  0.781345721539936E-16    0.247427772439943E+00 -0.478343777571823E-17
  0.00000000  0.00000000  0.01250000    0.9488D-03  0.404158421771000E+01  0.781345908682991E-16    0.247427727874148E+00 -0.478343719826614E-17
  0.00000000  0.00000000  0.01250000    0.9980D-03  0.404158500714574E+01  0.781346111631325E-16    0.247427679544522E+00 -0.478343657204443E-17
  0.00000000  0.00000000  0.01250000    0.1049D-02  0.404158586236501E+01  0.781346331491326E-16    0.247427627187619E+00 -0.478343589364005E-17
  0.00000000  0.00000000  0.01250000    0.1101D-02  0.404158678795248E+01  0.781346569441533E-16    0.247427570522768E+00 -0.478343515941568E-17
  0.00000000  0.00000000  0.01250000    0.1155D-02  0.404158778879213E+01  0.781346826737539E-16    0.247427509250977E+00 -0.478343436549726E-17
  0.00000000  0.00000000  0.01250000    0.1210D-02  0.404158887008617E+01  0.781347104716699E-16    0.247427443053771E+00 -0.478343350775799E-17
  0.00000000  0.00000000  0.01250000    0.1267D-02  0.404159003737521E+01  0.781347404803416E-16    0.247427371591960E+00 -0.478343258180296E-17
  0.00000000  0.00000000  0.01250000    0.1326D-02  0.404159129655978E+01  0.781347728514560E-16    0.247427294504321E+00 -0.478343158295137E-17
  0.00000000  0.00000000  0.01250000    0.1387D-02  0.404159265392301E+01  0.781348077465378E-16    0.247427211406211E+00 -0.478343050621908E-17
  0.00000000  0.00000000  0.01250000    0.1450D-02  0.404159411615495E+01  0.781348453375639E-16    0.247427121888075E+00 -0.478342934629860E-17
  0.00000000  0.00000000  0.01250000    0.1514D-02  0.404159569037817E+01  0.781348858076512E-16    0.247427025513883E+00 -0.478342809754064E-17
  0.00000000  0.00000000  0.01250000    0.1580D-02  0.404159738417518E+01  0.781349293517307E-16    0.247426921819448E+00 -0.478342675393043E-17
  0.00000000  0.00000000  0.01250000    0.1649D-02  0.404159920561742E+01  0.781349761772804E-16    0.247426810310656E+00 -0.478342530906407E-17
  0.00000000  0.00000000  0.01250000    0.1719D-02  0.404160116329619E+01  0.781350265051761E-16    0.247426690461568E+00 -0.478342375612729E-17
  0.00000000  0.00000000  0.01250000    0.1792D-02  0.404160326635530E+01  0.781350805704832E-16    0.247426561712426E+00 -0.478342208786667E-17
  0.00000000  0.00000000  0.01250000    0.1867D-02  0.404160552452602E+01  0.781351386233607E-16    0.247426423467509E+00 -0.478342029656232E-17
  0.00000000  0.00000000  0.01250000    0.1944D-02  0.404160794816409E+01  0.781352009300261E-16    0.247426275092875E+00 -0.478341837399930E-17
  0.00000000  0.00000000  0.01250000    0.2024D-02  0.404161054828886E+01  0.781352677737656E-16    0.247426115913959E+00 -0.478341631143680E-17
  0.00000000  0.00000000  0.01250000    0.2106D-02  0.404161333662529E+01  0.781353394559858E-16    0.247425945213005E+00 -0.478341409957314E-17
  0.00000000  0.00000000  0.01250000    0.2190D-02  0.404161632564822E+01  0.781354162973783E-16    0.247425762226357E+00 -0.478341172851233E-17
  0.00000000  0.00000000  0.01250000    0.2277D-02  0.404161952862943E+01  0.781354986391375E-16    0.247425566141579E+00 -0.478340918772707E-17
  0.00000000  0.00000000  0.01250000    0.2367D-02  0.404162295968790E+01  0.781355868442004E-16    0.247425356094380E+00 -0.478340646601595E-17
  0.00000000  0.00000000  0.01250000    0.2459D-02  0.404162663384290E+01  0.781356812986821E-16    0.247425131165362E+00 -0.478340355146542E-17
  0.00000000  0.00000000  0.01250000    0.2554D-02  0.404163056707056E+01  0.781357824132733E-16    0.247424890376563E+00 -0.478340043140157E-17
  0.00000000  0.00000000  0.01250000    0.2652D-02  0.404163477636393E+01  0.781358906248153E-16    0.247424632687779E+00 -0.478339709234445E-17
  0.00000000  0.00000000  0.01250000    0.2753D-02  0.404163927979675E+01  0.781360063979064E-16    0.247424356992663E+00 -0.478339351995530E-17
  0.00000000  0.00000000  0.01250000    0.2858D-02  0.404164409659125E+01  0.781361302267060E-16    0.247424062114575E+00 -0.478338969898671E-17
  0.00000000  0.00000000  0.01250000    0.2965D-02  0.404164924719016E+01  0.781362626367154E-16    0.247423746802180E+00 -0.478338561322111E-17
  0.00000000  0.00000000  0.01250000    0.3075D-02  0.404165475333319E+01  0.781364041867834E-16    0.247423409724765E+00 -0.478338124541252E-17
  0.00000000  0.00000000  0.01250000    0.3189D-02  0.404166063813828E+01  0.781365554711801E-16    0.247423049467269E+00 -0.478337657722126E-17
  0.00000000  0.00000000  0.01250000    0.3307D-02  0.404166692618790E+01  0.781367171218356E-16    0.247422664525006E+00 -0.478337158914675E-17
  0.00000000  0.00000000  0.01250000    0.3428D-02  0.404167364362084E+01  0.781368898106636E-16    0.247422253298048E+00 -0.478336626045240E-17
  0.00000000  0.00000000  0.01250000    0.3553D-02  0.404168081822955E+01  0.781370742521029E-16    0.247421814085272E+00 -0.478336056909105E-17
  0.00000000  0.00000000  0.01250000    0.3681D-02  0.404168847956359E+01  0.781372712057276E-16    0.247421345078030E+00 -0.478335449161965E-17
  0.00000000  0.00000000  0.01250000    0.3813D-02  0.404169665903971E+01  0.781374814791362E-16    0.247420844353420E+00 -0.478334800311584E-17
  0.00000000  0.00000000  0.01250000    0.3950D-02  0.404170539005845E+01  0.781377059308838E-16    0.247420309867152E+00 -0.478334107708134E-17
  0.00000000  0.00000000  0.01250000    0.4090D-02  0.404171470812838E+01  0.781379454737379E-16    0.247419739445953E+00 -0.478333368534734E-17
  0.00000000  0.00000000  0.01250000    0.4235D-02  0.404172465099780E+01  0.781382010780059E-16    0.247419130779511E+00 -0.478332579796649E-17
  0.00000000  0.00000000  0.01250000    0.4385D-02  0.404173525879472E+01  0.781384737751720E-16    0.247418481411919E+00 -0.478331738310424E-17
  0.00000000  0.00000000  0.01250000    0.4538D-02  0.404174657417570E+01  0.781387646616903E-16    0.247417788732572E+00 -0.478330840691889E-17
  0.00000000  0.00000000  0.01250000    0.4697D-02  0.404175864248373E+01  0.781390749030678E-16    0.247417049966517E+00 -0.478329883343786E-17
  0.00000000  0.00000000  0.01250000    0.4860D-02  0.404177151191619E+01  0.781394057381690E-16    0.247416262164187E+00 -0.478328862442373E-17
  0.00000000  0.00000000  0.01250000    0.5029D-02  0.404178523370313E+01  0.781397584837948E-16    0.247415422190503E+00 -0.478327773923280E-17
  0.00000000  0.00000000  0.01250000    0.5202D-02  0.404179986229667E+01  0.781401345395470E-16    0.247414526713297E+00 -0.478326613466452E-17
  0.00000000  0.00000000  0.01250000    0.5381D-02  0.404181545557232E+01  0.781405353930003E-16    0.247413572191014E+00 -0.478325376480184E-17
  0.00000000  0.00000000  0.01250000    0.5565D-02  0.404183207504270E+01  0.781409626251904E-16    0.247412554859652E+00 -0.478324058084147E-17
  0.00000000  0.00000000  0.01250000    0.5755D-02  0.404184978608475E+01  0.781414179164652E-16    0.247411470718875E+00 -0.478322653091431E-17
  0.00000000  0.00000000  0.01250000    0.5950D-02  0.404186865818099E+01  0.781419030526520E-16    0.247410315517289E+00 -0.478321155989238E-17
  0.00000000  0.00000000  0.01250000    0.6152D-02  0.404188876517592E+01  0.781424199316719E-16    0.247409084736768E+00 -0.478319560918686E-17
  0.00000000  0.00000000  0.01250000    0.6360D-02  0.404191018554838E+01  0.781429705705129E-16    0.247407773575831E+00 -0.478317861653061E-17
  0.00000000  0.00000000  0.01250000    0.6574D-02  0.404193300270093E+01  0.781435571126710E-16    0.247406376931971E+00 -0.478316051574915E-17
  0.00000000  0.00000000  0.01250000    0.6794D-02  0.404195730526731E+01  0.781441818360492E-16    0.247404889382884E+00 -0.478314123651664E-17
  0.00000000  0.00000000  0.01250000    0.7021D-02  0.404198318743913E+01  0.781448471613349E-16    0.247403305166533E+00 -0.478312070409595E-17
  0.00000000  0.00000000  0.01250000    0.7255D-02  0.404201074931286E+01  0.781455556609033E-16    0.247401618159971E+00 -0.478309883906276E-17
  0.00000000  0.00000000  0.01250000    0.7497D-02  0.404204009725881E+01  0.781463100683125E-16    0.247399821856832E+00 -0.478307555701405E-17
  0.00000000  0.00000000  0.01250000    0.7745D-02  0.404207134431278E+01  0.781471132883223E-16    0.247397909343438E+00 -0.478305076825474E-17
  0.00000000  0.00000000  0.01250000    0.8001D-02  0.404210461059259E+01  0.781479684076347E-16    0.247395873273403E+00 -0.478302437747020E-17
  0.00000000  0.00000000  0.01250000    0.8265D-02  0.404214002374048E+01  0.781488787061741E-16    0.247393705840657E+00 -0.478299628337014E-17
  0.00000000  0.00000000  0.01250000    0.8537D-02  0.404217771939335E+01  0.781498476692316E-16    0.247391398750790E+00 -0.478296637831993E-17
  0.00000000  0.00000000  0.01250000    0.8818D-02  0.404221784168235E+01  0.781508790002206E-16    0.247388943190604E+00 -0.478293454793984E-17
  0.00000000  0.00000000  0.01250000    0.9107D-02  0.404226054376391E+01  0.781519766343463E-16    0.247386329795768E+00 -0.478290067068591E-17
  0.00000000  0.00000000  0.01250000    0.9404D-02  0.404230598838414E+01  0.781531447530336E-16    0.247383548616452E+00 -0.478286461739852E-17
  0.00000000  0.00000000  0.01250000    0.9711D-02  0.404235434847851E+01  0.781543877993657E-16    0.247380589080813E+00 -0.478282625082940E-17
  0.00000000  0.00000000  0.01250000    0.1003D-01  0.404240580780946E+01  0.781557104943728E-16    0.247377439956205E+00 -0.478278542513106E-17
  0.00000000  0.00000000  0.01250000    0.1035D-01  0.404246056164389E+01  0.781571178544494E-16    0.247374089307959E+00 -0.478274198532117E-17
  0.00000000  0.00000000  0.01250000    0.1069D-01  0.404251881747353E+01  0.781586152097821E-16    0.247370524455585E+00 -0.478269576670750E-17
  0.00000000  0.00000000  0.01250000    0.1103D-01  0.404258079578057E+01  0.781602082240031E-16    0.247366731926235E+00 -0.478264659428099E-17
  0.00000000  0.00000000  0.01250000    0.1139D-01  0.404264673085167E+01  0.781619029150282E-16    0.247362697405254E+00 -0.478259428206722E-17
  0.00000000  0.00000000  0.01250000    0.1176D-01  0.404271687164335E+01  0.781637056772332E-16    0.247358405683627E+00 -0.478253863243836E-17
  0.00000000  0.00000000  0.01250000    0.1214D-01  0.404279148270209E+01  0.781656233050079E-16    0.247353840602144E+00 -0.478247943538050E-17
  0.00000000  0.00000000  0.01250000    0.1253D-01  0.404287084514276E+01  0.781676630178479E-16    0.247348984992047E+00 -0.478241646771733E-17
  0.00000000  0.00000000  0.01250000    0.1293D-01  0.404295525768901E+01  0.781698324869265E-16    0.247343820611957E+00 -0.478234949227834E-17
  0.00000000  0.00000000  0.01250000    0.1334D-01  0.404304503777968E+01  0.781721398634653E-16    0.247338328080849E+00 -0.478227825702135E-17
  0.00000000  0.00000000  0.01250000    0.1377D-01  0.404314052274561E+01  0.781745938088219E-16    0.247332486806796E+00 -0.478220249409411E-17
  0.00000000  0.00000000  0.01250000    0.1421D-01  0.404324207106135E+01  0.781772035264965E-16    0.247326274911237E+00 -0.478212191883690E-17
  0.00000000  0.00000000  0.01250000    0.1466D-01  0.404335006367672E+01  0.781799787962004E-16    0.247319669148477E+00 -0.478203622872293E-17
  0.00000000  0.00000000  0.01250000    0.1513D-01  0.404346490543335E+01  0.781829300100530E-16    0.247312644820106E+00 -0.478194510222889E-17
  0.00000000  0.00000000  0.01250000    0.1561D-01  0.404358702657202E+01  0.781860682110994E-16    0.247305175684016E+00 -0.478184819763368E-17
  0.00000000  0.00000000  0.01250000    0.1610D-01  0.404371688433654E+01  0.781894051342747E-16    0.247297233857674E+00 -0.478174515173944E-17
  0.00000000  0.00000000  0.01250000    0.1662D-01  0.404385496468078E+01  0.781929532499906E-16    0.247288789715271E+00 -0.478163557851025E-17
  0.00000000  0.00000000  0.01250000    0.1714D-01  0.404400178408563E+01  0.781967258105039E-16    0.247279811778349E+00 -0.478151906762243E-17
  0.00000000  0.00000000  0.01250000    0.1768D-01  0.404415789149322E+01  0.782007368992504E-16    0.247270266599500E+00 -0.478139518292035E-17
  0.00000000  0.00000000  0.01250000    0.1824D-01  0.404432387036630E+01  0.782050014833880E-16    0.247260118638676E+00 -0.478126346077447E-17
  0.00000000  0.00000000  0.01250000    0.1882D-01  0.404450034088130E+01  0.782095354696189E-16    0.247249330131617E+00 -0.478112340832554E-17
  0.00000000  0.00000000  0.01250000    0.1941D-01  0.404468796226412E+01  0.782143557637326E-16    0.247237860949902E+00 -0.478097450162143E-17
  0.00000000  0.00000000  0.01250000    0.2002D-01  0.404488743527814E+01  0.782194803339427E-16    0.247225668452066E+00 -0.478081618362823E-17
  0.00000000  0.00000000  0.01250000    0.2065D-01  0.404509950487533E+01  0.782249282782917E-16    0.247212707325186E+00 -0.478064786210766E-17
  0.00000000  0.00000000  0.01250000    0.2130D-01  0.404532496302134E+01  0.782307198964889E-16    0.247198929416323E+00 -0.478046890735741E-17
  0.00000000  0.00000000  0.01250000    0.2197D-01  0.404556465170676E+01  0.782368767664480E-16    0.247184283553129E+00 -0.478027864980235E-17
  0.00000000  0.00000000  0.01250000    0.2266D-01  0.404581946615766E+01  0.782434218257260E-16    0.247168715352914E+00 -0.478007637741867E-17
  0.00000000  0.00000000  0.01250000    0.2337D-01  0.404609035825911E+01  0.782503794584079E-16    0.247152167019390E+00 -0.477986133299215E-17
  0.00000000  0.00000000  0.01250000    0.2410D-01  0.404637834020718E+01  0.782577755876844E-16    0.247134577126270E+00 -0.477963271119001E-17
  0.00000000  0.00000000  0.01250000    0.2486D-01  0.404668448840527E+01  0.782656377744806E-16    0.247115880386831E+00 -0.477938965543108E-17
  0.00000000  0.00000000  0.01250000    0.2564D-01  0.404700994762268E+01  0.782739953226975E-16    0.247096007408488E+00 -0.477913125454775E-17
  0.00000000  0.00000000  0.01250000    0.2644D-01  0.404735593543409E+01  0.782828793914103E-16    0.247074884431371E+00 -0.477885653921692E-17
  0.00000000  0.00000000  0.01250000    0.2726D-01  0.404772374696062E+01  0.782923231145810E-16    0.247052433049782E+00 -0.477856447814670E-17
  0.00000000  0.00000000  0.01250000    0.2811D-01  0.404811475993483E+01  0.783023617287991E-16    0.247028569915370E+00 -0.477825397399865E-17
  0.00000000  0.00000000  0.01250000    0.2899D-01  0.404853044011325E+01  0.783130327096234E-16    0.247003206420754E+00 -0.477792385902607E-17
  0.00000000  0.00000000  0.01250000    0.2989D-01  0.404897234706294E+01  0.783243759172009E-16    0.246976248362225E+00 -0.477757289040883E-17
  0.00000000  0.00000000  0.01250000    0.3082D-01  0.404944214035029E+01  0.783364337517321E-16    0.246947595580041E+00 -0.477719974525479E-17
  0.00000000  0.00000000  0.01250000    0.3178D-01  0.404994158616254E+01  0.783492513196472E-16    0.246917141574759E+00 -0.477680301525051E-17
  0.00000000  0.00000000  0.01250000    0.3277D-01  0.405047256439591E+01  0.783628766111804E-16    0.246884773097862E+00 -0.477638120092596E-17
  0.00000000  0.00000000  0.01250000    0.3379D-01  0.405103707624634E+01  0.783773606902788E-16    0.246850369714856E+00 -0.477593270550789E-17
  0.00000000  0.00000000  0.01250000    0.3484D-01  0.405163725234302E+01  0.783927578977052E-16    0.246813803338814E+00 -0.477545582832285E-17
  0.00000000  0.00000000  0.01250000    0.3592D-01  0.405227536146757E+01  0.784091260684176E-16    0.246774937732227E+00 -0.477494875771831E-17
  0.00000000  0.00000000  0.01250000    0.3703D-01  0.405295381990674E+01  0.784265267642876E-16    0.246733627974821E+00 -0.477440956345819E-17
  0.00000000  0.00000000  0.01250000    0.3818D-01  0.405367520149015E+01  0.784450255234241E-16    0.246689719894775E+00 -0.477383618855260E-17
  0.00000000  0.00000000  0.01250000    0.3936D-01  0.405444224837028E+01  0.784646921272624E-16    0.246643049460615E+00 -0.477322644046425E-17
  0.00000000  0.00000000  0.01250000    0.4058D-01  0.405525788260678E+01  0.784856008870898E-16    0.246593442130784E+00 -0.477257798165213E-17
  0.00000000  0.00000000  0.01250000    0.4184D-01  0.405612521862389E+01  0.785078309513320E-16    0.246540712157616E+00 -0.477188831937929E-17
  0.00000000  0.00000000  0.01250000    0.4313D-01  0.405704757661654E+01  0.785314666354699E-16    0.246484661842189E+00 -0.477115479472832E-17
  0.00000000  0.00000000  0.01250000    0.4447D-01  0.405802849698821E+01  0.785565977764222E-16    0.246425080736170E+00 -0.477037457075056E-17
  0.00000000  0.00000000  0.01250000    0.4584D-01  0.405907175591254E+01  0.785833201134270E-16    0.246361744786447E+00 -0.476954461966720E-17
  0.00000000  0.00000000  0.01250000    0.4726D-01  0.406018138212033E+01  0.786117356977397E-16    0.246294415417908E+00 -0.476866170903693E-17
  0.00000000  0.00000000  0.01250000    0.4872D-01  0.406136167502468E+01  0.786419533335809E-16    0.246222838549320E+00 -0.476772238678787E-17
  0.00000000  0.00000000  0.01250000    0.5022D-01  0.406261722430893E+01  0.786740890531383E-16    0.246146743536762E+00 -0.476672296500819E-17
  0.00000000  0.00000000  0.01250000    0.5177D-01  0.406395293111669E+01  0.787082666286337E-16    0.246065842038486E+00 -0.476565950237092E-17
  0.00000000  0.00000000  0.01250000    0.5337D-01  0.406537403099844E+01  0.787446181247474E-16    0.245979826794536E+00 -0.476452778505355E-17
  0.00000000  0.00000000  0.01250000    0.5501D-01  0.406688611878749E+01  0.787832844952567E-16    0.245888370313684E+00 -0.476332330600728E-17
  0.00000000  0.00000000  0.01250000    0.5671D-01  0.406849517559817E+01  0.788244162278340E-16    0.245791123459542E+00 -0.476204124239459E-17
  0.00000000  0.00000000  0.01250000    0.5846D-01  0.407020759816260E+01  0.788681740416885E-16    0.245687713926785E+00 -0.476067643100796E-17
  0.00000000  0.00000000  0.01250000    0.6026D-01  0.407203023074866E+01  0.789147296430962E-16    0.245577744597477E+00 -0.475922334145053E-17
  0.00000000  0.00000000  0.01250000    0.6211D-01  0.407397039993221E+01  0.789642665444984E-16    0.245460791766342E+00 -0.475767604683223E-17
  0.00000000  0.00000000  0.01250000    0.6403D-01  0.407603595253100E+01  0.790169809534565E-16    0.245336403222610E+00 -0.475602819170252E-17
  0.00000000  0.00000000  0.01250000    0.6600D-01  0.407823529704864E+01  0.790730827386386E-16    0.245204096174560E+00 -0.475427295690752E-17
  0.00000000  0.00000000  0.01250000    0.6803D-01  0.408057744902149E+01  0.791327964805895E-16    0.245063355001336E+00 -0.475240302100417E-17
  0.00000000  0.00000000  0.01250000    0.7012D-01  0.408307208071624E+01  0.791963626164588E-16    0.244913628814650E+00 -0.475041051783621E-17
  0.00000000  0.00000000  0.01250000    0.7227D-01  0.408572957568621E+01  0.792640386883979E-16    0.244754328810919E+00 -0.474828698978767E-17
  0.00000000  0.00000000  0.01250000    0.7450D-01  0.408856108876699E+01  0.793361007071761E-16    0.244584825391853E+00 -0.474602333619211E-17
  0.00000000  0.00000000  0.01250000    0.7678D-01  0.409157861217523E+01  0.794128446436160E-16    0.244404445028704E+00 -0.474360975627331E-17
  0.00000000  0.00000000  0.01250000    0.7914D-01  0.409479504847185E+01  0.794945880623531E-16    0.244212466842069E+00 -0.474103568591214E-17
  0.00000000  0.00000000  0.01250000    0.8157D-01  0.409822429126590E+01  0.795816719143271E-16    0.244008118865332E+00 -0.473828972742113E-17
  0.00000000  0.00000000  0.01250000    0.8408D-01  0.410188131466955E+01  0.796744625065594E-16    0.243790573955346E+00 -0.473535957137331E-17
  0.00000000  0.00000000  0.01250000    0.8666D-01  0.410578227267408E+01  0.797733536705440E-16    0.243558945308784E+00 -0.473223190938664E-17
  0.00000000  0.00000000  0.01250000    0.8932D-01  0.410994460980515E+01  0.798787691535153E-16    0.243312281536420E+00 -0.472889233657683E-17
  0.00000000  0.00000000  0.01250000    0.9206D-01  0.411438718463999E+01  0.799911652603140E-16    0.243049561240431E+00 -0.472532524216757E-17
  0.00000000  0.00000000  0.01250000    0.9488D-01  0.411913040803645E+01  0.801110337779461E-16    0.242769687031271E+00 -0.472151368650027E-17
  0.00000000  0.00000000  0.01250000    0.9779D-01  0.412419639824553E+01  0.802389052195341E-16    0.242471478910512E+00 -0.471743926235361E-17
  0.00000000  0.00000000  0.01250000    0.1008D+00  0.412960915546521E+01  0.803753524302310E-16    0.242153666933971E+00 -0.471308193811338E-17
  0.00000000  0.00000000  0.01250000    0.1039D+00  0.413539475886159E+01  0.805209946043239E-16    0.241814883054909E+00 -0.470841987986406E-17
  0.00000000  0.00000000  0.01250000    0.1071D+00  0.414158158965205E+01  0.806765017709844E-16    0.241453652029590E+00 -0.470342924892430E-17
  0.00000000  0.00000000  0.01250000    0.1103D+00  0.414820058454038E+01  0.808425998153545E-16    0.241068381246275E+00 -0.469808397063981E-17
  0.00000000  0.00000000  0.01250000    0.1137D+00  0.415528552464776E+01  0.810200761133604E-16    0.240657349312902E+00 -0.469235546941716E-17
  0.00000000  0.00000000  0.01250000    0.1172D+00  0.416287336613905E+01  0.812097858724003E-16    0.240218693206965E+00 -0.468621236393234E-17
  0.00000000  0.00000000  0.01250000    0.1208D+00  0.417100462005613E+01  0.814126592864569E-16    0.239750393752032E+00 -0.467962011513318E-17
  0.00000000  0.00000000  0.01250000    0.1245D+00  0.417972379051103E+01  0.816297096348276E-16    0.239250259136797E+00 -0.467254061805032E-17
  0.00000000  0.00000000  0.01250000    0.1283D+00  0.418907988246079E+01  0.818620424780636E-16    0.238715906131771E+00 -0.466493172636016E-17
  0.00000000  0.00000000  0.01250000    0.1322D+00  0.419912699290972E+01  0.821108661356468E-16    0.238144738582213E+00 -0.465674669607523E-17
  0.00000000  0.00000000  0.01250000    0.1363D+00  0.420992500274225E+01  0.823775036677685E-16    0.237533922658628E+00 -0.464793353142509E-17
  0.00000000  0.00000000  0.01250000    0.1405D+00  0.422154039071827E+01  0.826634066315128E-16    0.236880358221530E+00 -0.463843421177194E-17
  0.00000000  0.00000000  0.01250000    0.1448D+00  0.423404719679623E+01  0.829701709423471E-16    0.236180645496032E+00 -0.462818377294124E-17
  0.00000000  0.00000000  0.01250000    0.1492D+00  0.424752816935077E+01  0.832995552496033E-16    0.235431046041267E+00 -0.461710920923309E-17
  0.00000000  0.00000000  0.01250000    0.1537D+00  0.426207614067608E+01  0.836535023363575E-16    0.234627436721807E+00 -0.460512815307609E-17
  0.00000000  0.00000000  0.01250000    0.1585D+00  0.427779568835751E+01  0.840341641880419E-16    0.233765255017113E+00 -0.459214727693321E-17
  0.00000000  0.00000000  0.01250000    0.1633D+00  0.429480515801863E+01  0.844439315552087E-16    0.232839433503275E+00 -0.457806034562343E-17
  0.00000000  0.00000000  0.01250000    0.1683D+00  0.431323914763509E+01  0.848854690848204E-16    0.231844320653607E+00 -0.456274582505435E-17
  0.00000000  0.00000000  0.01250000    0.1734D+00  0.433325158809599E+01  0.853617574451120E-16    0.230773584148017E+00 -0.454606392319766E-17
  0.00000000  0.00000000  0.01250000    0.1787D+00  0.435501960365174E+01  0.858761443768168E-16    0.229620091528747E+00 -0.452785289770132E-17
  0.00000000  0.00000000  0.01250000    0.1842D+00  0.437874840661697E+01  0.864324073602915E-16    0.228375761093934E+00 -0.450792440695123E-17
  0.00000000  0.00000000  0.01250000    0.1898D+00  0.440467758488212E+01  0.870348317539045E-16    0.227031373063998E+00 -0.448605760051602E-17
  0.00000000  0.00000000  0.01250000    0.1956D+00  0.443308929760829E+01  0.876883101201673E-16    0.225576326770479E+00 -0.446199152999009E-17
  0.00000000  0.00000000  0.01250000    0.2016D+00  0.446431913633423E+01  0.883984715429521E-16    0.223998323027849E+00 -0.443541529607256E-17
  0.00000000  0.00000000  0.01250000    0.2078D+00  0.449877079208714E+01  0.891718550748792E-16    0.222282940433172E+00 -0.440595510773489E-17
  0.00000000  0.00000000  0.01250000    0.2141D+00  0.453693629605421E+01  0.900161510900302E-16    0.220413057346585E+00 -0.437315707729492E-17
  0.00000000  0.00000000  0.01250000    0.2207D+00  0.457942466427977E+01  0.909405525618767E-16    0.218368042562236E+00 -0.433646405570653E-17
  0.00000000  0.00000000  0.01250000    0.2274D+00  0.462700365588566E+01  0.919562946507711E-16    0.216122586963591E+00 -0.429518404685738E-17
  0.00000000  0.00000000  0.01250000    0.2343D+00  0.468066284448686E+01  0.930775377142192E-16    0.213644954405946E+00 -0.424844663285123E-17
  0.00000000  0.00000000  0.01250000    0.2415D+00  0.474171308209182E+01  0.943229216038929E-16    0.210894244904175E+00 -0.419514234295112E-17
  0.00000000  0.00000000  0.01250000    0.2489D+00  0.481195202262681E+01  0.957185389051419E-16    0.207815870835326E+00 -0.413383828935150E-17
  0.00000000  0.00000000  0.01250000    0.2565D+00  0.489395930141479E+01  0.973041949698597E-16    0.204333534140938E+00 -0.406266354507331E-17
  0.00000000  0.00000000  0.01250000    0.2643D+00  0.499167414198032E+01  0.991481960930840E-16    0.200333589805058E+00 -0.397916880811120E-17
  0.00000000  0.00000000  0.01250000    0.2724D+00  0.511168684448159E+01  0.101387935116184E-15    0.195630137452486E+00 -0.388023294193296E-17
  0.00000000  0.00000000  0.01250000    0.2807D+00  0.526682941084472E+01  0.104369822334689E-15    0.189867550663581E+00 -0.376249940601404E-17
  0.00000000  0.00000000  0.01250000    0.2893D+00  0.549531003690232E+01  0.109585333939502E-15    0.181973354239299E+00 -0.362884180482849E-17
  0.00000000  0.00000000  0.01250000    0.2981D+00  0.591247270289926E+01  0.537741647892622E-01    0.169119983696961E+00 -0.153815270352423E-02
  0.00000000  0.00000000  0.01250000    0.3072D+00  0.615682205413536E+01  0.690902020855076E+00    0.160401562830493E+00 -0.179998322078294E-01
  0.00000000  0.00000000  0.01250000    0.3166D+00  0.606617380904428E+01  0.105386277971216E+01    0.160018971139043E+00 -0.277997372049978E-01
  0.00000000  0.00000000  0.01250000    0.3262D+00  0.595064500068242E+01  0.130910121972195E+01    0.160291388724597E+00 -0.352630097184812E-01
  0.00000000  0.00000000  0.01250000    0.3362D+00  0.583858335681690E+01  0.148492026420436E+01    0.160868912488749E+00 -0.409136075373761E-01
  0.00000000  0.00000000  0.01250000    0.3464D+00  0.577198412444208E+01  0.159729684951819E+01    0.160926721073189E+00 -0.445336887683042E-01
  0.00000000  0.00000000  0.01250000    0.3570D+00  0.579934115151771E+01  0.170954608996762E+01    0.158647411402053E+00 -0.467665299833045E-01
  0.00000000  0.00000000  0.01250000    0.3679D+00  0.578642215497984E+01  0.201483073466231E+01    0.154131042349025E+00 -0.536683900643325E-01
  0.00000000  0.00000000  0.01250000    0.3791D+00  0.566779909444968E+01  0.223152466512646E+01    0.152755841043871E+00 -0.601429975464985E-01
  0.00000000  0.00000000  0.01250000    0.3907D+00  0.553602623446168E+01  0.241501766637432E+01    0.151755534429960E+00 -0.662013294548752E-01
  0.00000000  0.00000000  0.01250000    0.4026D+00  0.542280793065799E+01  0.254864793541115E+01    0.151042828712023E+00 -0.709881298541302E-01
  0.00000000  0.00000000  0.01250000    0.4149D+00  0.533558740313797E+01  0.271935360173798E+01    0.148775376365214E+00 -0.758253637323477E-01
  0.00000000  0.00000000  0.01250000    0.4276D+00  0.514916184194519E+01  0.296963425921818E+01    0.145734039547601E+00 -0.840480081727875E-01
  0.00000000  0.00000000  0.01250000    0.4406D+00  0.501386801944365E+01  0.296737330965547E+01    0.147709223819731E+00 -0.874192153947508E-01
  0.00000000  0.00000000  0.01250000    0.4540D+00  0.486805660559638E+01  0.327628115156532E+01    0.141381783019871E+00 -0.951522359765068E-01
  0.00000000  0.00000000  0.01250000    0.4679D+00  0.452025095510157E+01  0.339950490146173E+01    0.141305081200088E+00 -0.106270054674509E+00
  0.00000000  0.00000000  0.01250000    0.4822D+00  0.429522888316590E+01  0.323556117570984E+01    0.148532110343353E+00 -0.111888037318974E+00
  0.00000000  0.00000000  0.01250000    0.4969D+00  0.422898809981287E+01  0.321660669906933E+01    0.149799979769874E+00 -0.113939223066045E+00
  0.00000000  0.00000000  0.01250000    0.5120D+00  0.418396920256454E+01  0.321116325113450E+01    0.150409604804670E+00 -0.115438181349513E+00
  0.00000000  0.00000000  0.01250000    0.5276D+00  0.416938290394705E+01  0.325362580171309E+01    0.149067127318859E+00 -0.116326243668517E+00
  0.00000000  0.00000000  0.01250000    0.5437D+00  0.415027299800218E+01  0.333370349037546E+01    0.146454318689546E+00 -0.117639315204306E+00
  0.00000000  0.00000000  0.01250000    0.5603D+00  0.422686035129146E+01  0.334140150497801E+01    0.145596598811673E+00 -0.115096467343748E+00
  0.00000000  0.00000000  0.01250000    0.5774D+00  0.454234120223978E+01  0.351671208033962E+01    0.137646171477078E+00 -0.106566621152822E+00
  0.00000000  0.00000000  0.01250000    0.5950D+00  0.469845885464519E+01  0.439069914473717E+01    0.113616258098227E+00 -0.106174135539555E+00
  0.00000000  0.00000000  0.01250000    0.6131D+00  0.404839074197959E+01  0.550324762617563E+01    0.867353662222011E-01 -0.117905169903239E+00
  0.00000000  0.00000000  0.01250000    0.6318D+00  0.283429061898734E+01  0.576562543530620E+01    0.686673936693039E-01 -0.139685912539688E+00
  0.00000000  0.00000000  0.01250000    0.6511D+00  0.186130563883784E+01  0.517454278626641E+01    0.615503964892724E-01 -0.171113842616553E+00
  0.00000000  0.00000000  0.01250000    0.6709D+00  0.212226126695653E+01  0.398442390072744E+01    0.104136415135655E+00 -0.195510151300837E+00
  0.00000000  0.00000000  0.01250000    0.6914D+00  0.293230647974870E+01  0.482761655625773E+01    0.919094358037090E-01 -0.151315531656267E+00
  0.00000000  0.00000000  0.01250000    0.7125D+00  0.174838359778391E+01  0.705520069792824E+01    0.330928294128270E-01 -0.133538517214260E+00
  0.00000000  0.00000000  0.01250000    0.7342D+00 -0.719425074971428E+00  0.654861556830407E+01   -0.165758743307682E-01 -0.150883021008173E+00
  0.00000000  0.00000000  0.01250000    0.7565D+00 -0.195212478880286E+01  0.453556926349264E+01   -0.800635878342253E-01 -0.186019843705047E+00
  0.00000000  0.00000000  0.01250000    0.7796D+00 -0.176066524351426E+01  0.289970125421080E+01   -0.152992109599254E+00 -0.251968063618858E+00
  0.00000000  0.00000000  0.01250000    0.8034D+00 -0.136397692423404E+01  0.243281250866430E+01   -0.175340688299810E+00 -0.312740642597844E+00
  0.00000000  0.00000000  0.01250000    0.8279D+00 -0.131231654603183E+01  0.187810361464385E+01   -0.249991345747058E+00 -0.357771645489747E+00
  0.00000000  0.00000000  0.01250000    0.8531D+00 -0.109985680380895E+01  0.108090428859131E+01   -0.462505775322790E+00 -0.454535967148946E+00
  0.00000000  0.00000000  0.01250000    0.8791D+00 -0.507918014526126E+00  0.443154910979330E+00   -0.111785854108082E+01 -0.975323749291180E+00
  0.00000000  0.00000000  0.01250000    0.9059D+00  0.103620893616193E+00  0.383362418995843E+00    0.657059246100504E+00 -0.243089798995240E+01
  0.00000000  0.00000000  0.01250000    0.9335D+00  0.467380439036497E+00  0.402922420024758E+00    0.122739376389165E+01 -0.105811973365856E+01
  0.00000000  0.00000000  0.01250000    0.9619D+00  0.732899539495399E+00  0.386885542140949E+00    0.106708779160350E+01 -0.563297991769446E+00
  0.00000000  0.00000000  0.01250000    0.9913D+00  0.969987291957840E+00  0.380927964622299E+00    0.893189549710485E+00 -0.350768386363469E+00
  0.00000000  0.00000000  0.01250000    0.1021D+01  0.125644191997243E+01  0.334906652805420E+00    0.743101139796846E+00 -0.198074826595022E+00
  0.00000000  0.00000000  0.01250000    0.1053D+01  0.158920994242897E+01  0.455652899749397E+00    0.581444974232946E+00 -0.166709936478891E+00
  0.00000000  0.00000000  0.01250000    0.1085D+01  0.204214515004288E+01  0.657829361752393E+00    0.443645977507093E+00 -0.142910189425751E+00
  0.00000000  0.00000000  0.01250000    0.1118D+01  0.171913256968664E+01  0.188883973791556E+01    0.263544027325523E+00 -0.289560235365378E+00
  0.00000000  0.00000000  0.01250000    0.1152D+01  0.101948639836513E+01  0.136637633248869E+01    0.350780542335456E+00 -0.470136954954303E+00
  0.00000000  0.00000000  0.01250000    0.1187D+01  0.102218628506596E+01  0.101442821911585E+01    0.492874192632435E+00 -0.489133435641838E+00
  0.00000000  0.00000000  0.01250000    0.1223D+01  0.117265591286472E+01  0.899225978016823E+00    0.536996934544034E+00 -0.411784555349869E+00
  0.00000000  0.00000000  0.01250000    0.1260D+01  0.123656403639733E+01  0.960770711676087E+00    0.504273171909595E+00 -0.391804128208580E+00
  0.00000000  0.00000000  0.01250000    0.1299D+01  0.124155709356810E+01  0.907281472731375E+00    0.525054832280325E+00 -0.383689581384435E+00
  0.00000000  0.00000000  0.01250000    0.1338D+01  0.133521502386051E+01  0.872008380385868E+00    0.525014230813155E+00 -0.342878713098378E+00
  0.00000000  0.00000000  0.01250000    0.1379D+01  0.123283113336238E+01  0.111948022340392E+01    0.444566485758968E+00 -0.403691450781245E+00
  0.00000000  0.00000000  0.01250000    0.1421D+01  0.104115370728313E+01  0.858271443431439E+00    0.571864236712490E+00 -0.471414297866566E+00
  0.00000000  0.00000000  0.01250000    0.1464D+01  0.113253352948115E+01  0.576695275161806E+00    0.701168135939911E+00 -0.357040511882952E+00
  0.00000000  0.00000000  0.01250000    0.1509D+01  0.135765893439605E+01  0.469300695308082E+00    0.657945958261086E+00 -0.227431564632561E+00
  0.00000000  0.00000000  0.01250000    0.1555D+01  0.151635511816886E+01  0.513723622892894E+00    0.591576393773584E+00 -0.200419258382084E+00
  0.00000000  0.00000000  0.01250000    0.1602D+01  0.177177554872114E+01  0.366508841934837E+00    0.541245202677464E+00 -0.111961784651158E+00
  0.00000000  0.00000000  0.01250000    0.1651D+01  0.210833189062149E+01  0.611376707577209E+00    0.437518110835345E+00 -0.126872046710380E+00
  0.00000000  0.00000000  0.01250000    0.1701D+01  0.227162248998390E+01  0.946088091998812E+00    0.375142966009091E+00 -0.156239997844374E+00
  0.00000000  0.00000000  0.01250000    0.1753D+01  0.230424588399554E+01  0.131009169834382E+01    0.327965011766979E+00 -0.186466315182527E+00
  0.00000000  0.00000000  0.01250000    0.1807D+01  0.221337470951527E+01  0.168182015865979E+01    0.286426573599165E+00 -0.217639599559906E+00
  0.00000000  0.00000000  0.01250000    0.1862D+01  0.203366897599729E+01  0.200116701372641E+01    0.249821785154539E+00 -0.245829150005273E+00
  0.00000000  0.00000000  0.01250000    0.1919D+01  0.179251250867832E+01  0.233361967823393E+01    0.207014315488208E+00 -0.269505890731892E+00
  0.00000000  0.00000000  0.01250000    0.1977D+01  0.138961701665953E+01  0.276490968657295E+01    0.145118180436157E+00 -0.288740464441273E+00
  0.00000000  0.00000000  0.01250000    0.2037D+01  0.221375464156053E+00  0.336883349540263E+01    0.194222290349803E-01 -0.295562364952511E+00
  0.00000000  0.00000000  0.01250000    0.2099D+01 -0.765942286120863E+00  0.202621627307740E+01   -0.163236653622935E+00 -0.431824655625943E+00
  0.00000000  0.00000000  0.01250000    0.2163D+01 -0.692108585775152E+00  0.109448471200269E+01   -0.412728256324361E+00 -0.652679039160619E+00
  0.00000000  0.00000000  0.01250000    0.2229D+01 -0.310155265476755E+00  0.544113141073481E+00   -0.790697250500391E+00 -0.138713996664415E+01
  0.00000000  0.00000000  0.01250000    0.2297D+01  0.714240265879020E-01  0.407186024349661E+00    0.417924244752309E+00 -0.238257236156512E+01
  0.00000000  0.00000000  0.01250000    0.2367D+01  0.319705751526042E+00  0.389979946152101E+00    0.125721833283768E+01 -0.153356621018291E+01
  0.00000000  0.00000000  0.01250000    0.2439D+01  0.377067890374695E+00  0.507819487398997E+00    0.942526401286769E+00 -0.126935569476851E+01
  0.00000000  0.00000000  0.01250000    0.2513D+01  0.351443427440221E+00  0.379130836957617E+00    0.131502305247963E+01 -0.141862317396721E+01
  0.00000000  0.00000000  0.01250000    0.2590D+01  0.411306452206024E+00  0.256224270282934E+00    0.175155296035177E+01 -0.109113381694106E+01
  0.00000000  0.00000000  0.01250000    0.2669D+01  0.542300414905619E+00  0.129863217510811E+00    0.174398809585563E+01 -0.417628124934737E+00
  0.00000000  0.00000000  0.01250000    0.2750D+01  0.660888093722969E+00  0.154901102053680E+00    0.143432035236343E+01 -0.336180671719365E+00
  0.00000000  0.00000000  0.01250000    0.2834D+01  0.740650707690861E+00  0.114014876537114E+00    0.131890970122086E+01 -0.203031368480191E+00
  0.00000000  0.00000000  0.01250000    0.2920D+01  0.835606429139337E+00  0.125685763166438E+00    0.117025973659792E+01 -0.176021848286591E+00
  0.00000000  0.00000000  0.01250000    0.3009D+01  0.893481723473060E+00  0.165906433403318E+00    0.108191373186203E+01 -0.200895489843465E+00
  0.00000000  0.00000000  0.01250000    0.3101D+01  0.929328098887595E+00  0.181557139098003E+00    0.103648660329209E+01 -0.202492039821429E+00
  0.00000000  0.00000000  0.01250000    0.3195D+01  0.961079170826256E+00  0.209814855614937E+00    0.993162853630962E+00 -0.216819099884925E+00
  0.00000000  0.00000000  0.01250000    0.3293D+01  0.940937246530993E+00  0.260748571056452E+00    0.986977041722283E+00 -0.273506925401675E+00
  0.00000000  0.00000000  0.01250000    0.3393D+01  0.925332871415033E+00  0.193906487519228E+00    0.103523247978626E+01 -0.216936304893396E+00
  0.00000000  0.00000000  0.01250000    0.3496D+01  0.968996795836750E+00  0.160277788109668E+00    0.100451258414285E+01 -0.166152309075196E+00
  0.00000000  0.00000000  0.01250000    0.3603D+01  0.102408198712114E+01  0.152788763020957E+00    0.955221660076904E+00 -0.142515089308676E+00
  0.00000000  0.00000000  0.01250000    0.3713D+01  0.105863254145928E+01  0.181548124108019E+00    0.917627528657478E+00 -0.157366744298262E+00
  0.00000000  0.00000000  0.01250000    0.3826D+01  0.109147063886097E+01  0.172249791933730E+00    0.893931346890610E+00 -0.141075245657212E+00
  0.00000000  0.00000000  0.01250000    0.3942D+01  0.113803766056829E+01  0.205926225452912E+00    0.850846805631508E+00 -0.153959466538981E+00
  0.00000000  0.00000000  0.01250000    0.4062D+01  0.111511660609931E+01  0.283485039885525E+00    0.842329271377194E+00 -0.214137020099083E+00
  0.00000000  0.00000000  0.01250000    0.4186D+01  0.111413941652459E+01  0.200701329943449E+00    0.869343119034290E+00 -0.156603668786470E+00
  0.00000000  0.00000000  0.01250000    0.4313D+01  0.117631355818116E+01  0.225212639684646E+00    0.820053969420374E+00 -0.157004497527513E+00
  0.00000000  0.00000000  0.01250000    0.4445D+01  0.125541570798766E+01  0.236536174761968E+00    0.769241354781107E+00 -0.144934786438426E+00
  0.00000000  0.00000000  0.01250000    0.4580D+01  0.127599630199185E+01  0.414827942545279E+00    0.708788870126077E+00 -0.230428119763683E+00
  0.00000000  0.00000000  0.01250000    0.4720D+01  0.111195922521501E+01  0.524443054171520E+00    0.735669044106028E+00 -0.346970025160594E+00
  0.00000000  0.00000000  0.01250000    0.4863D+01  0.107882042955484E+01  0.269635773166797E+00    0.872438922148218E+00 -0.218053660154834E+00
  0.00000000  0.00000000  0.01250000    0.5012D+01  0.129409909623450E+01  0.263508915532694E+00    0.741974237582599E+00 -0.151083350005801E+00
  0.00000000  0.00000000  0.01250000    0.5164D+01  0.146104007803146E+01  0.536217232408339E+00    0.603195427882665E+00 -0.221379131075172E+00
  0.00000000  0.00000000  0.01250000    0.5322D+01  0.106298473896967E+01  0.113932446509038E+01    0.437803189220176E+00 -0.469244633612157E+00
  0.00000000  0.00000000  0.01250000    0.5484D+01  0.708575062406834E+00  0.536082848312158E+00    0.897540059635652E+00 -0.679047086429193E+00
  0.00000000  0.00000000  0.01250000    0.5651D+01  0.837997349222206E+00  0.466364703622325E+00    0.911128540211590E+00 -0.507063885120891E+00
  0.00000000  0.00000000  0.01250000    0.5823D+01  0.881960501867466E+00  0.480432707727505E+00    0.874379705447478E+00 -0.476303200178046E+00
  0.00000000  0.00000000  0.01250000    0.6000D+01  0.787064834422452E+00  0.583514965879582E+00    0.819892707959964E+00 -0.607852929754181E+00
  0.00000000  0.00000000  0.01250000    0.6183D+01  0.687157493324003E+00  0.413764757829903E+00    0.106803186665182E+01 -0.643104311534359E+00
  0.00000000  0.00000000  0.01250000    0.6371D+01  0.701718640366863E+00  0.328510023854479E+00    0.116889229489130E+01 -0.547217664728565E+00
  0.00000000  0.00000000  0.01250000    0.6565D+01  0.768917571550077E+00  0.227978033808908E+00    0.119544115379190E+01 -0.354438933195819E+00
  0.00000000  0.00000000  0.01250000    0.6765D+01  0.874936349999608E+00  0.257545521353702E+00    0.105180427281407E+01 -0.309608212990661E+00
  0.00000000  0.00000000  0.01250000    0.6971D+01  0.824375318770839E+00  0.430502303971122E+00    0.953115597218979E+00 -0.497732587585684E+00
  0.00000000  0.00000000  0.01250000    0.7184D+01  0.709470714072212E+00  0.338759389455715E+00    0.114781284220329E+01 -0.548059799963270E+00
  0.00000000  0.00000000  0.01250000    0.7402D+01  0.708098434537420E+00  0.260725119159130E+00    0.124362853427001E+01 -0.457909779166595E+00
  0.00000000  0.00000000  0.01250000    0.7628D+01  0.707084343396289E+00  0.262235345664101E+00    0.124325659798924E+01 -0.461084772655134E+00
  0.00000000  0.00000000  0.01250000    0.7860D+01  0.661795557348527E+00  0.233734354446677E+00    0.134346060640853E+01 -0.474486257994125E+00
  0.00000000  0.00000000  0.01250000    0.8100D+01  0.647614785607770E+00  0.134884220349857E+00    0.147992861888786E+01 -0.308237276801506E+00
  0.00000000  0.00000000  0.01250000    0.8346D+01  0.681602654772558E+00  0.747804429946089E-01    0.144968081832993E+01 -0.159048344422416E+00
  0.00000000  0.00000000  0.01250000    0.8600D+01  0.719879720303212E+00  0.388271815200586E-01    0.138509164163961E+01 -0.747058197016655E-01
  0.00000000  0.00000000  0.01250000    0.8862D+01  0.758744972187157E+00  0.132635186375054E-01    0.131756327797270E+01 -0.230321461546014E-01
  0.00000000  0.00000000  0.01250000    0.9132D+01  0.793034054808013E+00  0.627610741446705E-02    0.126090092316653E+01 -0.997882699338756E-02
  0.00000000  0.00000000  0.01250000    0.9410D+01  0.819073930371042E+00  0.933023867149942E-03    0.122088942808041E+01 -0.139074011919051E-02
  0.00000000  0.00000000  0.01250000    0.9697D+01  0.840669624197941E+00  0.199465550449358E-05    0.118952793250790E+01 -0.282239106782224E-05
  0.00000000  0.00000000  0.01250000    0.9992D+01  0.857481925074116E+00  0.542511811231420E-11    0.116620534002926E+01 -0.737834994285553E-11
  0.00000000  0.00000000  0.01250000    0.1030D+02  0.871198109696071E+00  0.627671628597717E-19    0.114784454749203E+01 -0.826986937279602E-19
  0.00000000  0.00000000  0.01250000    0.1061D+02  0.882845152944771E+00 -0.940376273549323E-20    0.113270146714229E+01  0.120651462055629E-19
  0.00000000  0.00000000  0.01250000    0.1093D+02  0.892931964751398E+00 -0.646512030845755E-19    0.111990615128042E+01  0.810848786696235E-19
