 q(1:3)   w(Ry)   eps  epsi --- LFC included. 
  0.00000000  0.00000000  0.02000000    0.0000D+00  0.358432257617458E+01 -0.305321917590629E-16    0.278992746536575E+00  0.237653276333560E-17
  0.00000000  0.00000000  0.02000000    0.1015D-04  0.358432257691735E+01 -0.305321897704739E-16    0.278992746478761E+00  0.237653260756493E-17
  0.00000000  0.00000000  0.02000000    0.3076D-04  0.358432258299576E+01 -0.305321919786117E-16    0.278992746005636E+00  0.237653277137925E-17
  0.00000000  0.00000000  0.02000000    0.5200D-04  0.358432259566625E+01 -0.305321931169949E-16    0.278992745019403E+00  0.237653284318555E-17
  0.00000000  0.00000000  0.02000000    0.7389D-04  0.358432261552576E+01 -0.305321949701918E-16    0.278992743473600E+00  0.237653296109764E-17
  0.00000000  0.00000000  0.02000000    0.9644D-04  0.358432264321391E+01 -0.305321959704509E-16    0.278992741318439E+00  0.237653300223831E-17
  0.00000000  0.00000000  0.02000000    0.1197D-03  0.358432267941580E+01 -0.305321935181383E-16    0.278992738500594E+00  0.237653276335150E-17
  0.00000000  0.00000000  0.02000000    0.1436D-03  0.358432272486506E+01 -0.305321979878621E-16    0.278992734962962E+00  0.237653305099222E-17
  0.00000000  0.00000000  0.02000000    0.1683D-03  0.358432278034695E+01 -0.305321962443577E-16    0.278992730644422E+00  0.237653284171025E-17
  0.00000000  0.00000000  0.02000000    0.1937D-03  0.358432284670179E+01 -0.305321969345651E-16    0.278992725479563E+00  0.237653280744267E-17
  0.00000000  0.00000000  0.02000000    0.2199D-03  0.358432292482859E+01 -0.305321991187156E-16    0.278992719398412E+00  0.237653287384859E-17
  0.00000000  0.00000000  0.02000000    0.2469D-03  0.358432301568884E+01 -0.305322009081552E-16    0.278992712326129E+00  0.237653289264597E-17
  0.00000000  0.00000000  0.02000000    0.2748D-03  0.358432312031062E+01 -0.305322015976798E-16    0.278992704182690E+00  0.237653280758057E-17
  0.00000000  0.00000000  0.02000000    0.3034D-03  0.358432323979286E+01 -0.305322035503469E-16    0.278992694882560E+00  0.237653280112829E-17
  0.00000000  0.00000000  0.02000000    0.3330D-03  0.358432337531003E+01 -0.305322050591254E-16    0.278992684334321E+00  0.237653273886163E-17
  0.00000000  0.00000000  0.02000000    0.3634D-03  0.358432352811704E+01 -0.305322090395957E-16    0.278992672440295E+00  0.237653284605630E-17
  0.00000000  0.00000000  0.02000000    0.3948D-03  0.358432369955435E+01 -0.305322119193149E-16    0.278992659096145E+00  0.237653284286678E-17
  0.00000000  0.00000000  0.02000000    0.4271D-03  0.358432389105364E+01 -0.305322137982553E-16    0.278992644190434E+00  0.237653273517614E-17
  0.00000000  0.00000000  0.02000000    0.4604D-03  0.358432410414362E+01 -0.305322162985044E-16    0.278992627604172E+00  0.237653264721547E-17
  0.00000000  0.00000000  0.02000000    0.4948D-03  0.358432434045627E+01 -0.305322212721136E-16    0.278992609210333E+00  0.237653272097855E-17
  0.00000000  0.00000000  0.02000000    0.5301D-03  0.358432460173358E+01 -0.305322241124693E-16    0.278992588873325E+00  0.237653259559093E-17
  0.00000000  0.00000000  0.02000000    0.5666D-03  0.358432488983457E+01 -0.305322296954123E-16    0.278992566448449E+00  0.237653264810762E-17
  0.00000000  0.00000000  0.02000000    0.6041D-03  0.358432520674278E+01 -0.305322345382288E-16    0.278992541781313E+00  0.237653260481477E-17
  0.00000000  0.00000000  0.02000000    0.6428D-03  0.358432555457436E+01 -0.305322410719857E-16    0.278992514707205E+00  0.237653265213278E-17
  0.00000000  0.00000000  0.02000000    0.6827D-03  0.358432593558647E+01 -0.305322480999952E-16    0.278992485050436E+00  0.237653269392208E-17
  0.00000000  0.00000000  0.02000000    0.7238D-03  0.358432635218640E+01 -0.305322532912588E-16    0.278992452623632E+00  0.237653254555301E-17
  0.00000000  0.00000000  0.02000000    0.7662D-03  0.358432680694107E+01 -0.305322588947603E-16    0.278992417226993E+00  0.237653237867536E-17
  0.00000000  0.00000000  0.02000000    0.8098D-03  0.358432730258736E+01 -0.305322707294332E-16    0.278992378647493E+00  0.237653264258675E-17
  0.00000000  0.00000000  0.02000000    0.8548D-03  0.358432784204284E+01 -0.305322780059107E-16    0.278992336658039E+00  0.237653249360890E-17
  0.00000000  0.00000000  0.02000000    0.9011D-03  0.358432842841740E+01 -0.305322855073548E-16    0.278992291016572E+00  0.237653229992378E-17
  0.00000000  0.00000000  0.02000000    0.9488D-03  0.358432906502540E+01 -0.305322977168982E-16    0.278992241465116E+00  0.237653240608847E-17
  0.00000000  0.00000000  0.02000000    0.9980D-03  0.358432975539876E+01 -0.305323078733291E-16    0.278992187728763E+00  0.237653228114904E-17
  0.00000000  0.00000000  0.02000000    0.1049D-02  0.358433050330079E+01 -0.305323200944278E-16    0.278992129514593E+00  0.237653224062937E-17
  0.00000000  0.00000000  0.02000000    0.1101D-02  0.358433131274085E+01 -0.305323330467385E-16    0.278992066510539E+00  0.237653217542099E-17
  0.00000000  0.00000000  0.02000000    0.1155D-02  0.358433218799005E+01 -0.305323480776058E-16    0.278991998384156E+00  0.237653218473274E-17
  0.00000000  0.00000000  0.02000000    0.1210D-02  0.358433313359781E+01 -0.305323622601339E-16    0.278991924781344E+00  0.237653203471233E-17
  0.00000000  0.00000000  0.02000000    0.1267D-02  0.358433415440947E+01 -0.305323793525693E-16    0.278991845324966E+00  0.237653201146327E-17
  0.00000000  0.00000000  0.02000000    0.1326D-02  0.358433525558511E+01 -0.305323957153941E-16    0.278991759613390E+00  0.237653182485565E-17
  0.00000000  0.00000000  0.02000000    0.1387D-02  0.358433644261944E+01 -0.305324172037277E-16    0.278991667218940E+00  0.237653192334452E-17
  0.00000000  0.00000000  0.02000000    0.1450D-02  0.358433772136299E+01 -0.305324381358530E-16    0.278991567686244E+00  0.237653185692717E-17
  0.00000000  0.00000000  0.02000000    0.1514D-02  0.358433909804454E+01 -0.305324580093128E-16    0.278991460530494E+00  0.237653157823471E-17
  0.00000000  0.00000000  0.02000000    0.1580D-02  0.358434057929513E+01 -0.305324848936287E-16    0.278991345235573E+00  0.237653170657500E-17
  0.00000000  0.00000000  0.02000000    0.1649D-02  0.358434217217333E+01 -0.305325105640976E-16    0.278991221252089E+00  0.237653159240790E-17
  0.00000000  0.00000000  0.02000000    0.1719D-02  0.358434388419234E+01 -0.305325354852762E-16    0.278991087995266E+00  0.237653126193017E-17
  0.00000000  0.00000000  0.02000000    0.1792D-02  0.358434572334856E+01 -0.305325641985662E-16    0.278990944842726E+00  0.237653105802283E-17
  0.00000000  0.00000000  0.02000000    0.1867D-02  0.358434769815214E+01 -0.305325974003165E-16    0.278990791132104E+00  0.237653102360126E-17
  0.00000000  0.00000000  0.02000000    0.1944D-02  0.358434981765927E+01 -0.305326312745343E-16    0.278990626158537E+00  0.237653084963478E-17
  0.00000000  0.00000000  0.02000000    0.2024D-02  0.358435209150656E+01 -0.305326696410606E-16    0.278990449171997E+00  0.237653082066480E-17
  0.00000000  0.00000000  0.02000000    0.2106D-02  0.358435452994762E+01 -0.305327074855185E-16    0.278990259374430E+00  0.237653053279662E-17
  0.00000000  0.00000000  0.02000000    0.2190D-02  0.358435714389186E+01 -0.305327499357935E-16    0.278990055916752E+00  0.237653037069573E-17
  0.00000000  0.00000000  0.02000000    0.2277D-02  0.358435994494566E+01 -0.305327942108330E-16    0.278989837895636E+00  0.237653010250627E-17
  0.00000000  0.00000000  0.02000000    0.2367D-02  0.358436294545621E+01 -0.305328433114658E-16    0.278989604350104E+00  0.237652994542531E-17
  0.00000000  0.00000000  0.02000000    0.2459D-02  0.358436615855808E+01 -0.305328934283312E-16    0.278989354257903E+00  0.237652958553271E-17
  0.00000000  0.00000000  0.02000000    0.2554D-02  0.358436959822259E+01 -0.305329518205916E-16    0.278989086531668E+00  0.237652956931850E-17
  0.00000000  0.00000000  0.02000000    0.2652D-02  0.358437327931036E+01 -0.305330116625950E-16    0.278988800014825E+00  0.237652934580100E-17
  0.00000000  0.00000000  0.02000000    0.2753D-02  0.358437721762712E+01 -0.305330745505374E-16    0.278988493477259E+00  0.237652901826066E-17
  0.00000000  0.00000000  0.02000000    0.2858D-02  0.358438142998293E+01 -0.305331398255519E-16    0.278988165610701E+00  0.237652851312376E-17
  0.00000000  0.00000000  0.02000000    0.2965D-02  0.358438593425521E+01 -0.305332138150160E-16    0.278987815023827E+00  0.237652829917063E-17
  0.00000000  0.00000000  0.02000000    0.3075D-02  0.358439074945557E+01 -0.305332924897709E-16    0.278987440237058E+00  0.237652803758196E-17
  0.00000000  0.00000000  0.02000000    0.3189D-02  0.358439589580092E+01 -0.305333750484367E-16    0.278987039677031E+00  0.237652763917376E-17
  0.00000000  0.00000000  0.02000000    0.3307D-02  0.358440139478891E+01 -0.305334629692337E-16    0.278986611670731E+00  0.237652719049394E-17
  0.00000000  0.00000000  0.02000000    0.3428D-02  0.358440726927819E+01 -0.305335578944669E-16    0.278986154439246E+00  0.237652678905564E-17
  0.00000000  0.00000000  0.02000000    0.3553D-02  0.358441354357355E+01 -0.305336599224005E-16    0.278985666091149E+00  0.237652641027544E-17
  0.00000000  0.00000000  0.02000000    0.3681D-02  0.358442024351638E+01 -0.305337670903084E-16    0.278985144615460E+00  0.237652586711979E-17
  0.00000000  0.00000000  0.02000000    0.3813D-02  0.358442739658094E+01 -0.305338831405460E-16    0.278984587874165E+00  0.237652541443262E-17
  0.00000000  0.00000000  0.02000000    0.3950D-02  0.358443503197632E+01 -0.305340080112770E-16    0.278983993594281E+00  0.237652500866477E-17
  0.00000000  0.00000000  0.02000000    0.4090D-02  0.358444318075509E+01 -0.305341366951634E-16    0.278983359359414E+00  0.237652421890581E-17
  0.00000000  0.00000000  0.02000000    0.4235D-02  0.358445187592847E+01 -0.305342784354543E-16    0.278982682600802E+00  0.237652372079799E-17
  0.00000000  0.00000000  0.02000000    0.4385D-02  0.358446115258873E+01 -0.305344248531220E-16    0.278981960587798E+00  0.237652281565183E-17
  0.00000000  0.00000000  0.02000000    0.4538D-02  0.358447104803935E+01 -0.305345869550776E-16    0.278981190417756E+00  0.237652231067721E-17
  0.00000000  0.00000000  0.02000000    0.4697D-02  0.358448160193314E+01 -0.305347567549445E-16    0.278980369005295E+00  0.237652153170132E-17
  0.00000000  0.00000000  0.02000000    0.4860D-02  0.358449285641902E+01 -0.305349386967987E-16    0.278979493070888E+00  0.237652076871310E-17
  0.00000000  0.00000000  0.02000000    0.5029D-02  0.358450485629800E+01 -0.305351314329351E-16    0.278978559128744E+00  0.237651985740785E-17
  0.00000000  0.00000000  0.02000000    0.5202D-02  0.358451764918874E+01 -0.305353385081987E-16    0.278977563473937E+00  0.237651901052771E-17
  0.00000000  0.00000000  0.02000000    0.5381D-02  0.358453128570368E+01 -0.305355574483493E-16    0.278976502168732E+00  0.237651796838496E-17
  0.00000000  0.00000000  0.02000000    0.5565D-02  0.358454581963587E+01 -0.305357907573568E-16    0.278975371028061E+00  0.237651685452139E-17
  0.00000000  0.00000000  0.02000000    0.5755D-02  0.358456130815768E+01 -0.305360407735910E-16    0.278974165604091E+00  0.237651577510425E-17
  0.00000000  0.00000000  0.02000000    0.5950D-02  0.358457781203176E+01 -0.305363074922744E-16    0.278972881169845E+00  0.237651464917694E-17
  0.00000000  0.00000000  0.02000000    0.6152D-02  0.358459539583528E+01 -0.305365910821726E-16    0.278971512701779E+00  0.237651340423158E-17
  0.00000000  0.00000000  0.02000000    0.6360D-02  0.358461412819808E+01 -0.305368932750915E-16    0.278970054861297E+00  0.237651208402957E-17
  0.00000000  0.00000000  0.02000000    0.6574D-02  0.358463408205571E+01 -0.305372145465377E-16    0.278968501975108E+00  0.237651062884909E-17
  0.00000000  0.00000000  0.02000000    0.6794D-02  0.358465533491831E+01 -0.305375576151822E-16    0.278966848014354E+00  0.237650914747101E-17
  0.00000000  0.00000000  0.02000000    0.7021D-02  0.358467796915626E+01 -0.305379198088216E-16    0.278965086572441E+00  0.237650732269693E-17
  0.00000000  0.00000000  0.02000000    0.7255D-02  0.358470207230364E+01 -0.305383108043353E-16    0.278963210841499E+00  0.237650579150596E-17
  0.00000000  0.00000000  0.02000000    0.7497D-02  0.358472773738083E+01 -0.305387239329226E-16    0.278961213587353E+00  0.237650391155277E-17
  0.00000000  0.00000000  0.02000000    0.7745D-02  0.358475506323704E+01 -0.305391641577753E-16    0.278959087122956E+00  0.237650193797571E-17
  0.00000000  0.00000000  0.02000000    0.8001D-02  0.358478415491449E+01 -0.305396343959191E-16    0.278956823280160E+00  0.237649995845464E-17
  0.00000000  0.00000000  0.02000000    0.8265D-02  0.358481512403528E+01 -0.305401320166851E-16    0.278954413379717E+00  0.237649762023535E-17
  0.00000000  0.00000000  0.02000000    0.8537D-02  0.358484808921254E+01 -0.305406644848809E-16    0.278951848199420E+00  0.237649534688297E-17
  0.00000000  0.00000000  0.02000000    0.8818D-02  0.358488317648735E+01 -0.305412312166767E-16    0.278949117940253E+00  0.237649292578876E-17
  0.00000000  0.00000000  0.02000000    0.9107D-02  0.358492051979300E+01 -0.305418306180411E-16    0.278946212190429E+00  0.237649005528194E-17
  0.00000000  0.00000000  0.02000000    0.9404D-02  0.358496026144854E+01 -0.305424738560178E-16    0.278943119887175E+00  0.237648741551953E-17
  0.00000000  0.00000000  0.02000000    0.9711D-02  0.358500255268315E+01 -0.305431547646352E-16    0.278939829276150E+00  0.237648432613414E-17
  0.00000000  0.00000000  0.02000000    0.1003D-01  0.358504755419358E+01 -0.305438793842371E-16    0.278936327868303E+00  0.237648104397542E-17
  0.00000000  0.00000000  0.02000000    0.1035D-01  0.358509543673663E+01 -0.305446537063090E-16    0.278932602394055E+00  0.237647780871388E-17
  0.00000000  0.00000000  0.02000000    0.1069D-01  0.358514638175895E+01 -0.305454752872439E-16    0.278928638754599E+00  0.237647418954289E-17
  0.00000000  0.00000000  0.02000000    0.1103D-01  0.358520058206649E+01 -0.305463467115879E-16    0.278924421970166E+00  0.237647013181030E-17
  0.00000000  0.00000000  0.02000000    0.1139D-01  0.358525824253625E+01 -0.305472758523256E-16    0.278919936125045E+00  0.237646597626883E-17
  0.00000000  0.00000000  0.02000000    0.1176D-01  0.358531958087288E+01 -0.305482631507706E-16    0.278915164309158E+00  0.237646146845917E-17
  0.00000000  0.00000000  0.02000000    0.1214D-01  0.358538482841318E+01 -0.305493167970586E-16    0.278910088555984E+00  0.237645693864428E-17
  0.00000000  0.00000000  0.02000000    0.1253D-01  0.358545423098155E+01 -0.305504339614227E-16    0.278904689776570E+00  0.237645184058522E-17
  0.00000000  0.00000000  0.02000000    0.1293D-01  0.358552804979958E+01 -0.305516249408002E-16    0.278898947689420E+00  0.237644662873779E-17
  0.00000000  0.00000000  0.02000000    0.1334D-01  0.358560656245340E+01 -0.305528914828236E-16    0.278892840745964E+00  0.237644107077311E-17
  0.00000000  0.00000000  0.02000000    0.1377D-01  0.358569006392251E+01 -0.305542362133456E-16    0.278886346051355E+00  0.237643497960567E-17
  0.00000000  0.00000000  0.02000000    0.1421D-01  0.358577886767413E+01 -0.305556665245626E-16    0.278879439280270E+00  0.237642851432503E-17
  0.00000000  0.00000000  0.02000000    0.1466D-01  0.358587330682722E+01 -0.305571905410403E-16    0.278872094587413E+00  0.237642186483895E-17
  0.00000000  0.00000000  0.02000000    0.1513D-01  0.358597373539100E+01 -0.305588099840601E-16    0.278864284512380E+00  0.237641469530326E-17
  0.00000000  0.00000000  0.02000000    0.1561D-01  0.358608052958253E+01 -0.305605311285324E-16    0.278855979878515E+00  0.237640699453195E-17
  0.00000000  0.00000000  0.02000000    0.1610D-01  0.358619408922890E+01 -0.305623612385698E-16    0.278847149685370E+00  0.237639879688225E-17
  0.00000000  0.00000000  0.02000000    0.1662D-01  0.358631483925939E+01 -0.305643045199142E-16    0.278837760994377E+00  0.237638986554877E-17
  0.00000000  0.00000000  0.02000000    0.1714D-01  0.358644323129383E+01 -0.305663748656713E-16    0.278827778807263E+00  0.237638068145599E-17
  0.00000000  0.00000000  0.02000000    0.1768D-01  0.358657974533328E+01 -0.305685743829273E-16    0.278817165936757E+00  0.237637077141937E-17
  0.00000000  0.00000000  0.02000000    0.1824D-01  0.358672489156017E+01 -0.305709133843238E-16    0.278805882869097E+00  0.237636026010447E-17
  0.00000000  0.00000000  0.02000000    0.1882D-01  0.358687921225521E+01 -0.305734003177829E-16    0.278793887617772E+00  0.237634908450958E-17
  0.00000000  0.00000000  0.02000000    0.1941D-01  0.358704328383890E+01 -0.305760450665726E-16    0.278781135567951E+00  0.237633724779408E-17
  0.00000000  0.00000000  0.02000000    0.2002D-01  0.358721771904620E+01 -0.305788555970795E-16    0.278767579310990E+00  0.237632455583563E-17
  0.00000000  0.00000000  0.02000000    0.2065D-01  0.358740316924351E+01 -0.305818449582612E-16    0.278753168468342E+00  0.237631115811290E-17
  0.00000000  0.00000000  0.02000000    0.2130D-01  0.358760032689765E+01 -0.305850185827404E-16    0.278737849504196E+00  0.237629655758534E-17
  0.00000000  0.00000000  0.02000000    0.2197D-01  0.358780992820754E+01 -0.305883968256829E-16    0.278721565526075E+00  0.237628135848506E-17
  0.00000000  0.00000000  0.02000000    0.2266D-01  0.358803275590974E+01 -0.305919841782694E-16    0.278704256072615E+00  0.237626487053293E-17
  0.00000000  0.00000000  0.02000000    0.2337D-01  0.358826964227023E+01 -0.305958040102613E-16    0.278685856887645E+00  0.237624780404504E-17
  0.00000000  0.00000000  0.02000000    0.2410D-01  0.358852147227536E+01 -0.305998611879200E-16    0.278666299679665E+00  0.237622936182190E-17
  0.00000000  0.00000000  0.02000000    0.2486D-01  0.358878918703655E+01 -0.306041716362185E-16    0.278645511865731E+00  0.237620953094839E-17
  0.00000000  0.00000000  0.02000000    0.2564D-01  0.358907378742349E+01 -0.306087575978509E-16    0.278623416298687E+00  0.237618870931430E-17
  0.00000000  0.00000000  0.02000000    0.2644D-01  0.358937633794298E+01 -0.306136267360050E-16    0.278599930976613E+00  0.237616607805539E-17
  0.00000000  0.00000000  0.02000000    0.2726D-01  0.358969797088070E+01 -0.306188074398086E-16    0.278574968733277E+00  0.237614233687249E-17
  0.00000000  0.00000000  0.02000000    0.2811D-01  0.359003989072593E+01 -0.306243173144535E-16    0.278548436908258E+00  0.237611725188898E-17
  0.00000000  0.00000000  0.02000000    0.2899D-01  0.359040337889938E+01 -0.306301685139021E-16    0.278520236995361E+00  0.237609006381758E-17
  0.00000000  0.00000000  0.02000000    0.2989D-01  0.359078979880757E+01 -0.306363899971079E-16    0.278490264267788E+00  0.237606120785430E-17
  0.00000000  0.00000000  0.02000000    0.3082D-01  0.359120060124802E+01 -0.306430025667856E-16    0.278458407378434E+00  0.237603036964158E-17
  0.00000000  0.00000000  0.02000000    0.3178D-01  0.359163733019203E+01 -0.306500354904406E-16    0.278424547933556E+00  0.237599776676703E-17
  0.00000000  0.00000000  0.02000000    0.3277D-01  0.359210162897445E+01 -0.306575082892739E-16    0.278388560037903E+00  0.237596272838129E-17
  0.00000000  0.00000000  0.02000000    0.3379D-01  0.359259524692177E+01 -0.306654508575245E-16    0.278350309809274E+00  0.237592524622601E-17
  0.00000000  0.00000000  0.02000000    0.3484D-01  0.359312004645362E+01 -0.306738975346369E-16    0.278309654860264E+00  0.237588550499716E-17
  0.00000000  0.00000000  0.02000000    0.3592D-01  0.359367801069482E+01 -0.306828743844041E-16    0.278266443744818E+00  0.237584288670490E-17
  0.00000000  0.00000000  0.02000000    0.3703D-01  0.359427125163976E+01 -0.306924206419011E-16    0.278220515366998E+00  0.237579762099332E-17
  0.00000000  0.00000000  0.02000000    0.3818D-01  0.359490201891390E+01 -0.307025670815898E-16    0.278171698349132E+00  0.237574909798078E-17
  0.00000000  0.00000000  0.02000000    0.3936D-01  0.359557270918207E+01 -0.307133551642250E-16    0.278119810356298E+00  0.237569733796957E-17
  0.00000000  0.00000000  0.02000000    0.4058D-01  0.359628587625773E+01 -0.307248230872312E-16    0.278064657373844E+00  0.237564189794422E-17
  0.00000000  0.00000000  0.02000000    0.4184D-01  0.359704424197270E+01 -0.307370182016648E-16    0.278006032934301E+00  0.237558281734892E-17
  0.00000000  0.00000000  0.02000000    0.4313D-01  0.359785070787341E+01 -0.307499829509926E-16    0.277943717289780E+00  0.237551951482945E-17
  0.00000000  0.00000000  0.02000000    0.4447D-01  0.359870836781548E+01 -0.307637694522500E-16    0.277877476525565E+00  0.237545189831394E-17
  0.00000000  0.00000000  0.02000000    0.4584D-01  0.359962052153690E+01 -0.307784289715137E-16    0.277807061610216E+00  0.237537953303596E-17
  0.00000000  0.00000000  0.02000000    0.4726D-01  0.360059068929784E+01 -0.307940170243974E-16    0.277732207377066E+00  0.237530201575361E-17
  0.00000000  0.00000000  0.02000000    0.4872D-01  0.360162262768507E+01 -0.308105941917846E-16    0.277652631431501E+00  0.237521901588440E-17
  0.00000000  0.00000000  0.02000000    0.5022D-01  0.360272034668930E+01 -0.308282239562700E-16    0.277568032977898E+00  0.237513008513340E-17
  0.00000000  0.00000000  0.02000000    0.5177D-01  0.360388812817614E+01 -0.308469727517300E-16    0.277478091559430E+00  0.237503463623537E-17
  0.00000000  0.00000000  0.02000000    0.5337D-01  0.360513054588495E+01 -0.308669152688246E-16    0.277382465703341E+00  0.237493232407232E-17
  0.00000000  0.00000000  0.02000000    0.5501D-01  0.360645248710525E+01 -0.308881264698749E-16    0.277280791463485E+00  0.237482240096435E-17
  0.00000000  0.00000000  0.02000000    0.5671D-01  0.360785917619811E+01 -0.309106926394223E-16    0.277172680851081E+00  0.237470453457688E-17
  0.00000000  0.00000000  0.02000000    0.5846D-01  0.360935620015000E+01 -0.309346973168138E-16    0.277057720143676E+00  0.237457769105053E-17
  0.00000000  0.00000000  0.02000000    0.6026D-01  0.361094953636946E+01 -0.309602415317604E-16    0.276935468061241E+00  0.237444165129697E-17
  0.00000000  0.00000000  0.02000000    0.6211D-01  0.361264558296315E+01 -0.309874185320740E-16    0.276805453797044E+00  0.237429502888968E-17
  0.00000000  0.00000000  0.02000000    0.6403D-01  0.361445119175761E+01 -0.310163377086987E-16    0.276667174889621E+00  0.237413706093380E-17
  0.00000000  0.00000000  0.02000000    0.6600D-01  0.361637370436850E+01 -0.310471235774487E-16    0.276520094920506E+00  0.237396747694359E-17
  0.00000000  0.00000000  0.02000000    0.6803D-01  0.361842099165742E+01 -0.310798847932095E-16    0.276363641020651E+00  0.237378407425705E-17
  0.00000000  0.00000000  0.02000000    0.7012D-01  0.362060149696387E+01 -0.311147639326097E-16    0.276197201166317E+00  0.237358646632169E-17
  0.00000000  0.00000000  0.02000000    0.7227D-01  0.362292428355201E+01 -0.311518944059569E-16    0.276020121242935E+00  0.237337272266952E-17
  0.00000000  0.00000000  0.02000000    0.7450D-01  0.362539908677452E+01 -0.311914370092138E-16    0.275831701852634E+00  0.237314208658202E-17
  0.00000000  0.00000000  0.02000000    0.7678D-01  0.362803637152765E+01 -0.312335468961777E-16    0.275631194838031E+00  0.237289237715061E-17
  0.00000000  0.00000000  0.02000000    0.7914D-01  0.363084739565558E+01 -0.312784012147250E-16    0.275417799491251E+00  0.237262200677222E-17
  0.00000000  0.00000000  0.02000000    0.8157D-01  0.363384428006162E+01 -0.313261850469717E-16    0.275190658412871E+00  0.237232881330110E-17
  0.00000000  0.00000000  0.02000000    0.8408D-01  0.363704008639926E+01 -0.313771015899370E-16    0.274948852980617E+00  0.237201072494927E-17
  0.00000000  0.00000000  0.02000000    0.8666D-01  0.364044890335387E+01 -0.314313686531512E-16    0.274691398381864E+00  0.237166537358504E-17
  0.00000000  0.00000000  0.02000000    0.8932D-01  0.364408594268790E+01 -0.314892170580019E-16    0.274417238157231E+00  0.237128984131935E-17
  0.00000000  0.00000000  0.02000000    0.9206D-01  0.364796764641603E+01 -0.315508943662005E-16    0.274125238194603E+00  0.237088079492280E-17
  0.00000000  0.00000000  0.02000000    0.9488D-01  0.365211180670710E+01 -0.316166704404275E-16    0.273814180103551E+00  0.237043473815645E-17
  0.00000000  0.00000000  0.02000000    0.9779D-01  0.365653770038645E+01 -0.316868418500072E-16    0.273482753888826E+00  0.236994815348514E-17
  0.00000000  0.00000000  0.02000000    0.1008D+00  0.366126624024528E+01 -0.317617175215605E-16    0.273129549828369E+00  0.236941621810559E-17
  0.00000000  0.00000000  0.02000000    0.1039D+00  0.366632014576640E+01 -0.318416388884543E-16    0.272753049445158E+00  0.236883407909321E-17
  0.00000000  0.00000000  0.02000000    0.1071D+00  0.367172413636537E+01 -0.319269718721273E-16    0.272351615442956E+00  0.236819598712642E-17
  0.00000000  0.00000000  0.02000000    0.1103D+00  0.367750515084464E+01 -0.320181159916039E-16    0.271923480452590E+00  0.236749567460755E-17
  0.00000000  0.00000000  0.02000000    0.1137D+00  0.368369259749221E+01 -0.321154978714012E-16    0.271466734406878E+00  0.236672553430098E-17
  0.00000000  0.00000000  0.02000000    0.1172D+00  0.369031864016529E+01 -0.322195887194737E-16    0.270979310327308E+00  0.236587752483115E-17
  0.00000000  0.00000000  0.02000000    0.1208D+00  0.369741852682678E+01 -0.323308952933250E-16    0.270458968262439E+00  0.236494205905820E-17
  0.00000000  0.00000000  0.02000000    0.1245D+00  0.370503096841417E+01 -0.324499677983173E-16    0.269903277064381E+00  0.236390808175842E-17
  0.00000000  0.00000000  0.02000000    0.1283D+00  0.371319857769807E+01 -0.325774169155394E-16    0.269309593622631E+00  0.236276372707162E-17
  0.00000000  0.00000000  0.02000000    0.1322D+00  0.372196838004285E+01 -0.327138870497573E-16    0.268675039090065E+00  0.236149370021793E-17
  0.00000000  0.00000000  0.02000000    0.1363D+00  0.373139241086554E+01 -0.328601103153738E-16    0.267996471528450E+00  0.236008241666361E-17
  0.00000000  0.00000000  0.02000000    0.1405D+00  0.374152841830753E+01 -0.330168618746369E-16    0.267270454263273E+00  0.235850986147893E-17
  0.00000000  0.00000000  0.02000000    0.1448D+00  0.375244069447051E+01 -0.331850163810934E-16    0.266493219059683E+00  0.235675459254494E-17
  0.00000000  0.00000000  0.02000000    0.1492D+00  0.376420106492203E+01 -0.333655114466624E-16    0.265660622998818E+00  0.235478987565137E-17
  0.00000000  0.00000000  0.02000000    0.1537D+00  0.377689007460833E+01 -0.335593962678878E-16    0.264768097626909E+00  0.235258568076744E-17
  0.00000000  0.00000000  0.02000000    0.1585D+00  0.379059841963090E+01 -0.337678249671699E-16    0.263810588539572E+00  0.235010644550360E-17
  0.00000000  0.00000000  0.02000000    0.1633D+00  0.380542868972057E+01 -0.339920678083576E-16    0.262782483009406E+00  0.234730978021827E-17
  0.00000000  0.00000000  0.02000000    0.1683D+00  0.382149750741375E+01 -0.342335302577605E-16    0.261677522505245E+00  0.234414529044706E-17
  0.00000000  0.00000000  0.02000000    0.1734D+00  0.383893817950963E+01 -0.344937861129652E-16    0.260488695894482E+00  0.234055380443173E-17
  0.00000000  0.00000000  0.02000000    0.1787D+00  0.385790401835756E+01 -0.347745766312630E-16    0.259208107625688E+00  0.233646357171729E-17
  0.00000000  0.00000000  0.02000000    0.1842D+00  0.387857255114462E+01 -0.350778448700047E-16    0.257826813038443E+00  0.233178800495074E-17
  0.00000000  0.00000000  0.02000000    0.1898D+00  0.390115092462542E+01 -0.354057709224168E-16    0.256334609791088E+00  0.232642229155022E-17
  0.00000000  0.00000000  0.02000000    0.1956D+00  0.392588294707602E+01 -0.357607896456781E-16    0.254719769662209E+00  0.232023731330812E-17
  0.00000000  0.00000000  0.02000000    0.2016D+00  0.395305841638056E+01 -0.361456494233508E-16    0.252968687701713E+00  0.231307421688022E-17
  0.00000000  0.00000000  0.02000000    0.2078D+00  0.398302571138082E+01 -0.365634480749828E-16    0.251065414200734E+00  0.230473461653105E-17
  0.00000000  0.00000000  0.02000000    0.2141D+00  0.401620916023335E+01 -0.370176803443435E-16    0.248991016180516E+00  0.229496758705866E-17
  0.00000000  0.00000000  0.02000000    0.2207D+00  0.405313360892949E+01 -0.375123290236264E-16    0.246722683357117E+00  0.228345358645323E-17
  0.00000000  0.00000000  0.02000000    0.2274D+00  0.409446022015660E+01 -0.380519124424826E-16    0.244232437545028E+00  0.226977692525294E-17
  0.00000000  0.00000000  0.02000000    0.2343D+00  0.414104051617698E+01 -0.386416176149440E-16    0.241485200662370E+00  0.225338987802951E-17
  0.00000000  0.00000000  0.02000000    0.2415D+00  0.419400155685234E+01 -0.392874453687577E-16    0.238435772243851E+00  0.223355481608793E-17
  0.00000000  0.00000000  0.02000000    0.2489D+00  0.425488759754185E+01 -0.399964502325918E-16    0.235023834842952E+00  0.220925204209852E-17
  0.00000000  0.00000000  0.02000000    0.2565D+00  0.432591250852011E+01 -0.407772827388374E-16    0.231165100549410E+00  0.217902804226611E-17
  0.00000000  0.00000000  0.02000000    0.2643D+00  0.441045318686548E+01 -0.416416093803703E-16    0.226734069636663E+00  0.214072594379847E-17
  0.00000000  0.00000000  0.02000000    0.2724D+00  0.451415103777330E+01 -0.426086215221922E-16    0.221525596204524E+00  0.209095801340588E-17
  0.00000000  0.00000000  0.02000000    0.2807D+00  0.464796537481714E+01 -0.437243214047862E-16    0.215147902223635E+00  0.202393849088470E-17
  0.00000000  0.00000000  0.02000000    0.2893D+00  0.484426407190062E+01 -0.452406313568296E-16    0.206429704317844E+00  0.192784910474106E-17
  0.00000000  0.00000000  0.02000000    0.2981D+00  0.520325772332064E+01  0.437706354742666E-01    0.192173690742447E+00 -0.161659579680861E-02
  0.00000000  0.00000000  0.02000000    0.3072D+00  0.541788787772495E+01  0.588697476603507E+00    0.182420014133636E+00 -0.198214146224713E-01
  0.00000000  0.00000000  0.02000000    0.3166D+00  0.534049793497279E+01  0.908267790463147E+00    0.181984660694338E+00 -0.309504483813407E-01
  0.00000000  0.00000000  0.02000000    0.3262D+00  0.524053471433132E+01  0.112060281357826E+01    0.182476512759843E+00 -0.390196239042985E-01
  0.00000000  0.00000000  0.02000000    0.3362D+00  0.514984863360151E+01  0.127244660263577E+01    0.183007726162372E+00 -0.452183308635529E-01
  0.00000000  0.00000000  0.02000000    0.3464D+00  0.509214383831670E+01  0.137447307280602E+01    0.183044847071204E+00 -0.494075229222969E-01
  0.00000000  0.00000000  0.02000000    0.3570D+00  0.511611717552021E+01  0.146500704687534E+01    0.180648110298125E+00 -0.517288297965059E-01
  0.00000000  0.00000000  0.02000000    0.3679D+00  0.510968497153573E+01  0.172900614807153E+01    0.175600549220399E+00 -0.594194027416830E-01
  0.00000000  0.00000000  0.02000000    0.3791D+00  0.500932582971634E+01  0.191742056184311E+01    0.174117222477491E+00 -0.666468810171722E-01
  0.00000000  0.00000000  0.02000000    0.3907D+00  0.489675373451311E+01  0.207498177100246E+01    0.173129600665074E+00 -0.733630451678583E-01
  0.00000000  0.00000000  0.02000000    0.4026D+00  0.479962745722809E+01  0.218691929498367E+01    0.172530306712504E+00 -0.786123214939962E-01
  0.00000000  0.00000000  0.02000000    0.4149D+00  0.473138388751622E+01  0.232709855698280E+01    0.170185209721734E+00 -0.837044225069563E-01
  0.00000000  0.00000000  0.02000000    0.4276D+00  0.458688000949714E+01  0.254796434636023E+01    0.166604250640413E+00 -0.925469359793379E-01
  0.00000000  0.00000000  0.02000000    0.4406D+00  0.446509027156228E+01  0.254452300071096E+01    0.169057742223710E+00 -0.963410115751104E-01
  0.00000000  0.00000000  0.02000000    0.4540D+00  0.436934517999972E+01  0.281589161693286E+01    0.161705284781138E+00 -0.104213454664384E+00
  0.00000000  0.00000000  0.02000000    0.4679D+00  0.407919749267923E+01  0.295283604982541E+01    0.160857389707035E+00 -0.116440917621710E+00
  0.00000000  0.00000000  0.02000000    0.4822D+00  0.385307945745068E+01  0.282642681831618E+01    0.168736355005403E+00 -0.123776569956265E+00
  0.00000000  0.00000000  0.02000000    0.4969D+00  0.378300973420270E+01  0.280588831561070E+01    0.170527426183558E+00 -0.126481544124405E+00
  0.00000000  0.00000000  0.02000000    0.5120D+00  0.373468392653664E+01  0.279001231045956E+01    0.171851569249335E+00 -0.128382482482814E+00
  0.00000000  0.00000000  0.02000000    0.5276D+00  0.372005429421089E+01  0.281442762418785E+01    0.170959895360087E+00 -0.129340653140053E+00
  0.00000000  0.00000000  0.02000000    0.5437D+00  0.370069741159576E+01  0.287417474445754E+01    0.168550299108518E+00 -0.130905869620822E+00
  0.00000000  0.00000000  0.02000000    0.5603D+00  0.374842319547939E+01  0.285144359619515E+01    0.168989423872755E+00 -0.128551069449097E+00
  0.00000000  0.00000000  0.02000000    0.5774D+00  0.402464900651225E+01  0.293198953535011E+01    0.162321134302337E+00 -0.118252266563003E+00
  0.00000000  0.00000000  0.02000000    0.5950D+00  0.423703708902723E+01  0.360268160222132E+01    0.136979980477737E+00 -0.116471780909777E+00
  0.00000000  0.00000000  0.02000000    0.6131D+00  0.393508699945626E+01  0.452299704192560E+01    0.109483108885990E+00 -0.125840109176894E+00
  0.00000000  0.00000000  0.02000000    0.6318D+00  0.312260032097812E+01  0.502550790169189E+01    0.892009367387768E-01 -0.143559843188200E+00
  0.00000000  0.00000000  0.02000000    0.6511D+00  0.201154333766516E+01  0.486153322918063E+01    0.726692317476123E-01 -0.175628274203682E+00
  0.00000000  0.00000000  0.02000000    0.6709D+00  0.176453279000338E+01  0.356159179316463E+01    0.111689808660045E+00 -0.225438432290613E+00
  0.00000000  0.00000000  0.02000000    0.6914D+00  0.263401746266635E+01  0.388533941480336E+01    0.119543804046070E+00 -0.176334538490703E+00
  0.00000000  0.00000000  0.02000000    0.7125D+00  0.269189848308611E+01  0.549189851380403E+01    0.719619132447172E-01 -0.146813680709859E+00
  0.00000000  0.00000000  0.02000000    0.7342D+00  0.116206443715772E+01  0.647933764842273E+01    0.268175667473039E-01 -0.149527052294874E+00
  0.00000000  0.00000000  0.02000000    0.7565D+00 -0.141575223835955E+01  0.575046043926720E+01   -0.403668509607459E-01 -0.163960877629644E+00
  0.00000000  0.00000000  0.02000000    0.7796D+00 -0.219770522026763E+01  0.344862311642228E+01   -0.131418830115434E+00 -0.206221476515430E+00
  0.00000000  0.00000000  0.02000000    0.8034D+00 -0.161668966928479E+01  0.263578253548526E+01   -0.169091490507704E+00 -0.275679622408019E+00
  0.00000000  0.00000000  0.02000000    0.8279D+00 -0.154538201218989E+01  0.210002380018816E+01   -0.227318705597556E+00 -0.308904004458008E+00
  0.00000000  0.00000000  0.02000000    0.8531D+00 -0.143751032604123E+01  0.125003517406840E+01   -0.396114871656375E+00 -0.344454932651282E+00
  0.00000000  0.00000000  0.02000000    0.8791D+00 -0.873549872091453E+00  0.501338747701506E+00   -0.861123923643341E+00 -0.494207375317392E+00
  0.00000000  0.00000000  0.02000000    0.9059D+00 -0.241462200045242E+00  0.405338038366033E+00   -0.108472162314496E+01 -0.182090171801804E+01
  0.00000000  0.00000000  0.02000000    0.9335D+00  0.123111672172917E+00  0.390546323837196E+00    0.734193297243051E+00 -0.232907642438197E+01
  0.00000000  0.00000000  0.02000000    0.9619D+00  0.392116400710547E+00  0.350909716140875E+00    0.141613020730213E+01 -0.126731207407399E+01
  0.00000000  0.00000000  0.02000000    0.9913D+00  0.636138561953670E+00  0.324719919633695E+00    0.124704859210897E+01 -0.636561816603766E+00
  0.00000000  0.00000000  0.02000000    0.1021D+01  0.925840948349045E+00  0.273715827836146E+00    0.993283064584740E+00 -0.293654430367599E+00
  0.00000000  0.00000000  0.02000000    0.1053D+01  0.124050260240893E+01  0.394803050651646E+00    0.731982520179333E+00 -0.232961165441568E+00
  0.00000000  0.00000000  0.02000000    0.1085D+01  0.162660729726375E+01  0.557620516512490E+00    0.550125720815080E+00 -0.188589703921616E+00
  0.00000000  0.00000000  0.02000000    0.1118D+01  0.158110060845540E+01  0.164194841473706E+01    0.304299274847398E+00 -0.316010068726388E+00
  0.00000000  0.00000000  0.02000000    0.1152D+01  0.769768946868654E+00  0.139398423200007E+01    0.303568220317322E+00 -0.549735494241593E+00
  0.00000000  0.00000000  0.02000000    0.1187D+01  0.634393797865690E+00  0.101287810160832E+01    0.444135937682856E+00 -0.709110913331285E+00
  0.00000000  0.00000000  0.02000000    0.1223D+01  0.738599414732954E+00  0.826889504153157E+00    0.600841313723185E+00 -0.672664188556023E+00
  0.00000000  0.00000000  0.02000000    0.1260D+01  0.821633791005256E+00  0.806809097537421E+00    0.619622575962379E+00 -0.608442759777903E+00
  0.00000000  0.00000000  0.02000000    0.1299D+01  0.856698214074932E+00  0.735118885378178E+00    0.672272593949721E+00 -0.576866242762343E+00
  0.00000000  0.00000000  0.02000000    0.1338D+01  0.963288564885705E+00  0.674760220409265E+00    0.696407106037038E+00 -0.487816246858370E+00
  0.00000000  0.00000000  0.02000000    0.1379D+01  0.103456429880035E+01  0.911757035853356E+00    0.544042460785181E+00 -0.479462264451857E+00
  0.00000000  0.00000000  0.02000000    0.1421D+01  0.792888515862542E+00  0.904320099486155E+00    0.548155259284371E+00 -0.625192329933859E+00
  0.00000000  0.00000000  0.02000000    0.1464D+01  0.652125775653512E+00  0.677131363506147E+00    0.737886726299614E+00 -0.766180794788607E+00
  0.00000000  0.00000000  0.02000000    0.1509D+01  0.728125851620403E+00  0.466999968615790E+00    0.973096949745083E+00 -0.624117718083697E+00
  0.00000000  0.00000000  0.02000000    0.1555D+01  0.861601199974748E+00  0.391339586699990E+00    0.962141848115066E+00 -0.437005186621315E+00
  0.00000000  0.00000000  0.02000000    0.1602D+01  0.966546143600491E+00  0.296491795668274E+00    0.945629913827815E+00 -0.290075660686027E+00
  0.00000000  0.00000000  0.02000000    0.1651D+01  0.113123709209692E+01  0.301877899520299E+00    0.825221983908706E+00 -0.220215798156475E+00
  0.00000000  0.00000000  0.02000000    0.1701D+01  0.126525600574247E+01  0.365627905313102E+00    0.729440630704457E+00 -0.210790423949210E+00
  0.00000000  0.00000000  0.02000000    0.1753D+01  0.131691093580809E+01  0.487573384597445E+00    0.667810755919304E+00 -0.247250396120639E+00
  0.00000000  0.00000000  0.02000000    0.1807D+01  0.134186686441914E+01  0.537803836907284E+00    0.642090825091739E+00 -0.257342154079333E+00
  0.00000000  0.00000000  0.02000000    0.1862D+01  0.134488839679672E+01  0.683021869449368E+00    0.591096422846639E+00 -0.300197239205245E+00
  0.00000000  0.00000000  0.02000000    0.1919D+01  0.121467314846121E+01  0.702224727573586E+00    0.617039387287101E+00 -0.356721737192244E+00
  0.00000000  0.00000000  0.02000000    0.1977D+01  0.115446353146161E+01  0.583971141423409E+00    0.689722654753440E+00 -0.348887699771696E+00
  0.00000000  0.00000000  0.02000000    0.2037D+01  0.129560948588936E+01  0.534396548174274E+00    0.659617297934654E+00 -0.272070566765226E+00
  0.00000000  0.00000000  0.02000000    0.2099D+01  0.138872680028518E+01  0.663534873548098E+00    0.586247453072318E+00 -0.280109543189023E+00
  0.00000000  0.00000000  0.02000000    0.2163D+01  0.169715397034300E+01  0.110259943056877E+01    0.414338454646653E+00 -0.269185561321706E+00
  0.00000000  0.00000000  0.02000000    0.2229D+01  0.121016663007033E+01  0.664354912682353E+00    0.634967847376816E+00 -0.348583408530782E+00
  0.00000000  0.00000000  0.02000000    0.2297D+01  0.160385465512895E+01  0.824102930792574E+00    0.493266777322698E+00 -0.253453513106248E+00
  0.00000000  0.00000000  0.02000000    0.2367D+01  0.156324978994863E+01  0.163965681258898E+01    0.304594982136522E+00 -0.319482683286962E+00
  0.00000000  0.00000000  0.02000000    0.2439D+01  0.240865311162453E+00  0.171737373013326E+01    0.800911824278796E-01 -0.571051481232940E+00
  0.00000000  0.00000000  0.02000000    0.2513D+01  0.305487633380801E+00  0.831510838932099E+00    0.389288643766831E+00 -0.105960991999239E+01
  0.00000000  0.00000000  0.02000000    0.2590D+01  0.489074590150941E+00  0.587246860053572E+00    0.837380739470205E+00 -0.100546873590683E+01
  0.00000000  0.00000000  0.02000000    0.2669D+01  0.671813784421838E+00  0.662317832635781E+00    0.754848074812800E+00 -0.744178450148297E+00
  0.00000000  0.00000000  0.02000000    0.2750D+01  0.367361817814295E+00  0.776431734556479E+00    0.497914540492086E+00 -0.105235936776258E+01
  0.00000000  0.00000000  0.02000000    0.2834D+01  0.339130299054221E+00  0.304192814007541E+00    0.163402720009549E+01 -0.146568836092832E+01
  0.00000000  0.00000000  0.02000000    0.2920D+01  0.608615984680464E+00  0.236080858752671E+00    0.142818122371304E+01 -0.553988489023394E+00
  0.00000000  0.00000000  0.02000000    0.3009D+01  0.744539539205110E+00  0.287327965901666E+00    0.116901185080911E+01 -0.451137622007997E+00
  0.00000000  0.00000000  0.02000000    0.3101D+01  0.664777395941740E+00  0.334403799094101E+00    0.120049034607862E+01 -0.603884149724708E+00
  0.00000000  0.00000000  0.02000000    0.3195D+01  0.723597103823590E+00  0.279971491802992E+00    0.120203485907184E+01 -0.465086843099896E+00
  0.00000000  0.00000000  0.02000000    0.3293D+01  0.699283384351853E+00  0.288759990120264E+00    0.122171266145713E+01 -0.504490373926369E+00
  0.00000000  0.00000000  0.02000000    0.3393D+01  0.707511841600889E+00  0.169388669357752E+00    0.133678051014165E+01 -0.320044780203134E+00
  0.00000000  0.00000000  0.02000000    0.3496D+01  0.785534164448329E+00  0.162268144235091E+00    0.122092076889374E+01 -0.252206150149564E+00
  0.00000000  0.00000000  0.02000000    0.3603D+01  0.837438236898258E+00  0.166455189948645E+00    0.114873333226145E+01 -0.228330420796335E+00
  0.00000000  0.00000000  0.02000000    0.3713D+01  0.849287073501575E+00  0.186712767657973E+00    0.112317246468825E+01 -0.246925504911480E+00
  0.00000000  0.00000000  0.02000000    0.3826D+01  0.843893095341568E+00  0.183045834534799E+00    0.113173777017688E+01 -0.245481193957074E+00
  0.00000000  0.00000000  0.02000000    0.3942D+01  0.864442277199632E+00  0.142688814890067E+00    0.112613227835472E+01 -0.185884569098624E+00
  0.00000000  0.00000000  0.02000000    0.4062D+01  0.880471108941164E+00  0.167390064448813E+00    0.109613746186448E+01 -0.208391301569118E+00
  0.00000000  0.00000000  0.02000000    0.4186D+01  0.886729274300477E+00  0.140820234192192E+00    0.109999778645022E+01 -0.174689107925315E+00
  0.00000000  0.00000000  0.02000000    0.4313D+01  0.915647808155258E+00  0.139395334147024E+00    0.106738518581064E+01 -0.162495353906234E+00
  0.00000000  0.00000000  0.02000000    0.4445D+01  0.936304128565227E+00  0.119890168080664E+00    0.105080030308114E+01 -0.134550965986512E+00
  0.00000000  0.00000000  0.02000000    0.4580D+01  0.982203768250879E+00  0.144910345616605E+00    0.996429543099636E+00 -0.147009158527564E+00
  0.00000000  0.00000000  0.02000000    0.4720D+01  0.972876762514286E+00  0.203738231831083E+00    0.984694612173036E+00 -0.206213106230690E+00
  0.00000000  0.00000000  0.02000000    0.4863D+01  0.940972585863583E+00  0.135861248219486E+00    0.104102821657903E+01 -0.150307665771506E+00
  0.00000000  0.00000000  0.02000000    0.5012D+01  0.101722347321806E+01  0.117300276268606E+00    0.970167488720969E+00 -0.111874054669395E+00
  0.00000000  0.00000000  0.02000000    0.5164D+01  0.109569734207461E+01  0.195521933512461E+00    0.884496054572019E+00 -0.157834077106202E+00
  0.00000000  0.00000000  0.02000000    0.5322D+01  0.105583122214707E+01  0.422905980221454E+00    0.816177738224760E+00 -0.326914415087065E+00
  0.00000000  0.00000000  0.02000000    0.5484D+01  0.820799032554727E+00  0.273311877127638E+00    0.109672312843625E+01 -0.365189827270197E+00
  0.00000000  0.00000000  0.02000000    0.5651D+01  0.869904755673336E+00  0.207290889922629E+00    0.108778370060232E+01 -0.259209585728326E+00
  0.00000000  0.00000000  0.02000000    0.5823D+01  0.909295170604531E+00  0.204569928400351E+00    0.104677123472889E+01 -0.235498794519791E+00
  0.00000000  0.00000000  0.02000000    0.6000D+01  0.895809145566157E+00  0.262651999641444E+00    0.102794051893019E+01 -0.301393030140189E+00
  0.00000000  0.00000000  0.02000000    0.6183D+01  0.825058268704133E+00  0.209661566991384E+00    0.113851530502589E+01 -0.289316417942598E+00
  0.00000000  0.00000000  0.02000000    0.6371D+01  0.826865402404057E+00  0.163226758874957E+00    0.116402637781395E+01 -0.229783774170639E+00
  0.00000000  0.00000000  0.02000000    0.6565D+01  0.850098457934611E+00  0.112491599759531E+00    0.115609045974286E+01 -0.152982826952981E+00
  0.00000000  0.00000000  0.02000000    0.6765D+01  0.901302649691984E+00  0.109601652234553E+00    0.109333756561121E+01 -0.132953790474314E+00
  0.00000000  0.00000000  0.02000000    0.6971D+01  0.921455176132616E+00  0.176557836371747E+00    0.104680801674955E+01 -0.200576396249252E+00
  0.00000000  0.00000000  0.02000000    0.7184D+01  0.863694928756322E+00  0.176123967322144E+00    0.111159281997172E+01 -0.226675103652790E+00
  0.00000000  0.00000000  0.02000000    0.7402D+01  0.847200815846046E+00  0.137984026173353E+00    0.114985569802560E+01 -0.187277580196259E+00
  0.00000000  0.00000000  0.02000000    0.7628D+01  0.850362506017575E+00  0.143626000330353E+00    0.114335250961734E+01 -0.193111933748190E+00
  0.00000000  0.00000000  0.02000000    0.7860D+01  0.821888154313588E+00  0.136783975435228E+00    0.118391864314122E+01 -0.197035445456669E+00
  0.00000000  0.00000000  0.02000000    0.8100D+01  0.803607095536412E+00  0.832963800379948E-01    0.123116164943708E+01 -0.127613742100251E+00
  0.00000000  0.00000000  0.02000000    0.8346D+01  0.819423370655471E+00  0.498092567864169E-01    0.121587781291509E+01 -0.739080338359768E-01
  0.00000000  0.00000000  0.02000000    0.8600D+01  0.836231668886953E+00  0.290751665563625E-01    0.119439695308004E+01 -0.415283128315831E-01
  0.00000000  0.00000000  0.02000000    0.8862D+01  0.855921900437210E+00  0.939704420753457E-02    0.116819008686857E+01 -0.128253919937090E-01
  0.00000000  0.00000000  0.02000000    0.9132D+01  0.876916704073993E+00  0.373685506213163E-02    0.114033845691529E+01 -0.485938917056792E-02
  0.00000000  0.00000000  0.02000000    0.9410D+01  0.892274930920715E+00  0.880719214640628E-03    0.112072971130439E+01 -0.110621531207418E-02
  0.00000000  0.00000000  0.02000000    0.9697D+01  0.904771634390611E+00  0.190961122624794E-04    0.110525127175109E+01 -0.233274359643497E-04
  0.00000000  0.00000000  0.02000000    0.9992D+01  0.914617117773675E+00  0.170661806265406E-09    0.109335368928384E+01 -0.204012927239242E-09
  0.00000000  0.00000000  0.02000000    0.1030D+02  0.922600716823738E+00  0.878467619925397E-18    0.108389250275322E+01 -0.103204392733039E-17
  0.00000000  0.00000000  0.02000000    0.1061D+02  0.929381647225961E+00  0.766538138193797E-18    0.107598423423232E+01 -0.887453452622132E-18
  0.00000000  0.00000000  0.02000000    0.1093D+02  0.935268689123823E+00  0.672729302762135E-18    0.106921145936877E+01 -0.769072981840418E-18
