# charge and hartree potential (planar average)
# eh=      126.41110434
#z-coordinate, smooth density, esm potential, gaussian density, spin density, splined esm potential
  -0.3012987E+02   0.34829501E-07  -0.60691661E-03  -0.58898583E-07  -0.31669512E+00   0.99393098E-01
  -0.2987013E+02   0.24958927E-07   0.60808731E-03  -0.70141703E-07  -0.27484529E+00   0.63889396E-01
  -0.2961039E+02   0.29745590E-06   0.18229784E-02   0.19923463E-06   0.68783098E+00   0.33073020E-01
  -0.2935065E+02  -0.22707227E-06   0.30375649E-02  -0.32849875E-06  -0.65396358E+00   0.11631461E-01
  -0.2909091E+02   0.56106179E-06   0.42522071E-02   0.45805389E-06   0.19524521E+00   0.42522071E-02
  -0.2883117E+02  -0.48560601E-06   0.54663579E-02  -0.58802207E-06   0.39031525E+00   0.54663579E-02
  -0.2857143E+02   0.81938978E-06   0.66807422E-02   0.71852842E-06  -0.72230532E+00   0.66807422E-02
  -0.2831169E+02  -0.74963190E-06   0.78944580E-02  -0.84970210E-06   0.58504584E+00   0.78944580E-02
  -0.2805195E+02   0.10829908E-05   0.91085920E-02   0.98167732E-06  -0.67708192E-01   0.91085920E-02
  -0.2779221E+02  -0.10105417E-05   0.10321874E-01  -0.11145944E-05  -0.49361645E+00   0.10321874E-01
  -0.2753247E+02   0.13555873E-05   0.11535752E-01   0.12486011E-05   0.73426051E+00   0.11535752E-01
  -0.2727273E+02  -0.12753687E-05   0.12748584E-01  -0.13838534E-05  -0.49788828E+00   0.12748584E-01
  -0.2701299E+02   0.16289327E-05   0.13962190E-01   0.15205175E-05  -0.61939753E-01   0.13962190E-01
  -0.2675325E+02  -0.15515600E-05   0.15174560E-01  -0.16587708E-05   0.58152829E+00   0.15174560E-01
  -0.2649351E+02   0.19049705E-05   0.16387897E-01   0.17988039E-05  -0.72332385E+00   0.16387897E-01
  -0.2623377E+02  -0.18352527E-05   0.17599808E-01  -0.19408223E-05   0.39520817E+00   0.17599808E-01
  -0.2597403E+02   0.21910346E-05   0.18812884E-01   0.20850485E-05   0.18965662E+00   0.18812884E-01
  -0.2571429E+02  -0.21241833E-05   0.20024336E-01  -0.22317245E-05  -0.65130996E+00   0.20024336E-01
  -0.2545455E+02   0.24929160E-05   0.21237150E-01   0.23811143E-05   0.68983629E+00   0.21237150E-01
  -0.2519481E+02  -0.24137959E-05   0.22448127E-01  -0.25335068E-05  -0.28020676E+00   0.22448127E-01
  -0.2493506E+02   0.28212505E-05   0.23660653E-01   0.26892199E-05  -0.31146060E+00   0.23660653E-01
  -0.2467532E+02  -0.27019022E-05   0.24871094E-01  -0.28486035E-05   0.70078591E+00   0.24871094E-01
  -0.2441558E+02   0.31731948E-05   0.26083257E-01   0.30120449E-05  -0.63484187E+00   0.26083257E-01
  -0.2415584E+02  -0.30079906E-05   0.27293064E-01  -0.31799736E-05   0.15646940E+00   0.27293064E-01
  -0.2389610E+02   0.35315462E-05   0.28504779E-01   0.33528674E-05   0.42355426E+00   0.28504779E-01
  -0.2363636E+02  -0.33493770E-05   0.29713874E-01  -0.35312596E-05  -0.72841362E+00   0.29713874E-01
  -0.2337662E+02   0.39010502E-05   0.30925100E-01   0.37157472E-05   0.56005515E+00   0.30925100E-01
  -0.2311688E+02  -0.37126597E-05   0.32133445E-01  -0.39070002E-05  -0.27853842E-01   0.32133445E-01
  -0.2285714E+02   0.43289480E-05   0.33344155E-01   0.41057734E-05  -0.52244286E+00   0.33344155E-01
  -0.2259740E+02  -0.40124127E-05   0.34551646E-01  -0.43129189E-05   0.73333175E+00   0.34551646E-01
  -0.2233766E+02   0.50101099E-05   0.35761590E-01   0.45294021E-05  -0.46780772E+00   0.35761590E-01
  -0.2207792E+02  -0.39115260E-05   0.36967568E-01  -0.47563198E-05  -0.10163011E+00   0.36967568E-01
  -0.2181818E+02   0.64947751E-05   0.38175353E-01   0.49949215E-05   0.60504340E+00   0.38175353E-01
  -0.2155844E+02  -0.26766319E-05   0.39377093E-01  -0.52466355E-05  -0.71538698E+00   0.39377093E-01
  -0.2129870E+02   0.97153615E-05   0.40578010E-01   0.55130980E-05   0.36097557E+00   0.40578010E-01
  -0.2103896E+02   0.79511323E-06   0.41767901E-01  -0.57961892E-05   0.22794557E+00   0.41767901E-01
  -0.2077922E+02   0.16150709E-04   0.42950453E-01   0.60980738E-05  -0.66878064E+00   0.42950453E-01
  -0.2051948E+02   0.87292881E-05   0.44111541E-01  -0.64212491E-05   0.67513877E+00   0.44111541E-01
  -0.2025974E+02   0.29691181E-04   0.45250977E-01   0.67685994E-05  -0.24288936E+00   0.45250977E-01
  -0.2000000E+02   0.28091396E-04   0.46346272E-01  -0.71434556E-05  -0.34715442E+00   0.46346272E-01
  -0.1974026E+02   0.62900283E-04   0.47385628E-01   0.75496581E-05   0.71166747E+00   0.47385628E-01
  -0.1948052E+02   0.80787626E-04   0.48324114E-01  -0.79916157E-05  -0.61384192E+00   0.48324114E-01
  -0.1922078E+02   0.15297439E-03   0.49114407E-01   0.84743457E-05   0.11723066E+00   0.49114407E-01
  -0.1896104E+02   0.22763859E-03   0.49648825E-01  -0.90034673E-05   0.45554013E+00   0.49648825E-01
  -0.1870130E+02   0.39643563E-03   0.49779982E-01   0.95850918E-05  -0.73236682E+00   0.49779982E-01
  -0.1844156E+02   0.61771634E-03   0.49235997E-01  -0.10225503E-04   0.53340747E+00   0.49235997E-01
  -0.1818182E+02   0.10214317E-02   0.47614392E-01   0.10930423E-04   0.12082917E-01   0.47614392E-01
  -0.1792208E+02   0.16046363E-02   0.44240928E-01  -0.11703478E-04  -0.54972357E+00   0.44240928E-01
  -0.1766234E+02   0.26000166E-02   0.38083812E-01   0.12543142E-04   0.73023335E+00   0.38083812E-01
  -0.1740260E+02   0.41739730E-02   0.27443921E-01  -0.13436877E-04  -0.43634310E+00   0.27443921E-01
  -0.1714286E+02   0.69329735E-02   0.95558105E-02   0.14347629E-04  -0.14101979E+00   0.95558105E-02
  -0.1688312E+02   0.11681157E-01  -0.20357825E-01  -0.15437820E-04   0.62676841E+00  -0.20357825E-01
  -0.1662338E+02   0.19950478E-01  -0.70581843E-01   0.45237316E-05  -0.70533357E+00  -0.70581843E-01
  -0.1636364E+02   0.32876518E-01  -0.15530428E+00  -0.31729424E-03   0.32567497E+00  -0.15530428E+00
  -0.1610390E+02   0.47470041E-01  -0.29614118E+00  -0.42207385E-02   0.26556012E+00  -0.29614118E+00
  -0.1584416E+02   0.41514391E-01  -0.51481692E+00  -0.31202992E-01  -0.68427265E+00  -0.51481692E+00
  -0.1558442E+02  -0.28511034E-01  -0.79437287E+00  -0.11938197E+00   0.65844377E+00  -0.79437287E+00
  -0.1532468E+02  -0.13565304E+00  -0.10190902E+01  -0.23677933E+00  -0.20485336E+00  -0.10190902E+01
  -0.1506494E+02  -0.14171071E+00  -0.10293026E+01  -0.24301137E+00  -0.38182115E+00  -0.10293026E+01
  -0.1480519E+02  -0.37543636E-01  -0.81623631E+00  -0.12922499E+00   0.72044349E+00  -0.81623631E+00
  -0.1454545E+02   0.38812541E-01  -0.53441581E+00  -0.35745469E-01  -0.59102584E+00  -0.53441581E+00
  -0.1428571E+02   0.49346111E-01  -0.30853863E+00  -0.51632818E-02   0.77645075E-01  -0.30853863E+00
  -0.1402597E+02   0.36329235E-01  -0.16324313E+00  -0.40962159E-03   0.48617823E+00  -0.16324313E+00
  -0.1376623E+02   0.24323292E-01  -0.79834327E-01  -0.38641971E-05  -0.73415323E+00  -0.79834327E-01
  -0.1350649E+02   0.17649930E-01  -0.38437027E-01  -0.12171566E-04   0.50518164E+00  -0.38437027E-01
  -0.1324675E+02   0.16013859E-01  -0.27681989E-01   0.10334511E-04   0.51983928E-01  -0.27681989E-01
  -0.1298701E+02   0.19034493E-01  -0.44724425E-01  -0.95427165E-05  -0.57537785E+00  -0.44724425E-01
  -0.1272727E+02   0.27316557E-01  -0.94790645E-01  -0.39203662E-04   0.72497446E+00  -0.94790645E-01
  -0.1246753E+02   0.40658855E-01  -0.19192957E+00  -0.90739157E-03  -0.40358751E+00  -0.19192957E+00
  -0.1220779E+02   0.50736359E-01  -0.35774424E+00  -0.98143949E-02  -0.17999224E+00  -0.35774424E+00
  -0.1194805E+02   0.24229900E-01  -0.60456333E+00  -0.56015877E-01   0.64663906E+00  -0.60456333E+00
  -0.1168831E+02  -0.71548811E-01  -0.88169296E+00  -0.16674331E+00  -0.69319334E+00  -0.88169296E+00
  -0.1142857E+02  -0.15566214E+00  -0.10385373E+01  -0.25727588E+00   0.28941083E+00  -0.10385373E+01
  -0.1116883E+02  -0.10721349E+00  -0.95215120E+00  -0.20548455E+00   0.30238898E+00  -0.95215120E+00
  -0.1090909E+02   0.77361784E-03  -0.69268393E+00  -0.84957033E-01  -0.69774016E+00  -0.69268393E+00
  -0.1064935E+02   0.48638069E-01  -0.42475058E+00  -0.18282879E-01   0.63980069E+00  -0.42475058E+00
  -0.1038961E+02   0.45057327E-01  -0.23192625E+00  -0.20449810E-02  -0.16621126E+00  -0.23192625E+00
  -0.1012987E+02   0.30978098E-01  -0.11425761E+00  -0.13270556E-03  -0.41535821E+00  -0.11425761E+00
  -0.9870130E+01   0.20963375E-01  -0.49771559E-01   0.19485317E-05   0.72708798E+00  -0.49771559E-01
  -0.9610390E+01   0.16344365E-01  -0.21597989E-01  -0.26452430E-05  -0.56646114E+00  -0.21597989E-01
  -0.9350649E+01   0.16520943E-01  -0.21809898E-01  -0.86037945E-06   0.37829768E-01  -0.21809898E-01
  -0.9090909E+01   0.21515278E-01  -0.50709895E-01  -0.11959118E-05   0.51537792E+00  -0.50709895E-01
  -0.8831169E+01   0.31928977E-01  -0.11686413E+00  -0.16011070E-03  -0.73376756E+00  -0.11686413E+00
  -0.8571429E+01   0.45991189E-01  -0.23776319E+00  -0.24329250E-02   0.47546117E+00  -0.23776319E+00
  -0.8311688E+01   0.47537093E-01  -0.43512332E+00  -0.20735205E-01   0.91731137E-01  -0.43512332E+00
  -0.8051948E+01  -0.54041133E-02  -0.70522085E+00  -0.92080064E-01  -0.59932981E+00  -0.70522085E+00
  -0.7792208E+01  -0.11422385E+00  -0.95695834E+00  -0.21276883E+00   0.71757065E+00  -0.95695834E+00
  -0.7532468E+01  -0.15340166E+00  -0.10253698E+01  -0.25461507E+00  -0.36963785E+00  -0.10253698E+01
  -0.7272727E+01  -0.63531813E-01  -0.85380253E+00  -0.15774802E+00  -0.21843216E+00  -0.85380253E+00
  -0.7012987E+01   0.28166358E-01  -0.57399519E+00  -0.50682469E-01   0.66459655E+00  -0.57399519E+00
  -0.6753247E+01   0.50558890E-01  -0.33126090E+00  -0.84819982E-02  -0.67900221E+00  -0.33126090E+00
  -0.6493506E+01   0.39527724E-01  -0.16970602E+00  -0.75798054E-03   0.25229043E+00  -0.16970602E+00
  -0.6233766E+01   0.26461290E-01  -0.75073090E-01  -0.22984288E-04   0.33832318E+00  -0.75073090E-01
  -0.5974026E+01   0.18562019E-01  -0.26069151E-01  -0.15302402E-04  -0.70914332E+00  -0.26069151E-01
  -0.5714286E+01   0.15891388E-01  -0.92847247E-02   0.15624256E-04   0.61926469E+00  -0.92847247E-02
  -0.5454545E+01   0.17837818E-01  -0.20081974E-01  -0.16730233E-04  -0.12707742E+00  -0.20081974E-01
  -0.5194805E+01   0.24893453E-01  -0.61852773E-01  -0.43884080E-05  -0.44766638E+00  -0.61852773E-01
  -0.4935065E+01   0.37255799E-01  -0.14660099E+00  -0.49371596E-03   0.73158131E+00  -0.14660099E+00
  -0.4675325E+01   0.49845781E-01  -0.29471068E+00  -0.59912252E-02  -0.54022050E+00  -0.29471068E+00
  -0.4415584E+01   0.35974140E-01  -0.52382329E+00  -0.39755593E-01  -0.20974626E-02  -0.52382329E+00
  -0.4155844E+01  -0.45273559E-01  -0.80374490E+00  -0.13730541E+00   0.54305280E+00  -0.80374490E+00
  -0.3896104E+01  -0.14568304E+00  -0.10031271E+01  -0.24615229E+00  -0.73121096E+00  -0.10031271E+01
  -0.3636364E+01  -0.12906868E+00  -0.97362675E+00  -0.22845486E+00   0.44433399E+00  -0.97362675E+00
  -0.3376623E+01  -0.20850140E-01  -0.73922328E+00  -0.10978419E+00   0.13120695E+00  -0.73922328E+00
  -0.3116883E+01   0.43898923E-01  -0.46204119E+00  -0.27416097E-01  -0.62150859E+00  -0.46204119E+00
  -0.2857143E+01   0.47777379E-01  -0.25033400E+00  -0.35657294E-02   0.70804383E+00  -0.25033400E+00
  -0.2597403E+01   0.33983856E-01  -0.11739281E+00  -0.25722168E-03  -0.33459458E+00  -0.11739281E+00
  -0.2337662E+01   0.22752461E-01  -0.42553050E-01  -0.96608169E-06  -0.25622583E+00  -0.42553050E-01
  -0.2077922E+01   0.16958183E-01  -0.70711143E-02  -0.61565860E-05   0.68058775E+00  -0.70711143E-02
  -0.1818182E+01   0.16088569E-01  -0.10378785E-02   0.32057520E-05  -0.66280218E+00  -0.10378785E-02
  -0.1558442E+01   0.19925768E-01  -0.22939901E-01  -0.23500154E-05   0.21442361E+00  -0.22939901E-01
  -0.1298701E+01   0.29075689E-01  -0.79382914E-01  -0.77922891E-04   0.37325642E+00  -0.79382914E-01
  -0.1038961E+01   0.42874346E-01  -0.18584318E+00  -0.13641323E-02  -0.71844840E+00  -0.18584318E+00
  -0.7792208E+00   0.50132329E-01  -0.36429598E+00  -0.13470836E-01   0.59689652E+00  -0.36429598E+00
  -0.5194805E+00   0.13431074E-01  -0.62158730E+00  -0.69337291E-01  -0.87567596E-01  -0.62158730E+00
  -0.2597403E+00  -0.89634509E-01  -0.89111323E+00  -0.18602968E+00  -0.47865009E+00  -0.89111323E+00
   0.0000000E+00  -0.15735140E+00  -0.10134640E+01  -0.25857931E+00   0.73391016E+00  -0.10134640E+01
   0.2597403E+00  -0.89712444E-01  -0.89018573E+00  -0.18613171E+00  -0.51238155E+00  -0.89018573E+00
   0.5194805E+00   0.13366845E-01  -0.61961510E+00  -0.69413944E-01  -0.42018487E-01  -0.61961510E+00
   0.7792208E+00   0.50083220E-01  -0.36116941E+00  -0.13493544E-01   0.56912099E+00  -0.36116941E+00
   0.1038961E+01   0.42813296E-01  -0.18147469E+00  -0.13672662E-02  -0.72649098E+00  -0.18147469E+00
   0.1298701E+01   0.29013035E-01  -0.73670746E-01  -0.78182842E-04   0.41189220E+00  -0.73670746E-01
   0.1558442E+01   0.19882685E-01  -0.15780959E-01  -0.23274396E-05   0.17029457E+00  -0.15780959E-01
   0.1818182E+01   0.16077036E-01   0.76392261E-02   0.31788635E-05  -0.64184856E+00   0.76392261E-02
   0.2077922E+01   0.16980986E-01   0.31433099E-02  -0.61349357E-05   0.69642217E+00   0.31433099E-02
   0.2337662E+01   0.22803894E-01  -0.30839173E-01  -0.94633505E-06  -0.29856138E+00  -0.30839173E-01
   0.2597403E+01   0.34048197E-01  -0.10426446E+00  -0.25653326E-03  -0.29326142E+00  -0.10426446E+00
   0.2857143E+01   0.47833703E-01  -0.23589709E+00  -0.35582282E-02   0.69456536E+00  -0.23589709E+00
   0.3116883E+01   0.43949796E-01  -0.44639138E+00  -0.27375190E-01  -0.64464118E+00  -0.44639138E+00
   0.3376623E+01  -0.20773495E-01  -0.72245226E+00  -0.10968242E+00   0.17592238E+00  -0.72245226E+00
   0.3636364E+01  -0.12900809E+00  -0.95585853E+00  -0.22836934E+00   0.40708533E+00  -0.95585853E+00
   0.3896104E+01  -0.14572192E+00  -0.98445045E+00  -0.24619514E+00  -0.72562787E+00  -0.98445045E+00
   0.4155844E+01  -0.45354295E-01  -0.78410369E+00  -0.13740541E+00   0.57276236E+00  -0.78410369E+00
   0.4415584E+01   0.35920204E-01  -0.50309120E+00  -0.39807004E-01  -0.47798697E-01  -0.50309120E+00
   0.4675325E+01   0.49793916E-01  -0.27279157E+00  -0.60026152E-02  -0.50821765E+00  -0.27279157E+00
   0.4935065E+01   0.37192112E-01  -0.12340496E+00  -0.49490140E-03   0.73406766E+00  -0.12340496E+00
   0.5194805E+01   0.24835840E-01  -0.37274627E-01  -0.44800808E-05  -0.48302667E+00  -0.37274627E-01
   0.5454545E+01   0.17804919E-01   0.59732739E-02  -0.16717506E-04  -0.81815196E-01   0.59732739E-02
   0.5714286E+01   0.15891759E-01   0.18302228E-01   0.15617651E-04   0.59350538E+00   0.18302228E-01
   0.5974026E+01   0.18595844E-01   0.30488493E-02  -0.15299898E-04  -0.71962160E+00   0.30488493E-02
   0.6233766E+01   0.26520273E-01  -0.44480245E-01  -0.22866971E-04   0.37823178E+00  -0.44480245E-01
   0.6493506E+01   0.39593966E-01  -0.13773574E+00  -0.75622574E-03   0.20887836E+00  -0.13773574E+00
   0.6753247E+01   0.50617028E-01  -0.29802306E+00  -0.84673182E-02  -0.66028954E+00  -0.29802306E+00
   0.7012987E+01   0.28231467E-01  -0.53959068E+00  -0.50624925E-01   0.68274007E+00  -0.53959068E+00
   0.7272727E+01  -0.63452999E-01  -0.81834377E+00  -0.15765850E+00  -0.26164484E+00  -0.81834377E+00
   0.7532468E+01  -0.15339155E+00  -0.98897729E+00  -0.25461287E+00  -0.32942937E+00  -0.98897729E+00
   0.7792208E+01  -0.11430322E+00  -0.91964546E+00  -0.21288542E+00   0.70648802E+00  -0.91964546E+00
   0.8051948E+01  -0.54715849E-02  -0.66686971E+00  -0.92182100E-01  -0.62457292E+00  -0.66686971E+00
   0.8311688E+01   0.47497945E-01  -0.39562121E+00  -0.20770076E-01   0.13690067E+00  -0.39562121E+00
   0.8571429E+01   0.45939818E-01  -0.19703716E+00  -0.24384618E-02   0.43970984E+00  -0.19703716E+00
   0.8831169E+01   0.31866310E-01  -0.74827484E-01  -0.16062605E-03  -0.73066049E+00  -0.74827484E-01
   0.9090909E+01   0.21464582E-01  -0.72599101E-02  -0.11498324E-05   0.54693362E+00  -0.72599101E-02
   0.9350649E+01   0.16498232E-01   0.23137155E-01  -0.93144151E-06  -0.78883801E-02   0.23137155E-01
   0.9610390E+01   0.16355913E-01   0.24883742E-01  -0.25716561E-05  -0.53628158E+00   0.24883742E-01
   0.9870130E+01   0.21007073E-01  -0.17744034E-02   0.18872220E-05   0.73205333E+00  -0.17744034E-02
   0.1012987E+02   0.31043841E-01  -0.64817747E-01  -0.13233436E-03  -0.45224269E+00  -0.64817747E-01
   0.1038961E+02   0.45126328E-01  -0.18115234E+00  -0.20412901E-02  -0.12136984E+00  -0.18115234E+00
   0.1064935E+02   0.48702336E-01  -0.37275827E+00  -0.18258811E-01   0.61613381E+00  -0.37275827E+00
   0.1090909E+02   0.85152163E-03  -0.63958540E+00  -0.84889022E-01  -0.71062313E+00  -0.63958540E+00
   0.1116883E+02  -0.10715297E+00  -0.89807467E+00  -0.20543296E+00   0.34345231E+00  -0.89807467E+00
   0.1142857E+02  -0.15570857E+00  -0.98357036E+00  -0.25736503E+00   0.24684415E+00  -0.98357036E+00
   0.1168831E+02  -0.71644445E-01  -0.82576617E+00  -0.16690784E+00  -0.67677698E+00  -0.82576617E+00
   0.1194805E+02   0.24185456E-01  -0.54753057E+00  -0.56108680E-01   0.66703800E+00  -0.54753057E+00
   0.1220779E+02   0.50707887E-01  -0.29952356E+00  -0.98373542E-02  -0.22395420E+00  -0.29952356E+00
   0.1246753E+02   0.40606007E-01  -0.13246669E+00  -0.91011965E-03  -0.36462266E+00  -0.13246669E+00
   0.1272727E+02   0.27255029E-01  -0.33998614E-01  -0.39367480E-04   0.71632044E+00  -0.33998614E-01
   0.1298701E+02   0.18991364E-01   0.17497117E-01  -0.95597625E-05  -0.60265680E+00   0.17497117E-01
   0.1324675E+02   0.16004549E-01   0.36040034E-01   0.10356982E-04   0.97473922E-01   0.36040034E-01
   0.1350649E+02   0.17678402E-01   0.26800734E-01  -0.12203989E-04   0.47103341E+00   0.26800734E-01
   0.1376623E+02   0.24384934E-01  -0.13128480E-01  -0.37538745E-05  -0.73353135E+00  -0.13128480E-01
   0.1402597E+02   0.36409999E-01  -0.95171677E-01  -0.40855234E-03   0.51948671E+00  -0.95171677E-01
   0.1428571E+02   0.49430622E-01  -0.23923615E+00  -0.51532111E-02   0.32045276E-01  -0.23923615E+00
   0.1454545E+02   0.38904207E-01  -0.46402620E+00  -0.35706340E-01  -0.56275887E+00  -0.46402620E+00
   0.1480519E+02  -0.37456313E-01  -0.74491440E+00  -0.12918132E+00   0.72787314E+00  -0.74491440E+00
   0.1506494E+02  -0.14172118E+00  -0.95718147E+00  -0.24309350E+00  -0.42012070E+00  -0.95718147E+00
   0.1532468E+02  -0.13575756E+00  -0.94615189E+00  -0.23699603E+00  -0.16056541E+00  -0.94615189E+00
   0.1558442E+02  -0.28566143E-01  -0.72046354E+00  -0.11954733E+00   0.63693934E+00  -0.72046354E+00
   0.1584416E+02   0.41508957E-01  -0.43984223E+00  -0.31256949E-01  -0.69952220E+00  -0.43984223E+00
   0.1610390E+02   0.47427326E-01  -0.22007823E+00  -0.42289603E-02   0.30765670E+00  -0.22007823E+00
   0.1636364E+02   0.32781922E-01  -0.78079051E-01  -0.31787358E-03   0.28407963E+00  -0.78079051E-01
   0.1662338E+02   0.19833664E-01   0.79615139E-02   0.44990880E-05  -0.69126210E+00   0.79615139E-02
   0.1688312E+02   0.11567512E-01   0.59698103E-01  -0.15438057E-04   0.64936243E+00   0.59698103E-01
   0.1714286E+02   0.68340477E-02   0.91315414E-01   0.14350335E-04  -0.18560096E+00   0.91315414E-01
   0.1740260E+02   0.40925685E-02   0.11107458E+00  -0.13441049E-04  -0.39873717E+00   0.11107458E+00
   0.1766234E+02   0.25352688E-02   0.12372369E+00   0.12547947E-04   0.72403355E+00   0.12372369E+00
   0.1792208E+02   0.15544631E-02   0.13200012E+00  -0.11708384E-04  -0.57895764E+00   0.13200012E+00
   0.1818182E+02   0.98352388E-03   0.13757829E+00   0.10935092E-04   0.57758786E-01   0.13757829E+00
   0.1844156E+02   0.58976040E-03   0.14146920E+00  -0.10229726E-04   0.50096338E+00   0.14146920E+00
   0.1870130E+02   0.37631229E-03   0.14433020E+00   0.95887411E-05  -0.73423199E+00   0.14433020E+00
   0.1896104E+02   0.21344062E-03   0.14655045E+00  -0.90064691E-05   0.49050284E+00   0.14655045E+00
   0.1922078E+02   0.14312320E-03   0.14839173E+00   0.84766617E-05   0.71884122E-01   0.14839173E+00
   0.1948052E+02   0.74009553E-04   0.14999402E+00  -0.79932305E-05  -0.58757117E+00   0.14999402E+00
   0.1974026E+02   0.58250391E-04   0.15145974E+00   0.75505719E-05   0.72153945E+00   0.15145974E+00
   0.2000000E+02   0.24885498E-04   0.15283258E+00  -0.71436783E-05  -0.38675574E+00   0.15283258E+00
   0.2025974E+02   0.27463884E-04   0.15415497E+00   0.67681476E-05  -0.19928592E+00   0.15415497E+00
   0.2051948E+02   0.71725909E-05   0.15543705E+00  -0.64201432E-05   0.65586040E+00   0.15543705E+00
   0.2077922E+02   0.15057378E-04   0.15670014E+00   0.60963368E-05  -0.68635165E+00   0.15670014E+00
   0.2103896E+02   0.38184176E-07   0.15794364E+00  -0.57938454E-05   0.27095086E+00   0.15794364E+00
   0.2129870E+02   0.91941192E-05   0.15918110E+00   0.55101724E-05   0.32047462E+00   0.15918110E+00
   0.2155844E+02  -0.30163888E-05   0.16040842E+00  -0.52431531E-05  -0.70370204E+00   0.16040842E+00
   0.2181818E+02   0.62724393E-05   0.16163550E+00   0.49909071E-05   0.62976564E+00   0.16163550E+00
   0.2207792E+02  -0.40397937E-05   0.16285692E+00  -0.47517976E-05  -0.14669860E+00   0.16285692E+00
   0.2233766E+02   0.49273325E-05   0.16408038E+00   0.45243960E-05  -0.43167197E+00   0.16408038E+00
   0.2259740E+02  -0.40521528E-05   0.16530000E+00  -0.43074520E-05   0.72960452E+00   0.16530000E+00
   0.2285714E+02   0.42953025E-05   0.16652216E+00   0.40998680E-05  -0.55354557E+00   0.16652216E+00
   0.2311688E+02  -0.37256990E-05   0.16774114E+00  -0.39006781E-05   0.17872764E-01   0.16774114E+00
   0.2337662E+02   0.38786423E-05   0.16896252E+00   0.37090292E-05   0.52941118E+00   0.16896252E+00
   0.2363636E+02  -0.33563422E-05   0.17018105E+00  -0.35241661E-05  -0.73276031E+00   0.17018105E+00
   0.2389610E+02   0.35111053E-05   0.17140174E+00   0.33454181E-05   0.46006775E+00   0.17140174E+00
   0.2415584E+02  -0.30120454E-05   0.17261982E+00  -0.31721874E-05   0.11151029E+00   0.17261982E+00
   0.2441558E+02   0.31547594E-05   0.17383983E+00   0.30039402E-05  -0.61064507E+00   0.17383983E+00
   0.2467532E+02  -0.27020317E-05   0.17505751E+00  -0.28401982E-05   0.71307100E+00   0.17505751E+00
   0.2493506E+02   0.28058860E-05   0.17627692E+00   0.26805313E-05  -0.35224651E+00   0.17627692E+00
   0.2519481E+02  -0.24099640E-05   0.17749426E+00  -0.25245518E-05  -0.23741682E+00   0.17749426E+00
   0.2545455E+02   0.24796223E-05   0.17871316E+00   0.23719091E-05   0.67284103E+00   0.17871316E+00
   0.2571429E+02  -0.21183732E-05   0.17993023E+00  -0.22222853E-05  -0.67115045E+00   0.17993023E+00
   0.2597403E+02   0.21778376E-05   0.18114866E+00   0.20753908E-05   0.23344337E+00   0.18114866E+00
   0.2623377E+02  -0.18290181E-05   0.18236548E+00  -0.19309613E-05   0.35592145E+00   0.18236548E+00
   0.2649351E+02   0.18911854E-05   0.18358346E+00   0.17887546E-05  -0.71405999E+00   0.18358346E+00
   0.2675325E+02  -0.15452577E-05   0.18480003E+00  -0.16485477E-05   0.60830561E+00   0.18480003E+00
   0.2701299E+02   0.16143267E-05   0.18601757E+00   0.15101350E-05  -0.10736222E+00   0.18601757E+00
   0.2727273E+02  -0.12695207E-05   0.18723388E+00  -0.13733256E-05  -0.46332962E+00   0.18723388E+00
   0.2753247E+02   0.13397780E-05   0.18845098E+00   0.12379418E-05   0.73301688E+00   0.18845098E+00
   0.2779221E+02  -0.10052944E-05   0.18966704E+00  -0.11038174E-05  -0.52649578E+00   0.18966704E+00
   0.2805195E+02   0.10663686E-05   0.19088369E+00   0.97079601E-06  -0.22066137E-01   0.19088369E+00
   0.2831169E+02  -0.74455726E-06   0.19209952E+00  -0.83872989E-06   0.55629267E+00   0.19209952E+00
   0.2857143E+02   0.80226883E-06   0.19331576E+00   0.70747854E-06  -0.72912067E+00   0.19331576E+00
   0.2883117E+02  -0.48074659E-06   0.19453136E+00  -0.57690763E-06   0.42827151E+00   0.19453136E+00
   0.2909091E+02   0.54374123E-06   0.19574719E+00   0.44688790E-06   0.15080654E+00   0.18715326E+00
   0.2935065E+02  -0.22129223E-06   0.19696255E+00  -0.31729416E-06  -0.63191231E+00   0.16571252E+00
   0.2961039E+02   0.28244041E-06   0.19817796E+00   0.18800435E-06   0.70249285E+00   0.13489664E+00
# left surface: e = a * z + b
# als(au,ev/a)=        0.00467687        0.12024733
# bls(au,ev)  =       -0.14030560       -1.90895475
# right surface: e = a * z + b
# ars(au,ev/a)=        0.00467990        0.12032507
# brs(au,ev)  =        0.05960448        0.81096017
