 q(1:3)   w(Ry)   eps  epsi --- LFC included. 
  0.00000000  0.00000000  0.00500000    0.0000D+00  0.313750195958875E+01 -0.609905485498637E-16    0.318724900535544E+00  0.619575916462904E-17
  0.00000000  0.00000000  0.00500000    0.1015D-04  0.313750195992633E+01 -0.609905503788595E-16    0.318724900501252E+00  0.619575934909536E-17
  0.00000000  0.00000000  0.00500000    0.3076D-04  0.313750196268889E+01 -0.609905535395790E-16    0.318724900220615E+00  0.619575965926811E-17
  0.00000000  0.00000000  0.00500000    0.5200D-04  0.313750196844748E+01 -0.609905505984675E-16    0.318724899635626E+00  0.619575933775021E-17
  0.00000000  0.00000000  0.00500000    0.7389D-04  0.313750197747339E+01 -0.609905501036382E-16    0.318724898718723E+00  0.619575925183498E-17
  0.00000000  0.00000000  0.00500000    0.9644D-04  0.313750199005732E+01 -0.609905493739661E-16    0.318724897440377E+00  0.619575912801076E-17
  0.00000000  0.00000000  0.00500000    0.1197D-03  0.313750200651066E+01 -0.609905487746988E-16    0.318724895768956E+00  0.619575900215164E-17
  0.00000000  0.00000000  0.00500000    0.1436D-03  0.313750202716681E+01 -0.609905508893309E-16    0.318724893670589E+00  0.619575913538657E-17
  0.00000000  0.00000000  0.00500000    0.1683D-03  0.313750205238267E+01 -0.609905494212344E-16    0.318724891109022E+00  0.619575888665949E-17
  0.00000000  0.00000000  0.00500000    0.1937D-03  0.313750208254017E+01 -0.609905489512781E-16    0.318724888045456E+00  0.619575871981214E-17
  0.00000000  0.00000000  0.00500000    0.2199D-03  0.313750211804787E+01 -0.609905469682493E-16    0.318724884438386E+00  0.619575837812793E-17
  0.00000000  0.00000000  0.00500000    0.2469D-03  0.313750215934278E+01 -0.609905467431806E-16    0.318724880243420E+00  0.619575819217060E-17
  0.00000000  0.00000000  0.00500000    0.2748D-03  0.313750220689214E+01 -0.609905451016469E-16    0.318724875413093E+00  0.619575783761906E-17
  0.00000000  0.00000000  0.00500000    0.3034D-03  0.313750226119538E+01 -0.609905441760606E-16    0.318724869896668E+00  0.619575752912306E-17
  0.00000000  0.00000000  0.00500000    0.3330D-03  0.313750232278632E+01 -0.609905457065622E-16    0.318724863639919E+00  0.619575744134745E-17
  0.00000000  0.00000000  0.00500000    0.3634D-03  0.313750239223527E+01 -0.609905454434903E-16    0.318724856584910E+00  0.619575714033566E-17
  0.00000000  0.00000000  0.00500000    0.3948D-03  0.313750247015147E+01 -0.609905410831190E-16    0.318724848669752E+00  0.619575638965631E-17
  0.00000000  0.00000000  0.00500000    0.4271D-03  0.313750255718558E+01 -0.609905389146502E-16    0.318724839828346E+00  0.619575582563152E-17
  0.00000000  0.00000000  0.00500000    0.4604D-03  0.313750265403240E+01 -0.609905378935593E-16    0.318724829990111E+00  0.619575533940868E-17
  0.00000000  0.00000000  0.00500000    0.4948D-03  0.313750276143362E+01 -0.609905365109488E-16    0.318724819079703E+00  0.619575477477630E-17
  0.00000000  0.00000000  0.00500000    0.5301D-03  0.313750288018095E+01 -0.609905346348486E-16    0.318724807016696E+00  0.619575411520135E-17
  0.00000000  0.00000000  0.00500000    0.5666D-03  0.313750301111930E+01 -0.609905317769586E-16    0.318724793715258E+00  0.619575330774266E-17
  0.00000000  0.00000000  0.00500000    0.6041D-03  0.313750315515017E+01 -0.609905308001627E-16    0.318724779083812E+00  0.619575263966735E-17
  0.00000000  0.00000000  0.00500000    0.6428D-03  0.313750331323527E+01 -0.609905251058301E-16    0.318724763024660E+00  0.619575143685198E-17
  0.00000000  0.00000000  0.00500000    0.6827D-03  0.313750348640049E+01 -0.609905217357536E-16    0.318724745433590E+00  0.619575041058889E-17
  0.00000000  0.00000000  0.00500000    0.7238D-03  0.313750367573987E+01 -0.609905202560672E-16    0.318724726199463E+00  0.619574951248265E-17
  0.00000000  0.00000000  0.00500000    0.7662D-03  0.313750388242007E+01 -0.609905154997919E-16    0.318724705203764E+00  0.619574821303572E-17
  0.00000000  0.00000000  0.00500000    0.8098D-03  0.313750410768492E+01 -0.609905123746799E-16    0.318724682320137E+00  0.619574700589185E-17
  0.00000000  0.00000000  0.00500000    0.8548D-03  0.313750435286041E+01 -0.609905078683423E-16    0.318724657413883E+00  0.619574557979934E-17
  0.00000000  0.00000000  0.00500000    0.9011D-03  0.313750461935992E+01 -0.609905041222160E-16    0.318724630341424E+00  0.619574414671497E-17
  0.00000000  0.00000000  0.00500000    0.9488D-03  0.313750490868978E+01 -0.609904970861555E-16    0.318724600949740E+00  0.619574228925397E-17
  0.00000000  0.00000000  0.00500000    0.9980D-03  0.313750522245517E+01 -0.609904909592828E-16    0.318724569075770E+00  0.619574042764636E-17
  0.00000000  0.00000000  0.00500000    0.1049D-02  0.313750556236641E+01 -0.609904857033241E-16    0.318724534545770E+00  0.619573855124922E-17
  0.00000000  0.00000000  0.00500000    0.1101D-02  0.313750593024570E+01 -0.609904772623668E-16    0.318724497174637E+00  0.619573624084487E-17
  0.00000000  0.00000000  0.00500000    0.1155D-02  0.313750632803415E+01 -0.609904696526793E-16    0.318724456765181E+00  0.619573389676104E-17
  0.00000000  0.00000000  0.00500000    0.1210D-02  0.313750675779934E+01 -0.609904647547844E-16    0.318724413107369E+00  0.619573170186541E-17
  0.00000000  0.00000000  0.00500000    0.1267D-02  0.313750722174339E+01 -0.609904556877199E-16    0.318724365977504E+00  0.619572894845674E-17
  0.00000000  0.00000000  0.00500000    0.1326D-02  0.313750772221140E+01 -0.609904454339087E-16    0.318724315137358E+00  0.619572593024368E-17
  0.00000000  0.00000000  0.00500000    0.1387D-02  0.313750826170057E+01 -0.609904339840198E-16    0.318724260333257E+00  0.619572263641619E-17
  0.00000000  0.00000000  0.00500000    0.1450D-02  0.313750884286981E+01 -0.609904239119765E-16    0.318724201295102E+00  0.619571931794584E-17
  0.00000000  0.00000000  0.00500000    0.1514D-02  0.313750946854989E+01 -0.609904129833413E-16    0.318724137735331E+00  0.619571573666728E-17
  0.00000000  0.00000000  0.00500000    0.1580D-02  0.313751014175443E+01 -0.609903988158574E-16    0.318724069347811E+00  0.619571163867731E-17
  0.00000000  0.00000000  0.00500000    0.1649D-02  0.313751086569130E+01 -0.609903887976387E-16    0.318723995806678E+00  0.619570776182896E-17
  0.00000000  0.00000000  0.00500000    0.1719D-02  0.313751164377499E+01 -0.609903721514144E-16    0.318723916765077E+00  0.619570299782848E-17
  0.00000000  0.00000000  0.00500000    0.1792D-02  0.313751247963958E+01 -0.609903593636449E-16    0.318723831853850E+00  0.619569839759084E-17
  0.00000000  0.00000000  0.00500000    0.1867D-02  0.313751337715259E+01 -0.609903409894513E-16    0.318723740680123E+00  0.619569298638524E-17
  0.00000000  0.00000000  0.00500000    0.1944D-02  0.313751434042969E+01 -0.609903225162726E-16    0.318723642825820E+00  0.619568730539915E-17
  0.00000000  0.00000000  0.00500000    0.2024D-02  0.313751537385031E+01 -0.609903040980972E-16    0.318723537846068E+00  0.619568135298020E-17
  0.00000000  0.00000000  0.00500000    0.2106D-02  0.313751648207425E+01 -0.609902864113446E-16    0.318723425267519E+00  0.619567517943982E-17
  0.00000000  0.00000000  0.00500000    0.2190D-02  0.313751767005929E+01 -0.609902640668557E-16    0.318723304586553E+00  0.619566821774342E-17
  0.00000000  0.00000000  0.00500000    0.2277D-02  0.313751894307996E+01 -0.609902375425994E-16    0.318723175267380E+00  0.619566049561653E-17
  0.00000000  0.00000000  0.00500000    0.2367D-02  0.313752030674740E+01 -0.609902160260167E-16    0.318723036740017E+00  0.619565292420168E-17
  0.00000000  0.00000000  0.00500000    0.2459D-02  0.313752176703050E+01 -0.609901861669924E-16    0.318722888398141E+00  0.619564412376400E-17
  0.00000000  0.00000000  0.00500000    0.2554D-02  0.313752333027839E+01 -0.609901566811852E-16    0.318722729596809E+00  0.619563495460594E-17
  0.00000000  0.00000000  0.00500000    0.2652D-02  0.313752500324428E+01 -0.609901289328077E-16    0.318722559650035E+00  0.619562552864115E-17
  0.00000000  0.00000000  0.00500000    0.2753D-02  0.313752679311077E+01 -0.609900968445169E-16    0.318722377828216E+00  0.619561520014446E-17
  0.00000000  0.00000000  0.00500000    0.2858D-02  0.313752870751686E+01 -0.609900611964838E-16    0.318722183355394E+00  0.619560401820418E-17
  0.00000000  0.00000000  0.00500000    0.2965D-02  0.313753075458644E+01 -0.609900240648681E-16    0.318721975406360E+00  0.619559216164510E-17
  0.00000000  0.00000000  0.00500000    0.3075D-02  0.313753294295879E+01 -0.609899834069334E-16    0.318721753103561E+00  0.619557938884413E-17
  0.00000000  0.00000000  0.00500000    0.3189D-02  0.313753528182070E+01 -0.609899388688735E-16    0.318721515513828E+00  0.619556562758485E-17
  0.00000000  0.00000000  0.00500000    0.3307D-02  0.313753778094094E+01 -0.609898941909729E-16    0.318721261644888E+00  0.619555121924474E-17
  0.00000000  0.00000000  0.00500000    0.3428D-02  0.313754045070653E+01 -0.609898432052268E-16    0.318720990441674E+00  0.619553549624354E-17
  0.00000000  0.00000000  0.00500000    0.3553D-02  0.313754330216148E+01 -0.609897915030733E-16    0.318720700782390E+00  0.619551898296986E-17
  0.00000000  0.00000000  0.00500000    0.3681D-02  0.313754634704790E+01 -0.609897385269799E-16    0.318720391474343E+00  0.619550157642345E-17
  0.00000000  0.00000000  0.00500000    0.3813D-02  0.313754959784962E+01 -0.609896769768493E-16    0.318720061249508E+00  0.619548248574997E-17
  0.00000000  0.00000000  0.00500000    0.3950D-02  0.313755306783857E+01 -0.609896135240683E-16    0.318719708759823E+00  0.619546233624545E-17
  0.00000000  0.00000000  0.00500000    0.4090D-02  0.313755677112407E+01 -0.609895460350044E-16    0.318719332572184E+00  0.619544085546315E-17
  0.00000000  0.00000000  0.00500000    0.4235D-02  0.313756072270508E+01 -0.609894724352941E-16    0.318718931163136E+00  0.619541777346745E-17
  0.00000000  0.00000000  0.00500000    0.4385D-02  0.313756493852586E+01 -0.609893954945567E-16    0.318718502913229E+00  0.619539330865318E-17
  0.00000000  0.00000000  0.00500000    0.4538D-02  0.313756943553492E+01 -0.609893160071498E-16    0.318718046101029E+00  0.619536747479916E-17
  0.00000000  0.00000000  0.00500000    0.4697D-02  0.313757423174780E+01 -0.609892259421181E-16    0.318717558896749E+00  0.619533938498912E-17
  0.00000000  0.00000000  0.00500000    0.4860D-02  0.313757934631365E+01 -0.609891309812482E-16    0.318717039355484E+00  0.619530954079147E-17
  0.00000000  0.00000000  0.00500000    0.5029D-02  0.313758479958600E+01 -0.609890328893652E-16    0.318716485410035E+00  0.619527804112907E-17
  0.00000000  0.00000000  0.00500000    0.5202D-02  0.313759061319793E+01 -0.609889216315161E-16    0.318715894863278E+00  0.619524378125387E-17
  0.00000000  0.00000000  0.00500000    0.5381D-02  0.313759681014185E+01 -0.609888109249425E-16    0.318715265380063E+00  0.619520806380432E-17
  0.00000000  0.00000000  0.00500000    0.5565D-02  0.313760341485442E+01 -0.609886894969012E-16    0.318714594478601E+00  0.619516964724112E-17
  0.00000000  0.00000000  0.00500000    0.5755D-02  0.313761045330654E+01 -0.609885606328760E-16    0.318713879521328E+00  0.619512876279502E-17
  0.00000000  0.00000000  0.00500000    0.5950D-02  0.313761795309907E+01 -0.609884216129809E-16    0.318713117705196E+00  0.619508502524760E-17
  0.00000000  0.00000000  0.00500000    0.6152D-02  0.313762594356455E+01 -0.609882761377484E-16    0.318712306051350E+00  0.619503869472594E-17
  0.00000000  0.00000000  0.00500000    0.6360D-02  0.313763445587505E+01 -0.609881199525705E-16    0.318711441394186E+00  0.619498921603481E-17
  0.00000000  0.00000000  0.00500000    0.6574D-02  0.313764352315705E+01 -0.609879541138598E-16    0.318710520369700E+00  0.619493656575554E-17
  0.00000000  0.00000000  0.00500000    0.6794D-02  0.313765318061311E+01 -0.609877776276976E-16    0.318709539403140E+00  0.619488050401622E-17
  0.00000000  0.00000000  0.00500000    0.7021D-02  0.313766346565145E+01 -0.609875889986210E-16    0.318708494695870E+00  0.619482073130661E-17
  0.00000000  0.00000000  0.00500000    0.7255D-02  0.313767441802340E+01 -0.609873881590779E-16    0.318707382211427E+00  0.619475708392220E-17
  0.00000000  0.00000000  0.00500000    0.7497D-02  0.313768607996942E+01 -0.609871749959373E-16    0.318706197660712E+00  0.619468938371713E-17
  0.00000000  0.00000000  0.00500000    0.7745D-02  0.313769849637443E+01 -0.609869456328907E-16    0.318704936486245E+00  0.619461705988625E-17
  0.00000000  0.00000000  0.00500000    0.8001D-02  0.313771171493247E+01 -0.609867035218754E-16    0.318703593845466E+00  0.619454027491113E-17
  0.00000000  0.00000000  0.00500000    0.8265D-02  0.313772578632195E+01 -0.609864457320130E-16    0.318702164592975E+00  0.619445853119245E-17
  0.00000000  0.00000000  0.00500000    0.8537D-02  0.313774076439167E+01 -0.609861716683397E-16    0.318700643261673E+00  0.619437155590989E-17
  0.00000000  0.00000000  0.00500000    0.8818D-02  0.313775670635847E+01 -0.609858788675143E-16    0.318699024042738E+00  0.619427887320877E-17
  0.00000000  0.00000000  0.00500000    0.9107D-02  0.313777367301725E+01 -0.609855686975056E-16    0.318697300764337E+00  0.619418038229115E-17
  0.00000000  0.00000000  0.00500000    0.9404D-02  0.313779172896405E+01 -0.609852351869596E-16    0.318695466869037E+00  0.619407522195325E-17
  0.00000000  0.00000000  0.00500000    0.9711D-02  0.313781094283309E+01 -0.609848852006304E-16    0.318693515389781E+00  0.619396381882813E-17
  0.00000000  0.00000000  0.00500000    0.1003D-01  0.313783138754862E+01 -0.609845087766205E-16    0.318691438924395E+00  0.619384487364123E-17
  0.00000000  0.00000000  0.00500000    0.1035D-01  0.313785314059256E+01 -0.609841109192598E-16    0.318689229608482E+00  0.619371858924760E-17
  0.00000000  0.00000000  0.00500000    0.1069D-01  0.313787628428876E+01 -0.609836855890568E-16    0.318686879086650E+00  0.619358402779833E-17
  0.00000000  0.00000000  0.00500000    0.1103D-01  0.313790090610517E+01 -0.609832350795671E-16    0.318684378481927E+00  0.619344107754872E-17
  0.00000000  0.00000000  0.00500000    0.1139D-01  0.313792709897485E+01 -0.609827563998528E-16    0.318681718363278E+00  0.619328906856482E-17
  0.00000000  0.00000000  0.00500000    0.1176D-01  0.313795496163714E+01 -0.609822436591418E-16    0.318678888711098E+00  0.619312701360943E-17
  0.00000000  0.00000000  0.00500000    0.1214D-01  0.313798459900017E+01 -0.609817005312879E-16    0.318675878880547E+00  0.619295487257344E-17
  0.00000000  0.00000000  0.00500000    0.1253D-01  0.313801612252615E+01 -0.609811254378235E-16    0.318672677562595E+00  0.619277204618305E-17
  0.00000000  0.00000000  0.00500000    0.1293D-01  0.313804965064082E+01 -0.609805091366563E-16    0.318669272742638E+00  0.619257712958295E-17
  0.00000000  0.00000000  0.00500000    0.1334D-01  0.313808530916862E+01 -0.609798577422161E-16    0.318665651656529E+00  0.619237024837096E-17
  0.00000000  0.00000000  0.00500000    0.1377D-01  0.313812323179524E+01 -0.609791625146143E-16    0.318661800743856E+00  0.619214998884630E-17
  0.00000000  0.00000000  0.00500000    0.1421D-01  0.313816356055927E+01 -0.609784241546304E-16    0.318657705598297E+00  0.619191586325453E-17
  0.00000000  0.00000000  0.00500000    0.1466D-01  0.313820644637480E+01 -0.609776384210536E-16    0.318653350914877E+00  0.619166684721795E-17
  0.00000000  0.00000000  0.00500000    0.1513D-01  0.313825204958698E+01 -0.609768046700617E-16    0.318648720433914E+00  0.619140224470530E-17
  0.00000000  0.00000000  0.00500000    0.1561D-01  0.313830054056269E+01 -0.609759184651115E-16    0.318643796881450E+00  0.619112093533692E-17
  0.00000000  0.00000000  0.00500000    0.1610D-01  0.313835210031840E+01 -0.609749729057511E-16    0.318638561905958E+00  0.619082150692145E-17
  0.00000000  0.00000000  0.00500000    0.1662D-01  0.313840692118796E+01 -0.609739690161609E-16    0.318632996011071E+00  0.619050330763084E-17
  0.00000000  0.00000000  0.00500000    0.1714D-01  0.313846520753245E+01 -0.609729025338835E-16    0.318627078484082E+00  0.619016510185898E-17
  0.00000000  0.00000000  0.00500000    0.1768D-01  0.313852717649526E+01 -0.609717699375812E-16    0.318620787319957E+00  0.618980567933048E-17
  0.00000000  0.00000000  0.00500000    0.1824D-01  0.313859305880504E+01 -0.609705645073217E-16    0.318614099140566E+00  0.618942345204452E-17
  0.00000000  0.00000000  0.00500000    0.1882D-01  0.313866309962969E+01 -0.609692836047109E-16    0.318606989108829E+00  0.618901719006129E-17
  0.00000000  0.00000000  0.00500000    0.1941D-01  0.313873755948487E+01 -0.609679234997451E-16    0.318599430837448E+00  0.618858549280808E-17
  0.00000000  0.00000000  0.00500000    0.2002D-01  0.313881671520042E+01 -0.609664752859647E-16    0.318591396291882E+00  0.618812637077148E-17
  0.00000000  0.00000000  0.00500000    0.2065D-01  0.313890086094864E+01 -0.609649349126785E-16    0.318582855687191E+00  0.618763825990826E-17
  0.00000000  0.00000000  0.00500000    0.2130D-01  0.313899030933842E+01 -0.609633025664031E-16    0.318573777378358E+00  0.618711995454744E-17
  0.00000000  0.00000000  0.00500000    0.2197D-01  0.313908539257958E+01 -0.609615641849481E-16    0.318564127743667E+00  0.618656872679366E-17
  0.00000000  0.00000000  0.00500000    0.2266D-01  0.313918646372222E+01 -0.609597176529248E-16    0.318553871060680E+00  0.618598298046930E-17
  0.00000000  0.00000000  0.00500000    0.2337D-01  0.313929389797593E+01 -0.609577581582579E-16    0.318542969374340E+00  0.618536075983645E-17
  0.00000000  0.00000000  0.00500000    0.2410D-01  0.313940809411434E+01 -0.609556717497190E-16    0.318531382356683E+00  0.618469909067231E-17
  0.00000000  0.00000000  0.00500000    0.2486D-01  0.313952947597057E+01 -0.609534596278399E-16    0.318519067157621E+00  0.618399643936686E-17
  0.00000000  0.00000000  0.00500000    0.2564D-01  0.313965849403014E+01 -0.609511027676904E-16    0.318505978246180E+00  0.618324911741829E-17
  0.00000000  0.00000000  0.00500000    0.2644D-01  0.313979562712742E+01 -0.609486077163027E-16    0.318492067241616E+00  0.618245592144580E-17
  0.00000000  0.00000000  0.00500000    0.2726D-01  0.313994138425322E+01 -0.609459471482586E-16    0.318477282733681E+00  0.618161209592906E-17
  0.00000000  0.00000000  0.00500000    0.2811D-01  0.314009630648079E+01 -0.609431249331130E-16    0.318461570091375E+00  0.618071592658418E-17
  0.00000000  0.00000000  0.00500000    0.2899D-01  0.314026096901874E+01 -0.609401279126780E-16    0.318444871259371E+00  0.617976384101170E-17
  0.00000000  0.00000000  0.00500000    0.2989D-01  0.314043598339947E+01 -0.609369416100749E-16    0.318427124541324E+00  0.617875199424833E-17
  0.00000000  0.00000000  0.00500000    0.3082D-01  0.314062199981278E+01 -0.609335583048945E-16    0.318408264369164E+00  0.617767707888925E-17
  0.00000000  0.00000000  0.00500000    0.3178D-01  0.314081970959475E+01 -0.609299636633330E-16    0.318388221057434E+00  0.617653496015718E-17
  0.00000000  0.00000000  0.00500000    0.3277D-01  0.314102984788321E+01 -0.609261444738457E-16    0.318366920541655E+00  0.617532145060197E-17
  0.00000000  0.00000000  0.00500000    0.3379D-01  0.314125319645142E+01 -0.609220883642491E-16    0.318344284099630E+00  0.617403227096763E-17
  0.00000000  0.00000000  0.00500000    0.3484D-01  0.314149058673304E+01 -0.609177796373905E-16    0.318320228054524E+00  0.617266261711617E-17
  0.00000000  0.00000000  0.00500000    0.3592D-01  0.314174290305228E+01 -0.609132045204819E-16    0.318294663458450E+00  0.617120768035674E-17
  0.00000000  0.00000000  0.00500000    0.3703D-01  0.314201108607428E+01 -0.609083458625011E-16    0.318267495755220E+00  0.616966209768262E-17
  0.00000000  0.00000000  0.00500000    0.3818D-01  0.314229613649194E+01 -0.609031818505109E-16    0.318238624420804E+00  0.616801980878685E-17
  0.00000000  0.00000000  0.00500000    0.3936D-01  0.314259911896722E+01 -0.608977009721711E-16    0.318207942579911E+00  0.616627555746582E-17
  0.00000000  0.00000000  0.00500000    0.4058D-01  0.314292116634572E+01 -0.608918798480850E-16    0.318175336597036E+00  0.616442263145188E-17
  0.00000000  0.00000000  0.00500000    0.4184D-01  0.314326348416566E+01 -0.608856967922716E-16    0.318140685640115E+00  0.616245422019118E-17
  0.00000000  0.00000000  0.00500000    0.4313D-01  0.314362735548389E+01 -0.608791310759289E-16    0.318103861214833E+00  0.616036332324002E-17
  0.00000000  0.00000000  0.00500000    0.4447D-01  0.314401414604364E+01 -0.608721613366040E-16    0.318064726667461E+00  0.615814257119306E-17
  0.00000000  0.00000000  0.00500000    0.4584D-01  0.314442530981100E+01 -0.608647590713068E-16    0.318023136653898E+00  0.615578354847429E-17
  0.00000000  0.00000000  0.00500000    0.4726D-01  0.314486239490954E+01 -0.608569013825222E-16    0.317978936572442E+00  0.615327806266862E-17
  0.00000000  0.00000000  0.00500000    0.4872D-01  0.314532704998507E+01 -0.608485574817585E-16    0.317931961957579E+00  0.615061675782041E-17
  0.00000000  0.00000000  0.00500000    0.5022D-01  0.314582103103605E+01 -0.608397005014634E-16    0.317882037831840E+00  0.614779028612272E-17
  0.00000000  0.00000000  0.00500000    0.5177D-01  0.314634620874799E+01 -0.608302994217113E-16    0.317828978012539E+00  0.614478846722101E-17
  0.00000000  0.00000000  0.00500000    0.5337D-01  0.314690457637417E+01 -0.608203169158587E-16    0.317772584369937E+00  0.614160004521631E-17
  0.00000000  0.00000000  0.00500000    0.5501D-01  0.314749825820943E+01 -0.608097240707756E-16    0.317712646033008E+00  0.613821414791000E-17
  0.00000000  0.00000000  0.00500000    0.5671D-01  0.314812951870806E+01 -0.607984765900620E-16    0.317648938538712E+00  0.613461785445520E-17
  0.00000000  0.00000000  0.00500000    0.5846D-01  0.314880077230243E+01 -0.607865445812955E-16    0.317581222920239E+00  0.613079917123741E-17
  0.00000000  0.00000000  0.00500000    0.6026D-01  0.314951459398457E+01 -0.607738805793958E-16    0.317509244729316E+00  0.612674377152866E-17
  0.00000000  0.00000000  0.00500000    0.6211D-01  0.315027373072013E+01 -0.607604411262969E-16    0.317432732987114E+00  0.612243713812581E-17
  0.00000000  0.00000000  0.00500000    0.6403D-01  0.315108111377074E+01 -0.607461852703549E-16    0.317351399057878E+00  0.611786437319201E-17
  0.00000000  0.00000000  0.00500000    0.6600D-01  0.315193987201008E+01 -0.607310558884988E-16    0.317264935438718E+00  0.611300827680514E-17
  0.00000000  0.00000000  0.00500000    0.6803D-01  0.315285334632809E+01 -0.607150090662214E-16    0.317173014458358E+00  0.610785226367331E-17
  0.00000000  0.00000000  0.00500000    0.7012D-01  0.315382510522839E+01 -0.606979901947499E-16    0.317075286876944E+00  0.610237790990651E-17
  0.00000000  0.00000000  0.00500000    0.7227D-01  0.315485896173681E+01 -0.606799354789048E-16    0.316971380378120E+00  0.609656505830458E-17
  0.00000000  0.00000000  0.00500000    0.7450D-01  0.315595899175249E+01 -0.606607907493154E-16    0.316860897943641E+00  0.609039365753167E-17
  0.00000000  0.00000000  0.00500000    0.7678D-01  0.315712955398879E+01 -0.606404915092936E-16    0.316743416099785E+00  0.608384170055883E-17
  0.00000000  0.00000000  0.00500000    0.7914D-01  0.315837531167036E+01 -0.606189728966535E-16    0.316618483023518E+00  0.607688616677783E-17
  0.00000000  0.00000000  0.00500000    0.8157D-01  0.315970125617243E+01 -0.605961618827133E-16    0.316485616495077E+00  0.606950217626507E-17
  0.00000000  0.00000000  0.00500000    0.8408D-01  0.316111273281360E+01 -0.605719889399276E-16    0.316344301682001E+00  0.606166409182003E-17
  0.00000000  0.00000000  0.00500000    0.8666D-01  0.316261546904031E+01 -0.605463760327906E-16    0.316193988737888E+00  0.605334424271360E-17
  0.00000000  0.00000000  0.00500000    0.8932D-01  0.316421560527358E+01 -0.605192414461330E-16    0.316034090197067E+00  0.604451333150910E-17
  0.00000000  0.00000000  0.00500000    0.9206D-01  0.316591972872604E+01 -0.604905038271008E-16    0.315863978144006E+00  0.603514075401143E-17
  0.00000000  0.00000000  0.00500000    0.9488D-01  0.316773491053967E+01 -0.604600800599048E-16    0.315682981133556E+00  0.602519429557714E-17
  0.00000000  0.00000000  0.00500000    0.9779D-01  0.316966874664613E+01 -0.604278732347904E-16    0.315490380834941E+00  0.601463883570228E-17
  0.00000000  0.00000000  0.00500000    0.1008D+00  0.317172940280976E+01 -0.603937944195380E-16    0.315285408368735E+00  0.600343841427118E-17
  0.00000000  0.00000000  0.00500000    0.1039D+00  0.317392566438287E+01 -0.603577486755075E-16    0.315067240301747E+00  0.599155472335745E-17
  0.00000000  0.00000000  0.00500000    0.1071D+00  0.317626699138463E+01 -0.603196382709509E-16    0.314834994259745E+00  0.597894730521570E-17
  0.00000000  0.00000000  0.00500000    0.1103D+00  0.317876357961160E+01 -0.602793631484074E-16    0.314587724111960E+00  0.596557346554628E-17
  0.00000000  0.00000000  0.00500000    0.1137D+00  0.318142642860177E+01 -0.602368199199915E-16    0.314324414674425E+00  0.595138802927512E-17
  0.00000000  0.00000000  0.00500000    0.1172D+00  0.318426741741216E+01 -0.601919135377797E-16    0.314043975870813E+00  0.593634433443372E-17
  0.00000000  0.00000000  0.00500000    0.1208D+00  0.318729938933206E+01 -0.601445397076785E-16    0.313745236279659E+00  0.592039231854884E-17
  0.00000000  0.00000000  0.00500000    0.1245D+00  0.319053624685251E+01 -0.600945971656347E-16    0.313426935984980E+00  0.590347954123941E-17
  0.00000000  0.00000000  0.00500000    0.1283D+00  0.319399305844949E+01 -0.600420011602359E-16    0.313087718633129E+00  0.588555229188618E-17
  0.00000000  0.00000000  0.00500000    0.1322D+00  0.319768617902842E+01 -0.599866617795228E-16    0.312726122581496E+00  0.586655321837042E-17
  0.00000000  0.00000000  0.00500000    0.1363D+00  0.320163338623045E+01 -0.599284992150316E-16    0.312340571003785E+00  0.584642256191027E-17
  0.00000000  0.00000000  0.00500000    0.1405D+00  0.320585403523525E+01 -0.598674579868879E-16    0.311929360790944E+00  0.582509923932275E-17
  0.00000000  0.00000000  0.00500000    0.1448D+00  0.321036923523176E+01 -0.598034926922966E-16    0.311490650055338E+00  0.580251910274687E-17
  0.00000000  0.00000000  0.00500000    0.1492D+00  0.321520205139513E+01 -0.597365833316084E-16    0.311022444006616E+00  0.577861603949271E-17
  0.00000000  0.00000000  0.00500000    0.1537D+00  0.322037773704481E+01 -0.596667451971579E-16    0.310522578918849E+00  0.575332246934406E-17
  0.00000000  0.00000000  0.00500000    0.1585D+00  0.322592400171234E+01 -0.595940360003499E-16    0.309988703847082E+00  0.572656949356493E-17
  0.00000000  0.00000000  0.00500000    0.1633D+00  0.323187132218878E+01 -0.595185725385837E-16    0.309418259673393E+00  0.569828786396757E-17
  0.00000000  0.00000000  0.00500000    0.1683D+00  0.323825330534059E+01 -0.594405391755664E-16    0.308808454962674E+00  0.566840803796363E-17
  0.00000000  0.00000000  0.00500000    0.1734D+00  0.324510711370657E+01 -0.593602111996931E-16    0.308156237979399E+00  0.563686150503260E-17
  0.00000000  0.00000000  0.00500000    0.1787D+00  0.325247396779361E+01 -0.592779901468336E-16    0.307458264048266E+00  0.560358303472582E-17
  0.00000000  0.00000000  0.00500000    0.1842D+00  0.326039974282268E+01 -0.591944209695172E-16    0.306710857219690E+00  0.556851092819240E-17
  0.00000000  0.00000000  0.00500000    0.1898D+00  0.326893568279452E+01 -0.591102505360724E-16    0.305909964904886E+00  0.553159083618029E-17
  0.00000000  0.00000000  0.00500000    0.1956D+00  0.327813926165863E+01 -0.590264883528251E-16    0.305051103745371E+00  0.549277928269956E-17
  0.00000000  0.00000000  0.00500000    0.2016D+00  0.328807523083701E+01 -0.589444564063557E-16    0.304129294433887E+00  0.545204555222130E-17
  0.00000000  0.00000000  0.00500000    0.2078D+00  0.329881690550468E+01 -0.588659226779460E-16    0.303138982442862E+00  0.540938051802023E-17
  0.00000000  0.00000000  0.00500000    0.2141D+00  0.331044776059129E+01 -0.587931957349802E-16    0.302073940541924E+00  0.536480065450299E-17
  0.00000000  0.00000000  0.00500000    0.2207D+00  0.332306343412498E+01 -0.587293418143184E-16    0.300927147441986E+00  0.531836170259022E-17
  0.00000000  0.00000000  0.00500000    0.2274D+00  0.333677427457185E+01 -0.586784060469174E-16    0.299690634640940E+00  0.527017032045893E-17
  0.00000000  0.00000000  0.00500000    0.2343D+00  0.335170862721556E+01 -0.586457335815033E-16    0.298355290158606E+00  0.522040153407057E-17
  0.00000000  0.00000000  0.00500000    0.2415D+00  0.336801714409325E+01 -0.586384503615902E-16    0.296910602653486E+00  0.516932571618889E-17
  0.00000000  0.00000000  0.00500000    0.2489D+00  0.338587854286597E+01 -0.586661117905029E-16    0.295344321227055E+00  0.511734332653601E-17
  0.00000000  0.00000000  0.00500000    0.2565D+00  0.340550746868155E+01 -0.587416294415874E-16    0.293641992917770E+00  0.506503341868838E-17
  0.00000000  0.00000000  0.00500000    0.2643D+00  0.342716549766171E+01 -0.588826589100620E-16    0.291786317492482E+00  0.501322571648649E-17
  0.00000000  0.00000000  0.00500000    0.2724D+00  0.345117699435873E+01 -0.591136354537475E-16    0.289756219873566E+00  0.496310203158519E-17
  0.00000000  0.00000000  0.00500000    0.2807D+00  0.347795277390066E+01 -0.594689452331076E-16    0.287525468288191E+00  0.491635092203309E-17
  0.00000000  0.00000000  0.00500000    0.2893D+00  0.350802693055601E+01 -0.599978825535677E-16    0.285060525416635E+00  0.487539812640344E-17
  0.00000000  0.00000000  0.00500000    0.2981D+00  0.354211723029111E+01 -0.607728616240321E-16    0.282317025379144E+00  0.484377348404841E-17
  0.00000000  0.00000000  0.00500000    0.3072D+00  0.358123095538402E+01 -0.619034230680347E-16    0.279233596620346E+00  0.482669665311900E-17
  0.00000000  0.00000000  0.00500000    0.3166D+00  0.362686752505385E+01 -0.635617256085420E-16    0.275720023709758E+00  0.483205972392392E-17
  0.00000000  0.00000000  0.00500000    0.3262D+00  0.368145782770041E+01 -0.660324431875502E-16    0.271631523923945E+00  0.487211697401392E-17
  0.00000000  0.00000000  0.00500000    0.3362D+00  0.374952391482412E+01 -0.698219360591205E-16    0.266700525911143E+00  0.496637639607510E-17
  0.00000000  0.00000000  0.00500000    0.3464D+00  0.384277174139123E+01 -0.759591952397305E-16    0.260228831504304E+00  0.514388414131673E-17
  0.00000000  0.00000000  0.00500000    0.3570D+00  0.400764496310915E+01  0.884600330877640E-02    0.249521885579734E+00 -0.550765211431812E-03
  0.00000000  0.00000000  0.00500000    0.3679D+00  0.413980467675797E+01  0.216977298533777E+00    0.240895534650389E+00 -0.126259247521370E-01
  0.00000000  0.00000000  0.00500000    0.3791D+00  0.414719113969043E+01  0.395285633807092E+00    0.238956196181334E+00 -0.227758857207438E-01
  0.00000000  0.00000000  0.00500000    0.3907D+00  0.411607510976950E+01  0.509423542417604E+00    0.239284619050707E+00 -0.296149159167516E-01
  0.00000000  0.00000000  0.00500000    0.4026D+00  0.408239392101088E+01  0.597077230858565E+00    0.239824231909617E+00 -0.350758871025162E-01
  0.00000000  0.00000000  0.00500000    0.4149D+00  0.406459428548103E+01  0.648295772956401E+00    0.239923435117357E+00 -0.382673737881699E-01
  0.00000000  0.00000000  0.00500000    0.4276D+00  0.405399343906951E+01  0.726648242708903E+00    0.238992041805978E+00 -0.428375501366342E-01
  0.00000000  0.00000000  0.00500000    0.4406D+00  0.403104979035528E+01  0.779961672085798E+00    0.239122131922989E+00 -0.462673763776402E-01
  0.00000000  0.00000000  0.00500000    0.4540D+00  0.402817901045563E+01  0.811047320119751E+00    0.238579324178160E+00 -0.480363759923348E-01
  0.00000000  0.00000000  0.00500000    0.4679D+00  0.404278140938279E+01  0.864430116279366E+00    0.236540020587881E+00 -0.505771390525717E-01
  0.00000000  0.00000000  0.00500000    0.4822D+00  0.404847071533488E+01  0.926128227675280E+00    0.234723500730544E+00 -0.536953519021157E-01
  0.00000000  0.00000000  0.00500000    0.4969D+00  0.405887566791715E+01  0.963235221992646E+00    0.233237969609844E+00 -0.553510493583411E-01
  0.00000000  0.00000000  0.00500000    0.5120D+00  0.409388606255027E+01  0.100682903857770E+01    0.230335118633196E+00 -0.566474206904713E-01
  0.00000000  0.00000000  0.00500000    0.5276D+00  0.414151587197696E+01  0.106839183619734E+01    0.226391334335687E+00 -0.584024451111452E-01
  0.00000000  0.00000000  0.00500000    0.5437D+00  0.419710901259411E+01  0.113611703760268E+01    0.221993077695136E+00 -0.600913907745791E-01
  0.00000000  0.00000000  0.00500000    0.5603D+00  0.427695450647345E+01  0.120656757285292E+01    0.216574998420805E+00 -0.610977670652567E-01
  0.00000000  0.00000000  0.00500000    0.5774D+00  0.439328687912749E+01  0.130821678176464E+01    0.209080672471133E+00 -0.622592723841641E-01
  0.00000000  0.00000000  0.00500000    0.5950D+00  0.455081333875655E+01  0.145650217186474E+01    0.199323438218864E+00 -0.637940954854999E-01
  0.00000000  0.00000000  0.00500000    0.6131D+00  0.480813026113063E+01  0.167838590901878E+01    0.185390880591986E+00 -0.647148527072154E-01
  0.00000000  0.00000000  0.00500000    0.6318D+00  0.494312422435555E+01  0.240614884018752E+01    0.163549478098584E+00 -0.796104587259258E-01
  0.00000000  0.00000000  0.00500000    0.6511D+00  0.452792515526230E+01  0.316389934997073E+01    0.148396399607061E+00 -0.103692365963496E+00
  0.00000000  0.00000000  0.00500000    0.6709D+00  0.385820614924426E+01  0.316857739987188E+01    0.154788665294008E+00 -0.127121218419860E+00
  0.00000000  0.00000000  0.00500000    0.6914D+00  0.352882609834740E+01  0.306822303523849E+01    0.161379688362235E+00 -0.140315465668457E+00
  0.00000000  0.00000000  0.00500000    0.7125D+00  0.336152359380938E+01  0.296682367427278E+01    0.167224309077025E+00 -0.147589337167615E+00
  0.00000000  0.00000000  0.00500000    0.7342D+00  0.331731315628523E+01  0.289039879043893E+01    0.171357921280336E+00 -0.149305388145944E+00
  0.00000000  0.00000000  0.00500000    0.7565D+00  0.354409005191566E+01  0.279469212975351E+01    0.173978263626465E+00 -0.137190555821868E+00
  0.00000000  0.00000000  0.00500000    0.7796D+00  0.392748423212375E+01  0.335130724266441E+01    0.147337424342700E+00 -0.125722459501309E+00
  0.00000000  0.00000000  0.00500000    0.8034D+00  0.351732627554746E+01  0.489318340122958E+01    0.968564764410998E-01 -0.134743400439701E+00
  0.00000000  0.00000000  0.00500000    0.8279D+00  0.191861204442081E+01  0.535668392178790E+01    0.592619013137077E-01 -0.165456729443992E+00
  0.00000000  0.00000000  0.00500000    0.8531D+00  0.566426014853120E+00  0.422030934239687E+01    0.312392852550573E-01 -0.232756695410444E+00
  0.00000000  0.00000000  0.00500000    0.8791D+00  0.378907352811229E+00  0.323038513279592E+01    0.358170739498526E-01 -0.305359456155761E+00
  0.00000000  0.00000000  0.00500000    0.9059D+00  0.510261856328595E+00  0.275022998168170E+01    0.652164161958379E-01 -0.351506076527347E+00
  0.00000000  0.00000000  0.00500000    0.9335D+00  0.638460713212921E+00  0.239052557785499E+01    0.104285397394071E+00 -0.390465544250584E+00
  0.00000000  0.00000000  0.00500000    0.9619D+00  0.608592079156873E+00  0.237942069470688E+01    0.100893458018615E+00 -0.394464519325680E+00
  0.00000000  0.00000000  0.00500000    0.9913D+00  0.695550806390952E+00  0.148191268221852E+01    0.259547817020169E+00 -0.552982180669246E+00
  0.00000000  0.00000000  0.00500000    0.1021D+01  0.132448593465812E+01  0.165985817843419E+01    0.293717176639225E+00 -0.368089116716108E+00
  0.00000000  0.00000000  0.00500000    0.1053D+01  0.147770216437423E+01  0.192840180789237E+01    0.250358817105130E+00 -0.326718338219243E+00
  0.00000000  0.00000000  0.00500000    0.1085D+01  0.152719242773317E+01  0.203052304640494E+01    0.236578134820598E+00 -0.314549330068215E+00
  0.00000000  0.00000000  0.00500000    0.1118D+01  0.146560497776314E+01  0.270129954313656E+01    0.155172293600038E+00 -0.286002607912114E+00
  0.00000000  0.00000000  0.00500000    0.1152D+01  0.850855208266237E+00  0.255372425852485E+01    0.117432841112341E+00 -0.352458434975275E+00
  0.00000000  0.00000000  0.00500000    0.1187D+01  0.626418814009180E+00  0.222260969975220E+01    0.117474208785468E+00 -0.416812697955573E+00
  0.00000000  0.00000000  0.00500000    0.1223D+01  0.595969023539838E+00  0.240230069341997E+01    0.972815658930848E-01 -0.392133758586727E+00
  0.00000000  0.00000000  0.00500000    0.1260D+01  0.308029282734580E+00  0.196635245666007E+01    0.777572107805145E-01 -0.496375153309847E+00
  0.00000000  0.00000000  0.00500000    0.1299D+01  0.445953146456169E+00  0.215509479230070E+01    0.920761527846247E-01 -0.444963420346068E+00
  0.00000000  0.00000000  0.00500000    0.1338D+01 -0.251911234760055E-01  0.229267511659888E+01   -0.479192567386979E-02 -0.436119046597389E+00
  0.00000000  0.00000000  0.00500000    0.1379D+01 -0.669141215577750E+00  0.140939227904219E+01   -0.274898798143293E+00 -0.579011178210881E+00
  0.00000000  0.00000000  0.00500000    0.1421D+01 -0.309412125517497E+00  0.894612554911008E+00   -0.345300024906582E+00 -0.998376314360195E+00
  0.00000000  0.00000000  0.00500000    0.1464D+01  0.456073328065593E-01  0.671420611346496E+00    0.100703855775804E+00 -0.148253888682162E+01
  0.00000000  0.00000000  0.00500000    0.1509D+01  0.314744924541790E+00  0.814370566993665E+00    0.412908142212294E+00 -0.106835793580869E+01
  0.00000000  0.00000000  0.00500000    0.1555D+01  0.207683064415332E+00  0.799064458151490E+00    0.304683121377752E+00 -0.117227398380802E+01
  0.00000000  0.00000000  0.00500000    0.1602D+01  0.190497907849270E+00  0.631976562345482E+00    0.437238877134577E+00 -0.145053940809654E+01
  0.00000000  0.00000000  0.00500000    0.1651D+01  0.293673755781055E+00  0.510762053866501E+00    0.846024246376255E+00 -0.147141878766366E+01
  0.00000000  0.00000000  0.00500000    0.1701D+01  0.380031308547116E+00  0.443671667409233E+00    0.111358499930620E+01 -0.130006686905070E+01
  0.00000000  0.00000000  0.00500000    0.1753D+01  0.452224450892995E+00  0.362698858010801E+00    0.134567615507604E+01 -0.107927646047147E+01
  0.00000000  0.00000000  0.00500000    0.1807D+01  0.541062677448987E+00  0.316186938683599E+00    0.137772087680801E+01 -0.805114387952732E+00
  0.00000000  0.00000000  0.00500000    0.1862D+01  0.620451362391103E+00  0.283302550432136E+00    0.133367236593720E+01 -0.608964385628511E+00
  0.00000000  0.00000000  0.00500000    0.1919D+01  0.694206523013975E+00  0.267697373066593E+00    0.125402070056941E+01 -0.483570862826365E+00
  0.00000000  0.00000000  0.00500000    0.1977D+01  0.756267314001021E+00  0.283096020208491E+00    0.115977047424122E+01 -0.434140679538294E+00
  0.00000000  0.00000000  0.00500000    0.2037D+01  0.783964992237102E+00  0.245388374066500E+00    0.116174533200901E+01 -0.363637153347300E+00
  0.00000000  0.00000000  0.00500000    0.2099D+01  0.846789870999682E+00  0.266932233211664E+00    0.107418943336624E+01 -0.338615037993210E+00
  0.00000000  0.00000000  0.00500000    0.2163D+01  0.833339064093734E+00  0.207831457629077E+00    0.112972469955321E+01 -0.281748859671008E+00
  0.00000000  0.00000000  0.00500000    0.2229D+01  0.957386924687707E+00  0.251042731052006E+00    0.977312193309474E+00 -0.256267466968872E+00
  0.00000000  0.00000000  0.00500000    0.2297D+01  0.984654576506861E+00  0.367161442252486E+00    0.891612849983383E+00 -0.332467717859093E+00
  0.00000000  0.00000000  0.00500000    0.2367D+01  0.838229520765946E+00  0.319496938831299E+00    0.104165801513447E+01 -0.397035106614288E+00
  0.00000000  0.00000000  0.00500000    0.2439D+01  0.881709664421314E+00  0.219196984687027E+00    0.106814438624583E+01 -0.265545494308637E+00
  0.00000000  0.00000000  0.00500000    0.2513D+01  0.924385622221043E+00  0.253140130219382E+00    0.100633258905799E+01 -0.275581052446564E+00
  0.00000000  0.00000000  0.00500000    0.2590D+01  0.921297401595240E+00  0.225327533630685E+00    0.102416288872190E+01 -0.250485996543786E+00
  0.00000000  0.00000000  0.00500000    0.2669D+01  0.954361771735107E+00  0.190695481283233E+00    0.100759167310330E+01 -0.201331596392510E+00
  0.00000000  0.00000000  0.00500000    0.2750D+01  0.987851501254615E+00  0.195767538284328E+00    0.974043924482439E+00 -0.193031220820694E+00
  0.00000000  0.00000000  0.00500000    0.2834D+01  0.992678337057719E+00  0.204578550268904E+00    0.966333511140898E+00 -0.199149212192357E+00
  0.00000000  0.00000000  0.00500000    0.2920D+01  0.100316430848619E+01  0.186859809700055E+00    0.963418277146643E+00 -0.179456300833549E+00
  0.00000000  0.00000000  0.00500000    0.3009D+01  0.102189394444164E+01  0.185185425000748E+00    0.947460609619473E+00 -0.171696775989527E+00
  0.00000000  0.00000000  0.00500000    0.3101D+01  0.102245102549024E+01  0.149266209154582E+00    0.957632249540833E+00 -0.139803405825328E+00
  0.00000000  0.00000000  0.00500000    0.3195D+01  0.107636998475750E+01  0.142782284035843E+00    0.912983293642096E+00 -0.121108765386239E+00
  0.00000000  0.00000000  0.00500000    0.3293D+01  0.112540531956570E+01  0.154328381404560E+00    0.872167626761644E+00 -0.119601547825919E+00
  0.00000000  0.00000000  0.00500000    0.3393D+01  0.113003815791417E+01  0.250453563455213E+00    0.843492574500980E+00 -0.186945652721779E+00
  0.00000000  0.00000000  0.00500000    0.3496D+01  0.109772613056293E+01  0.184847208564834E+00    0.885855139644408E+00 -0.149170039044353E+00
  0.00000000  0.00000000  0.00500000    0.3603D+01  0.112198684857142E+01  0.238043825976190E+00    0.852885096165640E+00 -0.180950455584967E+00
  0.00000000  0.00000000  0.00500000    0.3713D+01  0.105218836861339E+01  0.252563776839640E+00    0.898623632467803E+00 -0.215702611189782E+00
  0.00000000  0.00000000  0.00500000    0.3826D+01  0.103653032409979E+01  0.186563637987770E+00    0.934483675278499E+00 -0.168196404916133E+00
  0.00000000  0.00000000  0.00500000    0.3942D+01  0.107056246972474E+01  0.162838521526217E+00    0.912965937486745E+00 -0.138867210152027E+00
  0.00000000  0.00000000  0.00500000    0.4062D+01  0.108422473713181E+01  0.162860612669503E+00    0.901967081382979E+00 -0.135483822173574E+00
  0.00000000  0.00000000  0.00500000    0.4186D+01  0.109803490295073E+01  0.123313902425905E+00    0.899374743906103E+00 -0.101003537425200E+00
  0.00000000  0.00000000  0.00500000    0.4313D+01  0.116002859206986E+01  0.113800829698575E+00    0.853830493391353E+00 -0.837622617529654E-01
  0.00000000  0.00000000  0.00500000    0.4445D+01  0.119067519764355E+01  0.183075093966387E+00    0.820462772324977E+00 -0.126152202915278E+00
  0.00000000  0.00000000  0.00500000    0.4580D+01  0.115836962221281E+01  0.222258284570429E+00    0.832629286419456E+00 -0.159757950600581E+00
  0.00000000  0.00000000  0.00500000    0.4720D+01  0.112456965437588E+01  0.151714952565056E+00    0.873333904664491E+00 -0.117820902781841E+00
  0.00000000  0.00000000  0.00500000    0.4863D+01  0.117841111868063E+01  0.151236842704393E+00    0.834849420876790E+00 -0.107144262766597E+00
  0.00000000  0.00000000  0.00500000    0.5012D+01  0.120988664863171E+01  0.172897094713550E+00    0.809982708418703E+00 -0.115749402815698E+00
  0.00000000  0.00000000  0.00500000    0.5164D+01  0.121948354032157E+01  0.219070750255835E+00    0.794383454901471E+00 -0.142704820280066E+00
  0.00000000  0.00000000  0.00500000    0.5322D+01  0.119133124638019E+01  0.218381626599671E+00    0.812108509758536E+00 -0.148866721892314E+00
  0.00000000  0.00000000  0.00500000    0.5484D+01  0.119232373756044E+01  0.227222243467394E+00    0.809306577739320E+00 -0.154230307133783E+00
  0.00000000  0.00000000  0.00500000    0.5651D+01  0.119025494943065E+01  0.236847103874262E+00    0.808156033088392E+00 -0.160813795403293E+00
  0.00000000  0.00000000  0.00500000    0.5823D+01  0.120469764197189E+01  0.178478467304181E+00    0.812255572646084E+00 -0.120337356540236E+00
  0.00000000  0.00000000  0.00500000    0.6000D+01  0.125166575022017E+01  0.247020051415602E+00    0.768984747118854E+00 -0.151761484036533E+00
  0.00000000  0.00000000  0.00500000    0.6183D+01  0.126533310316268E+01  0.243186988123032E+00    0.762153462732343E+00 -0.146479851531703E+00
  0.00000000  0.00000000  0.00500000    0.6371D+01  0.132811391558410E+01  0.266172458144021E+00    0.723872595184430E+00 -0.145074112832101E+00
  0.00000000  0.00000000  0.00500000    0.6565D+01  0.134512351703115E+01  0.430070820433963E+00    0.674477887244553E+00 -0.215648046189882E+00
  0.00000000  0.00000000  0.00500000    0.6765D+01  0.120567868204587E+01  0.600463589108185E+00    0.664572253039432E+00 -0.330976607801206E+00
  0.00000000  0.00000000  0.00500000    0.6971D+01  0.103364475392005E+01  0.368811711785662E+00    0.858192771859025E+00 -0.306209211657152E+00
  0.00000000  0.00000000  0.00500000    0.7184D+01  0.122797351787959E+01  0.225360813492983E+00    0.787815763812284E+00 -0.144581946459160E+00
  0.00000000  0.00000000  0.00500000    0.7402D+01  0.131422532379739E+01  0.575996149359021E+00    0.638295777137342E+00 -0.279751046586828E+00
  0.00000000  0.00000000  0.00500000    0.7628D+01  0.118749767634481E+01  0.594278184714435E+00    0.673445262307661E+00 -0.337022830411437E+00
  0.00000000  0.00000000  0.00500000    0.7860D+01  0.109268942216322E+01  0.748152950506016E+00    0.623075523918432E+00 -0.426613255470890E+00
  0.00000000  0.00000000  0.00500000    0.8100D+01  0.841715191166117E+00  0.796361669213921E+00    0.626893575548037E+00 -0.593115129063166E+00
  0.00000000  0.00000000  0.00500000    0.8346D+01  0.660594829707535E+00  0.569069978867414E+00    0.868945132220206E+00 -0.748553524477962E+00
  0.00000000  0.00000000  0.00500000    0.8600D+01  0.677629140510808E+00  0.382125124710601E+00    0.111967642799901E+01 -0.631402147732486E+00
  0.00000000  0.00000000  0.00500000    0.8862D+01  0.794885315343273E+00  0.318072045822461E+00    0.108440896332716E+01 -0.433924455284130E+00
  0.00000000  0.00000000  0.00500000    0.9132D+01  0.786147167675763E+00  0.518303293248659E+00    0.886633137587285E+00 -0.584553241441449E+00
  0.00000000  0.00000000  0.00500000    0.9410D+01  0.596833334901080E+00  0.427463203814131E+00    0.110743138587429E+01 -0.793163083440384E+00
  0.00000000  0.00000000  0.00500000    0.9697D+01  0.541988029112479E+00  0.266124282262109E+00    0.148663723108529E+01 -0.729961262713788E+00
  0.00000000  0.00000000  0.00500000    0.9992D+01  0.581596295802143E+00  0.135986521687370E+00    0.163027852164766E+01 -0.381185208951046E+00
  0.00000000  0.00000000  0.00500000    0.1030D+02  0.635989112730292E+00  0.863064029131040E-01    0.154392166413460E+01 -0.209516676534020E+00
  0.00000000  0.00000000  0.00500000    0.1061D+02  0.683777288308707E+00  0.265003018245132E-01    0.146027114608618E+01 -0.565939038610486E-01
  0.00000000  0.00000000  0.00500000    0.1093D+02  0.742738850325457E+00  0.108519646288153E-02    0.134636536762414E+01 -0.196713950542871E-02
  0.00000000  0.00000000  0.00500000    0.1127D+02  0.787332483990221E+00  0.193433497406489E-09    0.127011144635107E+01 -0.312043646311377E-09
  0.00000000  0.00000000  0.00500000    0.1161D+02  0.816406283616618E+00  0.895898861705316E-05    0.122488033219153E+01 -0.134414557721722E-04
  0.00000000  0.00000000  0.00500000    0.1196D+02  0.838399765195198E+00  0.258833117337706E-17    0.119274842564773E+01 -0.368228625562850E-17
  0.00000000  0.00000000  0.00500000    0.1233D+02  0.856073326577193E+00  0.246351245198175E-17    0.116812423533655E+01 -0.336149779449269E-17
  0.00000000  0.00000000  0.00500000    0.1270D+02  0.870730032447495E+00  0.234883011762998E-17    0.114846159284198E+01 -0.309802243828222E-17
