 q(1:3)   w(Ry)   eps    epsi  --- NO LFC
  0.00000000  0.00000000  0.01750000    0.0000D+00  0.316324794584919E+01 -0.538437421033314E-17    0.316130767211024E+00  0.538107154166479E-18
  0.00000000  0.00000000  0.01750000    0.1015D-04  0.316324794622689E+01 -0.538437420851652E-17    0.316130767173277E+00  0.538107153856427E-18
  0.00000000  0.00000000  0.01750000    0.3076D-04  0.316324794931781E+01 -0.538437419365890E-17    0.316130766864375E+00  0.538107151319970E-18
  0.00000000  0.00000000  0.01750000    0.5200D-04  0.316324795576084E+01 -0.538437416268514E-17    0.316130766220467E+00  0.538107146032417E-18
  0.00000000  0.00000000  0.01750000    0.7389D-04  0.316324796585954E+01 -0.538437411413898E-17    0.316130765211217E+00  0.538107137744954E-18
  0.00000000  0.00000000  0.01750000    0.9644D-04  0.316324797993916E+01 -0.538437404645172E-17    0.316130763804118E+00  0.538107126190148E-18
  0.00000000  0.00000000  0.01750000    0.1197D-03  0.316324799834809E+01 -0.538437395795414E-17    0.316130761964355E+00  0.538107111082651E-18
  0.00000000  0.00000000  0.01750000    0.1436D-03  0.316324802145936E+01 -0.538437384685030E-17    0.316130759654645E+00  0.538107092116065E-18
  0.00000000  0.00000000  0.01750000    0.1683D-03  0.316324804967229E+01 -0.538437371122310E-17    0.316130756835082E+00  0.538107068962935E-18
  0.00000000  0.00000000  0.01750000    0.1937D-03  0.316324808341420E+01 -0.538437354901223E-17    0.316130753462962E+00  0.538107041271980E-18
  0.00000000  0.00000000  0.01750000    0.2199D-03  0.316324812314223E+01 -0.538437335802573E-17    0.316130749492595E+00  0.538107008668601E-18
  0.00000000  0.00000000  0.01750000    0.2469D-03  0.316324816934532E+01 -0.538437313591370E-17    0.316130744875121E+00  0.538106970751612E-18
  0.00000000  0.00000000  0.01750000    0.2748D-03  0.316324822254623E+01 -0.538437288016009E-17    0.316130739558294E+00  0.538106927091699E-18
  0.00000000  0.00000000  0.01750000    0.3034D-03  0.316324828330378E+01 -0.538437258807859E-17    0.316130733486267E+00  0.538106877230278E-18
  0.00000000  0.00000000  0.01750000    0.3330D-03  0.316324835221522E+01 -0.538437225679938E-17    0.316130726599352E+00  0.538106820677345E-18
  0.00000000  0.00000000  0.01750000    0.3634D-03  0.316324842991864E+01 -0.538437188324963E-17    0.316130718833778E+00  0.538106756908711E-18
  0.00000000  0.00000000  0.01750000    0.3948D-03  0.316324851709570E+01 -0.538437146416135E-17    0.316130710121423E+00  0.538106685365865E-18
  0.00000000  0.00000000  0.01750000    0.4271D-03  0.316324861447440E+01 -0.538437099603113E-17    0.316130700389529E+00  0.538106605450997E-18
  0.00000000  0.00000000  0.01750000    0.4604D-03  0.316324872283211E+01 -0.538437047511977E-17    0.316130689560410E+00  0.538106516525944E-18
  0.00000000  0.00000000  0.01750000    0.4948D-03  0.316324884299868E+01 -0.538436989743570E-17    0.316130677551129E+00  0.538106417909455E-18
  0.00000000  0.00000000  0.01750000    0.5301D-03  0.316324897585992E+01 -0.538436925872762E-17    0.316130664273163E+00  0.538106308875301E-18
  0.00000000  0.00000000  0.01750000    0.5666D-03  0.316324912236118E+01 -0.538436855444653E-17    0.316130649632034E+00  0.538106188647234E-18
  0.00000000  0.00000000  0.01750000    0.6041D-03  0.316324928351107E+01 -0.538436777974582E-17    0.316130633526942E+00  0.538106056397735E-18
  0.00000000  0.00000000  0.01750000    0.6428D-03  0.316324946038565E+01 -0.538436692944672E-17    0.316130615850349E+00  0.538105911243158E-18
  0.00000000  0.00000000  0.01750000    0.6827D-03  0.316324965413272E+01 -0.538436599803525E-17    0.316130596487546E+00  0.538105752241941E-18
  0.00000000  0.00000000  0.01750000    0.7238D-03  0.316324986597635E+01 -0.538436497962952E-17    0.316130575316202E+00  0.538105578389809E-18
  0.00000000  0.00000000  0.01750000    0.7662D-03  0.316325009722187E+01 -0.538436386794989E-17    0.316130552205864E+00  0.538105388615092E-18
  0.00000000  0.00000000  0.01750000    0.8098D-03  0.316325034926096E+01 -0.538436265630789E-17    0.316130527017450E+00  0.538105181775881E-18
  0.00000000  0.00000000  0.01750000    0.8548D-03  0.316325062357720E+01 -0.538436133757136E-17    0.316130499602696E+00  0.538104956654672E-18
  0.00000000  0.00000000  0.01750000    0.9011D-03  0.316325092175196E+01 -0.538435990413262E-17    0.316130469803563E+00  0.538104711953161E-18
  0.00000000  0.00000000  0.01750000    0.9488D-03  0.316325124547062E+01 -0.538435834789902E-17    0.316130437451617E+00  0.538104446289198E-18
  0.00000000  0.00000000  0.01750000    0.9980D-03  0.316325159652913E+01 -0.538435666023105E-17    0.316130402367377E+00  0.538104158188365E-18
  0.00000000  0.00000000  0.01750000    0.1049D-02  0.316325197684111E+01 -0.538435483192816E-17    0.316130364359598E+00  0.538103846080141E-18
  0.00000000  0.00000000  0.01750000    0.1101D-02  0.316325238844533E+01 -0.538435285318680E-17    0.316130323224534E+00  0.538103508291181E-18
  0.00000000  0.00000000  0.01750000    0.1155D-02  0.316325283351361E+01 -0.538435071356930E-17    0.316130278745136E+00  0.538103143039487E-18
  0.00000000  0.00000000  0.01750000    0.1210D-02  0.316325331435930E+01 -0.538434840195398E-17    0.316130230690217E+00  0.538102748426576E-18
  0.00000000  0.00000000  0.01750000    0.1267D-02  0.316325383344622E+01 -0.538434590649545E-17    0.316130178813550E+00  0.538102322430442E-18
  0.00000000  0.00000000  0.01750000    0.1326D-02  0.316325439339823E+01 -0.538434321457529E-17    0.316130122852913E+00  0.538101862897388E-18
  0.00000000  0.00000000  0.01750000    0.1387D-02  0.316325499700935E+01 -0.538434031276449E-17    0.316130062529083E+00  0.538101367534826E-18
  0.00000000  0.00000000  0.01750000    0.1450D-02  0.316325564725447E+01 -0.538433718675959E-17    0.316129997544759E+00  0.538100833901248E-18
  0.00000000  0.00000000  0.01750000    0.1514D-02  0.316325634730088E+01 -0.538433382133247E-17    0.316129927583414E+00  0.538100259397300E-18
  0.00000000  0.00000000  0.01750000    0.1580D-02  0.316325710052034E+01 -0.538433020027010E-17    0.316129852308086E+00  0.538099641255640E-18
  0.00000000  0.00000000  0.01750000    0.1649D-02  0.316325791050203E+01 -0.538432630631642E-17    0.316129771360090E+00  0.538098976530746E-18
  0.00000000  0.00000000  0.01750000    0.1719D-02  0.316325878106626E+01 -0.538432212111081E-17    0.316129684357637E+00  0.538098262088076E-18
  0.00000000  0.00000000  0.01750000    0.1792D-02  0.316325971627905E+01 -0.538431762509310E-17    0.316129590894389E+00  0.538097494589652E-18
  0.00000000  0.00000000  0.01750000    0.1867D-02  0.316326072046762E+01 -0.538431279746533E-17    0.316129490537907E+00  0.538096670484949E-18
  0.00000000  0.00000000  0.01750000    0.1944D-02  0.316326179823679E+01 -0.538430761608414E-17    0.316129382828004E+00  0.538095785994562E-18
  0.00000000  0.00000000  0.01750000    0.2024D-02  0.316326295448654E+01 -0.538430205738750E-17    0.316129267275006E+00  0.538094837096938E-18
  0.00000000  0.00000000  0.01750000    0.2106D-02  0.316326419443051E+01 -0.538429609631091E-17    0.316129143357889E+00  0.538093819513684E-18
  0.00000000  0.00000000  0.01750000    0.2190D-02  0.316326552361576E+01 -0.538428970618129E-17    0.316129010522314E+00  0.538092728692265E-18
  0.00000000  0.00000000  0.01750000    0.2277D-02  0.316326694794373E+01 -0.538428285862075E-17    0.316128868178528E+00  0.538091559789252E-18
  0.00000000  0.00000000  0.01750000    0.2367D-02  0.316326847369248E+01 -0.538427552344149E-17    0.316128715699145E+00  0.538090307652266E-18
  0.00000000  0.00000000  0.01750000    0.2459D-02  0.316327010754037E+01 -0.538426766853054E-17    0.316128552416777E+00  0.538088966800407E-18
  0.00000000  0.00000000  0.01750000    0.2554D-02  0.316327185659117E+01 -0.538425925973215E-17    0.316128377621527E+00  0.538087531403973E-18
  0.00000000  0.00000000  0.01750000    0.2652D-02  0.316327372840074E+01 -0.538425026070313E-17    0.316128190558321E+00  0.538085995260925E-18
  0.00000000  0.00000000  0.01750000    0.2753D-02  0.316327573100542E+01 -0.538424063280746E-17    0.316127990424078E+00  0.538084351776722E-18
  0.00000000  0.00000000  0.01750000    0.2858D-02  0.316327787295215E+01 -0.538423033493785E-17    0.316127776364693E+00  0.538082593936247E-18
  0.00000000  0.00000000  0.01750000    0.2965D-02  0.316328016333043E+01 -0.538421932338341E-17    0.316127547471849E+00  0.538080714279730E-18
  0.00000000  0.00000000  0.01750000    0.3075D-02  0.316328261180636E+01 -0.538420755165961E-17    0.316127302779615E+00  0.538078704874182E-18
  0.00000000  0.00000000  0.01750000    0.3189D-02  0.316328522865870E+01 -0.538419497032809E-17    0.316127041260842E+00  0.538076557283154E-18
  0.00000000  0.00000000  0.01750000    0.3307D-02  0.316328802481729E+01 -0.538418152682696E-17    0.316126761823328E+00  0.538074262536716E-18
  0.00000000  0.00000000  0.01750000    0.3428D-02  0.316329101190374E+01 -0.538416716525527E-17    0.316126463305751E+00  0.538071811096111E-18
  0.00000000  0.00000000  0.01750000    0.3553D-02  0.316329420227477E+01 -0.538415182618434E-17    0.316126144473343E+00  0.538069192820188E-18
  0.00000000  0.00000000  0.01750000    0.3681D-02  0.316329760906811E+01 -0.538413544641798E-17    0.316125804013298E+00  0.538066396925833E-18
  0.00000000  0.00000000  0.01750000    0.3813D-02  0.316330124625144E+01 -0.538411795877355E-17    0.316125440529894E+00  0.538063411949515E-18
  0.00000000  0.00000000  0.01750000    0.3950D-02  0.316330512867418E+01 -0.538409929181419E-17    0.316125052539312E+00  0.538060225702920E-18
  0.00000000  0.00000000  0.01750000    0.4090D-02  0.316330927212267E+01 -0.538407936960368E-17    0.316124638464127E+00  0.538056825229741E-18
  0.00000000  0.00000000  0.01750000    0.4235D-02  0.316331369337865E+01 -0.538405811140499E-17    0.316124196627469E+00  0.538053196755715E-18
  0.00000000  0.00000000  0.01750000    0.4385D-02  0.316331841028152E+01 -0.538403543139202E-17    0.316123725246807E+00  0.538049325638697E-18
  0.00000000  0.00000000  0.01750000    0.4538D-02  0.316332344179430E+01 -0.538401123833172E-17    0.316123222427354E+00  0.538045196314511E-18
  0.00000000  0.00000000  0.01750000    0.4697D-02  0.316332880807385E+01 -0.538398543523611E-17    0.316122686155063E+00  0.538040792238389E-18
  0.00000000  0.00000000  0.01750000    0.4860D-02  0.316333453054544E+01 -0.538395791900258E-17    0.316122114289182E+00  0.538036095823735E-18
  0.00000000  0.00000000  0.01750000    0.5029D-02  0.316334063198183E+01 -0.538392858005402E-17    0.316121504554349E+00  0.538031088379361E-18
  0.00000000  0.00000000  0.01750000    0.5202D-02  0.316334713658743E+01 -0.538389730190317E-17    0.316120854532198E+00  0.538025750037435E-18
  0.00000000  0.00000000  0.01750000    0.5381D-02  0.316335407008759E+01 -0.538386396073801E-17    0.316120161652442E+00  0.538020059681820E-18
  0.00000000  0.00000000  0.01750000    0.5565D-02  0.316336145982355E+01 -0.538382842495395E-17    0.316119423183394E+00  0.538013994869158E-18
  0.00000000  0.00000000  0.01750000    0.5755D-02  0.316336933485320E+01 -0.538379055468166E-17    0.316118636221908E+00  0.538007531747580E-18
  0.00000000  0.00000000  0.01750000    0.5950D-02  0.316337772605812E+01 -0.538375020125824E-17    0.316117797682700E+00  0.538000644967645E-18
  0.00000000  0.00000000  0.01750000    0.6152D-02  0.316338666625739E+01 -0.538370720666860E-17    0.316116904286981E+00  0.537993307587999E-18
  0.00000000  0.00000000  0.01750000    0.6360D-02  0.316339619032836E+01 -0.538366140298444E-17    0.316115952550414E+00  0.537985490978502E-18
  0.00000000  0.00000000  0.01750000    0.6574D-02  0.316340633533502E+01 -0.538361261172338E-17    0.316114938770297E+00  0.537977164712765E-18
  0.00000000  0.00000000  0.01750000    0.6794D-02  0.316341714066432E+01 -0.538356064319484E-17    0.316113859011967E+00  0.537968296456749E-18
  0.00000000  0.00000000  0.01750000    0.7021D-02  0.316342864817101E+01 -0.538350529579591E-17    0.316112709094345E+00  0.537958851849472E-18
  0.00000000  0.00000000  0.01750000    0.7255D-02  0.316344090233150E+01 -0.538344635527871E-17    0.316111484574593E+00  0.537948794377858E-18
  0.00000000  0.00000000  0.01750000    0.7497D-02  0.316345395040725E+01 -0.538338359393794E-17    0.316110180731812E+00  0.537938085240443E-18
  0.00000000  0.00000000  0.01750000    0.7745D-02  0.316346784261851E+01 -0.538331676979090E-17    0.316108792549718E+00  0.537926683206833E-18
  0.00000000  0.00000000  0.01750000    0.8001D-02  0.316348263232863E+01 -0.538324562565246E-17    0.316107314698265E+00  0.537914544463163E-18
  0.00000000  0.00000000  0.01750000    0.8265D-02  0.316349837624010E+01 -0.538316988821333E-17    0.316105741514091E+00  0.537901622453955E-18
  0.00000000  0.00000000  0.01750000    0.8537D-02  0.316351513460270E+01 -0.538308926701044E-17    0.316104066979780E+00  0.537887867709191E-18
  0.00000000  0.00000000  0.01750000    0.8818D-02  0.316353297143467E+01 -0.538300345335613E-17    0.316102284701808E+00  0.537873227662907E-18
  0.00000000  0.00000000  0.01750000    0.9107D-02  0.316355195475768E+01 -0.538291211919705E-17    0.316100387887133E+00  0.537857646460200E-18
  0.00000000  0.00000000  0.01750000    0.9404D-02  0.316357215684644E+01 -0.538281491589002E-17    0.316098369318320E+00  0.537841064751080E-18
  0.00000000  0.00000000  0.01750000    0.9711D-02  0.316359365449396E+01 -0.538271147292077E-17    0.316096221327122E+00  0.537823419473436E-18
  0.00000000  0.00000000  0.01750000    0.1003D-01  0.316361652929330E+01 -0.538260139651568E-17    0.316093935766413E+00  0.537804643619843E-18
  0.00000000  0.00000000  0.01750000    0.1035D-01  0.316364086793711E+01 -0.538248426818296E-17    0.316091503980369E+00  0.537784665991503E-18
  0.00000000  0.00000000  0.01750000    0.1069D-01  0.316366676253560E+01 -0.538235964317242E-17    0.316088916772803E+00  0.537763410937904E-18
  0.00000000  0.00000000  0.01750000    0.1103D-01  0.316369431095477E+01 -0.538222704879538E-17    0.316086164373514E+00  0.537740798075934E-18
  0.00000000  0.00000000  0.01750000    0.1139D-01  0.316372361717551E+01 -0.538208598267771E-17    0.316083236402545E+00  0.537716741995408E-18
  0.00000000  0.00000000  0.01750000    0.1176D-01  0.316375479167537E+01 -0.538193591088864E-17    0.316080121832214E+00  0.537691151944812E-18
  0.00000000  0.00000000  0.01750000    0.1214D-01  0.316378795183422E+01 -0.538177626595024E-17    0.316076808946771E+00  0.537663931497315E-18
  0.00000000  0.00000000  0.01750000    0.1253D-01  0.316382322236537E+01 -0.538160644470060E-17    0.316073285299540E+00  0.537634978193881E-18
  0.00000000  0.00000000  0.01750000    0.1293D-01  0.316386073577370E+01 -0.538142580605805E-17    0.316069537667389E+00  0.537604183167746E-18
  0.00000000  0.00000000  0.01750000    0.1334D-01  0.316390063284266E+01 -0.538123366859956E-17    0.316065552002350E+00  0.537571430740989E-18
  0.00000000  0.00000000  0.01750000    0.1377D-01  0.316394306315179E+01 -0.538102930801555E-17    0.316061313380223E+00  0.537536597998911E-18
  0.00000000  0.00000000  0.01750000    0.1421D-01  0.316398818562692E+01 -0.538081195438532E-17    0.316056805945961E+00  0.537499554336009E-18
  0.00000000  0.00000000  0.01750000    0.1466D-01  0.316403616912494E+01 -0.538058078926901E-17    0.316052012855644E+00  0.537460160972555E-18
  0.00000000  0.00000000  0.01750000    0.1513D-01  0.316408719305551E+01 -0.538033494262988E-17    0.316046916214820E+00  0.537418270442456E-18
  0.00000000  0.00000000  0.01750000    0.1561D-01  0.316414144804194E+01 -0.538007348953115E-17    0.316041497012982E+00  0.537373726046126E-18
  0.00000000  0.00000000  0.01750000    0.1610D-01  0.316419913662393E+01 -0.537979544663958E-17    0.316035735053944E+00  0.537326361270881E-18
  0.00000000  0.00000000  0.01750000    0.1662D-01  0.316426047400469E+01 -0.537949976848544E-17    0.316029608881850E+00  0.537275999172986E-18
  0.00000000  0.00000000  0.01750000    0.1714D-01  0.316432568884544E+01 -0.537918534347970E-17    0.316023095702537E+00  0.537222451720645E-18
  0.00000000  0.00000000  0.01750000    0.1768D-01  0.316439502411031E+01 -0.537885098967440E-17    0.316016171299965E+00  0.537165519095658E-18
  0.00000000  0.00000000  0.01750000    0.1824D-01  0.316446873796490E+01 -0.537849545021601E-17    0.316008809947388E+00  0.537104988947772E-18
  0.00000000  0.00000000  0.01750000    0.1882D-01  0.316454710473202E+01 -0.537811738853960E-17    0.316000984312946E+00  0.537040635605581E-18
  0.00000000  0.00000000  0.01750000    0.1941D-01  0.316463041590836E+01 -0.537771538319446E-17    0.315992665359302E+00  0.536972219231982E-18
  0.00000000  0.00000000  0.01750000    0.2002D-01  0.316471898124609E+01 -0.537728792235582E-17    0.315983822236961E+00  0.536899484928553E-18
  0.00000000  0.00000000  0.01750000    0.2065D-01  0.316481312990357E+01 -0.537683339795581E-17    0.315974422170850E+00  0.536822161781090E-18
  0.00000000  0.00000000  0.01750000    0.2130D-01  0.316491321166988E+01 -0.537635009939413E-17    0.315964430339743E+00  0.536739961841099E-18
  0.00000000  0.00000000  0.01750000    0.2197D-01  0.316501959826795E+01 -0.537583620686453E-17    0.315953809748049E+00  0.536652579045596E-18
  0.00000000  0.00000000  0.01750000    0.2266D-01  0.316513268474157E+01 -0.537528978417917E-17    0.315942521089491E+00  0.536559688062118E-18
  0.00000000  0.00000000  0.01750000    0.2337D-01  0.316525289093190E+01 -0.537470877112920E-17    0.315930522602124E+00  0.536460943061374E-18
  0.00000000  0.00000000  0.01750000    0.2410D-01  0.316538066304946E+01 -0.537409097528596E-17    0.315917769914163E+00  0.536355976406506E-18
  0.00000000  0.00000000  0.01750000    0.2486D-01  0.316551647534799E+01 -0.537343406326835E-17    0.315904215879991E+00  0.536244397260012E-18
  0.00000000  0.00000000  0.01750000    0.2564D-01  0.316566083190725E+01 -0.537273555134651E-17    0.315889810405721E+00  0.536125790093691E-18
  0.00000000  0.00000000  0.01750000    0.2644D-01  0.316581426853195E+01 -0.537199279543832E-17    0.315874500263630E+00  0.535999713105650E-18
  0.00000000  0.00000000  0.01750000    0.2726D-01  0.316597735477501E+01 -0.537120298033737E-17    0.315858228894712E+00  0.535865696526412E-18
  0.00000000  0.00000000  0.01750000    0.2811D-01  0.316615069609348E+01 -0.537036310821568E-17    0.315840936198596E+00  0.535723240816697E-18
  0.00000000  0.00000000  0.01750000    0.2899D-01  0.316633493614650E+01 -0.536946998624340E-17    0.315822558309963E+00  0.535571814739149E-18
  0.00000000  0.00000000  0.01750000    0.2989D-01  0.316653075924515E+01 -0.536852021336682E-17    0.315803027360575E+00  0.535410853306170E-18
  0.00000000  0.00000000  0.01750000    0.3082D-01  0.316673889296477E+01 -0.536751016606053E-17    0.315782271225961E+00  0.535239755583437E-18
  0.00000000  0.00000000  0.01750000    0.3178D-01  0.316696011093130E+01 -0.536643598304339E-17    0.315760213255712E+00  0.535057882345923E-18
  0.00000000  0.00000000  0.01750000    0.3277D-01  0.316719523579409E+01 -0.536529354886873E-17    0.315736771986295E+00  0.534864553575263E-18
  0.00000000  0.00000000  0.01750000    0.3379D-01  0.316744514239850E+01 -0.536407847623449E-17    0.315711860835186E+00  0.534659045780847E-18
  0.00000000  0.00000000  0.01750000    0.3484D-01  0.316771076117261E+01 -0.536278608698886E-17    0.315685387775058E+00  0.534440589139860E-18
  0.00000000  0.00000000  0.01750000    0.3592D-01  0.316799308174394E+01 -0.536141139163206E-17    0.315657254986653E+00  0.534208364434029E-18
  0.00000000  0.00000000  0.01750000    0.3703D-01  0.316829315680285E+01 -0.535994906724707E-17    0.315627358488856E+00  0.533961499773952E-18
  0.00000000  0.00000000  0.01750000    0.3818D-01  0.316861210623089E+01 -0.535839343369981E-17    0.315595587744413E+00  0.533699067092775E-18
  0.00000000  0.00000000  0.01750000    0.3936D-01  0.316895112151429E+01 -0.535673842790628E-17    0.315561825239560E+00  0.533420078386454E-18
  0.00000000  0.00000000  0.01750000    0.4058D-01  0.316931147046375E+01 -0.535497757608553E-17    0.315525946035741E+00  0.533123481690279E-18
  0.00000000  0.00000000  0.01750000    0.4184D-01  0.316969450226407E+01 -0.535310396370931E-17    0.315487817291449E+00  0.532808156760388E-18
  0.00000000  0.00000000  0.01750000    0.4313D-01  0.317010165287935E+01 -0.535111020297989E-17    0.315447297752019E+00  0.532472910441243E-18
  0.00000000  0.00000000  0.01750000    0.4447D-01  0.317053445084095E+01 -0.534898839762935E-17    0.315404237205106E+00  0.532116471696360E-18
  0.00000000  0.00000000  0.01750000    0.4584D-01  0.317099452344912E+01 -0.534673010469653E-17    0.315358475899319E+00  0.531737486266005E-18
  0.00000000  0.00000000  0.01750000    0.4726D-01  0.317148360342083E+01 -0.534432629306146E-17    0.315309843923323E+00  0.531334510928234E-18
  0.00000000  0.00000000  0.01750000    0.4872D-01  0.317200353602001E+01 -0.534176729837932E-17    0.315258160542508E+00  0.530906007326268E-18
  0.00000000  0.00000000  0.01750000    0.5022D-01  0.317255628670994E+01 -0.533904277402562E-17    0.315203233490000E+00  0.530450335322344E-18
  0.00000000  0.00000000  0.01750000    0.5177D-01  0.317314394937091E+01 -0.533614163770202E-17    0.315144858208609E+00  0.529965745842718E-18
  0.00000000  0.00000000  0.01750000    0.5337D-01  0.317376875513064E+01 -0.533305201317162E-17    0.315082817039970E+00  0.529450373161049E-18
  0.00000000  0.00000000  0.01750000    0.5501D-01  0.317443308186011E+01 -0.532976116668259E-17    0.315016878356759E+00  0.528902226576977E-18
  0.00000000  0.00000000  0.01750000    0.5671D-01  0.317513946439191E+01 -0.532625543742024E-17    0.314946795633594E+00  0.528319181426185E-18
  0.00000000  0.00000000  0.01750000    0.5846D-01  0.317589060552498E+01 -0.532252016141751E-17    0.314872306451720E+00  0.527698969368083E-18
  0.00000000  0.00000000  0.01750000    0.6026D-01  0.317668938788556E+01 -0.531853958812521E-17    0.314793131432221E+00  0.527039167876140E-18
  0.00000000  0.00000000  0.01750000    0.6211D-01  0.317753888672236E+01 -0.531429678885102E-17    0.314708973091908E+00  0.526337188858159E-18
  0.00000000  0.00000000  0.01750000    0.6403D-01  0.317844238372159E+01 -0.530977355611564E-17    0.314619514615557E+00  0.525590266320193E-18
  0.00000000  0.00000000  0.01750000    0.6600D-01  0.317940338193744E+01 -0.530495029284366E-17    0.314524418537489E+00  0.524795442977157E-18
  0.00000000  0.00000000  0.01750000    0.6803D-01  0.318042562194461E+01 -0.529980589022579E-17    0.314423325324794E+00  0.523949555708158E-18
  0.00000000  0.00000000  0.01750000    0.7012D-01  0.318151309933080E+01 -0.529431759281495E-17    0.314315851853742E+00  0.523049219731300E-18
  0.00000000  0.00000000  0.01750000    0.7227D-01  0.318267008366188E+01 -0.528846084937494E-17    0.314201589770005E+00  0.522090811372507E-18
  0.00000000  0.00000000  0.01750000    0.7450D-01  0.318390113906763E+01 -0.528220914758333E-17    0.314080103722328E+00  0.521070449267100E-18
  0.00000000  0.00000000  0.01750000    0.7678D-01  0.318521114661387E+01 -0.527553383066814E-17    0.313950929458186E+00  0.519983973837056E-18
  0.00000000  0.00000000  0.01750000    0.7914D-01  0.318660532864793E+01 -0.526840389351117E-17    0.313813571768644E+00  0.518826924840442E-18
  0.00000000  0.00000000  0.01750000    0.8157D-01  0.318808927532724E+01 -0.526078575561106E-17    0.313667502268222E+00  0.517594516785099E-18
  0.00000000  0.00000000  0.01750000    0.8408D-01  0.318966897356864E+01 -0.525264300777568E-17    0.313512156993892E+00  0.516281611958063E-18
  0.00000000  0.00000000  0.01750000    0.8666D-01  0.319135083868678E+01 -0.524393612893409E-17    0.313346933805464E+00  0.514882690788503E-18
  0.00000000  0.00000000  0.01750000    0.8932D-01  0.319314174902624E+01 -0.523462216896058E-17    0.313171189567439E+00  0.513391819229256E-18
  0.00000000  0.00000000  0.01750000    0.9206D-01  0.319504908393432E+01 -0.522465439272003E-17    0.312984237089910E+00  0.511802612794396E-18
  0.00000000  0.00000000  0.01750000    0.9488D-01  0.319708076546936E+01 -0.521398187967645E-17    0.312785341803272E+00  0.510108196829128E-18
  0.00000000  0.00000000  0.01750000    0.9779D-01  0.319924530429719E+01 -0.520254907267922E-17    0.312573718138091E+00  0.508301162545727E-18
  0.00000000  0.00000000  0.01750000    0.1008D+00  0.320155185029421E+01 -0.519029526817600E-17    0.312348525577714E+00  0.506373518260770E-18
  0.00000000  0.00000000  0.01750000    0.1039D+00  0.320401024845407E+01 -0.517715403908883E-17    0.312108864346641E+00  0.504316635212787E-18
  0.00000000  0.00000000  0.01750000    0.1071D+00  0.320663110078665E+01 -0.516305257973857E-17    0.311853770692450E+00  0.502121187211046E-18
  0.00000000  0.00000000  0.01750000    0.1103D+00  0.320942583500771E+01 -0.514791096058669E-17    0.311582211712831E+00  0.499777083272737E-18
  0.00000000  0.00000000  0.01750000    0.1137D+00  0.321240678094558E+01 -0.513164127807465E-17    0.311293079672073E+00  0.497273392242678E-18
  0.00000000  0.00000000  0.01750000    0.1172D+00  0.321558725574718E+01 -0.511414668233142E-17    0.310985185742577E+00  0.494598258242589E-18
  0.00000000  0.00000000  0.01750000    0.1208D+00  0.321898165914870E+01 -0.509532026199210E-17    0.310657253096764E+00  0.491738805575352E-18
  0.00000000  0.00000000  0.01750000    0.1245D+00  0.322260558029980E+01 -0.507504376149053E-17    0.310307909262346E+00  0.488681031482770E-18
  0.00000000  0.00000000  0.01750000    0.1283D+00  0.322647591789768E+01 -0.505318610120889E-17    0.309935677639145E+00  0.485409684859936E-18
  0.00000000  0.00000000  0.01750000    0.1322D+00  0.323061101571455E+01 -0.502960166474038E-17    0.309538968057663E+00  0.481908128670358E-18
  0.00000000  0.00000000  0.01750000    0.1363D+00  0.323503081599988E+01 -0.500412831007501E-17    0.309116066237817E+00  0.478158183380884E-18
  0.00000000  0.00000000  0.01750000    0.1405D+00  0.323975703372884E+01 -0.497658505218125E-17    0.308665121979545E+00  0.474139948206275E-18
  0.00000000  0.00000000  0.01750000    0.1448D+00  0.324481335527295E+01 -0.494676935281471E-17    0.308184135884106E+00  0.469831596303615E-18
  0.00000000  0.00000000  0.01750000    0.1492D+00  0.325022566582183E+01 -0.491445393875438E-17    0.307670944364150E+00  0.465209139251677E-18
  0.00000000  0.00000000  0.01750000    0.1537D+00  0.325602231082679E+01 -0.487938305128627E-17    0.307123202649699E+00  0.460246155157694E-18
  0.00000000  0.00000000  0.01750000    0.1585D+00  0.326223439792579E+01 -0.484126800619168E-17    0.306538365433160E+00  0.454913473472487E-18
  0.00000000  0.00000000  0.01750000    0.1633D+00  0.326889614731969E+01 -0.479978191351416E-17    0.305913664715211E+00  0.449178808020819E-18
  0.00000000  0.00000000  0.01750000    0.1683D+00  0.327604530050692E+01 -0.475455336768472E-17    0.305246084309416E+00  0.443006327751737E-18
  0.00000000  0.00000000  0.01750000    0.1734D+00  0.328372359978738E+01 -0.470515886826022E-17    0.304532330329127E+00  0.436356152147770E-18
  0.00000000  0.00000000  0.01750000    0.1787D+00  0.329197735421712E+01 -0.465111366566043E-17    0.303768796805048E+00  0.429183754928102E-18
  0.00000000  0.00000000  0.01750000    0.1842D+00  0.330085811200955E+01 -0.459186063923954E-17    0.302951525350844E+00  0.421439255384781E-18
  0.00000000  0.00000000  0.01750000    0.1898D+00  0.331042346513515E+01 -0.452675669900098E-17    0.302076157486147E+00  0.413066571062703E-18
  0.00000000  0.00000000  0.01750000    0.1956D+00  0.332073801964517E+01 -0.445505604577811E-17    0.301137877810322E+00  0.404002398025670E-18
  0.00000000  0.00000000  0.01750000    0.2016D+00  0.333187457588193E+01 -0.437588941174026E-17    0.300131345651061E+00  0.394174974974320E-18
  0.00000000  0.00000000  0.01750000    0.2078D+00  0.334391557750455E+01 -0.428823810945124E-17    0.299050612021212E+00  0.383502573973798E-18
  0.00000000  0.00000000  0.01750000    0.2141D+00  0.335695490908615E+01 -0.419090130784417E-17    0.297889017601439E+00  0.371891642059064E-18
  0.00000000  0.00000000  0.01750000    0.2207D+00  0.337110015192371E+01 -0.408245437325484E-17    0.296639065863811E+00  0.359234492343066E-18
  0.00000000  0.00000000  0.01750000    0.2274D+00  0.338647545142245E+01 -0.396119527967138E-17    0.295292263104982E+00  0.345406407196488E-18
  0.00000000  0.00000000  0.01750000    0.2343D+00  0.340322521475488E+01 -0.382507487336760E-17    0.293838913647102E+00  0.330261964602340E-18
  0.00000000  0.00000000  0.01750000    0.2415D+00  0.342151895750059E+01 -0.367160496178480E-17    0.292267853085489E+00  0.313630324101072E-18
  0.00000000  0.00000000  0.01750000    0.2489D+00  0.344155777522106E+01 -0.349773543780560E-17    0.290566093993807E+00  0.295309098485673E-18
  0.00000000  0.00000000  0.01750000    0.2565D+00  0.346358317084706E+01 -0.329968735936020E-17    0.288718344752622E+00  0.275056271382286E-18
  0.00000000  0.00000000  0.01750000    0.2643D+00  0.348788939678083E+01 -0.307272205636779E-17    0.286706339060796E+00  0.252579365775092E-18
  0.00000000  0.00000000  0.01750000    0.2724D+00  0.351484121908510E+01 -0.281081508234785E-17    0.284507873234825E+00  0.227520667731134E-18
  0.00000000  0.00000000  0.01750000    0.2807D+00  0.354490038402932E+01 -0.250618470205599E-17    0.282095374105646E+00  0.199436665213350E-18
  0.00000000  0.00000000  0.01750000    0.2893D+00  0.357866673359399E+01 -0.214859081877845E-17    0.279433675847127E+00  0.167768801924646E-18
  0.00000000  0.00000000  0.01750000    0.2981D+00  0.361694546914490E+01 -0.172425778851736E-17    0.276476382774002E+00  0.131800869105136E-18
  0.00000000  0.00000000  0.01750000    0.3072D+00  0.366086468540258E+01 -0.121415273438562E-17    0.273159509005461E+00  0.905953629220093E-19
  0.00000000  0.00000000  0.01750000    0.3166D+00  0.371209947775198E+01 -0.591097377568343E-18    0.269389332369291E+00  0.428962986748423E-19
  0.00000000  0.00000000  0.01750000    0.3262D+00  0.377335513524718E+01  0.185380206775406E-18    0.265016136609811E+00 -0.130199105153478E-19
  0.00000000  0.00000000  0.01750000    0.3362D+00  0.384963075440136E+01  0.117897048074290E-17    0.259765173284913E+00 -0.795545055529881E-19
  0.00000000  0.00000000  0.01750000    0.3464D+00  0.395358101490525E+01  0.249803688513258E-17    0.252935249392876E+00 -0.159815008254929E-18
  0.00000000  0.00000000  0.01750000    0.3570D+00  0.413674965275401E+01  0.838316397482318E-02    0.241734689603200E+00 -0.489877732871140E-03
  0.00000000  0.00000000  0.01750000    0.3679D+00  0.429168263140884E+01  0.232843645514933E+00    0.232324978358160E+00 -0.126047053221486E-01
  0.00000000  0.00000000  0.01750000    0.3791D+00  0.430550720990015E+01  0.443389850825148E+00    0.229823327740570E+00 -0.236676716668171E-01
  0.00000000  0.00000000  0.01750000    0.3907D+00  0.426849586221094E+01  0.574185009669126E+00    0.230110752543106E+00 -0.309537947180991E-01
  0.00000000  0.00000000  0.01750000    0.4026D+00  0.423208959510989E+01  0.671037896917407E+00    0.230494994354810E+00 -0.365471648900253E-01
  0.00000000  0.00000000  0.01750000    0.4149D+00  0.421346994914132E+01  0.735739513953784E+00    0.230311696231540E+00 -0.402161205582581E-01
  0.00000000  0.00000000  0.01750000    0.4276D+00  0.419942541593990E+01  0.822897531768820E+00    0.229322235851242E+00 -0.449367909108247E-01
  0.00000000  0.00000000  0.01750000    0.4406D+00  0.417558083057219E+01  0.885399583706757E+00    0.229183127155686E+00 -0.485965075542439E-01
  0.00000000  0.00000000  0.01750000    0.4540D+00  0.417207631686034E+01  0.926660143680699E+00    0.228420182458098E+00 -0.507344216693240E-01
  0.00000000  0.00000000  0.01750000    0.4679D+00  0.418615682348230E+01  0.987678764078384E+00    0.226285862476990E+00 -0.533897200711572E-01
  0.00000000  0.00000000  0.01750000    0.4822D+00  0.419109116339840E+01  0.106053177237790E+01    0.224242764433132E+00 -0.567433556406711E-01
  0.00000000  0.00000000  0.01750000    0.4969D+00  0.420318554755006E+01  0.110512472729589E+01    0.222531242145982E+00 -0.585091415806610E-01
  0.00000000  0.00000000  0.01750000    0.5120D+00  0.424242517618072E+01  0.116047121049128E+01    0.219304979319016E+00 -0.599885924319866E-01
  0.00000000  0.00000000  0.01750000    0.5276D+00  0.429209868604378E+01  0.123804094487691E+01    0.215090430917288E+00 -0.620420870546837E-01
  0.00000000  0.00000000  0.01750000    0.5437D+00  0.435074395096455E+01  0.131951836978941E+01    0.210484884088519E+00 -0.638370527542128E-01
  0.00000000  0.00000000  0.01750000    0.5603D+00  0.443953930350587E+01  0.140881350031092E+01    0.204641151182761E+00 -0.649394445675417E-01
  0.00000000  0.00000000  0.01750000    0.5774D+00  0.456452566676275E+01  0.154295950087112E+01    0.196614432231207E+00 -0.664621317453727E-01
  0.00000000  0.00000000  0.01750000    0.5950D+00  0.472821106918352E+01  0.173500167359327E+01    0.186398004849033E+00 -0.683981416302054E-01
  0.00000000  0.00000000  0.01750000    0.6131D+00  0.499696491352981E+01  0.203278684495820E+01    0.171705910155447E+00 -0.698507036582345E-01
  0.00000000  0.00000000  0.01750000    0.6318D+00  0.500525879367610E+01  0.290444283267797E+01    0.149462447644627E+00 -0.867298081298840E-01
  0.00000000  0.00000000  0.01750000    0.6511D+00  0.432852478870678E+01  0.364708516435750E+01    0.135108672758530E+00 -0.113838515440473E+00
  0.00000000  0.00000000  0.01750000    0.6709D+00  0.361948391055744E+01  0.342600977023725E+01    0.145722432810765E+00 -0.137933056449347E+00
  0.00000000  0.00000000  0.01750000    0.6914D+00  0.333796487080887E+01  0.320158989581107E+01    0.156036632336895E+00 -0.149661642587968E+00
  0.00000000  0.00000000  0.01750000    0.7125D+00  0.324840432936072E+01  0.301723701001178E+01    0.165263997854796E+00 -0.153503258890229E+00
  0.00000000  0.00000000  0.01750000    0.7342D+00  0.331279223815295E+01  0.288896866546924E+01    0.171463077893347E+00 -0.149526871505524E+00
  0.00000000  0.00000000  0.01750000    0.7565D+00  0.372666750750098E+01  0.279078148299384E+01    0.171921917509965E+00 -0.128746796686820E+00
  0.00000000  0.00000000  0.01750000    0.7796D+00  0.428868121372120E+01  0.357108637328804E+01    0.137698507472007E+00 -0.114658385445422E+00
  0.00000000  0.00000000  0.01750000    0.8034D+00  0.355006984683137E+01  0.552014845014620E+01    0.824159483775648E-01 -0.128151920760041E+00
  0.00000000  0.00000000  0.01750000    0.8279D+00  0.162115996158305E+01  0.568766487412532E+01    0.463483980620607E-01 -0.162608355669075E+00
  0.00000000  0.00000000  0.01750000    0.8531D+00  0.544637828281646E+00  0.427321679892438E+01    0.293494353054841E-01 -0.230275044210632E+00
  0.00000000  0.00000000  0.01750000    0.8791D+00  0.552111524011349E+00  0.339843438558010E+01    0.465752473204452E-01 -0.286686502865759E+00
  0.00000000  0.00000000  0.01750000    0.9059D+00  0.705111662353775E+00  0.306950013207126E+01    0.710868738239963E-01 -0.309456190049246E+00
  0.00000000  0.00000000  0.01750000    0.9335D+00  0.785032996650132E+00  0.285275655995999E+01    0.896719725785626E-01 -0.325861854354709E+00
  0.00000000  0.00000000  0.01750000    0.9619D+00  0.568922117621902E+00  0.286998780705995E+01    0.664589637145660E-01 -0.335259272970303E+00
  0.00000000  0.00000000  0.01750000    0.9913D+00  0.804917895940155E+00  0.188325500270528E+01    0.191896481874517E+00 -0.448977481199643E+00
  0.00000000  0.00000000  0.01750000    0.1021D+01  0.138837151762700E+01  0.228731243884109E+01    0.193923600417762E+00 -0.319484992157239E+00
  0.00000000  0.00000000  0.01750000    0.1053D+01  0.139650130644689E+01  0.264797685404528E+01    0.155824785125656E+00 -0.295467266943806E+00
  0.00000000  0.00000000  0.01750000    0.1085D+01  0.147182575352831E+01  0.273886917293544E+01    0.152241949937445E+00 -0.283301730868395E+00
  0.00000000  0.00000000  0.01750000    0.1118D+01  0.946479985385284E+00  0.377769421046592E+01    0.624047337459821E-01 -0.249076583782063E+00
  0.00000000  0.00000000  0.01750000    0.1152D+01  0.465536033366051E-01  0.323386470033147E+01    0.445061081194572E-02 -0.309163462505768E+00
  0.00000000  0.00000000  0.01750000    0.1187D+01 -0.728572012820476E-01  0.263882441560572E+01   -0.104549163369752E-01 -0.378667969777248E+00
  0.00000000  0.00000000  0.01750000    0.1223D+01 -0.235769431965257E+00  0.275067505037562E+01   -0.309335613376920E-01 -0.360895705103077E+00
  0.00000000  0.00000000  0.01750000    0.1260D+01 -0.362580440692354E+00  0.217733192346155E+01   -0.744176239210933E-01 -0.446885297844940E+00
  0.00000000  0.00000000  0.01750000    0.1299D+01 -0.490195035088624E+00  0.238959103006247E+01   -0.823796772060880E-01 -0.401582479666526E+00
  0.00000000  0.00000000  0.01750000    0.1338D+01 -0.101950798000466E+01  0.204297477413587E+01   -0.195564957215144E+00 -0.391889305558623E+00
  0.00000000  0.00000000  0.01750000    0.1379D+01 -0.104598013015508E+01  0.106286234601787E+01   -0.470367511729409E+00 -0.477959286791792E+00
  0.00000000  0.00000000  0.01750000    0.1421D+01 -0.622908398399861E+00  0.728705885125510E+00   -0.677791080822901E+00 -0.792910082365231E+00
  0.00000000  0.00000000  0.01750000    0.1464D+01 -0.265799994190518E+00  0.604693515219898E+00   -0.609208406752829E+00 -0.138594575256776E+01
  0.00000000  0.00000000  0.01750000    0.1509D+01 -0.130167056215687E+00  0.753912235846422E+00   -0.222383435431766E+00 -0.128801862695398E+01
  0.00000000  0.00000000  0.01750000    0.1555D+01 -0.130294437997988E+00  0.614607404016830E+00   -0.330094245435958E+00 -0.155707619132155E+01
  0.00000000  0.00000000  0.01750000    0.1602D+01 -0.389761205466210E-01  0.495490988430985E+00   -0.157778603201391E+00 -0.200578905640456E+01
  0.00000000  0.00000000  0.01750000    0.1651D+01  0.621591832141586E-01  0.424120698412141E+00    0.338295756757816E+00 -0.230823870596336E+01
  0.00000000  0.00000000  0.01750000    0.1701D+01  0.147232987113479E+00  0.365904653058479E+00    0.946447809551327E+00 -0.235212002541875E+01
  0.00000000  0.00000000  0.01750000    0.1753D+01  0.235489624781762E+00  0.302694517016439E+00    0.160110614019422E+01 -0.205803567884269E+01
  0.00000000  0.00000000  0.01750000    0.1807D+01  0.324076793332766E+00  0.272453690632591E+00    0.180789139798059E+01 -0.151990729906091E+01
  0.00000000  0.00000000  0.01750000    0.1862D+01  0.398927163250675E+00  0.248716658612908E+00    0.180507694393704E+01 -0.112540019179669E+01
  0.00000000  0.00000000  0.01750000    0.1919D+01  0.464099976588750E+00  0.232250330977298E+00    0.172317117287561E+01 -0.862329444988384E+00
  0.00000000  0.00000000  0.01750000    0.1977D+01  0.535673312134527E+00  0.207154960532310E+00    0.162394595972316E+01 -0.628010493658066E+00
  0.00000000  0.00000000  0.01750000    0.2037D+01  0.605685357600392E+00  0.222657628724243E+00    0.145446690417622E+01 -0.534680503462708E+00
  0.00000000  0.00000000  0.01750000    0.2099D+01  0.632287260724272E+00  0.253173422343810E+00    0.136302893119046E+01 -0.545768862823250E+00
  0.00000000  0.00000000  0.01750000    0.2163D+01  0.698470624927132E+00  0.198753114437343E+00    0.132445636386879E+01 -0.376880312300527E+00
  0.00000000  0.00000000  0.01750000    0.2229D+01  0.762495294932029E+00  0.315273600751421E+00    0.112000469249296E+01 -0.463095201514944E+00
  0.00000000  0.00000000  0.01750000    0.2297D+01  0.651562452567683E+00  0.435017388902296E+00    0.106156779076455E+01 -0.708758533677476E+00
  0.00000000  0.00000000  0.01750000    0.2367D+01  0.569685681773407E+00  0.254980762783554E+00    0.146239377642177E+01 -0.654540376442633E+00
  0.00000000  0.00000000  0.01750000    0.2439D+01  0.649883436088234E+00  0.169030414257105E+00    0.144123964317847E+01 -0.374856967268734E+00
  0.00000000  0.00000000  0.01750000    0.2513D+01  0.707940686541826E+00  0.202666568858433E+00    0.130555239422198E+01 -0.373748577009141E+00
  0.00000000  0.00000000  0.01750000    0.2590D+01  0.713212464697102E+00  0.196244579328444E+00    0.130342357181952E+01 -0.358644616015135E+00
  0.00000000  0.00000000  0.01750000    0.2669D+01  0.743183547866383E+00  0.160001602416526E+00    0.128595755808869E+01 -0.276856599590422E+00
  0.00000000  0.00000000  0.01750000    0.2750D+01  0.774280984584796E+00  0.183112942177238E+00    0.122311272775373E+01 -0.289259034707554E+00
  0.00000000  0.00000000  0.01750000    0.2834D+01  0.774928266949430E+00  0.188161832512459E+00    0.121859645596289E+01 -0.295889764287213E+00
  0.00000000  0.00000000  0.01750000    0.2920D+01  0.773050850381961E+00  0.176918202836418E+00    0.122919609665703E+01 -0.281310297047926E+00
  0.00000000  0.00000000  0.01750000    0.3009D+01  0.771143908561214E+00  0.158634846148026E+00    0.124412575838279E+01 -0.255933679925041E+00
  0.00000000  0.00000000  0.01750000    0.3101D+01  0.798665603459386E+00  0.106046793561401E+00    0.123039595762963E+01 -0.163371936330255E+00
  0.00000000  0.00000000  0.01750000    0.3195D+01  0.853122633634592E+00  0.105081519349423E+00    0.115464665187353E+01 -0.142221082534968E+00
  0.00000000  0.00000000  0.01750000    0.3293D+01  0.905998969083452E+00  0.125628574393173E+00    0.108293200557713E+01 -0.150162647715842E+00
  0.00000000  0.00000000  0.01750000    0.3393D+01  0.901783508714075E+00  0.220070922426816E+00    0.104658393521003E+01 -0.255407966316877E+00
  0.00000000  0.00000000  0.01750000    0.3496D+01  0.835716909269186E+00  0.230831775921323E+00    0.111176023766542E+01 -0.307077177944669E+00
  0.00000000  0.00000000  0.01750000    0.3603D+01  0.801932297744548E+00  0.177445471463178E+00    0.118878347563517E+01 -0.263044953913196E+00
  0.00000000  0.00000000  0.01750000    0.3713D+01  0.802169257177860E+00  0.145035436241326E+00    0.120715760120344E+01 -0.218258961853675E+00
  0.00000000  0.00000000  0.01750000    0.3826D+01  0.821261696221557E+00  0.104024780361549E+00    0.119841145347703E+01 -0.151796301719982E+00
  0.00000000  0.00000000  0.01750000    0.3942D+01  0.849178013256079E+00  0.100761863909861E+00    0.116125915041627E+01 -0.137792823944723E+00
  0.00000000  0.00000000  0.01750000    0.4062D+01  0.858734139297280E+00  0.104154475171943E+00    0.114762224463004E+01 -0.139193246332216E+00
  0.00000000  0.00000000  0.01750000    0.4186D+01  0.868402885682024E+00  0.887359536677452E-01    0.113963986051391E+01 -0.116451743226365E+00
  0.00000000  0.00000000  0.01750000    0.4313D+01  0.888718448569195E+00  0.853147963763154E-01    0.111494098262127E+01 -0.107031606080738E+00
  0.00000000  0.00000000  0.01750000    0.4445D+01  0.901840313866502E+00  0.980304569223433E-01    0.109589489106914E+01 -0.119124278720448E+00
  0.00000000  0.00000000  0.01750000    0.4580D+01  0.900189978078804E+00  0.109093586729647E+00    0.109479744086461E+01 -0.132677970733755E+00
  0.00000000  0.00000000  0.01750000    0.4720D+01  0.897070464001983E+00  0.105928502828837E+00    0.109940998356832E+01 -0.129821299694703E+00
  0.00000000  0.00000000  0.01750000    0.4863D+01  0.892227390637730E+00  0.111018383995412E+00    0.110370253821073E+01 -0.137331888136957E+00
  0.00000000  0.00000000  0.01750000    0.5012D+01  0.886073164926601E+00  0.102250204061959E+00    0.111374383581026E+01 -0.128522721364416E+00
  0.00000000  0.00000000  0.01750000    0.5164D+01  0.872401997935764E+00  0.104721079502421E+00    0.112997865412134E+01 -0.135639974179648E+00
  0.00000000  0.00000000  0.01750000    0.5322D+01  0.865946550529715E+00  0.676878631242054E-01    0.114779270089768E+01 -0.897187420930296E-01
  0.00000000  0.00000000  0.01750000    0.5484D+01  0.880875148304079E+00  0.506837576854073E-01    0.113148873512146E+01 -0.651035518314653E-01
  0.00000000  0.00000000  0.01750000    0.5651D+01  0.893137219864189E+00  0.432614950146864E-01    0.111702800058131E+01 -0.541062450468268E-01
  0.00000000  0.00000000  0.01750000    0.5823D+01  0.906819493771736E+00  0.318337430737056E-01    0.110139799008528E+01 -0.386643878733115E-01
  0.00000000  0.00000000  0.01750000    0.6000D+01  0.921279851981906E+00  0.321075715796302E-01    0.108412973051897E+01 -0.377830610854678E-01
  0.00000000  0.00000000  0.01750000    0.6183D+01  0.933256524605569E+00  0.303209903862766E-01    0.107038688977631E+01 -0.347762804103844E-01
  0.00000000  0.00000000  0.01750000    0.6371D+01  0.948273621756203E+00  0.330521522081767E-01    0.105326835490475E+01 -0.367117519497111E-01
  0.00000000  0.00000000  0.01750000    0.6565D+01  0.954498670208882E+00  0.515850666672546E-01    0.104461930364331E+01 -0.564555594493899E-01
  0.00000000  0.00000000  0.01750000    0.6765D+01  0.939322043516474E+00  0.646298449509593E-01    0.105958144539868E+01 -0.729042664352516E-01
  0.00000000  0.00000000  0.01750000    0.6971D+01  0.933132034844551E+00  0.376478195763639E-01    0.106991812142856E+01 -0.431665433110275E-01
  0.00000000  0.00000000  0.01750000    0.7184D+01  0.957496560354712E+00  0.255237659963571E-01    0.104364857539574E+01 -0.278203004833397E-01
  0.00000000  0.00000000  0.01750000    0.7402D+01  0.966545443597134E+00  0.587395194282589E-01    0.103080541433228E+01 -0.626447675720079E-01
  0.00000000  0.00000000  0.01750000    0.7628D+01  0.956936945257903E+00  0.600944380216490E-01    0.104089596943005E+01 -0.653669592671440E-01
  0.00000000  0.00000000  0.01750000    0.7860D+01  0.948416889515672E+00  0.689969772665276E-01    0.104883766368328E+01 -0.763025513752595E-01
  0.00000000  0.00000000  0.01750000    0.8100D+01  0.931845180152158E+00  0.669193407194530E-01    0.106763361575866E+01 -0.766708238860337E-01
  0.00000000  0.00000000  0.01750000    0.8346D+01  0.923920537497082E+00  0.466353909133258E-01    0.107959359463946E+01 -0.544930730189475E-01
  0.00000000  0.00000000  0.01750000    0.8600D+01  0.930338104330041E+00  0.328083743748037E-01    0.107354296218942E+01 -0.378584938604764E-01
  0.00000000  0.00000000  0.01750000    0.8862D+01  0.941644860210205E+00  0.290776427565919E-01    0.106095981531833E+01 -0.327620441554147E-01
  0.00000000  0.00000000  0.01750000    0.9132D+01  0.939903734522960E+00  0.425413567738324E-01    0.106176362256757E+01 -0.480569056362444E-01
  0.00000000  0.00000000  0.01750000    0.9410D+01  0.930181582690781E+00  0.321137265855011E-01    0.107377905644298E+01 -0.370713070152351E-01
  0.00000000  0.00000000  0.01750000    0.9697D+01  0.930234097207846E+00  0.198155830405346E-01    0.107451064810555E+01 -0.228889212289502E-01
  0.00000000  0.00000000  0.01750000    0.9992D+01  0.936148753731235E+00  0.100098288190499E-01    0.106808418875466E+01 -0.114205566702462E-01
  0.00000000  0.00000000  0.01750000    0.1030D+02  0.942558850159299E+00  0.658964386000534E-02    0.106088985844269E+01 -0.741692292279393E-02
  0.00000000  0.00000000  0.01750000    0.1061D+02  0.948173280460818E+00  0.202807608053518E-02    0.105465471935073E+01 -0.225583240280640E-02
  0.00000000  0.00000000  0.01750000    0.1093D+02  0.954477144820510E+00  0.165819765484171E-03    0.104769399167384E+01 -0.182014177019610E-03
  0.00000000  0.00000000  0.01750000    0.1127D+02  0.959552331113357E+00  0.128899901194196E-05    0.104215264511724E+01 -0.139995879983967E-05
  0.00000000  0.00000000  0.01750000    0.1161D+02  0.963364769726242E+00  0.400388916727275E-05    0.103802840980670E+01 -0.431420250766222E-05
  0.00000000  0.00000000  0.01750000    0.1196D+02  0.966501240345137E+00 -0.581946027658107E-20    0.103465982065672E+01  0.622985411165757E-20
  0.00000000  0.00000000  0.01750000    0.1233D+02  0.969201266247132E+00 -0.116712325247392E-19    0.103177743862441E+01  0.124247819512183E-19
  0.00000000  0.00000000  0.01750000    0.1270D+02  0.971573163020162E+00 -0.145174791205122E-19    0.102925856545015E+01  0.153794282327463E-19
