 q(1:3)   w(Ry)   eps  epsi --- LFC included. 
  0.00000000  0.00000000  0.01250000    0.0000D+00  0.297367429214070E+01  0.586427005488467E-16    0.336284307478785E+00 -0.663173502050157E-17
  0.00000000  0.00000000  0.01250000    0.1015D-04  0.297367429247767E+01  0.586427004781726E-16    0.336284307440678E+00 -0.663173501100624E-17
  0.00000000  0.00000000  0.01250000    0.3076D-04  0.297367429523534E+01  0.586427008243581E-16    0.336284307128821E+00 -0.663173503785534E-17
  0.00000000  0.00000000  0.01250000    0.5200D-04  0.297367430098370E+01  0.586427005609515E-16    0.336284306478755E+00 -0.663173498242804E-17
  0.00000000  0.00000000  0.01250000    0.7389D-04  0.297367430999360E+01  0.586427001493772E-16    0.336284305459851E+00 -0.663173489569746E-17
  0.00000000  0.00000000  0.01250000    0.9644D-04  0.297367432255521E+01  0.586427004689700E-16    0.336284304039295E+00 -0.663173487581080E-17
  0.00000000  0.00000000  0.01250000    0.1197D-03  0.297367433897934E+01  0.586427002640047E-16    0.336284302181936E+00 -0.663173477937533E-17
  0.00000000  0.00000000  0.01250000    0.1436D-03  0.297367435959884E+01  0.586427014575896E-16    0.336284299850137E+00 -0.663173482238535E-17
  0.00000000  0.00000000  0.01250000    0.1683D-03  0.297367438476996E+01  0.586427006909022E-16    0.336284297003607E+00 -0.663173462341223E-17
  0.00000000  0.00000000  0.01250000    0.1937D-03  0.297367441487394E+01  0.586427011327595E-16    0.336284293599235E+00 -0.663173453910794E-17
  0.00000000  0.00000000  0.01250000    0.2199D-03  0.297367445031863E+01  0.586427004820274E-16    0.336284289590896E+00 -0.663173430742467E-17
  0.00000000  0.00000000  0.01250000    0.2469D-03  0.297367449154027E+01  0.586427021804760E-16    0.336284284929260E+00 -0.663173431563665E-17
  0.00000000  0.00000000  0.01250000    0.2748D-03  0.297367453900525E+01  0.586427021276604E-16    0.336284279561582E+00 -0.663173409795603E-17
  0.00000000  0.00000000  0.01250000    0.3034D-03  0.297367459321214E+01  0.586427028107782E-16    0.336284273431482E+00 -0.663173393342909E-17
  0.00000000  0.00000000  0.01250000    0.3330D-03  0.297367465469378E+01  0.586427028634722E-16    0.336284266478700E+00 -0.663173366516179E-17
  0.00000000  0.00000000  0.01250000    0.3634D-03  0.297367472401949E+01  0.586427044908245E-16    0.336284258638856E+00 -0.663173353998121E-17
  0.00000000  0.00000000  0.01250000    0.3948D-03  0.297367480179743E+01  0.586427050811249E-16    0.336284249843174E+00 -0.663173325982401E-17
  0.00000000  0.00000000  0.01250000    0.4271D-03  0.297367488867711E+01  0.586427050165292E-16    0.336284240018204E+00 -0.663173286501011E-17
  0.00000000  0.00000000  0.01250000    0.4604D-03  0.297367498535207E+01  0.586427067069285E-16    0.336284229085515E+00 -0.663173262497367E-17
  0.00000000  0.00000000  0.01250000    0.4948D-03  0.297367509256271E+01  0.586427074748888E-16    0.336284216961376E+00 -0.663173223362905E-17
  0.00000000  0.00000000  0.01250000    0.5301D-03  0.297367521109933E+01  0.586427084467501E-16    0.336284203556418E+00 -0.663173181482591E-17
  0.00000000  0.00000000  0.01250000    0.5666D-03  0.297367534180533E+01  0.586427092672194E-16    0.336284188775260E+00 -0.663173132462328E-17
  0.00000000  0.00000000  0.01250000    0.6041D-03  0.297367548558062E+01  0.586427101585625E-16    0.336284172516137E+00 -0.663173078414284E-17
  0.00000000  0.00000000  0.01250000    0.6428D-03  0.297367564338521E+01  0.586427122883946E-16    0.336284154670483E+00 -0.663173032114470E-17
  0.00000000  0.00000000  0.01250000    0.6827D-03  0.297367581624315E+01  0.586427137236053E-16    0.336284135122493E+00 -0.663172971245162E-17
  0.00000000  0.00000000  0.01250000    0.7238D-03  0.297367600524655E+01  0.586427155280283E-16    0.336284113748663E+00 -0.663172907349834E-17
  0.00000000  0.00000000  0.01250000    0.7662D-03  0.297367621155999E+01  0.586427173033773E-16    0.336284090417295E+00 -0.663172835404947E-17
  0.00000000  0.00000000  0.01250000    0.8098D-03  0.297367643642512E+01  0.586427190531086E-16    0.336284064987976E+00 -0.663172754895782E-17
  0.00000000  0.00000000  0.01250000    0.8548D-03  0.297367668116556E+01  0.586427210822946E-16    0.336284037311024E+00 -0.663172668681944E-17
  0.00000000  0.00000000  0.01250000    0.9011D-03  0.297367694719217E+01  0.586427230566267E-16    0.336284007226888E+00 -0.663172572353557E-17
  0.00000000  0.00000000  0.01250000    0.9488D-03  0.297367723600862E+01  0.586427261806931E-16    0.336283974565524E+00 -0.663172478862263E-17
  0.00000000  0.00000000  0.01250000    0.9980D-03  0.297367754921724E+01  0.586427294802277E-16    0.336283939145732E+00 -0.663172376475707E-17
  0.00000000  0.00000000  0.01250000    0.1049D-02  0.297367788852532E+01  0.586427322645519E-16    0.336283900774441E+00 -0.663172256621726E-17
  0.00000000  0.00000000  0.01250000    0.1101D-02  0.297367825575182E+01  0.586427357862961E-16    0.336283859245954E+00 -0.663172132654635E-17
  0.00000000  0.00000000  0.01250000    0.1155D-02  0.297367865283441E+01  0.586427386561370E-16    0.336283814341148E+00 -0.663171987998765E-17
  0.00000000  0.00000000  0.01250000    0.1210D-02  0.297367908183700E+01  0.586427424481040E-16    0.336283765826623E+00 -0.663171839533764E-17
  0.00000000  0.00000000  0.01250000    0.1267D-02  0.297367954495779E+01  0.586427465141886E-16    0.336283713453796E+00 -0.663171678951065E-17
  0.00000000  0.00000000  0.01250000    0.1326D-02  0.297368004453774E+01  0.586427506862970E-16    0.336283656957940E+00 -0.663171503305638E-17
  0.00000000  0.00000000  0.01250000    0.1387D-02  0.297368058306961E+01  0.586427555122120E-16    0.336283596057160E+00 -0.663171317680350E-17
  0.00000000  0.00000000  0.01250000    0.1450D-02  0.297368116320758E+01  0.586427596943241E-16    0.336283530451309E+00 -0.663171106217161E-17
  0.00000000  0.00000000  0.01250000    0.1514D-02  0.297368178777742E+01  0.586427659897318E-16    0.336283459820836E+00 -0.663170898834813E-17
  0.00000000  0.00000000  0.01250000    0.1580D-02  0.297368245978739E+01  0.586427720613620E-16    0.336283383825554E+00 -0.663170667762404E-17
  0.00000000  0.00000000  0.01250000    0.1649D-02  0.297368318243966E+01  0.586427773952581E-16    0.336283302103348E+00 -0.663170405759564E-17
  0.00000000  0.00000000  0.01250000    0.1719D-02  0.297368395914267E+01  0.586427850527447E-16    0.336283214268777E+00 -0.663170145925510E-17
  0.00000000  0.00000000  0.01250000    0.1792D-02  0.297368479352406E+01  0.586427927182427E-16    0.336283119911616E+00 -0.663169860456204E-17
  0.00000000  0.00000000  0.01250000    0.1867D-02  0.297368568944448E+01  0.586427994992923E-16    0.336283018595288E+00 -0.663169537537249E-17
  0.00000000  0.00000000  0.01250000    0.1944D-02  0.297368665101229E+01  0.586428080914322E-16    0.336282909855208E+00 -0.663169205819120E-17
  0.00000000  0.00000000  0.01250000    0.2024D-02  0.297368768259916E+01  0.586428175687842E-16    0.336282793197014E+00 -0.663168852881580E-17
  0.00000000  0.00000000  0.01250000    0.2106D-02  0.297368878885661E+01  0.586428269576450E-16    0.336282668094701E+00 -0.663168465638777E-17
  0.00000000  0.00000000  0.01250000    0.2190D-02  0.297368997473365E+01  0.586428370250191E-16    0.336282533988625E+00 -0.663168050557178E-17
  0.00000000  0.00000000  0.01250000    0.2277D-02  0.297369124549541E+01  0.586428478253720E-16    0.336282390283394E+00 -0.663167605904426E-17
  0.00000000  0.00000000  0.01250000    0.2367D-02  0.297369260674310E+01  0.586428608373844E-16    0.336282236345618E+00 -0.663167145904133E-17
  0.00000000  0.00000000  0.01250000    0.2459D-02  0.297369406443503E+01  0.586428729692325E-16    0.336282071501525E+00 -0.663166632934749E-17
  0.00000000  0.00000000  0.01250000    0.2554D-02  0.297369562490905E+01  0.586428877106036E-16    0.336281895034427E+00 -0.663166103632952E-17
  0.00000000  0.00000000  0.01250000    0.2652D-02  0.297369729490638E+01  0.586429018287407E-16    0.336281706182029E+00 -0.663165518434351E-17
  0.00000000  0.00000000  0.01250000    0.2753D-02  0.297369908159688E+01  0.586429179802357E-16    0.336281504133565E+00 -0.663164904183410E-17
  0.00000000  0.00000000  0.01250000    0.2858D-02  0.297370099260602E+01  0.586429342154877E-16    0.336281288026758E+00 -0.663164235432106E-17
  0.00000000  0.00000000  0.01250000    0.2965D-02  0.297370303604325E+01  0.586429526465431E-16    0.336281056944603E+00 -0.663163532447796E-17
  0.00000000  0.00000000  0.01250000    0.3075D-02  0.297370522053252E+01  0.586429714194551E-16    0.336280809911926E+00 -0.663162770418947E-17
  0.00000000  0.00000000  0.01250000    0.3189D-02  0.297370755524436E+01  0.586429913943215E-16    0.336280545891752E+00 -0.663161954982062E-17
  0.00000000  0.00000000  0.01250000    0.3307D-02  0.297371004993016E+01  0.586430137528705E-16    0.336280263781429E+00 -0.663161095151707E-17
  0.00000000  0.00000000  0.01250000    0.3428D-02  0.297371271495853E+01  0.586430376152010E-16    0.336279962408523E+00 -0.663160176353363E-17
  0.00000000  0.00000000  0.01250000    0.3553D-02  0.297371556135389E+01  0.586430631414377E-16    0.336279640526451E+00 -0.663159195481163E-17
  0.00000000  0.00000000  0.01250000    0.3681D-02  0.297371860083752E+01  0.586430891763623E-16    0.336279296809846E+00 -0.663158134244110E-17
  0.00000000  0.00000000  0.01250000    0.3813D-02  0.297372184587110E+01  0.586431178422617E-16    0.336278929849629E+00 -0.663157011084360E-17
  0.00000000  0.00000000  0.01250000    0.3950D-02  0.297372530970303E+01  0.586431477466197E-16    0.336278538147784E+00 -0.663155804346540E-17
  0.00000000  0.00000000  0.01250000    0.4090D-02  0.297372900641757E+01  0.586431800759955E-16    0.336278120111789E+00 -0.663154521167680E-17
  0.00000000  0.00000000  0.01250000    0.4235D-02  0.297373295098710E+01  0.586432147431903E-16    0.336277674048727E+00 -0.663153153884717E-17
  0.00000000  0.00000000  0.01250000    0.4385D-02  0.297373715932758E+01  0.586432518422989E-16    0.336277198159006E+00 -0.663151696464002E-17
  0.00000000  0.00000000  0.01250000    0.4538D-02  0.297374164835746E+01  0.586432919529308E-16    0.336276690529706E+00 -0.663150147915217E-17
  0.00000000  0.00000000  0.01250000    0.4697D-02  0.297374643606032E+01  0.586433328685611E-16    0.336276149127503E+00 -0.663148475267043E-17
  0.00000000  0.00000000  0.01250000    0.4860D-02  0.297375154155136E+01  0.586433767330410E-16    0.336275571791151E+00 -0.663146694238601E-17
  0.00000000  0.00000000  0.01250000    0.5029D-02  0.297375698514798E+01  0.586434258015368E-16    0.336274956223512E+00 -0.663144821271507E-17
  0.00000000  0.00000000  0.01250000    0.5202D-02  0.297376278844492E+01  0.586434762577982E-16    0.336274299983065E+00 -0.663142803581754E-17
  0.00000000  0.00000000  0.01250000    0.5381D-02  0.297376897439378E+01  0.586435310013947E-16    0.336273600474918E+00 -0.663140663723600E-17
  0.00000000  0.00000000  0.01250000    0.5565D-02  0.297377556738789E+01  0.586435889416459E-16    0.336272854941229E+00 -0.663138378486613E-17
  0.00000000  0.00000000  0.01250000    0.5755D-02  0.297378259335211E+01  0.586436499144471E-16    0.336272060451057E+00 -0.663135934455537E-17
  0.00000000  0.00000000  0.01250000    0.5950D-02  0.297379007983833E+01  0.586437162626091E-16    0.336271213889572E+00 -0.663133345837756E-17
  0.00000000  0.00000000  0.01250000    0.6152D-02  0.297379805612706E+01  0.586437859764353E-16    0.336270311946587E+00 -0.663130576852533E-17
  0.00000000  0.00000000  0.01250000    0.6360D-02  0.297380655333513E+01  0.586438615260322E-16    0.336269351104395E+00 -0.663127641557541E-17
  0.00000000  0.00000000  0.01250000    0.6574D-02  0.297381560453023E+01  0.586439401363983E-16    0.336268327624829E+00 -0.663124493830624E-17
  0.00000000  0.00000000  0.01250000    0.6794D-02  0.297382524485254E+01  0.586440242401402E-16    0.336267237535535E+00 -0.663121145512259E-17
  0.00000000  0.00000000  0.01250000    0.7021D-02  0.297383551164393E+01  0.586441149660191E-16    0.336266076615381E+00 -0.663117592717944E-17
  0.00000000  0.00000000  0.01250000    0.7255D-02  0.297384644458527E+01  0.586442094904393E-16    0.336264840378959E+00 -0.663113785829748E-17
  0.00000000  0.00000000  0.01250000    0.7497D-02  0.297385808584213E+01  0.586443128211039E-16    0.336263524060135E+00 -0.663109762674674E-17
  0.00000000  0.00000000  0.01250000    0.7745D-02  0.297387048021983E+01  0.586444214648134E-16    0.336262122594552E+00 -0.663105463780319E-17
  0.00000000  0.00000000  0.01250000    0.8001D-02  0.297388367532789E+01  0.586445374005307E-16    0.336260630601076E+00 -0.663100890300850E-17
  0.00000000  0.00000000  0.01250000    0.8265D-02  0.297389772175487E+01  0.586446596678766E-16    0.336259042362058E+00 -0.663096008827516E-17
  0.00000000  0.00000000  0.01250000    0.8537D-02  0.297391267325416E+01  0.586447909820936E-16    0.336257351802387E+00 -0.663090826102345E-17
  0.00000000  0.00000000  0.01250000    0.8818D-02  0.297392858694116E+01  0.586449314478484E-16    0.336255552467233E+00 -0.663085317851629E-17
  0.00000000  0.00000000  0.01250000    0.9107D-02  0.297394552350306E+01  0.586450796771267E-16    0.336253637498405E+00 -0.663079441333866E-17
  0.00000000  0.00000000  0.01250000    0.9404D-02  0.297396354742140E+01  0.586452372253558E-16    0.336251599609234E+00 -0.663073185398888E-17
  0.00000000  0.00000000  0.01250000    0.9711D-02  0.297398272720882E+01  0.586454062624745E-16    0.336249431057904E+00 -0.663066544048964E-17
  0.00000000  0.00000000  0.01250000    0.1003D-01  0.297400313566037E+01  0.586455846052526E-16    0.336247123619105E+00 -0.663059460160872E-17
  0.00000000  0.00000000  0.01250000    0.1035D-01  0.297402485012071E+01  0.586457745172545E-16    0.336244668553934E+00 -0.663051924863459E-17
  0.00000000  0.00000000  0.01250000    0.1069D-01  0.297404795276785E+01  0.586459769414208E-16    0.336242056577915E+00 -0.663043912202299E-17
  0.00000000  0.00000000  0.01250000    0.1103D-01  0.297407253091484E+01  0.586461932250816E-16    0.336239277827026E+00 -0.663035398509261E-17
  0.00000000  0.00000000  0.01250000    0.1139D-01  0.297409867733018E+01  0.586464227229696E-16    0.336236321821605E+00 -0.663026335160740E-17
  0.00000000  0.00000000  0.01250000    0.1176D-01  0.297412649057835E+01  0.586466660742858E-16    0.336233177428018E+00 -0.663016685476698E-17
  0.00000000  0.00000000  0.01250000    0.1214D-01  0.297415607538178E+01  0.586469262607490E-16    0.336229832817914E+00 -0.663006436520147E-17
  0.00000000  0.00000000  0.01250000    0.1253D-01  0.297418754300536E+01  0.586472022213172E-16    0.336226275424958E+00 -0.662995526739461E-17
  0.00000000  0.00000000  0.01250000    0.1293D-01  0.297422101166523E+01  0.586474957964756E-16    0.336222491898850E+00 -0.662983924294118E-17
  0.00000000  0.00000000  0.01250000    0.1334D-01  0.297425660696319E+01  0.586478078246520E-16    0.336218468056471E+00 -0.662971582731324E-17
  0.00000000  0.00000000  0.01250000    0.1377D-01  0.297429446234839E+01  0.586481388516641E-16    0.336214188829992E+00 -0.662958448802414E-17
  0.00000000  0.00000000  0.01250000    0.1421D-01  0.297433471960818E+01  0.586484919311461E-16    0.336209638211712E+00 -0.662944493901167E-17
  0.00000000  0.00000000  0.01250000    0.1466D-01  0.297437752938974E+01  0.586488663090385E-16    0.336204799195472E+00 -0.662929642442462E-17
  0.00000000  0.00000000  0.01250000    0.1513D-01  0.297442305175471E+01  0.586492659357787E-16    0.336199653714379E+00 -0.662913867836626E-17
  0.00000000  0.00000000  0.01250000    0.1561D-01  0.297447145676878E+01  0.586496897635082E-16    0.336194182574647E+00 -0.662897082553246E-17
  0.00000000  0.00000000  0.01250000    0.1610D-01  0.297452292512853E+01  0.586501412267385E-16    0.336188365385279E+00 -0.662879245006355E-17
  0.00000000  0.00000000  0.01250000    0.1662D-01  0.297457764882795E+01  0.586506205634720E-16    0.336182180483345E+00 -0.662860272465854E-17
  0.00000000  0.00000000  0.01250000    0.1714D-01  0.297463583186714E+01  0.586511302414530E-16    0.336175604854566E+00 -0.662840102075563E-17
  0.00000000  0.00000000  0.01250000    0.1768D-01  0.297469769100604E+01  0.586516718518980E-16    0.336168614048912E+00 -0.662818655412204E-17
  0.00000000  0.00000000  0.01250000    0.1824D-01  0.297476345656598E+01  0.586522480391104E-16    0.336161182090890E+00 -0.662795859939599E-17
  0.00000000  0.00000000  0.01250000    0.1882D-01  0.297483337328217E+01  0.586528599192562E-16    0.336153281384189E+00 -0.662771619462903E-17
  0.00000000  0.00000000  0.01250000    0.1941D-01  0.297490770121069E+01  0.586535100083449E-16    0.336144882610319E+00 -0.662745846817851E-17
  0.00000000  0.00000000  0.01250000    0.2002D-01  0.297498671669318E+01  0.586542020881508E-16    0.336135954620847E+00 -0.662718461927775E-17
  0.00000000  0.00000000  0.01250000    0.2065D-01  0.297507071338336E+01  0.586549376750956E-16    0.336126464322847E+00 -0.662689351453623E-17
  0.00000000  0.00000000  0.01250000    0.2130D-01  0.297516000333925E+01  0.586557192814716E-16    0.336116376557100E+00 -0.662658405165127E-17
  0.00000000  0.00000000  0.01250000    0.2197D-01  0.297525491818556E+01  0.586565484733036E-16    0.336105653968582E+00 -0.662625493488218E-17
  0.00000000  0.00000000  0.01250000    0.2266D-01  0.297535581035084E+01  0.586574321774391E-16    0.336094256868756E+00 -0.662590538211335E-17
  0.00000000  0.00000000  0.01250000    0.2337D-01  0.297546305438444E+01  0.586583693369444E-16    0.336082143089113E+00 -0.662553361159155E-17
  0.00000000  0.00000000  0.01250000    0.2410D-01  0.297557704835865E+01  0.586593659434866E-16    0.336069267825415E+00 -0.662513853392059E-17
  0.00000000  0.00000000  0.01250000    0.2486D-01  0.297569821536164E+01  0.586604259292625E-16    0.336055583472019E+00 -0.662471871663897E-17
  0.00000000  0.00000000  0.01250000    0.2564D-01  0.297582700508755E+01  0.586615506321096E-16    0.336041039445631E+00 -0.662427231697451E-17
  0.00000000  0.00000000  0.01250000    0.2644D-01  0.297596389553014E+01  0.586627464010196E-16    0.336025581997815E+00 -0.662379793336886E-17
  0.00000000  0.00000000  0.01250000    0.2726D-01  0.297610939478723E+01  0.586640173983856E-16    0.336009154015487E+00 -0.662329378473353E-17
  0.00000000  0.00000000  0.01250000    0.2811D-01  0.297626404298352E+01  0.586653687037923E-16    0.335991694808624E+00 -0.662275805260910E-17
  0.00000000  0.00000000  0.01250000    0.2899D-01  0.297642841431994E+01  0.586668041220887E-16    0.335973139884327E+00 -0.662218862481207E-17
  0.00000000  0.00000000  0.01250000    0.2989D-01  0.297660311925848E+01  0.586683281226095E-16    0.335953420706324E+00 -0.662158330493912E-17
  0.00000000  0.00000000  0.01250000    0.3082D-01  0.297678880685179E+01  0.586699483208727E-16    0.335932464438949E+00 -0.662094008233679E-17
  0.00000000  0.00000000  0.01250000    0.3178D-01  0.297698616722797E+01  0.586716703237115E-16    0.335910193674549E+00 -0.662025653951853E-17
  0.00000000  0.00000000  0.01250000    0.3277D-01  0.297719593424154E+01  0.586734981381740E-16    0.335886526143183E+00 -0.661952988704468E-17
  0.00000000  0.00000000  0.01250000    0.3379D-01  0.297741888830244E+01  0.586754410690683E-16    0.335861374403434E+00 -0.661875772959200E-17
  0.00000000  0.00000000  0.01250000    0.3484D-01  0.297765585939597E+01  0.586775054379320E-16    0.335834645513016E+00 -0.661793711860759E-17
  0.00000000  0.00000000  0.01250000    0.3592D-01  0.297790773030761E+01  0.586796976871010E-16    0.335806240677814E+00 -0.661706488883743E-17
  0.00000000  0.00000000  0.01250000    0.3703D-01  0.297817544006771E+01  0.586820275469850E-16    0.335776054877837E+00 -0.661613800075901E-17
  0.00000000  0.00000000  0.01250000    0.3818D-01  0.297845998763233E+01  0.586845019506031E-16    0.335743976468501E+00 -0.661515283864245E-17
  0.00000000  0.00000000  0.01250000    0.3936D-01  0.297876243581807E+01  0.586871302846622E-16    0.335709886755493E+00 -0.661410578600170E-17
  0.00000000  0.00000000  0.01250000    0.4058D-01  0.297908391550982E+01  0.586899236121847E-16    0.335673659541365E+00 -0.661299311997856E-17
  0.00000000  0.00000000  0.01250000    0.4184D-01  0.297942563016249E+01  0.586928898973344E-16    0.335635160641839E+00 -0.661181045426909E-17
  0.00000000  0.00000000  0.01250000    0.4313D-01  0.297978886061929E+01  0.586960409758984E-16    0.335594247369651E+00 -0.661055350438185E-17
  0.00000000  0.00000000  0.01250000    0.4447D-01  0.298017497027119E+01  0.586993873573177E-16    0.335550767983600E+00 -0.660921748031541E-17
  0.00000000  0.00000000  0.01250000    0.4584D-01  0.298058541058466E+01  0.587029433701851E-16    0.335504561100244E+00 -0.660779764296139E-17
  0.00000000  0.00000000  0.01250000    0.4726D-01  0.298102172702695E+01  0.587067188357897E-16    0.335455455065510E+00 -0.660628834198522E-17
  0.00000000  0.00000000  0.01250000    0.4872D-01  0.298148556542087E+01  0.587107297127480E-16    0.335403267283248E+00 -0.660468418785037E-17
  0.00000000  0.00000000  0.01250000    0.5022D-01  0.298197867876457E+01  0.587149900649136E-16    0.335347803497475E+00 -0.660297911948933E-17
  0.00000000  0.00000000  0.01250000    0.5177D-01  0.298250293455469E+01  0.587195144004352E-16    0.335288857024815E+00 -0.660116663768300E-17
  0.00000000  0.00000000  0.01250000    0.5337D-01  0.298306032265499E+01  0.587243204103564E-16    0.335226207933327E+00 -0.659924008077201E-17
  0.00000000  0.00000000  0.01250000    0.5501D-01  0.298365296375725E+01  0.587294238967915E-16    0.335159622163538E+00 -0.659719202006106E-17
  0.00000000  0.00000000  0.01250000    0.5671D-01  0.298428311848549E+01  0.587348438551704E-16    0.335088850587171E+00 -0.659501479431824E-17
  0.00000000  0.00000000  0.01250000    0.5846D-01  0.298495319719989E+01  0.587406003702393E-16    0.335013627998615E+00 -0.659270023372929E-17
  0.00000000  0.00000000  0.01250000    0.6026D-01  0.298566577056276E+01  0.587467129386645E-16    0.334933672033729E+00 -0.659023942949568E-17
  0.00000000  0.00000000  0.01250000    0.6211D-01  0.298642358093579E+01  0.587532042116906E-16    0.334848682010022E+00 -0.658762310870371E-17
  0.00000000  0.00000000  0.01250000    0.6403D-01  0.298722955468454E+01  0.587600987581056E-16    0.334758337681753E+00 -0.658484144662807E-17
  0.00000000  0.00000000  0.01250000    0.6600D-01  0.298808681547536E+01  0.587674178565694E-16    0.334662297902785E+00 -0.658188343117598E-17
  0.00000000  0.00000000  0.01250000    0.6803D-01  0.298899869865917E+01  0.587751920581298E-16    0.334560199189310E+00 -0.657873821463317E-17
  0.00000000  0.00000000  0.01250000    0.7012D-01  0.298996876684696E+01  0.587834449779214E-16    0.334451654173812E+00 -0.657539323784763E-17
  0.00000000  0.00000000  0.01250000    0.7227D-01  0.299100082679483E+01  0.587922081906639E-16    0.334336249940661E+00 -0.657183583371357E-17
  0.00000000  0.00000000  0.01250000    0.7450D-01  0.299209894772984E+01  0.588015115941101E-16    0.334213546232727E+00 -0.656805207883346E-17
  0.00000000  0.00000000  0.01250000    0.7678D-01  0.299326748126392E+01  0.588113908268683E-16    0.334083073517288E+00 -0.656402754790566E-17
  0.00000000  0.00000000  0.01250000    0.7914D-01  0.299451108306174E+01  0.588218781048346E-16    0.333944330898101E+00 -0.655974620932256E-17
  0.00000000  0.00000000  0.01250000    0.8157D-01  0.299583473644872E+01  0.588330120980593E-16    0.333796783859114E+00 -0.655519144101915E-17
  0.00000000  0.00000000  0.01250000    0.8408D-01  0.299724377817001E+01  0.588448317337344E-16    0.333639861823504E+00 -0.655034524440904E-17
  0.00000000  0.00000000  0.01250000    0.8666D-01  0.299874392653846E+01  0.588573783790615E-16    0.333472955509853E+00 -0.654518838635340E-17
  0.00000000  0.00000000  0.01250000    0.8932D-01  0.300034131224195E+01  0.588706957405517E-16    0.333295414064998E+00 -0.653970027779271E-17
  0.00000000  0.00000000  0.01250000    0.9206D-01  0.300204251211766E+01  0.588848317235639E-16    0.333106541950532E+00 -0.653385906082285E-17
  0.00000000  0.00000000  0.01250000    0.9488D-01  0.300385458624342E+01  0.588998329317422E-16    0.332905595557003E+00 -0.652764086855191E-17
  0.00000000  0.00000000  0.01250000    0.9779D-01  0.300578511874755E+01  0.589157551588453E-16    0.332691779516387E+00 -0.652102084846146E-17
  0.00000000  0.00000000  0.01250000    0.1008D+00  0.300784226279679E+01  0.589326509624296E-16    0.332464242679457E+00 -0.651397163131111E-17
  0.00000000  0.00000000  0.01250000    0.1039D+00  0.301003479029133E+01  0.589505794074214E-16    0.332222073720023E+00 -0.650646424449959E-17
  0.00000000  0.00000000  0.01250000    0.1071D+00  0.301237214687762E+01  0.589696008872587E-16    0.331964296322590E+00 -0.649846735678177E-17
  0.00000000  0.00000000  0.01250000    0.1103D+00  0.301486451298604E+01  0.589897814322245E-16    0.331689863903556E+00 -0.648994755508126E-17
  0.00000000  0.00000000  0.01250000    0.1137D+00  0.301752287171460E+01  0.590111879412580E-16    0.331397653808597E+00 -0.648086860103201E-17
  0.00000000  0.00000000  0.01250000    0.1172D+00  0.302035908451711E+01  0.590338926492327E-16    0.331086460919887E+00 -0.647119168437676E-17
  0.00000000  0.00000000  0.01250000    0.1208D+00  0.302338597581700E+01  0.590579714201345E-16    0.330754990596188E+00 -0.646087497194863E-17
  0.00000000  0.00000000  0.01250000    0.1245D+00  0.302661742786514E+01  0.590835029824865E-16    0.330401850856109E+00 -0.644987323496831E-17
  0.00000000  0.00000000  0.01250000    0.1283D+00  0.303006848739740E+01  0.591105714429089E-16    0.330025543699484E+00 -0.643813780446563E-17
  0.00000000  0.00000000  0.01250000    0.1322D+00  0.303375548593667E+01  0.591392618040175E-16    0.329624455443300E+00 -0.642561572870113E-17
  0.00000000  0.00000000  0.01250000    0.1363D+00  0.303769617593668E+01  0.591696662093037E-16    0.329196845926057E+00 -0.641225006137888E-17
  0.00000000  0.00000000  0.01250000    0.1405D+00  0.304190988539814E+01  0.592018794283626E-16    0.328740836406833E+00 -0.639797893210407E-17
  0.00000000  0.00000000  0.01250000    0.1448D+00  0.304641769412346E+01  0.592359976516530E-16    0.328254395951350E+00 -0.638273493002201E-17
  0.00000000  0.00000000  0.01250000    0.1492D+00  0.305124263544178E+01  0.592721234434928E-16    0.327735326055187E+00 -0.636644509259875E-17
  0.00000000  0.00000000  0.01250000    0.1537D+00  0.305640992807058E+01  0.593103598749877E-16    0.327181243201651E+00 -0.634902965744707E-17
  0.00000000  0.00000000  0.01250000    0.1585D+00  0.306194724383164E+01  0.593508150177475E-16    0.326589558985551E+00 -0.633040185167375E-17
  0.00000000  0.00000000  0.01250000    0.1633D+00  0.306788501827678E+01  0.593935948516579E-16    0.325957457350112E+00 -0.631046634583568E-17
  0.00000000  0.00000000  0.01250000    0.1683D+00  0.307425681299329E+01  0.594388071694433E-16    0.325281868376616E+00 -0.628911877772786E-17
  0.00000000  0.00000000  0.01250000    0.1734D+00  0.308109974057656E+01  0.594865608845902E-16    0.324559437927470E+00 -0.626624464981714E-17
  0.00000000  0.00000000  0.01250000    0.1787D+00  0.308845496615369E+01  0.595369569171286E-16    0.323786492261981E+00 -0.624171718590973E-17
  0.00000000  0.00000000  0.01250000    0.1842D+00  0.309636830316366E+01  0.595900927177451E-16    0.322958996505121E+00 -0.621539644560585E-17
  0.00000000  0.00000000  0.01250000    0.1898D+00  0.310489092620007E+01  0.596460565231674E-16    0.322072505530444E+00 -0.618712712492534E-17
  0.00000000  0.00000000  0.01250000    0.1956D+00  0.311408023061224E+01  0.597049214157550E-16    0.321122105387566E+00 -0.615673606561414E-17
  0.00000000  0.00000000  0.01250000    0.2016D+00  0.312400087799169E+01  0.597667382156822E-16    0.320102342814598E+00 -0.612402930485909E-17
  0.00000000  0.00000000  0.01250000    0.2078D+00  0.313472607976835E+01  0.598315312911169E-16    0.319007139556480E+00 -0.608878899360600E-17
  0.00000000  0.00000000  0.01250000    0.2141D+00  0.314633918962198E+01  0.598992789410974E-16    0.317829687052954E+00 -0.605076818905654E-17
  0.00000000  0.00000000  0.01250000    0.2207D+00  0.315893570194668E+01  0.599699076650879E-16    0.316562315397478E+00 -0.600968636776438E-17
  0.00000000  0.00000000  0.01250000    0.2274D+00  0.317262579244367E+01  0.600432629439152E-16    0.315196328032675E+00 -0.596522163064350E-17
  0.00000000  0.00000000  0.01250000    0.2343D+00  0.318753759499363E+01  0.601190824490593E-16    0.313721790001977E+00 -0.591700194809248E-17
  0.00000000  0.00000000  0.01250000    0.2415D+00  0.320382149791398E+01  0.601969549226017E-16    0.312127251986761E+00 -0.586459330839631E-17
  0.00000000  0.00000000  0.01250000    0.2489D+00  0.322165588268475E+01  0.602762644808711E-16    0.310399383551373E+00 -0.580748410722572E-17
  0.00000000  0.00000000  0.01250000    0.2565D+00  0.324125495535374E+01  0.603561014470685E-16    0.308522474712534E+00 -0.574506295831271E-17
  0.00000000  0.00000000  0.01250000    0.2643D+00  0.326287970256131E+01  0.604351473163147E-16    0.306477740878714E+00 -0.567658911992279E-17
  0.00000000  0.00000000  0.01250000    0.2724D+00  0.328685367238881E+01  0.605114907397770E-16    0.304242324019622E+00 -0.560114882120127E-17
  0.00000000  0.00000000  0.01250000    0.2807D+00  0.331358650758821E+01  0.605823455421511E-16    0.301787805361342E+00 -0.551759040029273E-17
  0.00000000  0.00000000  0.01250000    0.2893D+00  0.334361054598158E+01  0.606436251977471E-16    0.299077893865905E+00 -0.542442591656890E-17
  0.00000000  0.00000000  0.01250000    0.2981D+00  0.337764078308926E+01  0.606892209385022E-16    0.296064639261425E+00 -0.531966939592101E-17
  0.00000000  0.00000000  0.01250000    0.3072D+00  0.341667983883703E+01  0.607098058515311E-16    0.292681798462094E+00 -0.520056194874810E-17
  0.00000000  0.00000000  0.01250000    0.3166D+00  0.346221858107374E+01  0.606906903338240E-16    0.288832139445647E+00 -0.506306044031316E-17
  0.00000000  0.00000000  0.01250000    0.3262D+00  0.351667014729459E+01  0.606077619233657E-16    0.284359908127667E+00 -0.490077740888222E-17
  0.00000000  0.00000000  0.01250000    0.3362D+00  0.358451132386868E+01  0.604191478395849E-16    0.278978055764857E+00 -0.470234709066701E-17
  0.00000000  0.00000000  0.01250000    0.3464D+00  0.367722768536656E+01  0.600456439054902E-16    0.271943998458261E+00 -0.444058782616073E-17
  0.00000000  0.00000000  0.01250000    0.3570D+00  0.384089437354306E+01  0.822778741545326E-02    0.260354832479982E+00 -0.557720157312005E-03
  0.00000000  0.00000000  0.01250000    0.3679D+00  0.397498754352257E+01  0.212013432195644E+00    0.250859464692722E+00 -0.133800610758981E-01
  0.00000000  0.00000000  0.01250000    0.3791D+00  0.398492407364679E+01  0.393790584617086E+00    0.248518920581565E+00 -0.245586639081585E-01
  0.00000000  0.00000000  0.01250000    0.3907D+00  0.395299782917961E+01  0.508938586192279E+00    0.248847685932206E+00 -0.320385173299833E-01
  0.00000000  0.00000000  0.01250000    0.4026D+00  0.391952264021441E+01  0.595848844331572E+00    0.249370088693286E+00 -0.379094325503445E-01
  0.00000000  0.00000000  0.01250000    0.4149D+00  0.390155250937215E+01  0.649181028044739E+00    0.249403301075062E+00 -0.414983243210828E-01
  0.00000000  0.00000000  0.01250000    0.4276D+00  0.389026067860137E+01  0.726346292991471E+00    0.248393144983114E+00 -0.463772109296907E-01
  0.00000000  0.00000000  0.01250000    0.4406D+00  0.386775583534313E+01  0.780183897714400E+00    0.248439147803995E+00 -0.501138724702793E-01
  0.00000000  0.00000000  0.01250000    0.4540D+00  0.386425139206803E+01  0.812157635236633E+00    0.247834900255217E+00 -0.520879689487967E-01
  0.00000000  0.00000000  0.01250000    0.4679D+00  0.387854298888126E+01  0.864301168065556E+00    0.245631122403535E+00 -0.547368603661823E-01
  0.00000000  0.00000000  0.01250000    0.4822D+00  0.388456975897255E+01  0.926629197766000E+00    0.243569234845661E+00 -0.581012515386542E-01
  0.00000000  0.00000000  0.01250000    0.4969D+00  0.389496005830172E+01  0.963430819007368E+00    0.241939322672593E+00 -0.598444647194091E-01
  0.00000000  0.00000000  0.01250000    0.5120D+00  0.393038912167612E+01  0.100742936624678E+01    0.238742607256872E+00 -0.611940207646222E-01
  0.00000000  0.00000000  0.01250000    0.5276D+00  0.397749575081926E+01  0.107020991783886E+01    0.234441680302588E+00 -0.630803468144389E-01
  0.00000000  0.00000000  0.01250000    0.5437D+00  0.403235712256118E+01  0.113702224703041E+01    0.229728287472319E+00 -0.647775397091606E-01
  0.00000000  0.00000000  0.01250000    0.5603D+00  0.411306500981418E+01  0.120690068285625E+01    0.223853514620105E+00 -0.656855554215963E-01
  0.00000000  0.00000000  0.01250000    0.5774D+00  0.422960183088023E+01  0.131069282938434E+01    0.215714047696681E+00 -0.668466836403537E-01
  0.00000000  0.00000000  0.01250000    0.5950D+00  0.438581272593142E+01  0.145886315715876E+01    0.205293374952112E+00 -0.682872160399444E-01
  0.00000000  0.00000000  0.01250000    0.6131D+00  0.464275136296839E+01  0.167978864329372E+01    0.190457551005145E+00 -0.689092320902204E-01
  0.00000000  0.00000000  0.01250000    0.6318D+00  0.478075612099196E+01  0.240540660160377E+01    0.166916458947312E+00 -0.839829395407187E-01
  0.00000000  0.00000000  0.01250000    0.6511D+00  0.436673160236072E+01  0.317221787985266E+01    0.149898216998560E+00 -0.108893755655557E+00
  0.00000000  0.00000000  0.01250000    0.6709D+00  0.369082501110548E+01  0.317736164728349E+01    0.155614031426229E+00 -0.133965184950551E+00
  0.00000000  0.00000000  0.01250000    0.6914D+00  0.335744444580269E+01  0.307576413746582E+01    0.161939111409566E+00 -0.148352867595265E+00
  0.00000000  0.00000000  0.01250000    0.7125D+00  0.318831333797540E+01  0.296939250562778E+01    0.167959481947757E+00 -0.156426791872813E+00
  0.00000000  0.00000000  0.01250000    0.7342D+00  0.314643318792331E+01  0.288991676954522E+01    0.172391610417208E+00 -0.158337195204330E+00
  0.00000000  0.00000000  0.01250000    0.7565D+00  0.337450683140439E+01  0.279713317520690E+01    0.175652639419145E+00 -0.145598705108405E+00
  0.00000000  0.00000000  0.01250000    0.7796D+00  0.375776165998468E+01  0.335112266468286E+01    0.148230520595601E+00 -0.132190038142995E+00
  0.00000000  0.00000000  0.01250000    0.8034D+00  0.334877455003469E+01  0.489640917574446E+01    0.951650720377921E-01 -0.139145566527135E+00
  0.00000000  0.00000000  0.01250000    0.8279D+00  0.174777392378749E+01  0.536036363135627E+01    0.549818255455653E-01 -0.168627403137672E+00
  0.00000000  0.00000000  0.01250000    0.8531D+00  0.394785683806853E+00  0.422285864111947E+01    0.219466925830062E-01 -0.234754663655641E+00
  0.00000000  0.00000000  0.01250000    0.8791D+00  0.205742703131033E+00  0.323519189666827E+01    0.195781410210749E-01 -0.307855599344736E+00
  0.00000000  0.00000000  0.01250000    0.9059D+00  0.334827987943867E+00  0.275185213223773E+01    0.435701632563524E-01 -0.358090276130201E+00
  0.00000000  0.00000000  0.01250000    0.9335D+00  0.462742300211641E+00  0.239197801181111E+01    0.779593204901687E-01 -0.402982351825047E+00
  0.00000000  0.00000000  0.01250000    0.9619D+00  0.432469722243753E+00  0.237835668403218E+01    0.740072796663931E-01 -0.407001228544727E+00
  0.00000000  0.00000000  0.01250000    0.9913D+00  0.520461829456682E+00  0.148159307090200E+01    0.211055205524538E+00 -0.600808574971545E+00
  0.00000000  0.00000000  0.01250000    0.1021D+01  0.114795030502117E+01  0.165972747089487E+01    0.281879553677537E+00 -0.407546595593758E+00
  0.00000000  0.00000000  0.01250000    0.1053D+01  0.129945378840160E+01  0.192383713665216E+01    0.241098146772406E+00 -0.356945027579095E+00
  0.00000000  0.00000000  0.01250000    0.1085D+01  0.135198780919161E+01  0.203107350695654E+01    0.227105349089901E+00 -0.341177379476831E+00
  0.00000000  0.00000000  0.01250000    0.1118D+01  0.128638568761379E+01  0.269445436327993E+01    0.144296589141561E+00 -0.302242615074569E+00
  0.00000000  0.00000000  0.01250000    0.1152D+01  0.676536316129133E+00  0.254899827907269E+01    0.972720647197257E-01 -0.366493741224531E+00
  0.00000000  0.00000000  0.01250000    0.1187D+01  0.451161888669736E+00  0.222614665536812E+01    0.874467445299855E-01 -0.431484313606910E+00
  0.00000000  0.00000000  0.01250000    0.1223D+01  0.418309093098707E+00  0.239389042589249E+01    0.708314894760193E-01 -0.405352949065194E+00
  0.00000000  0.00000000  0.01250000    0.1260D+01  0.134989616310253E+00  0.196674786926665E+01    0.347345658419573E-01 -0.506069542434748E+00
  0.00000000  0.00000000  0.01250000    0.1299D+01  0.270578823076883E+00  0.216650985436832E+01    0.567610825290279E-01 -0.454482886891744E+00
  0.00000000  0.00000000  0.01250000    0.1338D+01 -0.219730951304862E+00  0.229999100662016E+01   -0.411616821408533E-01 -0.430851904017699E+00
  0.00000000  0.00000000  0.01250000    0.1379D+01 -0.864639597160387E+00  0.141753135201273E+01   -0.313616471203684E+00 -0.514157785392699E+00
  0.00000000  0.00000000  0.01250000    0.1421D+01 -0.516398261185509E+00  0.886945368861926E+00   -0.490248759314369E+00 -0.842032011622093E+00
  0.00000000  0.00000000  0.01250000    0.1464D+01 -0.163325700641849E+00  0.654409302510882E+00   -0.359015326351832E+00 -0.143849356460939E+01
  0.00000000  0.00000000  0.01250000    0.1509D+01  0.112867897933786E+00  0.783514375884233E+00    0.180117754243583E+00 -0.125035419623586E+01
  0.00000000  0.00000000  0.01250000    0.1555D+01  0.155676370111415E-01  0.769567331959248E+00    0.262755469834582E-01 -0.129889992767420E+01
  0.00000000  0.00000000  0.01250000    0.1602D+01  0.825217519445826E-02  0.591448025733577E+00    0.235858064239796E-01 -0.169043655958310E+01
  0.00000000  0.00000000  0.01250000    0.1651D+01  0.116452937890184E+00  0.482480376494880E+00    0.472716052290947E+00 -0.195852696391041E+01
  0.00000000  0.00000000  0.01250000    0.1701D+01  0.200413888286841E+00  0.414019378763369E+00    0.947235079633810E+00 -0.195681887400719E+01
  0.00000000  0.00000000  0.01250000    0.1753D+01  0.277718418816820E+00  0.337129650529951E+00    0.145566993672619E+01 -0.176707579981992E+01
  0.00000000  0.00000000  0.01250000    0.1807D+01  0.363344505377352E+00  0.295439094465031E+00    0.165681133702813E+01 -0.134717006550748E+01
  0.00000000  0.00000000  0.01250000    0.1862D+01  0.436102101599012E+00  0.262781861055879E+00    0.168223729309635E+01 -0.101366502247203E+01
  0.00000000  0.00000000  0.01250000    0.1919D+01  0.502121421527269E+00  0.240911547859882E+00    0.161888853181228E+01 -0.776722372897863E+00
  0.00000000  0.00000000  0.01250000    0.1977D+01  0.569720601776931E+00  0.218014625780580E+00    0.153104627609225E+01 -0.585884519348479E+00
  0.00000000  0.00000000  0.01250000    0.2037D+01  0.635638471351167E+00  0.216313388579492E+00    0.140993644178095E+01 -0.479813829951231E+00
  0.00000000  0.00000000  0.01250000    0.2099D+01  0.682688117347064E+00  0.255697522764939E+00    0.128459018535650E+01 -0.481137022627899E+00
  0.00000000  0.00000000  0.01250000    0.2163D+01  0.656111812993513E+00  0.199122827942243E+00    0.139558881172054E+01 -0.423546086705034E+00
  0.00000000  0.00000000  0.01250000    0.2229D+01  0.770915458102234E+00  0.236377137166003E+00    0.118568669185255E+01 -0.363553776033852E+00
  0.00000000  0.00000000  0.01250000    0.2297D+01  0.794289409516571E+00  0.348432824972704E+00    0.105581317101741E+01 -0.463156075623480E+00
  0.00000000  0.00000000  0.01250000    0.2367D+01  0.642633470947818E+00  0.296481376428289E+00    0.128301144741292E+01 -0.591922171967172E+00
  0.00000000  0.00000000  0.01250000    0.2439D+01  0.677320413840714E+00  0.188614777516296E+00    0.137015515671810E+01 -0.381549861433775E+00
  0.00000000  0.00000000  0.01250000    0.2513D+01  0.735416572146339E+00  0.207396813912553E+00    0.125959638014609E+01 -0.355222177405733E+00
  0.00000000  0.00000000  0.01250000    0.2590D+01  0.734883356517134E+00  0.187629000177715E+00    0.127748438886516E+01 -0.326164848475271E+00
  0.00000000  0.00000000  0.01250000    0.2669D+01  0.763619875991964E+00  0.143126658171867E+00    0.126510797463698E+01 -0.237121481943032E+00
  0.00000000  0.00000000  0.01250000    0.2750D+01  0.812551202714000E+00  0.152983578714882E+00    0.118855994838606E+01 -0.223776857155517E+00
  0.00000000  0.00000000  0.01250000    0.2834D+01  0.816802865095910E+00  0.168633824790672E+00    0.117423494940672E+01 -0.242427811143984E+00
  0.00000000  0.00000000  0.01250000    0.2920D+01  0.820745469822563E+00  0.157246926651763E+00    0.117526426052775E+01 -0.225169312249263E+00
  0.00000000  0.00000000  0.01250000    0.3009D+01  0.830096972882140E+00  0.149634160889389E+00    0.116676558929642E+01 -0.210322402818558E+00
  0.00000000  0.00000000  0.01250000    0.3101D+01  0.836776980126178E+00  0.112047653714890E+00    0.117401125343491E+01 -0.157204619040097E+00
  0.00000000  0.00000000  0.01250000    0.3195D+01  0.882678055561771E+00  0.103939205059212E+00    0.111742162313334E+01 -0.131581287755630E+00
  0.00000000  0.00000000  0.01250000    0.3293D+01  0.927590648393594E+00  0.119488041780434E+00    0.106046500086021E+01 -0.136604316299345E+00
  0.00000000  0.00000000  0.01250000    0.3393D+01  0.925802334803866E+00  0.198855497851182E+00    0.103250850362506E+01 -0.221775194126549E+00
  0.00000000  0.00000000  0.01250000    0.3496D+01  0.895649944220413E+00  0.140498958789051E+00    0.108969288582074E+01 -0.170938118006484E+00
  0.00000000  0.00000000  0.01250000    0.3603D+01  0.896477863692105E+00  0.167070773678571E+00    0.107803489036467E+01 -0.200906380938344E+00
  0.00000000  0.00000000  0.01250000    0.3713D+01  0.877300417455901E+00  0.163239804980760E+00    0.110171647598653E+01 -0.204997033063843E+00
  0.00000000  0.00000000  0.01250000    0.3826D+01  0.864577015848071E+00  0.127225078964531E+00    0.113212003293357E+01 -0.166594829549126E+00
  0.00000000  0.00000000  0.01250000    0.3942D+01  0.890640367389963E+00  0.112097604718648E+00    0.110527870971143E+01 -0.139112374019446E+00
  0.00000000  0.00000000  0.01250000    0.4062D+01  0.901458392468274E+00  0.115489298084347E+00    0.109140021684915E+01 -0.139823474966924E+00
  0.00000000  0.00000000  0.01250000    0.4186D+01  0.901726222299509E+00  0.970641504835450E-01    0.109628151695039E+01 -0.118006587256878E+00
  0.00000000  0.00000000  0.01250000    0.4313D+01  0.926809380244728E+00  0.849900405964206E-01    0.106997289367805E+01 -0.981183850844874E-01
  0.00000000  0.00000000  0.01250000    0.4445D+01  0.946688072582697E+00  0.101080474993951E+00    0.104440746232309E+01 -0.111514241529247E+00
  0.00000000  0.00000000  0.01250000    0.4580D+01  0.940198716453896E+00  0.118459080631861E+00    0.104698468360043E+01 -0.131913435834847E+00
  0.00000000  0.00000000  0.01250000    0.4720D+01  0.938592399627504E+00  0.919139814347827E-01    0.105530505152940E+01 -0.103343356448231E+00
  0.00000000  0.00000000  0.01250000    0.4863D+01  0.958519944324563E+00  0.102914495721741E+00    0.103138538582182E+01 -0.110737922048583E+00
  0.00000000  0.00000000  0.01250000    0.5012D+01  0.960931566157012E+00  0.110093700443747E+00    0.102717391132897E+01 -0.117683070137594E+00
  0.00000000  0.00000000  0.01250000    0.5164D+01  0.970520450916765E+00  0.132633291249171E+00    0.101148399967350E+01 -0.138231452820850E+00
  0.00000000  0.00000000  0.01250000    0.5322D+01  0.930916131245146E+00  0.147987056890894E+00    0.104773312275413E+01 -0.166557368638677E+00
  0.00000000  0.00000000  0.01250000    0.5484D+01  0.899489066436222E+00  0.123824122970973E+00    0.109106609540195E+01 -0.150196714343375E+00
  0.00000000  0.00000000  0.01250000    0.5651D+01  0.902509570973108E+00  0.959294123807393E-01    0.109564296287003E+01 -0.116457917996247E+00
  0.00000000  0.00000000  0.01250000    0.5823D+01  0.911692338797711E+00  0.688430111552441E-01    0.109064246728436E+01 -0.823557557154156E-01
  0.00000000  0.00000000  0.01250000    0.6000D+01  0.931205841296280E+00  0.578362269565751E-01    0.106974984061780E+01 -0.664410507590944E-01
  0.00000000  0.00000000  0.01250000    0.6183D+01  0.951569999228672E+00  0.530948169160893E-01    0.104763322775233E+01 -0.584548635074766E-01
  0.00000000  0.00000000  0.01250000    0.6371D+01  0.972904300815091E+00  0.571845870220639E-01    0.102431157374117E+01 -0.602061623915482E-01
  0.00000000  0.00000000  0.01250000    0.6565D+01  0.980794194355609E+00  0.864567864428360E-01    0.101172043673862E+01 -0.891829277154643E-01
  0.00000000  0.00000000  0.01250000    0.6765D+01  0.961068988888364E+00  0.109220926962625E+00    0.102724096281388E+01 -0.116741057582438E+00
  0.00000000  0.00000000  0.01250000    0.6971D+01  0.939048706273324E+00  0.684759076834683E-01    0.105927490045915E+01 -0.772428627084901E-01
  0.00000000  0.00000000  0.01250000    0.7184D+01  0.977304248531801E+00  0.432574305973926E-01    0.102122211013290E+01 -0.452013225359055E-01
  0.00000000  0.00000000  0.01250000    0.7402D+01  0.996478645429713E+00  0.101863732675583E+00    0.993155635231891E+00 -0.101524042282797E+00
  0.00000000  0.00000000  0.01250000    0.7628D+01  0.977929972253420E+00  0.105489732973081E+00    0.101080633259043E+01 -0.109036120313155E+00
  0.00000000  0.00000000  0.01250000    0.7860D+01  0.964285608260658E+00  0.128228562502631E+00    0.101901776734483E+01 -0.135506723684242E+00
  0.00000000  0.00000000  0.01250000    0.8100D+01  0.927098226915451E+00  0.133152857591170E+00    0.105683436149959E+01 -0.151785982486883E+00
  0.00000000  0.00000000  0.01250000    0.8346D+01  0.902212527890142E+00  0.960493606218210E-01    0.109596496886540E+01 -0.116676205737916E+00
  0.00000000  0.00000000  0.01250000    0.8600D+01  0.907675290957577E+00  0.668020631889752E-01    0.109578027582611E+01 -0.806460018865815E-01
  0.00000000  0.00000000  0.01250000    0.8862D+01  0.927891403683561E+00  0.558896907042421E-01    0.107381650014062E+01 -0.646791982636343E-01
  0.00000000  0.00000000  0.01250000    0.9132D+01  0.928209125924151E+00  0.865544784684558E-01    0.106805629541117E+01 -0.995950729661527E-01
  0.00000000  0.00000000  0.01250000    0.9410D+01  0.900255256853361E+00  0.706070906254262E-01    0.110400502754496E+01 -0.865872011714229E-01
  0.00000000  0.00000000  0.01250000    0.9697D+01  0.893832576613445E+00  0.439144315605957E-01    0.111608374272501E+01 -0.548337400293556E-01
  0.00000000  0.00000000  0.01250000    0.9992D+01  0.902775165583318E+00  0.218343250259748E-01    0.110704794275377E+01 -0.267748222624227E-01
  0.00000000  0.00000000  0.01250000    0.1030D+02  0.914127158888187E+00  0.139181402162006E-01    0.109368617365755E+01 -0.166520350801082E-01
  0.00000000  0.00000000  0.01250000    0.1061D+02  0.923861073482838E+00  0.426031978926232E-02    0.108239080948022E+01 -0.499136841858712E-02
  0.00000000  0.00000000  0.01250000    0.1093D+02  0.935091103641563E+00  0.302904813810531E-03    0.106941440376719E+01 -0.346416268530310E-03
  0.00000000  0.00000000  0.01250000    0.1127D+02  0.943822824905784E+00  0.135213620210740E-10    0.105952089058646E+01 -0.151788716615751E-10
  0.00000000  0.00000000  0.01250000    0.1161D+02  0.950005551212848E+00  0.405364496927926E-05    0.105262542803578E+01 -0.449152088158342E-05
  0.00000000  0.00000000  0.01250000    0.1196D+02  0.954899352788690E+00 -0.122537993543627E-17    0.104723078623899E+01  0.134386476384216E-17
  0.00000000  0.00000000  0.01250000    0.1233D+02  0.958990028908718E+00 -0.115027774317487E-17    0.104276370958512E+01  0.125076158288233E-17
  0.00000000  0.00000000  0.01250000    0.1270D+02  0.962499373879214E+00 -0.108120334017716E-17    0.103896171482132E+01  0.116709569571312E-17
