 q(1:3)   w(Ry)   eps  epsi --- LFC included. 
  0.00000000  0.00000000  0.01000000    0.0000D+00  0.299103075346766E+01  0.235769658910632E-16    0.334332904748855E+00 -0.263539767432520E-17
  0.00000000  0.00000000  0.01000000    0.1015D-04  0.299103075380469E+01  0.235769654300823E-16    0.334332904711183E+00 -0.263539762220354E-17
  0.00000000  0.00000000  0.01000000    0.3076D-04  0.299103075656279E+01  0.235769652168599E-16    0.334332904402886E+00 -0.263539759350953E-17
  0.00000000  0.00000000  0.01000000    0.5200D-04  0.299103076231207E+01  0.235769662363663E-16    0.334332903760241E+00 -0.263539769733705E-17
  0.00000000  0.00000000  0.01000000    0.7389D-04  0.299103077132339E+01  0.235769669371233E-16    0.334332902752969E+00 -0.263539775978686E-17
  0.00000000  0.00000000  0.01000000    0.9644D-04  0.299103078388698E+01  0.235769657382638E-16    0.334332901348630E+00 -0.263539760364059E-17
  0.00000000  0.00000000  0.01000000    0.1197D-03  0.299103080031371E+01  0.235769660077428E-16    0.334332899512474E+00 -0.263539760481535E-17
  0.00000000  0.00000000  0.01000000    0.1436D-03  0.299103082093646E+01  0.235769665220244E-16    0.334332897207295E+00 -0.263539762595955E-17
  0.00000000  0.00000000  0.01000000    0.1683D-03  0.299103084611155E+01  0.235769678175080E-16    0.334332894393261E+00 -0.263539772640319E-17
  0.00000000  0.00000000  0.01000000    0.1937D-03  0.299103087622029E+01  0.235769681170475E-16    0.334332891027752E+00 -0.263539770682765E-17
  0.00000000  0.00000000  0.01000000    0.2199D-03  0.299103091167058E+01  0.235769676427992E-16    0.334332887065173E+00 -0.263539759134639E-17
  0.00000000  0.00000000  0.01000000    0.2469D-03  0.299103095289872E+01  0.235769686267623E-16    0.334332882456754E+00 -0.263539762868004E-17
  0.00000000  0.00000000  0.01000000    0.2748D-03  0.299103100037120E+01  0.235769694288817E-16    0.334332877150353E+00 -0.263539763468372E-17
  0.00000000  0.00000000  0.01000000    0.3034D-03  0.299103105458664E+01  0.235769700647223E-16    0.334332871090233E+00 -0.263539761021854E-17
  0.00000000  0.00000000  0.01000000    0.3330D-03  0.299103111607800E+01  0.235769718931615E-16    0.334332864216824E+00 -0.263539770623860E-17
  0.00000000  0.00000000  0.01000000    0.3634D-03  0.299103118541466E+01  0.235769730699479E-16    0.334332856466479E+00 -0.263539771559290E-17
  0.00000000  0.00000000  0.01000000    0.3948D-03  0.299103126320488E+01  0.235769740632899E-16    0.334332847771208E+00 -0.263539768954521E-17
  0.00000000  0.00000000  0.01000000    0.4271D-03  0.299103135009827E+01  0.235769740459378E-16    0.334332838058399E+00 -0.263539753448208E-17
  0.00000000  0.00000000  0.01000000    0.4604D-03  0.299103144678850E+01  0.235769760915341E-16    0.334332827250516E+00 -0.263539759274815E-17
  0.00000000  0.00000000  0.01000000    0.4948D-03  0.299103155401607E+01  0.235769779533975E-16    0.334332815264786E+00 -0.263539761190792E-17
  0.00000000  0.00000000  0.01000000    0.5301D-03  0.299103167257140E+01  0.235769803279474E-16    0.334332802012857E+00 -0.263539766841319E-17
  0.00000000  0.00000000  0.01000000    0.5666D-03  0.299103180329804E+01  0.235769805174862E-16    0.334332787400440E+00 -0.263539745923309E-17
  0.00000000  0.00000000  0.01000000    0.6041D-03  0.299103194709603E+01  0.235769834990917E-16    0.334332771326931E+00 -0.263539753911146E-17
  0.00000000  0.00000000  0.01000000    0.6428D-03  0.299103210492554E+01  0.235769862427198E-16    0.334332753685001E+00 -0.263539756766273E-17
  0.00000000  0.00000000  0.01000000    0.6827D-03  0.299103227781077E+01  0.235769883548090E-16    0.334332734360169E+00 -0.263539749909040E-17
  0.00000000  0.00000000  0.01000000    0.7238D-03  0.299103246684402E+01  0.235769922407777E-16    0.334332713230341E+00 -0.263539760034340E-17
  0.00000000  0.00000000  0.01000000    0.7662D-03  0.299103267319004E+01  0.235769945578972E-16    0.334332690165322E+00 -0.263539749572442E-17
  0.00000000  0.00000000  0.01000000    0.8098D-03  0.299103289809067E+01  0.235769976039707E-16    0.334332665026303E+00 -0.263539743988979E-17
  0.00000000  0.00000000  0.01000000    0.8548D-03  0.299103314286975E+01  0.235770020417738E-16    0.334332637665308E+00 -0.263539750459055E-17
  0.00000000  0.00000000  0.01000000    0.9011D-03  0.299103340893837E+01  0.235770051830202E-16    0.334332607924610E+00 -0.263539738684799E-17
  0.00000000  0.00000000  0.01000000    0.9488D-03  0.299103369780042E+01  0.235770114374628E-16    0.334332575636105E+00 -0.263539757692654E-17
  0.00000000  0.00000000  0.01000000    0.9980D-03  0.299103401105850E+01  0.235770152323668E-16    0.334332540620663E+00 -0.263539744909143E-17
  0.00000000  0.00000000  0.01000000    0.1049D-02  0.299103435042016E+01  0.235770205010673E-16    0.334332502687415E+00 -0.263539743999498E-17
  0.00000000  0.00000000  0.01000000    0.1101D-02  0.299103471770464E+01  0.235770253653983E-16    0.334332461633015E+00 -0.263539733649325E-17
  0.00000000  0.00000000  0.01000000    0.1155D-02  0.299103511484992E+01  0.235770319525522E-16    0.334332417240837E+00 -0.263539737294483E-17
  0.00000000  0.00000000  0.01000000    0.1210D-02  0.299103554392026E+01  0.235770379679910E-16    0.334332369280150E+00 -0.263539728923283E-17
  0.00000000  0.00000000  0.01000000    0.1267D-02  0.299103600711417E+01  0.235770439908908E-16    0.334332317505206E+00 -0.263539714622227E-17
  0.00000000  0.00000000  0.01000000    0.1326D-02  0.299103650677301E+01  0.235770516790633E-16    0.334332261654301E+00 -0.263539712509427E-17
  0.00000000  0.00000000  0.01000000    0.1387D-02  0.299103704538991E+01  0.235770607953487E-16    0.334332201448759E+00 -0.263539719494601E-17
  0.00000000  0.00000000  0.01000000    0.1450D-02  0.299103762561948E+01  0.235770688873807E-16    0.334332136591858E+00 -0.263539707697887E-17
  0.00000000  0.00000000  0.01000000    0.1514D-02  0.299103825028794E+01  0.235770782615260E-16    0.334332066767696E+00 -0.263539702401360E-17
  0.00000000  0.00000000  0.01000000    0.1580D-02  0.299103892240401E+01  0.235770886485964E-16    0.334331991639969E+00 -0.263539700065883E-17
  0.00000000  0.00000000  0.01000000    0.1649D-02  0.299103964517039E+01  0.235771001391061E-16    0.334331910850695E+00 -0.263539701138815E-17
  0.00000000  0.00000000  0.01000000    0.1719D-02  0.299104042199605E+01  0.235771115767481E-16    0.334331824018833E+00 -0.263539692094478E-17
  0.00000000  0.00000000  0.01000000    0.1792D-02  0.299104125650918E+01  0.235771240474466E-16    0.334331730738843E+00 -0.263539684431733E-17
  0.00000000  0.00000000  0.01000000    0.1867D-02  0.299104215257106E+01  0.235771369939335E-16    0.334331630579132E+00 -0.263539671241128E-17
  0.00000000  0.00000000  0.01000000    0.1944D-02  0.299104311429070E+01  0.235771532606104E-16    0.334331523080415E+00 -0.263539683592610E-17
  0.00000000  0.00000000  0.01000000    0.2024D-02  0.299104414604046E+01  0.235771679585379E-16    0.334331407753977E+00 -0.263539666068282E-17
  0.00000000  0.00000000  0.01000000    0.2106D-02  0.299104525247259E+01  0.235771848728443E-16    0.334331284079817E+00 -0.263539660157566E-17
  0.00000000  0.00000000  0.01000000    0.2190D-02  0.299104643853687E+01  0.235772035158218E-16    0.334331151504679E+00 -0.263539659536707E-17
  0.00000000  0.00000000  0.01000000    0.2277D-02  0.299104770949929E+01  0.235772209999752E-16    0.334331009439967E+00 -0.263539631002091E-17
  0.00000000  0.00000000  0.01000000    0.2367D-02  0.299104907096192E+01  0.235772420393284E-16    0.334330857259524E+00 -0.263539626258585E-17
  0.00000000  0.00000000  0.01000000    0.2459D-02  0.299105052888401E+01  0.235772642946699E-16    0.334330694297267E+00 -0.263539618108967E-17
  0.00000000  0.00000000  0.01000000    0.2554D-02  0.299105208960442E+01  0.235772884224065E-16    0.334330519844693E+00 -0.263539612773308E-17
  0.00000000  0.00000000  0.01000000    0.2652D-02  0.299105375986544E+01  0.235773132435013E-16    0.334330333148204E+00 -0.263539595884562E-17
  0.00000000  0.00000000  0.01000000    0.2753D-02  0.299105554683806E+01  0.235773399143894E-16    0.334330133406293E+00 -0.263539579105320E-17
  0.00000000  0.00000000  0.01000000    0.2858D-02  0.299105745814893E+01  0.235773674919175E-16    0.334329919766526E+00 -0.263539550549356E-17
  0.00000000  0.00000000  0.01000000    0.2965D-02  0.299105950190882E+01  0.235773997884353E-16    0.334329691322364E+00 -0.263539551400467E-17
  0.00000000  0.00000000  0.01000000    0.3075D-02  0.299106168674301E+01  0.235774324195614E-16    0.334329447109767E+00 -0.263539531131613E-17
  0.00000000  0.00000000  0.01000000    0.3189D-02  0.299106402182348E+01  0.235774677335118E-16    0.334329186103598E+00 -0.263539514373994E-17
  0.00000000  0.00000000  0.01000000    0.3307D-02  0.299106651690319E+01  0.235775056459145E-16    0.334328907213790E+00 -0.263539498465814E-17
  0.00000000  0.00000000  0.01000000    0.3428D-02  0.299106918235236E+01  0.235775465819525E-16    0.334328609281294E+00 -0.263539486332099E-17
  0.00000000  0.00000000  0.01000000    0.3553D-02  0.299107202919715E+01  0.235775890411947E-16    0.334328291073757E+00 -0.263539459258619E-17
  0.00000000  0.00000000  0.01000000    0.3681D-02  0.299107506916070E+01  0.235776347937937E-16    0.334327951280943E+00 -0.263539434965476E-17
  0.00000000  0.00000000  0.01000000    0.3813D-02  0.299107831470666E+01  0.235776823534837E-16    0.334327588509856E+00 -0.263539394643522E-17
  0.00000000  0.00000000  0.01000000    0.3950D-02  0.299108177908550E+01  0.235777355642968E-16    0.334327201279579E+00 -0.263539378924351E-17
  0.00000000  0.00000000  0.01000000    0.4090D-02  0.299108547638373E+01  0.235777913268269E-16    0.334326788015773E+00 -0.263539350681962E-17
  0.00000000  0.00000000  0.01000000    0.4235D-02  0.299108942157608E+01  0.235778505809476E-16    0.334326347044841E+00 -0.263539317782873E-17
  0.00000000  0.00000000  0.01000000    0.4385D-02  0.299109363058102E+01  0.235779141025535E-16    0.334325876587738E+00 -0.263539286094343E-17
  0.00000000  0.00000000  0.01000000    0.4538D-02  0.299109812031970E+01  0.235779826559559E-16    0.334325374753376E+00 -0.263539261177381E-17
  0.00000000  0.00000000  0.01000000    0.4697D-02  0.299110290877849E+01  0.235780544417516E-16    0.334324839531643E+00 -0.263539219749750E-17
  0.00000000  0.00000000  0.01000000    0.4860D-02  0.299110801507564E+01  0.235781323542236E-16    0.334324268785964E+00 -0.263539190792652E-17
  0.00000000  0.00000000  0.01000000    0.5029D-02  0.299111345953176E+01  0.235782140455490E-16    0.334323660245420E+00 -0.263539144482734E-17
  0.00000000  0.00000000  0.01000000    0.5202D-02  0.299111926374498E+01  0.235783012970923E-16    0.334323011496361E+00 -0.263539096924641E-17
  0.00000000  0.00000000  0.01000000    0.5381D-02  0.299112545067055E+01  0.235783933661041E-16    0.334322319973514E+00 -0.263539035771197E-17
  0.00000000  0.00000000  0.01000000    0.5565D-02  0.299113204470562E+01  0.235784942096996E-16    0.334321582950517E+00 -0.263539000952135E-17
  0.00000000  0.00000000  0.01000000    0.5755D-02  0.299113907177915E+01  0.235786012355749E-16    0.334320797529883E+00 -0.263538958923356E-17
  0.00000000  0.00000000  0.01000000    0.5950D-02  0.299114655944739E+01  0.235787139917072E-16    0.334319960632336E+00 -0.263538899776446E-17
  0.00000000  0.00000000  0.01000000    0.6152D-02  0.299115453699548E+01  0.235788342213595E-16    0.334319068985472E+00 -0.263538837835031E-17
  0.00000000  0.00000000  0.01000000    0.6360D-02  0.299116303554513E+01  0.235789622165832E-16    0.334318119111736E+00 -0.263538770878738E-17
  0.00000000  0.00000000  0.01000000    0.6574D-02  0.299117208816929E+01  0.235790979210959E-16    0.334317107315627E+00 -0.263538692450066E-17
  0.00000000  0.00000000  0.01000000    0.6794D-02  0.299118173001365E+01  0.235792438329411E-16    0.334316029670132E+00 -0.263538624275324E-17
  0.00000000  0.00000000  0.01000000    0.7021D-02  0.299119199842600E+01  0.235793985177949E-16    0.334314882002296E+00 -0.263538543741418E-17
  0.00000000  0.00000000  0.01000000    0.7255D-02  0.299120293309345E+01  0.235795637595435E-16    0.334313659877906E+00 -0.263538463792058E-17
  0.00000000  0.00000000  0.01000000    0.7497D-02  0.299121457618824E+01  0.235797393995918E-16    0.334312358585227E+00 -0.263538375222415E-17
  0.00000000  0.00000000  0.01000000    0.7745D-02  0.299122697252276E+01  0.235799266248995E-16    0.334310973117702E+00 -0.263538283400999E-17
  0.00000000  0.00000000  0.01000000    0.8001D-02  0.299124016971404E+01  0.235801257888995E-16    0.334309498155609E+00 -0.263538183886009E-17
  0.00000000  0.00000000  0.01000000    0.8265D-02  0.299125421835863E+01  0.235803379178152E-16    0.334307928046558E+00 -0.263538079229793E-17
  0.00000000  0.00000000  0.01000000    0.8537D-02  0.299126917221839E+01  0.235805630281419E-16    0.334306256784768E+00 -0.263537960141819E-17
  0.00000000  0.00000000  0.01000000    0.8818D-02  0.299128508841775E+01  0.235808036405834E-16    0.334304477989075E+00 -0.263537844726059E-17
  0.00000000  0.00000000  0.01000000    0.9107D-02  0.299130202765345E+01  0.235810596572945E-16    0.334302584879554E+00 -0.263537721191483E-17
  0.00000000  0.00000000  0.01000000    0.9404D-02  0.299132005441724E+01  0.235813312976002E-16    0.334300570252693E+00 -0.263537580623121E-17
  0.00000000  0.00000000  0.01000000    0.9711D-02  0.299133923723254E+01  0.235816207265317E-16    0.334298426455021E+00 -0.263537435139986E-17
  0.00000000  0.00000000  0.01000000    0.1003D-01  0.299135964890590E+01  0.235819286073994E-16    0.334296145355091E+00 -0.263537279322997E-17
  0.00000000  0.00000000  0.01000000    0.1035D-01  0.299138136679416E+01  0.235822576865138E-16    0.334293718313720E+00 -0.263537130229088E-17
  0.00000000  0.00000000  0.01000000    0.1069D-01  0.299140447308833E+01  0.235826048851819E-16    0.334291136152377E+00 -0.263536938967038E-17
  0.00000000  0.00000000  0.01000000    0.1103D-01  0.299142905511521E+01  0.235829773960370E-16    0.334288389119590E+00 -0.263536770523922E-17
  0.00000000  0.00000000  0.01000000    0.1139D-01  0.299145520565794E+01  0.235833708958674E-16    0.334285466855273E+00 -0.263536560234476E-17
  0.00000000  0.00000000  0.01000000    0.1176D-01  0.299148302329654E+01  0.235837915545214E-16    0.334282358352822E+00 -0.263536359670168E-17
  0.00000000  0.00000000  0.01000000    0.1214D-01  0.299151261276996E+01  0.235842384067142E-16    0.334279051918842E+00 -0.263536139582729E-17
  0.00000000  0.00000000  0.01000000    0.1253D-01  0.299154408536063E+01  0.235847125784257E-16    0.334275535130364E+00 -0.263535892940006E-17
  0.00000000  0.00000000  0.01000000    0.1293D-01  0.299157755930334E+01  0.235852181682776E-16    0.334271794789393E+00 -0.263535644699966E-17
  0.00000000  0.00000000  0.01000000    0.1334D-01  0.299161316021970E+01  0.235857556315329E-16    0.334267816874613E+00 -0.263535377806387E-17
  0.00000000  0.00000000  0.01000000    0.1377D-01  0.299165102157989E+01  0.235863265477358E-16    0.334263586490078E+00 -0.263535086382126E-17
  0.00000000  0.00000000  0.01000000    0.1421D-01  0.299169128519361E+01  0.235869345645594E-16    0.334259087810688E+00 -0.263534786186663E-17
  0.00000000  0.00000000  0.01000000    0.1466D-01  0.299173410173178E+01  0.235875807839288E-16    0.334254304024259E+00 -0.263534462971969E-17
  0.00000000  0.00000000  0.01000000    0.1513D-01  0.299177963128129E+01  0.235882678817908E-16    0.334249217269967E+00 -0.263534118415875E-17
  0.00000000  0.00000000  0.01000000    0.1561D-01  0.299182804393462E+01  0.235889992815434E-16    0.334243808572928E+00 -0.263533760781188E-17
  0.00000000  0.00000000  0.01000000    0.1610D-01  0.299187952041681E+01  0.235897760608745E-16    0.334238057774694E+00 -0.263533370248419E-17
  0.00000000  0.00000000  0.01000000    0.1662D-01  0.299193425275212E+01  0.235906021336360E-16    0.334231943459370E+00 -0.263532956690114E-17
  0.00000000  0.00000000  0.01000000    0.1714D-01  0.299199244497278E+01  0.235914812338551E-16    0.334225442875107E+00 -0.263532525849568E-17
  0.00000000  0.00000000  0.01000000    0.1768D-01  0.299205431387287E+01  0.235924141440039E-16    0.334218531850652E+00 -0.263532048247322E-17
  0.00000000  0.00000000  0.01000000    0.1824D-01  0.299212008980998E+01  0.235934072758078E-16    0.334211184706663E+00 -0.263531554892080E-17
  0.00000000  0.00000000  0.01000000    0.1882D-01  0.299219001755788E+01  0.235944620867703E-16    0.334203374161432E+00 -0.263531018907628E-17
  0.00000000  0.00000000  0.01000000    0.1941D-01  0.299226435721357E+01  0.235955870140084E-16    0.334195071230675E+00 -0.263530488670433E-17
  0.00000000  0.00000000  0.01000000    0.2002D-01  0.299234338516220E+01  0.235967794137126E-16    0.334186245120994E+00 -0.263529885918809E-17
  0.00000000  0.00000000  0.01000000    0.2065D-01  0.299242739510371E+01  0.235980469961333E-16    0.334176863116621E+00 -0.263529244978494E-17
  0.00000000  0.00000000  0.01000000    0.2130D-01  0.299251669914521E+01  0.235993953780303E-16    0.334166890459005E+00 -0.263528573539510E-17
  0.00000000  0.00000000  0.01000000    0.2197D-01  0.299261162896356E+01  0.236008290053442E-16    0.334156290218765E+00 -0.263527862759945E-17
  0.00000000  0.00000000  0.01000000    0.2266D-01  0.299271253704276E+01  0.236023511770948E-16    0.334145023159540E+00 -0.263527087318686E-17
  0.00000000  0.00000000  0.01000000    0.2337D-01  0.299281979799104E+01  0.236039707344117E-16    0.334133047593196E+00 -0.263526279867693E-17
  0.00000000  0.00000000  0.01000000    0.2410D-01  0.299293380994327E+01  0.236056936562904E-16    0.334120319225822E+00 -0.263525436940291E-17
  0.00000000  0.00000000  0.01000000    0.2486D-01  0.299305499605409E+01  0.236075236861056E-16    0.334106790993936E+00 -0.263524525692862E-17
  0.00000000  0.00000000  0.01000000    0.2564D-01  0.299318380608832E+01  0.236094677783741E-16    0.334092412890227E+00 -0.263523544430747E-17
  0.00000000  0.00000000  0.01000000    0.2644D-01  0.299332071811475E+01  0.236115352185235E-16    0.334077131778188E+00 -0.263522512470767E-17
  0.00000000  0.00000000  0.01000000    0.2726D-01  0.299346624031100E+01  0.236137337479923E-16    0.334060891194853E+00 -0.263521426567775E-17
  0.00000000  0.00000000  0.01000000    0.2811D-01  0.299362091288653E+01  0.236160691662710E-16    0.334043631140916E+00 -0.263520256142573E-17
  0.00000000  0.00000000  0.01000000    0.2899D-01  0.299378531013236E+01  0.236185527754486E-16    0.334025287857327E+00 -0.263519025993347E-17
  0.00000000  0.00000000  0.01000000    0.2989D-01  0.299396004260622E+01  0.236211919152419E-16    0.334005793587515E+00 -0.263517710285323E-17
  0.00000000  0.00000000  0.01000000    0.3082D-01  0.299414575946250E+01  0.236239967716834E-16    0.333985076324246E+00 -0.263516308113564E-17
  0.00000000  0.00000000  0.01000000    0.3178D-01  0.299434315093744E+01  0.236269769717419E-16    0.333963059540096E+00 -0.263514805064877E-17
  0.00000000  0.00000000  0.01000000    0.3277D-01  0.299455295100052E+01  0.236301474096019E-16    0.333939661900414E+00 -0.263513237726616E-17
  0.00000000  0.00000000  0.01000000    0.3379D-01  0.299477594018384E+01  0.236335165049876E-16    0.333914796957602E+00 -0.263511562226343E-17
  0.00000000  0.00000000  0.01000000    0.3484D-01  0.299501294860258E+01  0.236370982525302E-16    0.333888372825427E+00 -0.263509788080696E-17
  0.00000000  0.00000000  0.01000000    0.3592D-01  0.299526485918027E+01  0.236409034626349E-16    0.333860291831980E+00 -0.263507879946450E-17
  0.00000000  0.00000000  0.01000000    0.3703D-01  0.299553261109405E+01  0.236449500792239E-16    0.333830450149823E+00 -0.263505872027029E-17
  0.00000000  0.00000000  0.01000000    0.3818D-01  0.299581720345601E+01  0.236492504766498E-16    0.333798737401731E+00 -0.263503725811317E-17
  0.00000000  0.00000000  0.01000000    0.3936D-01  0.299611969924868E+01  0.236538224410010E-16    0.333765036240296E+00 -0.263501451768498E-17
  0.00000000  0.00000000  0.01000000    0.4058D-01  0.299644122953338E+01  0.236586830692737E-16    0.333729221899581E+00 -0.263499040597137E-17
  0.00000000  0.00000000  0.01000000    0.4184D-01  0.299678299795266E+01  0.236638497427555E-16    0.333691161716807E+00 -0.263496473276400E-17
  0.00000000  0.00000000  0.01000000    0.4313D-01  0.299714628554927E+01  0.236693413146697E-16    0.333650714621937E+00 -0.263493733433929E-17
  0.00000000  0.00000000  0.01000000    0.4447D-01  0.299753245592645E+01  0.236751797891073E-16    0.333607730592839E+00 -0.263490825102023E-17
  0.00000000  0.00000000  0.01000000    0.4584D-01  0.299794296077645E+01  0.236813884421815E-16    0.333562050073497E+00 -0.263487750791463E-17
  0.00000000  0.00000000  0.01000000    0.4726D-01  0.299837934580672E+01  0.236879896369604E-16    0.333513503352574E+00 -0.263484486119168E-17
  0.00000000  0.00000000  0.01000000    0.4872D-01  0.299884325709569E+01  0.236950062906849E-16    0.333461909899377E+00 -0.263480995016120E-17
  0.00000000  0.00000000  0.01000000    0.5022D-01  0.299933644791351E+01  0.237024669436570E-16    0.333407077654009E+00 -0.263477284863218E-17
  0.00000000  0.00000000  0.01000000    0.5177D-01  0.299986078604633E+01  0.237104016872070E-16    0.333348802268239E+00 -0.263473359847013E-17
  0.00000000  0.00000000  0.01000000    0.5337D-01  0.300041826166604E+01  0.237188379691333E-16    0.333286866293345E+00 -0.263469172943326E-17
  0.00000000  0.00000000  0.01000000    0.5501D-01  0.300101099579258E+01  0.237278117514386E-16    0.333221038310756E+00 -0.263464748371185E-17
  0.00000000  0.00000000  0.01000000    0.5671D-01  0.300164124939935E+01  0.237373523068197E-16    0.333151072001062E+00 -0.263460011054496E-17
  0.00000000  0.00000000  0.01000000    0.5846D-01  0.300231143321869E+01  0.237475015749922E-16    0.333076705146451E+00 -0.263454999789237E-17
  0.00000000  0.00000000  0.01000000    0.6026D-01  0.300302411830939E+01  0.237582942328638E-16    0.332997658561253E+00 -0.263449644067690E-17
  0.00000000  0.00000000  0.01000000    0.6211D-01  0.300378204745564E+01  0.237697774589544E-16    0.332913634944669E+00 -0.263443981309806E-17
  0.00000000  0.00000000  0.01000000    0.6403D-01  0.300458814747332E+01  0.237819932688622E-16    0.332824317649305E+00 -0.263437958666836E-17
  0.00000000  0.00000000  0.01000000    0.6600D-01  0.300544554250894E+01  0.237949896840076E-16    0.332729369358395E+00 -0.263431554472287E-17
  0.00000000  0.00000000  0.01000000    0.6803D-01  0.300635756842551E+01  0.238088179412334E-16    0.332628430663928E+00 -0.263424744645503E-17
  0.00000000  0.00000000  0.01000000    0.7012D-01  0.300732778838037E+01  0.238235343953402E-16    0.332521118537118E+00 -0.263417520871990E-17
  0.00000000  0.00000000  0.01000000    0.7227D-01  0.300836000971277E+01  0.238391959248049E-16    0.332407024681689E+00 -0.263409836674595E-17
  0.00000000  0.00000000  0.01000000    0.7450D-01  0.300945830227240E+01  0.238558641633769E-16    0.332285713759487E+00 -0.263401650884863E-17
  0.00000000  0.00000000  0.01000000    0.7678D-01  0.301062701833632E+01  0.238736098908816E-16    0.332156721476778E+00 -0.263392972389945E-17
  0.00000000  0.00000000  0.01000000    0.7914D-01  0.301187081428006E+01  0.238925038899976E-16    0.332019552518236E+00 -0.263383755122759E-17
  0.00000000  0.00000000  0.01000000    0.8157D-01  0.301319467418916E+01  0.239126221522546E-16    0.331873678314228E+00 -0.263373951234749E-17
  0.00000000  0.00000000  0.01000000    0.8408D-01  0.301460393562212E+01  0.239340474403667E-16    0.331718534625223E+00 -0.263363523504807E-17
  0.00000000  0.00000000  0.01000000    0.8666D-01  0.301610431776261E+01  0.239568695645965E-16    0.331553518925305E+00 -0.263352443076927E-17
  0.00000000  0.00000000  0.01000000    0.8932D-01  0.301770195223155E+01  0.239811842715973E-16    0.331377987564515E+00 -0.263340671448986E-17
  0.00000000  0.00000000  0.01000000    0.9206D-01  0.301940341686660E+01  0.240070963409851E-16    0.331191252687180E+00 -0.263328188149292E-17
  0.00000000  0.00000000  0.01000000    0.9488D-01  0.302121577281939E+01  0.240347125305866E-16    0.330992578880522E+00 -0.263314906360593E-17
  0.00000000  0.00000000  0.01000000    0.9779D-01  0.302314660537180E+01  0.240641560208490E-16    0.330781179524377E+00 -0.263300823674613E-17
  0.00000000  0.00000000  0.01000000    0.1008D+00  0.302520406893113E+01  0.240955512942050E-16    0.330556212808916E+00 -0.263285847826113E-17
  0.00000000  0.00000000  0.01000000    0.1039D+00  0.302739693673336E+01  0.241290399671030E-16    0.330316777382693E+00 -0.263269960624052E-17
  0.00000000  0.00000000  0.01000000    0.1071D+00  0.302973465586509E+01  0.241647704951745E-16    0.330061907587900E+00 -0.263253094808850E-17
  0.00000000  0.00000000  0.01000000    0.1103D+00  0.303222740831167E+01  0.242029070953285E-16    0.329790568233402E+00 -0.263235219825181E-17
  0.00000000  0.00000000  0.01000000    0.1137D+00  0.303488617885278E+01  0.242436222710800E-16    0.329501648848660E+00 -0.263216247385088E-17
  0.00000000  0.00000000  0.01000000    0.1172D+00  0.303772283076424E+01  0.242871080060790E-16    0.329193957352724E+00 -0.263196138772237E-17
  0.00000000  0.00000000  0.01000000    0.1208D+00  0.304075019044745E+01  0.243335712098959E-16    0.328866213061997E+00 -0.263174838867487E-17
  0.00000000  0.00000000  0.01000000    0.1245D+00  0.304398214230540E+01  0.243832374918333E-16    0.328517038947751E+00 -0.263152298742139E-17
  0.00000000  0.00000000  0.01000000    0.1283D+00  0.304743373542136E+01  0.244363494545085E-16    0.328144953039227E+00 -0.263128436592276E-17
  0.00000000  0.00000000  0.01000000    0.1322D+00  0.305112130388574E+01  0.244931758071516E-16    0.327748358849730E+00 -0.263103212697193E-17
  0.00000000  0.00000000  0.01000000    0.1363D+00  0.305506260296911E+01  0.245540123485743E-16    0.327325534680740E+00 -0.263076612988014E-17
  0.00000000  0.00000000  0.01000000    0.1405D+00  0.305927696377325E+01  0.246191772997410E-16    0.326874621631715E+00 -0.263048568666090E-17
  0.00000000  0.00000000  0.01000000    0.1448D+00  0.306378546952737E+01  0.246890230970962E-16    0.326393610109477E+00 -0.263019048131350E-17
  0.00000000  0.00000000  0.01000000    0.1492D+00  0.306861115736351E+01  0.247639386815942E-16    0.325880324589310E+00 -0.262988041228440E-17
  0.00000000  0.00000000  0.01000000    0.1537D+00  0.307377925023907E+01  0.248443537057182E-16    0.325332406327560E+00 -0.262955557856202E-17
  0.00000000  0.00000000  0.01000000    0.1585D+00  0.307931742472757E+01  0.249307409683401E-16    0.324747293659884E+00 -0.262921600527114E-17
  0.00000000  0.00000000  0.01000000    0.1633D+00  0.308525612173668E+01  0.250236333040409E-16    0.324122199435780E+00 -0.262886280566382E-17
  0.00000000  0.00000000  0.01000000    0.1683D+00  0.309162890892878E+01  0.251236159095961E-16    0.323454085033281E+00 -0.262849663919778E-17
  0.00000000  0.00000000  0.01000000    0.1734D+00  0.309847290583807E+01  0.252313475556225E-16    0.322739630259740E+00 -0.262811908592566E-17
  0.00000000  0.00000000  0.01000000    0.1787D+00  0.310582928557787E+01  0.253475722587021E-16    0.321975198264621E+00 -0.262773283818911E-17
  0.00000000  0.00000000  0.01000000    0.1842D+00  0.311374387085593E+01  0.254731244314186E-16    0.321156794352874E+00 -0.262734101578414E-17
  0.00000000  0.00000000  0.01000000    0.1898D+00  0.312226784712209E+01  0.256089572134008E-16    0.320280017270696E+00 -0.262694863483690E-17
  0.00000000  0.00000000  0.01000000    0.1956D+00  0.313145862256855E+01  0.257561491875546E-16    0.319340001107777E+00 -0.262656151699022E-17
  0.00000000  0.00000000  0.01000000    0.2016D+00  0.314138087414578E+01  0.259159458437369E-16    0.318331345374325E+00 -0.262618836670936E-17
  0.00000000  0.00000000  0.01000000    0.2078D+00  0.315210783186961E+01  0.260897845493739E-16    0.317248029997397E+00 -0.262584060978526E-17
  0.00000000  0.00000000  0.01000000    0.2141D+00  0.316372287220064E+01  0.262793354924702E-16    0.316083310831967E+00 -0.262553317862072E-17
  0.00000000  0.00000000  0.01000000    0.2207D+00  0.317632151784727E+01  0.264865592063765E-16    0.314829589631009E+00 -0.262528604828785E-17
  0.00000000  0.00000000  0.01000000    0.2274D+00  0.319001398024001E+01  0.267137734087461E-16    0.313478249999632E+00 -0.262512546682643E-17
  0.00000000  0.00000000  0.01000000    0.2343D+00  0.320492843909853E+01  0.269637521501709E-16    0.312019447236481E+00 -0.262508670667362E-17
  0.00000000  0.00000000  0.01000000    0.2415D+00  0.322121534262836E+01  0.272398427199556E-16    0.310441834411495E+00 -0.262521621300971E-17
  0.00000000  0.00000000  0.01000000    0.2489D+00  0.323905315214222E+01  0.275461406476051E-16    0.308732198277953E+00 -0.262557610411063E-17
  0.00000000  0.00000000  0.01000000    0.2565D+00  0.325865618252532E+01  0.278877254495582E-16    0.306874964398681E+00 -0.262624967935747E-17
  0.00000000  0.00000000  0.01000000    0.2643D+00  0.328028557261817E+01  0.282709940754617E-16    0.304851506938113E+00 -0.262734903890215E-17
  0.00000000  0.00000000  0.01000000    0.2724D+00  0.330426508965088E+01  0.287041530477347E-16    0.302639156625795E+00 -0.262902655638383E-17
  0.00000000  0.00000000  0.01000000    0.2807D+00  0.333100470290671E+01  0.291979457713828E-16    0.300209723248778E+00 -0.263149049648915E-17
  0.00000000  0.00000000  0.01000000    0.2893D+00  0.336103725711920E+01  0.297667832787974E-16    0.297527198748495E+00 -0.263502810804457E-17
  0.00000000  0.00000000  0.01000000    0.2981D+00  0.339507857562957E+01  0.304305510155086E-16    0.294543992936765E+00 -0.264003786766901E-17
  0.00000000  0.00000000  0.01000000    0.3072D+00  0.343413272085581E+01  0.312176573391911E-16    0.291194336761333E+00 -0.264707446189293E-17
  0.00000000  0.00000000  0.01000000    0.3166D+00  0.347969330369550E+01  0.321704610619432E-16    0.287381649106254E+00 -0.265690086613989E-17
  0.00000000  0.00000000  0.01000000    0.3262D+00  0.353417938399419E+01  0.333557089326213E-16    0.282951115760807E+00 -0.267050255066890E-17
  0.00000000  0.00000000  0.01000000    0.3362D+00  0.360208356598804E+01  0.348868704038458E-16    0.277617101791392E+00 -0.268877489227015E-17
  0.00000000  0.00000000  0.01000000    0.3464D+00  0.369497474746645E+01  0.369801847620277E-16    0.270637844192487E+00 -0.270860781625029E-17
  0.00000000  0.00000000  0.01000000    0.3570D+00  0.385904301556788E+01  0.848019420033472E-02    0.259130350981609E+00 -0.569435399051019E-03
  0.00000000  0.00000000  0.01000000    0.3679D+00  0.399222913369306E+01  0.213915135398097E+00    0.249769505034961E+00 -0.133833694656809E-01
  0.00000000  0.00000000  0.01000000    0.3791D+00  0.400122702367393E+01  0.393942868663053E+00    0.247523963840122E+00 -0.243700994222751E-01
  0.00000000  0.00000000  0.01000000    0.3907D+00  0.396986533673905E+01  0.508731768878295E+00    0.247827882580246E+00 -0.317587389969188E-01
  0.00000000  0.00000000  0.01000000    0.4026D+00  0.393640484562254E+01  0.596037494480786E+00    0.248345097457249E+00 -0.376035990860070E-01
  0.00000000  0.00000000  0.01000000    0.4149D+00  0.391853279782520E+01  0.648598679878144E+00    0.248392319856705E+00 -0.411140952655400E-01
  0.00000000  0.00000000  0.01000000    0.4276D+00  0.390752658328487E+01  0.726296445984080E+00    0.247370198979745E+00 -0.459789824923797E-01
  0.00000000  0.00000000  0.01000000    0.4406D+00  0.388483008564320E+01  0.779984563747026E+00    0.247436982587104E+00 -0.496796571956451E-01
  0.00000000  0.00000000  0.01000000    0.4540D+00  0.388158125226123E+01  0.811590499828045E+00    0.246835887262158E+00 -0.516103227265668E-01
  0.00000000  0.00000000  0.01000000    0.4679D+00  0.389600835285950E+01  0.864306253156055E+00    0.244633382786865E+00 -0.542704592299501E-01
  0.00000000  0.00000000  0.01000000    0.4822D+00  0.390187764569747E+01  0.926403111681761E+00    0.242610752173684E+00 -0.576018461237468E-01
  0.00000000  0.00000000  0.01000000    0.4969D+00  0.391229357217770E+01  0.963327839086633E+00    0.240993197365329E+00 -0.593399886203570E-01
  0.00000000  0.00000000  0.01000000    0.5120D+00  0.394764639159249E+01  0.100720675772438E+01    0.237833269845545E+00 -0.606810369617438E-01
  0.00000000  0.00000000  0.01000000    0.5276D+00  0.399497298205586E+01  0.106978156982769E+01    0.233566213812214E+00 -0.625448111897261E-01
  0.00000000  0.00000000  0.01000000    0.5437D+00  0.404983605720619E+01  0.113722547093641E+01    0.228876013285997E+00 -0.642701650927507E-01
  0.00000000  0.00000000  0.01000000    0.5603D+00  0.412974398408815E+01  0.120717021130187E+01    0.223084155137224E+00 -0.652099858327084E-01
  0.00000000  0.00000000  0.01000000    0.5774D+00  0.424608846544188E+01  0.130938791645259E+01    0.215059725766564E+00 -0.663190624797878E-01
  0.00000000  0.00000000  0.01000000    0.5950D+00  0.440359534254925E+01  0.145685932265231E+01    0.204684238671254E+00 -0.677165175525822E-01
  0.00000000  0.00000000  0.01000000    0.6131D+00  0.466178852268147E+01  0.167874660595675E+01    0.189885976372083E+00 -0.683794292260302E-01
  0.00000000  0.00000000  0.01000000    0.6318D+00  0.479957137897772E+01  0.240598019856145E+01    0.166509406090383E+00 -0.834696064074409E-01
  0.00000000  0.00000000  0.01000000    0.6511D+00  0.438471660486129E+01  0.317260321551679E+01    0.149694241261222E+00 -0.108312685623321E+00
  0.00000000  0.00000000  0.01000000    0.6709D+00  0.370848736555405E+01  0.317796981934518E+01    0.155476678194954E+00 -0.133234966769743E+00
  0.00000000  0.00000000  0.01000000    0.6914D+00  0.337479951978647E+01  0.307578264805395E+01    0.161863134163347E+00 -0.147521598394310E+00
  0.00000000  0.00000000  0.01000000    0.7125D+00  0.320577587354581E+01  0.296941250110395E+01    0.167890809329679E+00 -0.155512140495521E+00
  0.00000000  0.00000000  0.01000000    0.7342D+00  0.316351491338515E+01  0.289006614145413E+01    0.172301834845585E+00 -0.157408361468667E+00
  0.00000000  0.00000000  0.01000000    0.7565D+00  0.339189590651941E+01  0.279562469616520E+01    0.175559651454156E+00 -0.144697511592868E+00
  0.00000000  0.00000000  0.01000000    0.7796D+00  0.377608638384026E+01  0.335091709866818E+01    0.148154596111775E+00 -0.131473096452930E+00
  0.00000000  0.00000000  0.01000000    0.8034D+00  0.336683949733516E+01  0.489609047275600E+01    0.953581421541643E-01 -0.138670730122493E+00
  0.00000000  0.00000000  0.01000000    0.8279D+00  0.176567691897348E+01  0.536065614252951E+01    0.554298707380140E-01 -0.168287003051556E+00
  0.00000000  0.00000000  0.01000000    0.8531D+00  0.411846807056788E+00  0.422275866650009E+01    0.228787149533583E-01 -0.234580650359048E+00
  0.00000000  0.00000000  0.01000000    0.8791D+00  0.223379769156024E+00  0.323318233134473E+01    0.212674449629910E-01 -0.307823432475486E+00
  0.00000000  0.00000000  0.01000000    0.9059D+00  0.353829814078223E+00  0.275093970246257E+01    0.459945448174292E-01 -0.357596263516075E+00
  0.00000000  0.00000000  0.01000000    0.9335D+00  0.481921590188197E+00  0.239154071113254E+01    0.809718809518972E-01 -0.401823769044706E+00
  0.00000000  0.00000000  0.01000000    0.9619D+00  0.451174792349161E+00  0.237930320903049E+01    0.769313382541081E-01 -0.405703029262668E+00
  0.00000000  0.00000000  0.01000000    0.9913D+00  0.538271840244418E+00  0.148091093590745E+01    0.216797373171555E+00 -0.596459960937172E+00
  0.00000000  0.00000000  0.01000000    0.1021D+01  0.116690047104108E+01  0.165904306551665E+01    0.283635782516380E+00 -0.403259737907520E+00
  0.00000000  0.00000000  0.01000000    0.1053D+01  0.131851490307200E+01  0.192490350808655E+01    0.242207764946732E+00 -0.353599777556938E+00
  0.00000000  0.00000000  0.01000000    0.1085D+01  0.137052206837866E+01  0.202961700242620E+01    0.228508857009027E+00 -0.338400578940813E+00
  0.00000000  0.00000000  0.01000000    0.1118D+01  0.130648029383304E+01  0.269635874955823E+01    0.145532492147718E+00 -0.300354938685100E+00
  0.00000000  0.00000000  0.01000000    0.1152D+01  0.694228950271752E+00  0.255202300435099E+01    0.992496435476815E-01 -0.364847034120618E+00
  0.00000000  0.00000000  0.01000000    0.1187D+01  0.467000685883006E+00  0.222328194959643E+01    0.904852057153002E-01 -0.430779077319697E+00
  0.00000000  0.00000000  0.01000000    0.1223D+01  0.437038286667735E+00  0.239390502876506E+01    0.738017977457614E-01 -0.404254043970751E+00
  0.00000000  0.00000000  0.01000000    0.1260D+01  0.153831650470083E+00  0.196526495801827E+01    0.395868246246886E-01 -0.505738571980317E+00
  0.00000000  0.00000000  0.01000000    0.1299D+01  0.288848676378619E+00  0.216468932285427E+01    0.605639954435641E-01 -0.453878604983570E+00
  0.00000000  0.00000000  0.01000000    0.1338D+01 -0.197498822406444E+00  0.229940791498284E+01   -0.370800498776400E-01 -0.431709714203450E+00
  0.00000000  0.00000000  0.01000000    0.1379D+01 -0.845758464820700E+00  0.141550450398080E+01   -0.311059502941782E+00 -0.520605049472921E+00
  0.00000000  0.00000000  0.01000000    0.1421D+01 -0.494447261879431E+00  0.886059297380531E+00   -0.480242097668371E+00 -0.860603361448792E+00
  0.00000000  0.00000000  0.01000000    0.1464D+01 -0.139922147451996E+00  0.653926222478488E+00   -0.312886546067348E+00 -0.146227542144003E+01
  0.00000000  0.00000000  0.01000000    0.1509D+01  0.136201268426935E+00  0.786662536005566E+00    0.213686345218322E+00 -0.123419586455161E+01
  0.00000000  0.00000000  0.01000000    0.1555D+01  0.370592083423929E-01  0.772424445131043E+00    0.619705826151626E-01 -0.129165179268570E+01
  0.00000000  0.00000000  0.01000000    0.1602D+01  0.285387757372413E-01  0.596639877766035E+00    0.799867915243252E-01 -0.167222693633963E+01
  0.00000000  0.00000000  0.01000000    0.1651D+01  0.135366402999738E+00  0.485446155321225E+00    0.532976295683326E+00 -0.191134053859228E+01
  0.00000000  0.00000000  0.01000000    0.1701D+01  0.219937497059032E+00  0.416998581859770E+00    0.989549088979024E+00 -0.187617196841212E+01
  0.00000000  0.00000000  0.01000000    0.1753D+01  0.296900630753911E+00  0.339731152575742E+00    0.145848924374525E+01 -0.166888911801468E+01
  0.00000000  0.00000000  0.01000000    0.1807D+01  0.382770313027259E+00  0.298104724056474E+00    0.162618345922830E+01 -0.126648529125594E+01
  0.00000000  0.00000000  0.01000000    0.1862D+01  0.455755331347325E+00  0.265219055269144E+00    0.163908887378110E+01 -0.953839862544793E+00
  0.00000000  0.00000000  0.01000000    0.1919D+01  0.522706703819721E+00  0.243534351688327E+00    0.157190236632725E+01 -0.732365245946577E+00
  0.00000000  0.00000000  0.01000000    0.1977D+01  0.589924890178138E+00  0.225014365447522E+00    0.147983314871098E+01 -0.564451038546381E+00
  0.00000000  0.00000000  0.01000000    0.2037D+01  0.651507790000168E+00  0.219732542392187E+00    0.137813848598904E+01 -0.464801615487687E+00
  0.00000000  0.00000000  0.01000000    0.2099D+01  0.700169673142612E+00  0.256582590250695E+00    0.125913447419468E+01 -0.461419563364913E+00
  0.00000000  0.00000000  0.01000000    0.2163D+01  0.675282296929907E+00  0.199921401454364E+00    0.136152556273742E+01 -0.403087863928795E+00
  0.00000000  0.00000000  0.01000000    0.2229D+01  0.791148430559979E+00  0.237946393349664E+00    0.115913354281324E+01 -0.348621870775638E+00
  0.00000000  0.00000000  0.01000000    0.2297D+01  0.814871990671343E+00  0.350669439279658E+00    0.103543467674210E+01 -0.445585689115079E+00
  0.00000000  0.00000000  0.01000000    0.2367D+01  0.663454299648032E+00  0.299340823167145E+00    0.125232858459007E+01 -0.565032240481085E+00
  0.00000000  0.00000000  0.01000000    0.2439D+01  0.698903639397705E+00  0.191397949482328E+00    0.133099284299486E+01 -0.364498460967245E+00
  0.00000000  0.00000000  0.01000000    0.2513D+01  0.755747721099489E+00  0.212355453162358E+00    0.122636655206425E+01 -0.344593331393557E+00
  0.00000000  0.00000000  0.01000000    0.2590D+01  0.754717748128216E+00  0.191083058298260E+00    0.124517948520161E+01 -0.315260512625651E+00
  0.00000000  0.00000000  0.01000000    0.2669D+01  0.784539785106135E+00  0.147950531188376E+00    0.123085909948993E+01 -0.232118575813137E+00
  0.00000000  0.00000000  0.01000000    0.2750D+01  0.831847164252243E+00  0.157783333045386E+00    0.116039537946528E+01 -0.220101790918624E+00
  0.00000000  0.00000000  0.01000000    0.2834D+01  0.835740340298814E+00  0.172938793267348E+00    0.114741221579732E+01 -0.237432698186203E+00
  0.00000000  0.00000000  0.01000000    0.2920D+01  0.840042977900999E+00  0.160198763171144E+00    0.114864187184341E+01 -0.219049515366091E+00
  0.00000000  0.00000000  0.01000000    0.3009D+01  0.850891518796191E+00  0.153523336305098E+00    0.113818578203918E+01 -0.205358820406267E+00
  0.00000000  0.00000000  0.01000000    0.3101D+01  0.856777030915517E+00  0.116012478945697E+00    0.114615048530923E+01 -0.155195289144777E+00
  0.00000000  0.00000000  0.01000000    0.3195D+01  0.903568730897780E+00  0.108258890380923E+00    0.109106044288452E+01 -0.130722753949041E+00
  0.00000000  0.00000000  0.01000000    0.3293D+01  0.948842743106638E+00  0.123370201637675E+00    0.103639449158918E+01 -0.134753833901813E+00
  0.00000000  0.00000000  0.01000000    0.3393D+01  0.947672978174363E+00  0.204558041982395E+00    0.100823989872432E+01 -0.217631592629022E+00
  0.00000000  0.00000000  0.01000000    0.3496D+01  0.917236046124254E+00  0.145328261821155E+00    0.106353327076387E+01 -0.168507814626534E+00
  0.00000000  0.00000000  0.01000000    0.3603D+01  0.920533970914034E+00  0.174718701405547E+00    0.104855233797308E+01 -0.199016775735608E+00
  0.00000000  0.00000000  0.01000000    0.3713D+01  0.896058620697879E+00  0.172852406585697E+00    0.107596024255345E+01 -0.207555971250013E+00
  0.00000000  0.00000000  0.01000000    0.3826D+01  0.882926474837862E+00  0.133614829090284E+00    0.110723990040998E+01 -0.167560577546835E+00
  0.00000000  0.00000000  0.01000000    0.3942D+01  0.909906183145329E+00  0.117539614937081E+00    0.108097627459126E+01 -0.139638060961811E+00
  0.00000000  0.00000000  0.01000000    0.4062D+01  0.921038532383706E+00  0.120794591349964E+00    0.106737165123645E+01 -0.139986241504964E+00
  0.00000000  0.00000000  0.01000000    0.4186D+01  0.922540205421891E+00  0.996433610364492E-01    0.107146378140692E+01 -0.115728563135505E+00
  0.00000000  0.00000000  0.01000000    0.4313D+01  0.951829061607223E+00  0.881549081508391E-01    0.104167356223524E+01 -0.964759754728929E-01
  0.00000000  0.00000000  0.01000000    0.4445D+01  0.972788335404239E+00  0.109762079304155E+00    0.101505008839667E+01 -0.114530575918128E+00
  0.00000000  0.00000000  0.01000000    0.4580D+01  0.963625319922795E+00  0.129623532757129E+00    0.101930375019609E+01 -0.137113201906725E+00
  0.00000000  0.00000000  0.01000000    0.4720D+01  0.958482040472556E+00  0.983061712375346E-01    0.103245548853024E+01 -0.105893216319990E+00
  0.00000000  0.00000000  0.01000000    0.4863D+01  0.982108893743011E+00  0.108122902523564E+00    0.100602364392951E+01 -0.110755739085542E+00
  0.00000000  0.00000000  0.01000000    0.5012D+01  0.987532051791275E+00  0.116820111577599E+00    0.998650535735714E+00 -0.118135372720371E+00
  0.00000000  0.00000000  0.01000000    0.5164D+01  0.997130133387613E+00  0.141871583935699E+00    0.982979117610543E+00 -0.139858178708669E+00
  0.00000000  0.00000000  0.01000000    0.5322D+01  0.959067788220456E+00  0.155585346900385E+00    0.101594245922949E+01 -0.164811874500905E+00
  0.00000000  0.00000000  0.01000000    0.5484D+01  0.930627173202187E+00  0.134794072063692E+00    0.105246424714462E+01 -0.152441219920460E+00
  0.00000000  0.00000000  0.01000000    0.5651D+01  0.933522862942491E+00  0.111181914999587E+00    0.105622881561086E+01 -0.125796107475297E+00
  0.00000000  0.00000000  0.01000000    0.5823D+01  0.943001191260266E+00  0.807879685924626E-01    0.105271758370861E+01 -0.901874948596028E-01
  0.00000000  0.00000000  0.01000000    0.6000D+01  0.965369435537458E+00  0.781131019539050E-01    0.102913483165740E+01 -0.832726944424276E-01
  0.00000000  0.00000000  0.01000000    0.6183D+01  0.985202102515710E+00  0.733632679829341E-01    0.100942284856060E+01 -0.751668705922875E-01
  0.00000000  0.00000000  0.01000000    0.6371D+01  0.101081836085449E+01  0.799129276330369E-01    0.983152609007740E+00 -0.777257382122054E-01
  0.00000000  0.00000000  0.01000000    0.6565D+01  0.101965856729030E+01  0.122982888671918E+00    0.966658256477920E+00 -0.116590424043746E+00
  0.00000000  0.00000000  0.01000000    0.6765D+01  0.987311047994076E+00  0.161968603922845E+00    0.986308037670245E+00 -0.161804059849120E+00
  0.00000000  0.00000000  0.01000000    0.6971D+01  0.949030826598610E+00  0.100718047257988E+00    0.104197083790276E+01 -0.110581516587260E+00
  0.00000000  0.00000000  0.01000000    0.7184D+01  0.100401488298097E+01  0.626791514867251E-01    0.992134507524217E+00 -0.619374773685464E-01
  0.00000000  0.00000000  0.01000000    0.7402D+01  0.103049770481972E+01  0.152591695689995E+00    0.949583902418028E+00 -0.140610325663208E+00
  0.00000000  0.00000000  0.01000000    0.7628D+01  0.100024867153611E+01  0.158043889421974E+00    0.975400085257745E+00 -0.154117698531824E+00
  0.00000000  0.00000000  0.01000000    0.7860D+01  0.977715462312642E+00  0.194532689909575E+00    0.983844327745536E+00 -0.195752129229819E+00
  0.00000000  0.00000000  0.01000000    0.8100D+01  0.917850662225429E+00  0.203741386138166E+00    0.103833912923439E+01 -0.230487008593293E+00
  0.00000000  0.00000000  0.01000000    0.8346D+01  0.876633461080814E+00  0.146550036825379E+00    0.110971438854539E+01 -0.185515031911368E+00
  0.00000000  0.00000000  0.01000000    0.8600D+01  0.882963212688036E+00  0.101167101104871E+00    0.111787473070087E+01 -0.128082511568183E+00
  0.00000000  0.00000000  0.01000000    0.8862D+01  0.913388832644525E+00  0.834782388351615E-01    0.108575482604226E+01 -0.992314526359651E-01
  0.00000000  0.00000000  0.01000000    0.9132D+01  0.913132922629358E+00  0.132893949448642E+00    0.107241617764396E+01 -0.156075438490755E+00
  0.00000000  0.00000000  0.01000000    0.9410D+01  0.867392976725115E+00  0.109211804548619E+00    0.113488876085449E+01 -0.142891691379400E+00
  0.00000000  0.00000000  0.01000000    0.9697D+01  0.855724179022182E+00  0.669886309537563E-01    0.116148301896914E+01 -0.909243413054962E-01
  0.00000000  0.00000000  0.01000000    0.9992D+01  0.868588051988908E+00  0.336128498278321E-01    0.114957220674271E+01 -0.444864488557179E-01
  0.00000000  0.00000000  0.01000000    0.1030D+02  0.884602728558456E+00  0.215701149898104E-01    0.112977921464995E+01 -0.275484879102843E-01
  0.00000000  0.00000000  0.01000000    0.1061D+02  0.898279420563376E+00  0.664108670122466E-02    0.111317850758604E+01 -0.822986123647612E-02
  0.00000000  0.00000000  0.01000000    0.1093D+02  0.914585867838364E+00  0.310513522274702E-03    0.109339092139555E+01 -0.371220109740113E-03
  0.00000000  0.00000000  0.01000000    0.1127D+02  0.927165608945458E+00  0.306559005085801E-10    0.107855596708055E+01 -0.356614871181033E-10
  0.00000000  0.00000000  0.01000000    0.1161D+02  0.935763422419203E+00  0.421075403172660E-05    0.106864617276285E+01 -0.480870065301031E-05
  0.00000000  0.00000000  0.01000000    0.1196D+02  0.942473982831526E+00  0.725147471147103E-18    0.106103724688043E+01 -0.816371051492217E-18
  0.00000000  0.00000000  0.01000000    0.1233D+02  0.948009821540719E+00  0.677262969208288E-18    0.105484139222818E+01 -0.753583978890851E-18
  0.00000000  0.00000000  0.01000000    0.1270D+02  0.952706282050454E+00  0.632299143576912E-18    0.104964144651986E+01 -0.696633789659628E-18
