 q(1:3)   w(Ry)   eps  epsi --- LFC included. 
  0.00000000  0.00000000  0.05000000    0.0000D+00  0.293965900062776E+01  0.210723803526340E-20    0.340175510080064E+00 -0.243848274018436E-21
  0.00000000  0.00000000  0.05000000    0.1015D-04  0.293965900096205E+01  0.210709217987055E-20    0.340175510041380E+00 -0.243831395667691E-21
  0.00000000  0.00000000  0.05000000    0.3076D-04  0.293965900369776E+01  0.210728609940560E-20    0.340175509724806E+00 -0.243853835461727E-21
  0.00000000  0.00000000  0.05000000    0.5200D-04  0.293965900940034E+01  0.210718159765434E-20    0.340175509064907E+00 -0.243841741638086E-21
  0.00000000  0.00000000  0.05000000    0.7389D-04  0.293965901833847E+01  0.210725302349538E-20    0.340175508030591E+00 -0.243850005509042E-21
  0.00000000  0.00000000  0.05000000    0.9644D-04  0.293965903080004E+01  0.210746065792430E-20    0.340175506588547E+00 -0.243874030768025E-21
  0.00000000  0.00000000  0.05000000    0.1197D-03  0.293965904709337E+01  0.210708980008122E-20    0.340175504703093E+00 -0.243831112627193E-21
  0.00000000  0.00000000  0.05000000    0.1436D-03  0.293965906754864E+01  0.210727280584472E-20    0.340175502336022E+00 -0.243852286545948E-21
  0.00000000  0.00000000  0.05000000    0.1683D-03  0.293965909251928E+01  0.210721737189934E-20    0.340175499446435E+00 -0.243845867621931E-21
  0.00000000  0.00000000  0.05000000    0.1937D-03  0.293965912238349E+01  0.210737712176620E-20    0.340175495990567E+00 -0.243864348821077E-21
  0.00000000  0.00000000  0.05000000    0.2199D-03  0.293965915754589E+01  0.210737973050132E-20    0.340175491921597E+00 -0.243864644868339E-21
  0.00000000  0.00000000  0.05000000    0.2469D-03  0.293965919843921E+01  0.210724105465100E-20    0.340175487189448E+00 -0.243848590602647E-21
  0.00000000  0.00000000  0.05000000    0.2748D-03  0.293965924552615E+01  0.210735296162865E-20    0.340175481740577E+00 -0.243861532594452E-21
  0.00000000  0.00000000  0.05000000    0.3034D-03  0.293965929930131E+01  0.210723884683576E-20    0.340175475517750E+00 -0.243848318382407E-21
  0.00000000  0.00000000  0.05000000    0.3330D-03  0.293965936029328E+01  0.210710309866449E-20    0.340175468459799E+00 -0.243832599573637E-21
  0.00000000  0.00000000  0.05000000    0.3634D-03  0.293965942906685E+01  0.210707066474066E-20    0.340175460501366E+00 -0.243828834932285E-21
  0.00000000  0.00000000  0.05000000    0.3948D-03  0.293965950622533E+01  0.210726560138244E-20    0.340175451572639E+00 -0.243851380071639E-21
  0.00000000  0.00000000  0.05000000    0.4271D-03  0.293965959241304E+01  0.210722010169872E-20    0.340175441599053E+00 -0.243846100579745E-21
  0.00000000  0.00000000  0.05000000    0.4604D-03  0.293965968831803E+01  0.210718500342391E-20    0.340175430500992E+00 -0.243842023120403E-21
  0.00000000  0.00000000  0.05000000    0.4948D-03  0.293965979467479E+01  0.210695898382089E-20    0.340175418193460E+00 -0.243815850642346E-21
  0.00000000  0.00000000  0.05000000    0.5301D-03  0.293965991226732E+01  0.210697223920305E-20    0.340175404585734E+00 -0.243817365039684E-21
  0.00000000  0.00000000  0.05000000    0.5666D-03  0.293966004193231E+01  0.210692932143759E-20    0.340175389580992E+00 -0.243812377117092E-21
  0.00000000  0.00000000  0.05000000    0.6041D-03  0.293966018456249E+01  0.210700509216693E-20    0.340175373075929E+00 -0.243821121592475E-21
  0.00000000  0.00000000  0.05000000    0.6428D-03  0.293966034111024E+01  0.210672738855370E-20    0.340175354960336E+00 -0.243788959963739E-21
  0.00000000  0.00000000  0.05000000    0.6827D-03  0.293966051259145E+01  0.210673186028587E-20    0.340175335116657E+00 -0.243789448987059E-21
  0.00000000  0.00000000  0.05000000    0.7238D-03  0.293966070008953E+01  0.210665315432960E-20    0.340175313419520E+00 -0.243780310094450E-21
  0.00000000  0.00000000  0.05000000    0.7662D-03  0.293966090475978E+01  0.210660924390638E-20    0.340175289735235E+00 -0.243775194868381E-21
  0.00000000  0.00000000  0.05000000    0.8098D-03  0.293966112783396E+01  0.210662014101113E-20    0.340175263921265E+00 -0.243776418875309E-21
  0.00000000  0.00000000  0.05000000    0.8548D-03  0.293966137062514E+01  0.210651310254470E-20    0.340175235825663E+00 -0.243763992202818E-21
  0.00000000  0.00000000  0.05000000    0.9011D-03  0.293966163453297E+01  0.210636597621773E-20    0.340175205286465E+00 -0.243746923098559E-21
  0.00000000  0.00000000  0.05000000    0.9488D-03  0.293966192104913E+01  0.210634421541649E-20    0.340175172131056E+00 -0.243744357443267E-21
  0.00000000  0.00000000  0.05000000    0.9980D-03  0.293966223176318E+01  0.210625752126134E-20    0.340175136175496E+00 -0.243734273745454E-21
  0.00000000  0.00000000  0.05000000    0.1049D-02  0.293966256836882E+01  0.210603976113404E-20    0.340175097223790E+00 -0.243709018922696E-21
  0.00000000  0.00000000  0.05000000    0.1101D-02  0.293966293267052E+01  0.210611760958579E-20    0.340175055067132E+00 -0.243717967069050E-21
  0.00000000  0.00000000  0.05000000    0.1155D-02  0.293966332659051E+01  0.210593242669620E-20    0.340175009483083E+00 -0.243696472566126E-21
  0.00000000  0.00000000  0.05000000    0.1210D-02  0.293966375217628E+01  0.210579511134249E-20    0.340174960234715E+00 -0.243680512008584E-21
  0.00000000  0.00000000  0.05000000    0.1267D-02  0.293966421160851E+01  0.210560127400827E-20    0.340174907069684E+00 -0.243658005184083E-21
  0.00000000  0.00000000  0.05000000    0.1326D-02  0.293966470720951E+01  0.210536357661634E-20    0.340174849719257E+00 -0.243630416939525E-21
  0.00000000  0.00000000  0.05000000    0.1387D-02  0.293966524145220E+01  0.210530129206851E-20    0.340174787897277E+00 -0.243623120888240E-21
  0.00000000  0.00000000  0.05000000    0.1450D-02  0.293966581696960E+01  0.210505980203923E-20    0.340174721299057E+00 -0.243595080550596E-21
  0.00000000  0.00000000  0.05000000    0.1514D-02  0.293966643656499E+01  0.210491969248514E-20    0.340174649600212E+00 -0.243578764556843E-21
  0.00000000  0.00000000  0.05000000    0.1580D-02  0.293966710322265E+01  0.210461230942318E-20    0.340174572455410E+00 -0.243543084098729E-21
  0.00000000  0.00000000  0.05000000    0.1649D-02  0.293966782011928E+01  0.210446155977655E-20    0.340174489497057E+00 -0.243525520762452E-21
  0.00000000  0.00000000  0.05000000    0.1719D-02  0.293966859063614E+01  0.210405580094824E-20    0.340174400333883E+00 -0.243478439248727E-21
  0.00000000  0.00000000  0.05000000    0.1792D-02  0.293966941837198E+01  0.210386553932021E-20    0.340174304549459E+00 -0.243456285332987E-21
  0.00000000  0.00000000  0.05000000    0.1867D-02  0.293967030715671E+01  0.210367015409926E-20    0.340174201700603E+00 -0.243433528436817E-21
  0.00000000  0.00000000  0.05000000    0.1944D-02  0.293967126106597E+01  0.210327289303268E-20    0.340174091315702E+00 -0.243387400030879E-21
  0.00000000  0.00000000  0.05000000    0.2024D-02  0.293967228443659E+01  0.210291175574282E-20    0.340173972892920E+00 -0.243345440368149E-21
  0.00000000  0.00000000  0.05000000    0.2106D-02  0.293967338188306E+01  0.210234910921655E-20    0.340173845898293E+00 -0.243280150206665E-21
  0.00000000  0.00000000  0.05000000    0.2190D-02  0.293967455831495E+01  0.210215918873424E-20    0.340173709763713E+00 -0.243257978242158E-21
  0.00000000  0.00000000  0.05000000    0.2277D-02  0.293967581895547E+01  0.210172537065914E-20    0.340173563884783E+00 -0.243207569023112E-21
  0.00000000  0.00000000  0.05000000    0.2367D-02  0.293967716936120E+01  0.210122173657849E-20    0.340173407618532E+00 -0.243149066075632E-21
  0.00000000  0.00000000  0.05000000    0.2459D-02  0.293967861544300E+01  0.210077330945217E-20    0.340173240280997E+00 -0.243096935841228E-21
  0.00000000  0.00000000  0.05000000    0.2554D-02  0.293968016348822E+01  0.210024806624725E-20    0.340173061144652E+00 -0.243035899868338E-21
  0.00000000  0.00000000  0.05000000    0.2652D-02  0.293968182018441E+01  0.209966814835955E-20    0.340172869435669E+00 -0.242968519241086E-21
  0.00000000  0.00000000  0.05000000    0.2753D-02  0.293968359264430E+01  0.209904903600005E-20    0.340172664331021E+00 -0.242896584150850E-21
  0.00000000  0.00000000  0.05000000    0.2858D-02  0.293968548843261E+01  0.209854760790671E-20    0.340172444955390E+00 -0.242838246964145E-21
  0.00000000  0.00000000  0.05000000    0.2965D-02  0.293968751559421E+01  0.209769606101551E-20    0.340172210377900E+00 -0.242739373484880E-21
  0.00000000  0.00000000  0.05000000    0.3075D-02  0.293968968268434E+01  0.209714174555142E-20    0.340171959608629E+00 -0.242674871896637E-21
  0.00000000  0.00000000  0.05000000    0.3189D-02  0.293969199880047E+01  0.209637589938384E-20    0.340171691594918E+00 -0.242585868248513E-21
  0.00000000  0.00000000  0.05000000    0.3307D-02  0.293969447361633E+01  0.209553636756188E-20    0.340171405217437E+00 -0.242488312045861E-21
  0.00000000  0.00000000  0.05000000    0.3428D-02  0.293969711741792E+01  0.209462881476633E-20    0.340171099286021E+00 -0.242382857163560E-21
  0.00000000  0.00000000  0.05000000    0.3553D-02  0.293969994114183E+01  0.209369536564265E-20    0.340170772535234E+00 -0.242274376379878E-21
  0.00000000  0.00000000  0.05000000    0.3681D-02  0.293970295641598E+01  0.209277523244470E-20    0.340170423619663E+00 -0.242167405318185E-21
  0.00000000  0.00000000  0.05000000    0.3813D-02  0.293970617560276E+01  0.209167618781567E-20    0.340170051108921E+00 -0.242039698258850E-21
  0.00000000  0.00000000  0.05000000    0.3950D-02  0.293970961184501E+01  0.209059495077998E-20    0.340169653482332E+00 -0.241914016647517E-21
  0.00000000  0.00000000  0.05000000    0.4090D-02  0.293971327911482E+01  0.208929287387212E-20    0.340169229123295E+00 -0.241762743110742E-21
  0.00000000  0.00000000  0.05000000    0.4235D-02  0.293971719226524E+01  0.208792885513179E-20    0.340168776313287E+00 -0.241604262324326E-21
  0.00000000  0.00000000  0.05000000    0.4385D-02  0.293972136708544E+01  0.208664235691731E-20    0.340168293225504E+00 -0.241454709644247E-21
  0.00000000  0.00000000  0.05000000    0.4538D-02  0.293972582035910E+01  0.208514838893377E-20    0.340167777918094E+00 -0.241281104918299E-21
  0.00000000  0.00000000  0.05000000    0.4697D-02  0.293973056992647E+01  0.208343328600100E-20    0.340167228326986E+00 -0.241081864288287E-21
  0.00000000  0.00000000  0.05000000    0.4860D-02  0.293973563475046E+01  0.208179865052069E-20    0.340166642258253E+00 -0.240891884438274E-21
  0.00000000  0.00000000  0.05000000    0.5029D-02  0.293974103498660E+01  0.208017513909583E-20    0.340166017380017E+00 -0.240703138166855E-21
  0.00000000  0.00000000  0.05000000    0.5202D-02  0.293974679205752E+01  0.207820281460337E-20    0.340165351213839E+00 -0.240473972871781E-21
  0.00000000  0.00000000  0.05000000    0.5381D-02  0.293975292873195E+01  0.207616118212350E-20    0.340164641125588E+00 -0.240236727560825E-21
  0.00000000  0.00000000  0.05000000    0.5565D-02  0.293975946920883E+01  0.207395095635691E-20    0.340163884315722E+00 -0.239979910119836E-21
  0.00000000  0.00000000  0.05000000    0.5755D-02  0.293976643920641E+01  0.207164115165689E-20    0.340163077808981E+00 -0.239711502541535E-21
  0.00000000  0.00000000  0.05000000    0.5950D-02  0.293977386605701E+01  0.206924435160924E-20    0.340162218443439E+00 -0.239432956824341E-21
  0.00000000  0.00000000  0.05000000    0.6152D-02  0.293978177880780E+01  0.206653747594971E-20    0.340161302858861E+00 -0.239118456102137E-21
  0.00000000  0.00000000  0.05000000    0.6360D-02  0.293979020832757E+01  0.206365353837807E-20    0.340160327484353E+00 -0.238783387141179E-21
  0.00000000  0.00000000  0.05000000    0.6574D-02  0.293979918742046E+01  0.206069798020086E-20    0.340159288525232E+00 -0.238439945765674E-21
  0.00000000  0.00000000  0.05000000    0.6794D-02  0.293980875094655E+01  0.205754192508478E-20    0.340158181949089E+00 -0.238073214897234E-21
  0.00000000  0.00000000  0.05000000    0.7021D-02  0.293981893595005E+01  0.205411873099505E-20    0.340157003470975E+00 -0.237675478501221E-21
  0.00000000  0.00000000  0.05000000    0.7255D-02  0.293982978179548E+01  0.205056192329610E-20    0.340155748537678E+00 -0.237262181049016E-21
  0.00000000  0.00000000  0.05000000    0.7497D-02  0.293984133031226E+01  0.204666896493536E-20    0.340154412311016E+00 -0.236809882147224E-21
  0.00000000  0.00000000  0.05000000    0.7745D-02  0.293985362594850E+01  0.204272009765609E-20    0.340152989650077E+00 -0.236351001323012E-21
  0.00000000  0.00000000  0.05000000    0.8001D-02  0.293986671593409E+01  0.203830017907829E-20    0.340151475092389E+00 -0.235837498631045E-21
  0.00000000  0.00000000  0.05000000    0.8265D-02  0.293988065045423E+01  0.203372535358637E-20    0.340149862833886E+00 -0.235305946844242E-21
  0.00000000  0.00000000  0.05000000    0.8537D-02  0.293989548283360E+01  0.202869667680058E-20    0.340148146707636E+00 -0.234721750781612E-21
  0.00000000  0.00000000  0.05000000    0.8818D-02  0.293991126973215E+01  0.202342376965190E-20    0.340146320161258E+00 -0.234109157123174E-21
  0.00000000  0.00000000  0.05000000    0.9107D-02  0.293992807135297E+01  0.201788378147845E-20    0.340144376232917E+00 -0.233465514632687E-21
  0.00000000  0.00000000  0.05000000    0.9404D-02  0.293994595166331E+01  0.201206669931550E-20    0.340142307525837E+00 -0.232789657107086E-21
  0.00000000  0.00000000  0.05000000    0.9711D-02  0.293996497862921E+01  0.200549412225844E-20    0.340140106181217E+00 -0.232026227743995E-21
  0.00000000  0.00000000  0.05000000    0.1003D-01  0.293998522446496E+01  0.199874064246496E-20    0.340137763849472E+00 -0.231241697062206E-21
  0.00000000  0.00000000  0.05000000    0.1035D-01  0.294000676589805E+01  0.199169322215714E-20    0.340135271659669E+00 -0.230422978286653E-21
  0.00000000  0.00000000  0.05000000    0.1069D-01  0.294002968445072E+01  0.198418974726955E-20    0.340132620187074E+00 -0.229551307341037E-21
  0.00000000  0.00000000  0.05000000    0.1103D-01  0.294005406673914E+01  0.197607720392971E-20    0.340129799418660E+00 -0.228608973764166E-21
  0.00000000  0.00000000  0.05000000    0.1139D-01  0.294008000479132E+01  0.196734834087937E-20    0.340126798716479E+00 -0.227595130762767E-21
  0.00000000  0.00000000  0.05000000    0.1176D-01  0.294010759638485E+01  0.195835357961559E-20    0.340123606778744E+00 -0.226550308453313E-21
  0.00000000  0.00000000  0.05000000    0.1214D-01  0.294013694540598E+01  0.194836303654944E-20    0.340120211598483E+00 -0.225390061948408E-21
  0.00000000  0.00000000  0.05000000    0.1253D-01  0.294016816223107E+01  0.193803796970041E-20    0.340116600419609E+00 -0.224190879353798E-21
  0.00000000  0.00000000  0.05000000    0.1293D-01  0.294020136413201E+01  0.192691352582135E-20    0.340112759690258E+00 -0.222898977242349E-21
  0.00000000  0.00000000  0.05000000    0.1334D-01  0.294023667570721E+01  0.191517694697214E-20    0.340108675013202E+00 -0.221536007367111E-21
  0.00000000  0.00000000  0.05000000    0.1377D-01  0.294027422933951E+01  0.190274632692956E-20    0.340104331093170E+00 -0.220092486715340E-21
  0.00000000  0.00000000  0.05000000    0.1421D-01  0.294031416568310E+01  0.188942677318811E-20    0.340099711680870E+00 -0.218545864351235E-21
  0.00000000  0.00000000  0.05000000    0.1466D-01  0.294035663418093E+01  0.187546975662919E-20    0.340094799513516E+00 -0.216925220383052E-21
  0.00000000  0.00000000  0.05000000    0.1513D-01  0.294040179361483E+01  0.186039070601043E-20    0.340089576251630E+00 -0.215174500384092E-21
  0.00000000  0.00000000  0.05000000    0.1561D-01  0.294044981269039E+01  0.184439635546091E-20    0.340084022411878E+00 -0.213317611740853E-21
  0.00000000  0.00000000  0.05000000    0.1610D-01  0.294050087065865E+01  0.182739467669981E-20    0.340078117295714E+00 -0.211343906546465E-21
  0.00000000  0.00000000  0.05000000    0.1662D-01  0.294055515797727E+01  0.180963293491138E-20    0.340071838913532E+00 -0.209281978018439E-21
  0.00000000  0.00000000  0.05000000    0.1714D-01  0.294061287701347E+01  0.179014477809059E-20    0.340065163904068E+00 -0.207020067868185E-21
  0.00000000  0.00000000  0.05000000    0.1768D-01  0.294067424279161E+01  0.176975786686303E-20    0.340058067448740E+00 -0.204653895797153E-21
  0.00000000  0.00000000  0.05000000    0.1824D-01  0.294073948378822E+01  0.174811865477437E-20    0.340050523180589E+00 -0.202142578904001E-21
  0.00000000  0.00000000  0.05000000    0.1882D-01  0.294080884277760E+01  0.172500047180219E-20    0.340042503087518E+00 -0.199459913791863E-21
  0.00000000  0.00000000  0.05000000    0.1941D-01  0.294088257773131E+01  0.170035735573953E-20    0.340033977409405E+00 -0.196600598428339E-21
  0.00000000  0.00000000  0.05000000    0.2002D-01  0.294096096277509E+01  0.167461956785848E-20    0.340024914528754E+00 -0.193614394286948E-21
  0.00000000  0.00000000  0.05000000    0.2065D-01  0.294104428920689E+01  0.164671097960092E-20    0.340015280854431E+00 -0.190376900568903E-21
  0.00000000  0.00000000  0.05000000    0.2130D-01  0.294113286658019E+01  0.161724995712379E-20    0.340005040698060E+00 -0.186959638491333E-21
  0.00000000  0.00000000  0.05000000    0.2197D-01  0.294122702385682E+01  0.158597800986203E-20    0.339994156142596E+00 -0.183332755598264E-21
  0.00000000  0.00000000  0.05000000    0.2266D-01  0.294132711063394E+01  0.155264967560699E-20    0.339982586902574E+00 -0.179467918191709E-21
  0.00000000  0.00000000  0.05000000    0.2337D-01  0.294143349845014E+01  0.151721569452119E-20    0.339970290175489E+00 -0.175359483801677E-21
  0.00000000  0.00000000  0.05000000    0.2410D-01  0.294154658217602E+01  0.147946140374945E-20    0.339957220483738E+00 -0.170982703343617E-21
  0.00000000  0.00000000  0.05000000    0.2486D-01  0.294166678149473E+01  0.143950598205418E-20    0.339943329506504E+00 -0.166351423438714E-21
  0.00000000  0.00000000  0.05000000    0.2564D-01  0.294179454247889E+01  0.139726371853677E-20    0.339928565900919E+00 -0.161455820645909E-21
  0.00000000  0.00000000  0.05000000    0.2644D-01  0.294193033927015E+01  0.135186883411909E-20    0.339912875111817E+00 -0.156195956119572E-21
  0.00000000  0.00000000  0.05000000    0.2726D-01  0.294207467586860E+01  0.130390018048824E-20    0.339896199169304E+00 -0.150638839686581E-21
  0.00000000  0.00000000  0.05000000    0.2811D-01  0.294222808803945E+01  0.125272901711088E-20    0.339878476473368E+00 -0.144711972365589E-21
  0.00000000  0.00000000  0.05000000    0.2899D-01  0.294239114534526E+01  0.119867693863754E-20    0.339859641564637E+00 -0.138452671515686E-21
  0.00000000  0.00000000  0.05000000    0.2989D-01  0.294256445331230E+01  0.114093006981559E-20    0.339839624880383E+00 -0.131767121194041E-21
  0.00000000  0.00000000  0.05000000    0.3082D-01  0.294274865574059E+01  0.107958535769891E-20    0.339818352494781E+00 -0.124666752260705E-21
  0.00000000  0.00000000  0.05000000    0.3178D-01  0.294294443716756E+01  0.101450374265564E-20    0.339795745842368E+00 -0.117135767682834E-21
  0.00000000  0.00000000  0.05000000    0.3277D-01  0.294315252549650E+01  0.945202144941390E-21    0.339771721423545E+00 -0.109118694018682E-21
  0.00000000  0.00000000  0.05000000    0.3379D-01  0.294337369480144E+01  0.871417444253010E-21    0.339746190490930E+00 -0.100585514348790E-21
  0.00000000  0.00000000  0.05000000    0.3484D-01  0.294360876832115E+01  0.793315969525033E-21    0.339719058715244E+00 -0.915558335507077E-22
  0.00000000  0.00000000  0.05000000    0.3592D-01  0.294385862165629E+01  0.709950021049557E-21    0.339690225829314E+00 -0.819207421184396E-22
  0.00000000  0.00000000  0.05000000    0.3703D-01  0.294412418618425E+01  0.621453879389752E-21    0.339659585248697E+00 -0.716962850667968E-22
  0.00000000  0.00000000  0.05000000    0.3818D-01  0.294440645270801E+01  0.527575564133920E-21    0.339627023667296E+00 -0.608540028302154E-22
  0.00000000  0.00000000  0.05000000    0.3936D-01  0.294470647535665E+01  0.427602503016484E-21    0.339592420626197E+00 -0.493124086493548E-22
  0.00000000  0.00000000  0.05000000    0.4058D-01  0.294502537575616E+01  0.321363953683458E-21    0.339555648053878E+00 -0.370526333838891E-22
  0.00000000  0.00000000  0.05000000    0.4184D-01  0.294536434749141E+01  0.208414362468218E-21    0.339516569775724E+00 -0.240242364234058E-22
  0.00000000  0.00000000  0.05000000    0.4313D-01  0.294572466088168E+01  0.882794633138505E-22    0.339475040990658E+00 -0.101736169795764E-22
  0.00000000  0.00000000  0.05000000    0.4447D-01  0.294610766809397E+01 -0.393708700911765E-22    0.339430907712537E+00  0.453604948563413E-23
  0.00000000  0.00000000  0.05000000    0.4584D-01  0.294651480862111E+01 -0.175004558939919E-21    0.339384006173712E+00  0.201572882436955E-22
  0.00000000  0.00000000  0.05000000    0.4726D-01  0.294694761515329E+01 -0.319399559739367E-21    0.339334162188011E+00  0.367781162617442E-22
  0.00000000  0.00000000  0.05000000    0.4872D-01  0.294740771987501E+01 -0.472805984890808E-21    0.339281190470115E+00  0.544255130816957E-22
  0.00000000  0.00000000  0.05000000    0.5022D-01  0.294789686122210E+01 -0.635848506295999E-21    0.339224893908070E+00  0.731693313043674E-22
  0.00000000  0.00000000  0.05000000    0.5177D-01  0.294841689113711E+01 -0.809412679610353E-21    0.339165062785383E+00  0.931091200584783E-22
  0.00000000  0.00000000  0.05000000    0.5337D-01  0.294896978286436E+01 -0.993918558350964E-21    0.339101473948876E+00  0.114290505816775E-21
  0.00000000  0.00000000  0.05000000    0.5501D-01  0.294955763933128E+01 -0.119032539803104E-20    0.339033889918055E+00  0.136820736974719E-21
  0.00000000  0.00000000  0.05000000    0.5671D-01  0.295018270216598E+01 -0.139890596630808E-20    0.338962057931469E+00  0.160727688100220E-21
  0.00000000  0.00000000  0.05000000    0.5846D-01  0.295084736140709E+01 -0.162092070952602E-20    0.338885708925032E+00  0.186152245942352E-21
  0.00000000  0.00000000  0.05000000    0.6026D-01  0.295155416596735E+01 -0.185697096772790E-20    0.338804556436882E+00  0.213158962925900E-21
  0.00000000  0.00000000  0.05000000    0.6211D-01  0.295230583491918E+01 -0.210811563429900E-20    0.338718295432755E+00  0.241864283089914E-21
  0.00000000  0.00000000  0.05000000    0.6403D-01  0.295310526967731E+01 -0.237538701904929E-20    0.338626601045370E+00  0.272380819162553E-21
  0.00000000  0.00000000  0.05000000    0.6600D-01  0.295395556716257E+01 -0.265973237611193E-20    0.338529127220608E+00  0.304810569913360E-21
  0.00000000  0.00000000  0.05000000    0.6803D-01  0.295486003403981E+01 -0.296241025675800E-20    0.338425505262537E+00  0.339290246031580E-21
  0.00000000  0.00000000  0.05000000    0.7012D-01  0.295582220213360E+01 -0.328424653064015E-20    0.338315342268615E+00  0.375905894578503E-21
  0.00000000  0.00000000  0.05000000    0.7227D-01  0.295684584513772E+01 -0.362698499728247E-20    0.338198219445364E+00  0.414847419270466E-21
  0.00000000  0.00000000  0.05000000    0.7450D-01  0.295793499674788E+01 -0.399178810221456E-20    0.338073690293890E+00  0.456236711107802E-21
  0.00000000  0.00000000  0.05000000    0.7678D-01  0.295909397036287E+01 -0.438004706611012E-20    0.337941278653402E+00  0.500220243394913E-21
  0.00000000  0.00000000  0.05000000    0.7914D-01  0.296032738051747E+01 -0.479353073842075E-20    0.337800476589586E+00  0.546985775506462E-21
  0.00000000  0.00000000  0.05000000    0.8157D-01  0.296164016623052E+01 -0.523371180462648E-20    0.337650742113201E+00  0.596685139197023E-21
  0.00000000  0.00000000  0.05000000    0.8408D-01  0.296303761647587E+01 -0.570279774265789E-20    0.337491496712540E+00  0.649551573330214E-21
  0.00000000  0.00000000  0.05000000    0.8666D-01  0.296452539801029E+01 -0.620224330413653E-20    0.337322122681483E+00  0.705729786677672E-21
  0.00000000  0.00000000  0.05000000    0.8932D-01  0.296610958582458E+01 -0.673466969744809E-20    0.337141960222619E+00  0.765494219802505E-21
  0.00000000  0.00000000  0.05000000    0.9206D-01  0.296779669652020E+01 -0.730181293487027E-20    0.336950304302353E+00  0.829015037737660E-21
  0.00000000  0.00000000  0.05000000    0.9488D-01  0.296959372495609E+01 -0.790603227045997E-20    0.336746401231969E+00  0.896529344309744E-21
  0.00000000  0.00000000  0.05000000    0.9779D-01  0.297150818455977E+01 -0.855055973599088E-20    0.336529444945194E+00  0.968368566802396E-21
  0.00000000  0.00000000  0.05000000    0.1008D+00  0.297354815175468E+01 -0.923772266238504E-20    0.336298572938832E+00  0.104475622724710E-20
  0.00000000  0.00000000  0.05000000    0.1039D+00  0.297572231502315E+01 -0.997058191400425E-20    0.336052861838428E+00  0.112599303015595E-20
  0.00000000  0.00000000  0.05000000    0.1071D+00  0.297804002920447E+01 -0.107524874848651E-19    0.335791322545497E+00  0.121240546056772E-20
  0.00000000  0.00000000  0.05000000    0.1103D+00  0.298051137572205E+01 -0.115867944747620E-19    0.335512894916478E+00  0.130431273931571E-20
  0.00000000  0.00000000  0.05000000    0.1137D+00  0.298314722954493E+01 -0.124773365037416E-19    0.335216441916126E+00  0.140207908813556E-20
  0.00000000  0.00000000  0.05000000    0.1172D+00  0.298595933382322E+01 -0.134283359075512E-19    0.334900743179111E+00  0.150610211738533E-20
  0.00000000  0.00000000  0.05000000    0.1208D+00  0.298896038329603E+01 -0.144441524262367E-19    0.334564487903070E+00  0.161678304158344E-20
  0.00000000  0.00000000  0.05000000    0.1245D+00  0.299216411776281E+01 -0.155296845577387E-19    0.334206266983671E+00  0.173456992972577E-20
  0.00000000  0.00000000  0.05000000    0.1283D+00  0.299558542714062E+01 -0.166897588910480E-19    0.333824564287098E+00  0.185988736604950E-20
  0.00000000  0.00000000  0.05000000    0.1322D+00  0.299924046991144E+01 -0.179303793393641E-19    0.333417746936953E+00  0.199327354409571E-20
  0.00000000  0.00000000  0.05000000    0.1363D+00  0.300314680710721E+01 -0.192576446745422E-19    0.332984054470269E+00  0.213525645436352E-20
  0.00000000  0.00000000  0.05000000    0.1405D+00  0.300732355440176E+01 -0.206780229329709E-19    0.332521586690039E+00  0.228638151861657E-20
  0.00000000  0.00000000  0.05000000    0.1448D+00  0.301179155539954E+01 -0.221988939120900E-19    0.332028290008052E+00  0.244726789690583E-20
  0.00000000  0.00000000  0.05000000    0.1492D+00  0.301657357985780E+01 -0.238284840949426E-19    0.331501942030248E+00  0.261859641211958E-20
  0.00000000  0.00000000  0.05000000    0.1537D+00  0.302169455138837E+01 -0.255747904447656E-19    0.330940134084874E+00  0.280098614702618E-20
  0.00000000  0.00000000  0.05000000    0.1585D+00  0.302718181020482E+01 -0.274476096550623E-19    0.330340251328459E+00  0.299521166560036E-20
  0.00000000  0.00000000  0.05000000    0.1633D+00  0.303306541777590E+01 -0.294570538345428E-19    0.329699449981954E+00  0.320203263352598E-20
  0.00000000  0.00000000  0.05000000    0.1683D+00  0.303937851190424E+01 -0.316148579757884E-19    0.329014631143614E+00  0.342232821441013E-20
  0.00000000  0.00000000  0.05000000    0.1734D+00  0.304615772289123E+01 -0.339327002132786E-19    0.328282410488864E+00  0.365690474157003E-20
  0.00000000  0.00000000  0.05000000    0.1787D+00  0.305344366424270E+01 -0.364246919521302E-19    0.327499082989636E+00  0.390675398802919E-20
  0.00000000  0.00000000  0.05000000    0.1842D+00  0.306128151505024E+01 -0.391048093177456E-19    0.326660581551772E+00  0.417276218812444E-20
  0.00000000  0.00000000  0.05000000    0.1898D+00  0.306972171608732E+01 -0.419894250219806E-19    0.325762428157365E+00  0.445596647422711E-20
  0.00000000  0.00000000  0.05000000    0.1956D+00  0.307882080827183E+01 -0.450965013156135E-19    0.324799675678855E+00  0.475744770926891E-20
  0.00000000  0.00000000  0.05000000    0.2016D+00  0.308864245118103E+01 -0.484442605576688E-19    0.323766837957440E+00  0.507816793489492E-20
  0.00000000  0.00000000  0.05000000    0.2078D+00  0.309925867182463E+01 -0.520537997950066E-19    0.322657804942518E+00  0.541922006493444E-20
  0.00000000  0.00000000  0.05000000    0.2141D+00  0.311075141150658E+01 -0.559469344502589E-19    0.321465738567547E+00  0.578156857443399E-20
  0.00000000  0.00000000  0.05000000    0.2207D+00  0.312321446384513E+01 -0.601467291540478E-19    0.320182943430934E+00  0.616606928573738E-20
  0.00000000  0.00000000  0.05000000    0.2274D+00  0.313675593385933E+01 -0.646774593051445E-19    0.318800704003019E+00  0.657342171159541E-20
  0.00000000  0.00000000  0.05000000    0.2343D+00  0.315150140294401E+01 -0.695626663829287E-19    0.317309076577227E+00  0.700392054834474E-20
  0.00000000  0.00000000  0.05000000    0.2415D+00  0.316759806836682E+01 -0.748251467186102E-19    0.315696618831312E+00  0.745739999608012E-20
  0.00000000  0.00000000  0.05000000    0.2489D+00  0.318522025727688E+01 -0.804821795280489E-19    0.313950031466560E+00  0.793269562367092E-20
  0.00000000  0.00000000  0.05000000    0.2565D+00  0.320457692737072E+01 -0.865428684241309E-19    0.312053672813677E+00  0.842732771272203E-20
  0.00000000  0.00000000  0.05000000    0.2643D+00  0.322592212103097E+01 -0.929989018582468E-19    0.309988884567496E+00  0.893655357179753E-20
  0.00000000  0.00000000  0.05000000    0.2724D+00  0.324956995676592E+01 -0.998104572124096E-19    0.307733027232697E+00  0.945201197577014E-20
  0.00000000  0.00000000  0.05000000    0.2807D+00  0.327591686653493E+01 -0.106880388026961E-18    0.305258051636011E+00  0.995937941542482E-20
  0.00000000  0.00000000  0.05000000    0.2893D+00  0.330547595524077E+01 -0.114006319873134E-18    0.302528293516859E+00  0.104342424111943E-19
  0.00000000  0.00000000  0.05000000    0.2981D+00  0.333893282887397E+01 -0.120789196136313E-18    0.299496890549081E+00  0.108345961146361E-19
  0.00000000  0.00000000  0.05000000    0.3072D+00  0.337724226828287E+01 -0.126444302370676E-18    0.296099574908033E+00  0.110859989326546E-19
  0.00000000  0.00000000  0.05000000    0.3166D+00  0.342181022687581E+01 -0.129388366783349E-18    0.292242974828275E+00  0.110505372039471E-19
  0.00000000  0.00000000  0.05000000    0.3262D+00  0.347487849030001E+01 -0.126228225873065E-18    0.287779846918809E+00  0.104538733138399E-19
  0.00000000  0.00000000  0.05000000    0.3362D+00  0.354049260051779E+01 -0.108843708450695E-18    0.282446572506253E+00  0.868312290393509E-20
  0.00000000  0.00000000  0.05000000    0.3464D+00  0.362785047960639E+01 -0.530254245616335E-19    0.275645318245998E+00  0.402888986483436E-20
  0.00000000  0.00000000  0.05000000    0.3570D+00  0.378337205932969E+01  0.419058748760349E-03    0.264314471865256E+00 -0.292763413489740E-04
  0.00000000  0.00000000  0.05000000    0.3679D+00  0.392951047877426E+01  0.176869437299546E+00    0.253970094172716E+00 -0.114313342310396E-01
  0.00000000  0.00000000  0.05000000    0.3791D+00  0.395692720179606E+01  0.375232166113935E+00    0.250468993119442E+00 -0.237517695018308E-01
  0.00000000  0.00000000  0.05000000    0.3907D+00  0.392173231340127E+01  0.499420074215733E+00    0.250920132692598E+00 -0.319538768271706E-01
  0.00000000  0.00000000  0.05000000    0.4026D+00  0.389129558409686E+01  0.577849663990938E+00    0.251439167942908E+00 -0.373382169434173E-01
  0.00000000  0.00000000  0.05000000    0.4149D+00  0.387170057170767E+01  0.650886278028890E+00    0.251185373017913E+00 -0.422277264243130E-01
  0.00000000  0.00000000  0.05000000    0.4276D+00  0.385371891988190E+01  0.713041089301640E+00    0.250900066626978E+00 -0.464232240422551E-01
  0.00000000  0.00000000  0.05000000    0.4406D+00  0.384052660987877E+01  0.766697733461359E+00    0.250401571832641E+00 -0.499885398750845E-01
  0.00000000  0.00000000  0.05000000    0.4540D+00  0.383630797423910E+01  0.812880128192727E+00    0.249466754312533E+00 -0.528598247552367E-01
  0.00000000  0.00000000  0.05000000    0.4679D+00  0.384247903275842E+01  0.861205596515162E+00    0.247800831146695E+00 -0.555390051019856E-01
  0.00000000  0.00000000  0.05000000    0.4822D+00  0.384818721401919E+01  0.918258240372631E+00    0.245863173616234E+00 -0.586681137432177E-01
  0.00000000  0.00000000  0.05000000    0.4969D+00  0.386142528079689E+01  0.954451883030211E+00    0.244060606027136E+00 -0.603259387549307E-01
  0.00000000  0.00000000  0.05000000    0.5120D+00  0.389748734134606E+01  0.100173171224365E+01    0.240676649795002E+00 -0.618586826283181E-01
  0.00000000  0.00000000  0.05000000    0.5276D+00  0.394114079757161E+01  0.106619159027705E+01    0.236430307482717E+00 -0.639611773525099E-01
  0.00000000  0.00000000  0.05000000    0.5437D+00  0.399214208831465E+01  0.112949508334975E+01    0.231926562643840E+00 -0.656188849017186E-01
  0.00000000  0.00000000  0.05000000    0.5603D+00  0.407427909160397E+01  0.119283327963247E+01    0.226064984329619E+00 -0.661854111132586E-01
  0.00000000  0.00000000  0.05000000    0.5774D+00  0.419139333358025E+01  0.130096674627216E+01    0.217618362874407E+00 -0.675465724511132E-01
  0.00000000  0.00000000  0.05000000    0.5950D+00  0.434289017330732E+01  0.144320160402170E+01    0.207361940314673E+00 -0.689091993885915E-01
  0.00000000  0.00000000  0.05000000    0.6131D+00  0.459744818700430E+01  0.165509912852584E+01    0.192556153638391E+00 -0.693209600447619E-01
  0.00000000  0.00000000  0.05000000    0.6318D+00  0.475808593245887E+01  0.234777976495501E+01    0.169017427801403E+00 -0.833981778701949E-01
  0.00000000  0.00000000  0.05000000    0.6511D+00  0.436819392485187E+01  0.316715658560150E+01    0.150047886592294E+00 -0.108792137059823E+00
  0.00000000  0.00000000  0.05000000    0.6709D+00  0.367584521791538E+01  0.316010881531510E+01    0.156431421410198E+00 -0.134483441082153E+00
  0.00000000  0.00000000  0.05000000    0.6914D+00  0.334636011500933E+01  0.307971011938340E+01    0.161794812680554E+00 -0.148902420764914E+00
  0.00000000  0.00000000  0.05000000    0.7125D+00  0.316049668519475E+01  0.297506057049678E+01    0.167757052521650E+00 -0.157914227443388E+00
  0.00000000  0.00000000  0.05000000    0.7342D+00  0.311319527869176E+01  0.287913448383671E+01    0.173134196487804E+00 -0.160117368432111E+00
  0.00000000  0.00000000  0.05000000    0.7565D+00  0.332986463552420E+01  0.280386885994687E+01    0.175721426331221E+00 -0.147963923235575E+00
  0.00000000  0.00000000  0.05000000    0.7796D+00  0.371322891558048E+01  0.329232308283678E+01    0.150775958064100E+00 -0.133685042952345E+00
  0.00000000  0.00000000  0.05000000    0.8034D+00  0.334806160099712E+01  0.484773463124404E+01    0.964579952600745E-01 -0.139663727795025E+00
  0.00000000  0.00000000  0.05000000    0.8279D+00  0.177720128066596E+01  0.532095745622443E+01    0.564710189471338E-01 -0.169074765248169E+00
  0.00000000  0.00000000  0.05000000    0.8531D+00  0.436461206236430E+00  0.425098950133581E+01    0.239007394964814E-01 -0.232785391283245E+00
  0.00000000  0.00000000  0.05000000    0.8791D+00  0.201159282275403E+00  0.328886646965792E+01    0.185278886062336E-01 -0.302922892253974E+00
  0.00000000  0.00000000  0.05000000    0.9059D+00  0.302805527151981E+00  0.277536660532303E+01    0.388493574233089E-01 -0.356074112137304E+00
  0.00000000  0.00000000  0.05000000    0.9335D+00  0.420111266734313E+00  0.242289769812888E+01    0.694751706695325E-01 -0.400682496332043E+00
  0.00000000  0.00000000  0.05000000    0.9619D+00  0.400731170810272E+00  0.232861071484055E+01    0.717768607994232E-01 -0.417088510477486E+00
  0.00000000  0.00000000  0.05000000    0.9913D+00  0.532949273084079E+00  0.153832564256075E+01    0.201076457951531E+00 -0.580394958777494E+00
  0.00000000  0.00000000  0.05000000    0.1021D+01  0.109733063506731E+01  0.169080937977916E+01    0.270080851450126E+00 -0.416150996187764E+00
  0.00000000  0.00000000  0.05000000    0.1053D+01  0.124856711509003E+01  0.191135037097787E+01    0.239547961805181E+00 -0.366708429310433E+00
  0.00000000  0.00000000  0.05000000    0.1085D+01  0.131360458236540E+01  0.207879304930486E+01    0.217234686737692E+00 -0.343776173530901E+00
  0.00000000  0.00000000  0.05000000    0.1118D+01  0.120406784476002E+01  0.265704154001255E+01    0.141494417426766E+00 -0.312238671947696E+00
  0.00000000  0.00000000  0.05000000    0.1152D+01  0.626036826018644E+00  0.249416799159414E+01    0.946705173803917E-01 -0.377172978304630E+00
  0.00000000  0.00000000  0.05000000    0.1187D+01  0.459960121065164E+00  0.221519450543115E+01    0.898596544360153E-01 -0.432769285097223E+00
  0.00000000  0.00000000  0.05000000    0.1223D+01  0.411339659594629E+00  0.236933313219504E+01    0.711298532116454E-01 -0.409710841081082E+00
  0.00000000  0.00000000  0.05000000    0.1260D+01  0.140673674651081E+00  0.200206058150350E+01    0.349236418712419E-01 -0.497031494530743E+00
  0.00000000  0.00000000  0.05000000    0.1299D+01  0.235938077218678E+00  0.219204995282102E+01    0.485394410920897E-01 -0.450969512043860E+00
  0.00000000  0.00000000  0.05000000    0.1338D+01 -0.277936217323953E+00  0.226816209113673E+01   -0.532260526047888E-01 -0.434363379992030E+00
  0.00000000  0.00000000  0.05000000    0.1379D+01 -0.846816122654984E+00  0.146998625022272E+01   -0.294242091499109E+00 -0.510774201351253E+00
  0.00000000  0.00000000  0.05000000    0.1421D+01 -0.573114067879861E+00  0.900869033970993E+00   -0.502720723643818E+00 -0.790218837833764E+00
  0.00000000  0.00000000  0.05000000    0.1464D+01 -0.218376725714541E+00  0.663342905731518E+00   -0.447757352619862E+00 -0.136011135059222E+01
  0.00000000  0.00000000  0.05000000    0.1509D+01  0.612194188207435E-01  0.751642205372617E+00    0.107645385847280E+00 -0.132165278231978E+01
  0.00000000  0.00000000  0.05000000    0.1555D+01  0.758342553823430E-02  0.774159700644246E+00    0.126521005764877E-01 -0.129159920479620E+01
  0.00000000  0.00000000  0.05000000    0.1602D+01 -0.277936500534626E-01  0.597514254637661E+00   -0.776802082892510E-01 -0.166998690948357E+01
  0.00000000  0.00000000  0.05000000    0.1651D+01  0.802220084217743E-01  0.475687290751145E+00    0.344723648054130E+00 -0.204408567457670E+01
  0.00000000  0.00000000  0.05000000    0.1701D+01  0.167572040770983E+00  0.416101539330198E+00    0.832776602855477E+00 -0.206788450371574E+01
  0.00000000  0.00000000  0.05000000    0.1753D+01  0.241980940985282E+00  0.331679116169671E+00    0.143552798905758E+01 -0.196765353795530E+01
  0.00000000  0.00000000  0.05000000    0.1807D+01  0.330679576701774E+00  0.291949040917443E+00    0.169942489545676E+01 -0.150038134585880E+01
  0.00000000  0.00000000  0.05000000    0.1862D+01  0.402652787771696E+00  0.259667215337169E+00    0.175404785127713E+01 -0.113116991845473E+01
  0.00000000  0.00000000  0.05000000    0.1919D+01  0.467389273949072E+00  0.237047976444304E+00    0.170179746499557E+01 -0.863108479120131E+00
  0.00000000  0.00000000  0.05000000    0.1977D+01  0.535450961323973E+00  0.208238065906955E+00    0.162223051014530E+01 -0.630889041739003E+00
  0.00000000  0.00000000  0.05000000    0.2037D+01  0.609277818671442E+00  0.208728675204031E+00    0.146889281039096E+01 -0.503218795980764E+00
  0.00000000  0.00000000  0.05000000    0.2099D+01  0.654705077196341E+00  0.258356079602356E+00    0.132160432798803E+01 -0.521524156230266E+00
  0.00000000  0.00000000  0.05000000    0.2163D+01  0.622333632565876E+00  0.198388571613267E+00    0.145862689813044E+01 -0.464983558165897E+00
  0.00000000  0.00000000  0.05000000    0.2229D+01  0.735658349269839E+00  0.237241770765945E+00    0.123127503808033E+01 -0.397072731688576E+00
  0.00000000  0.00000000  0.05000000    0.2297D+01  0.752910078953479E+00  0.338338467379515E+00    0.110503256841785E+01 -0.496573277545464E+00
  0.00000000  0.00000000  0.05000000    0.2367D+01  0.617072826785155E+00  0.294689880946949E+00    0.131960033330256E+01 -0.630189579315048E+00
  0.00000000  0.00000000  0.05000000    0.2439D+01  0.640061792035763E+00  0.187876966281272E+00    0.143841592891724E+01 -0.422217392661566E+00
  0.00000000  0.00000000  0.05000000    0.2513D+01  0.699596316245026E+00  0.197990606679124E+00    0.132340071638039E+01 -0.374531575755142E+00
  0.00000000  0.00000000  0.05000000    0.2590D+01  0.702024504487990E+00  0.182181539160807E+00    0.133457499035766E+01 -0.346333958878266E+00
  0.00000000  0.00000000  0.05000000    0.2669D+01  0.729254533146062E+00  0.134442476179202E+00    0.132618991682588E+01 -0.244491118255759E+00
  0.00000000  0.00000000  0.05000000    0.2750D+01  0.781940510284405E+00  0.146276329925083E+00    0.123562934707569E+01 -0.231147157182353E+00
  0.00000000  0.00000000  0.05000000    0.2834D+01  0.785566881730874E+00  0.164780755252722E+00    0.121931688942840E+01 -0.255764292773794E+00
  0.00000000  0.00000000  0.05000000    0.2920D+01  0.786546886606782E+00  0.153361018131899E+00    0.122481588896286E+01 -0.238814767376197E+00
  0.00000000  0.00000000  0.05000000    0.3009D+01  0.793616314667322E+00  0.144912738807599E+00    0.121939755900566E+01 -0.222659535477020E+00
  0.00000000  0.00000000  0.05000000    0.3101D+01  0.801496332692070E+00  0.101490878965818E+00    0.122797655777928E+01 -0.155494685521313E+00
  0.00000000  0.00000000  0.05000000    0.3195D+01  0.848979654498786E+00  0.998938618732801E-01    0.116179977789221E+01 -0.136701351937213E+00
  0.00000000  0.00000000  0.05000000    0.3293D+01  0.890609923337752E+00  0.110631782865671E+00    0.110576335631093E+01 -0.137358195019587E+00
  0.00000000  0.00000000  0.05000000    0.3393D+01  0.890317559516495E+00  0.189321129200774E+00    0.107460365404389E+01 -0.228508552990185E+00
  0.00000000  0.00000000  0.05000000    0.3496D+01  0.859796615011271E+00  0.132648286397873E+00    0.113602616239804E+01 -0.175264616206097E+00
  0.00000000  0.00000000  0.05000000    0.3603D+01  0.856982396250137E+00  0.155398471248192E+00    0.112973780487447E+01 -0.204857799363172E+00
  0.00000000  0.00000000  0.05000000    0.3713D+01  0.845722897522906E+00  0.148537258644861E+00    0.114703758530635E+01 -0.201458206917488E+00
  0.00000000  0.00000000  0.05000000    0.3826D+01  0.832328137508981E+00  0.116666142604717E+00    0.117829896227619E+01 -0.165160335892670E+00
  0.00000000  0.00000000  0.05000000    0.3942D+01  0.858348281096452E+00  0.103195645997079E+00    0.114842857719241E+01 -0.138070794239244E+00
  0.00000000  0.00000000  0.05000000    0.4062D+01  0.867971238361494E+00  0.107433697124481E+00    0.113472741979949E+01 -0.140451614696026E+00
  0.00000000  0.00000000  0.05000000    0.4186D+01  0.866000902971484E+00  0.921762115545663E-01    0.114179750189983E+01 -0.121531707099224E+00
  0.00000000  0.00000000  0.05000000    0.4313D+01  0.884733980382411E+00  0.798805592960304E-01    0.112114384240088E+01 -0.101225452133729E+00
  0.00000000  0.00000000  0.05000000    0.4445D+01  0.902317315495769E+00  0.867520178801243E-01    0.109810712503277E+01 -0.105575951285821E+00
  0.00000000  0.00000000  0.05000000    0.4580D+01  0.900491935365249E+00  0.992423457258989E-01    0.109717776016075E+01 -0.120918900348036E+00
  0.00000000  0.00000000  0.05000000    0.4720D+01  0.904906405637041E+00  0.807771412274778E-01    0.109635053331052E+01 -0.978665432274173E-01
  0.00000000  0.00000000  0.05000000    0.4863D+01  0.919051547924810E+00  0.936238916859398E-01    0.107690266958573E+01 -0.109704204428196E+00
  0.00000000  0.00000000  0.05000000    0.5012D+01  0.916669716932026E+00  0.986752702351035E-01    0.107840935978998E+01 -0.116085797355114E+00
  0.00000000  0.00000000  0.05000000    0.5164D+01  0.926043795012366E+00  0.116552337920481E+00    0.106302332470302E+01 -0.133792650439913E+00
  0.00000000  0.00000000  0.05000000    0.5322D+01  0.884724257849459E+00  0.136002594052072E+00    0.110420247919672E+01 -0.169741476168540E+00
  0.00000000  0.00000000  0.05000000    0.5484D+01  0.846621774688790E+00  0.105337238394692E+00    0.116315871133159E+01 -0.144720972374513E+00
  0.00000000  0.00000000  0.05000000    0.5651D+01  0.850879845875186E+00  0.696602521469930E-01    0.116742942983690E+01 -0.955756900818494E-01
  0.00000000  0.00000000  0.05000000    0.5823D+01  0.860104147788283E+00  0.498968804623733E-01    0.115875016857080E+01 -0.672221135028920E-01
  0.00000000  0.00000000  0.05000000    0.6000D+01  0.873824312519218E+00  0.237697606494552E-01    0.114354863387872E+01 -0.311067990772011E-01
  0.00000000  0.00000000  0.05000000    0.6183D+01  0.895617668738173E+00  0.194542375636782E-01    0.111602130020559E+01 -0.242417543313026E-01
  0.00000000  0.00000000  0.05000000    0.6371D+01  0.909116707017568E+00  0.201253149309984E-01    0.109943000265182E+01 -0.243383218866846E-01
  0.00000000  0.00000000  0.05000000    0.6565D+01  0.915332655409140E+00  0.247112273232964E-01    0.109170331397780E+01 -0.294727043789811E-01
  0.00000000  0.00000000  0.05000000    0.6765D+01  0.917456474648489E+00  0.210587464634995E-01    0.108939600561897E+01 -0.250053434845165E-01
  0.00000000  0.00000000  0.05000000    0.6971D+01  0.922369739216399E+00  0.147814404838082E-01    0.108388556848157E+01 -0.173698131460601E-01
  0.00000000  0.00000000  0.05000000    0.7184D+01  0.932491631669023E+00  0.109931347552011E-01    0.107224666159426E+01 -0.126407054405653E-01
  0.00000000  0.00000000  0.05000000    0.7402D+01  0.939699129289464E+00  0.169256459135587E-01    0.106382527146024E+01 -0.191613776126899E-01
  0.00000000  0.00000000  0.05000000    0.7628D+01  0.940452667063915E+00  0.185064665366238E-01    0.106290614213352E+01 -0.209161371325336E-01
  0.00000000  0.00000000  0.05000000    0.7860D+01  0.941265433033506E+00  0.169231942033711E-01    0.106205626802279E+01 -0.190949161074923E-01
  0.00000000  0.00000000  0.05000000    0.8100D+01  0.942633509710566E+00  0.153500629465248E-01    0.106057644225759E+01 -0.172706730458310E-01
  0.00000000  0.00000000  0.05000000    0.8346D+01  0.944736313783291E+00  0.118124905449701E-01    0.105833095739635E+01 -0.132328187720761E-01
  0.00000000  0.00000000  0.05000000    0.8600D+01  0.948411745975109E+00  0.964356335598026E-02    0.105428536106904E+01 -0.107200988577999E-01
  0.00000000  0.00000000  0.05000000    0.8862D+01  0.951971957564782E+00  0.878239399631310E-02    0.105036171485783E+01 -0.969008629426646E-02
  0.00000000  0.00000000  0.05000000    0.9132D+01  0.953721892229953E+00  0.967722350666542E-02    0.104841575016075E+01 -0.106380629666490E-01
  0.00000000  0.00000000  0.05000000    0.9410D+01  0.954242715064959E+00  0.669192417059033E-02    0.104789987610961E+01 -0.734872417529449E-02
  0.00000000  0.00000000  0.05000000    0.9697D+01  0.956881020707045E+00  0.374300770409134E-02    0.104504601658083E+01 -0.408788052698724E-02
  0.00000000  0.00000000  0.05000000    0.9992D+01  0.960434560457538E+00  0.173903812061646E-02    0.104119193813483E+01 -0.188526376063811E-02
  0.00000000  0.00000000  0.05000000    0.1030D+02  0.963787026269991E+00  0.106438862974662E-02    0.103757236099451E+01 -0.114587579359315E-02
  0.00000000  0.00000000  0.05000000    0.1061D+02  0.966673683719746E+00  0.353420296843471E-03    0.103447511106886E+01 -0.378208807158481E-03
  0.00000000  0.00000000  0.05000000    0.1093D+02  0.969424651160763E+00  0.353698849819117E-04    0.103153968435962E+01 -0.376361793011873E-04
  0.00000000  0.00000000  0.05000000    0.1127D+02  0.971827660668472E+00  0.485846158318716E-07    0.102898902806712E+01 -0.514422861657019E-07
  0.00000000  0.00000000  0.05000000    0.1161D+02  0.973889989930352E+00  0.196640154432358E-05    0.102681001995661E+01 -0.207325347816132E-05
  0.00000000  0.00000000  0.05000000    0.1196D+02  0.975723377338299E+00 -0.413074430712370E-19    0.102488064058476E+01  0.433885255790992E-19
  0.00000000  0.00000000  0.05000000    0.1233D+02  0.977384101362903E+00 -0.394327175197002E-19    0.102313921272667E+01  0.412787147883009E-19
  0.00000000  0.00000000  0.05000000    0.1270D+02  0.978899983602389E+00 -0.374680753223345E-19    0.102155482352749E+01  0.391007188834206E-19
