 q(1:3)   w(Ry)   eps  epsi --- LFC included. 
  0.00000000  0.00000000  0.03000000    0.0000D+00  0.294698168404456E+01 -0.618427403027566E-17    0.339330239279790E+00  0.712088303034565E-18
  0.00000000  0.00000000  0.03000000    0.1015D-04  0.294698168438068E+01 -0.618427385471975E-17    0.339330239241087E+00  0.712088282657740E-18
  0.00000000  0.00000000  0.03000000    0.3076D-04  0.294698168713142E+01 -0.618427421283378E-17    0.339330238924354E+00  0.712088322563446E-18
  0.00000000  0.00000000  0.03000000    0.5200D-04  0.294698169286533E+01 -0.618427414821884E-17    0.339330238264122E+00  0.712088312352351E-18
  0.00000000  0.00000000  0.03000000    0.7389D-04  0.294698170185258E+01 -0.618427392702520E-17    0.339330237229286E+00  0.712088282539776E-18
  0.00000000  0.00000000  0.03000000    0.9644D-04  0.294698171438260E+01 -0.618427401165187E-17    0.339330235786516E+00  0.712088286228778E-18
  0.00000000  0.00000000  0.03000000    0.1197D-03  0.294698173076545E+01 -0.618427384513839E-17    0.339330233900113E+00  0.712088259138304E-18
  0.00000000  0.00000000  0.03000000    0.1436D-03  0.294698175133311E+01 -0.618427368828739E-17    0.339330231531850E+00  0.712088231138043E-18
  0.00000000  0.00000000  0.03000000    0.1683D-03  0.294698177644094E+01 -0.618427413974143E-17    0.339330228640808E+00  0.712088270986955E-18
  0.00000000  0.00000000  0.03000000    0.1937D-03  0.294698180646924E+01 -0.618427423004323E-17    0.339330225183200E+00  0.712088266873098E-18
  0.00000000  0.00000000  0.03000000    0.2199D-03  0.294698184182482E+01 -0.618427417617980E-17    0.339330221112182E+00  0.712088243584838E-18
  0.00000000  0.00000000  0.03000000    0.2469D-03  0.294698188294282E+01 -0.618427394534564E-17    0.339330216377650E+00  0.712088197134505E-18
  0.00000000  0.00000000  0.03000000    0.2748D-03  0.294698193028847E+01 -0.618427395762854E-17    0.339330210926035E+00  0.712088175668273E-18
  0.00000000  0.00000000  0.03000000    0.3034D-03  0.294698198435907E+01 -0.618427398504188E-17    0.339330204700076E+00  0.712088152694295E-18
  0.00000000  0.00000000  0.03000000    0.3330D-03  0.294698204568615E+01 -0.618427381502649E-17    0.339330197638571E+00  0.712088103480583E-18
  0.00000000  0.00000000  0.03000000    0.3634D-03  0.294698211483757E+01 -0.618427399685389E-17    0.339330189676132E+00  0.712088090998568E-18
  0.00000000  0.00000000  0.03000000    0.3948D-03  0.294698219241996E+01 -0.618427374655287E-17    0.339330180742909E+00  0.712088024684733E-18
  0.00000000  0.00000000  0.03000000    0.4271D-03  0.294698227908121E+01 -0.618427360119783E-17    0.339330170764302E+00  0.712087966067405E-18
  0.00000000  0.00000000  0.03000000    0.4604D-03  0.294698237551312E+01 -0.618427394307943E-17    0.339330159660654E+00  0.712087958831098E-18
  0.00000000  0.00000000  0.03000000    0.4948D-03  0.294698248245422E+01 -0.618427369035064E-17    0.339330147346926E+00  0.712087878049677E-18
  0.00000000  0.00000000  0.03000000    0.5301D-03  0.294698260069283E+01 -0.618427387716933E-17    0.339330133732348E+00  0.712087842420238E-18
  0.00000000  0.00000000  0.03000000    0.5666D-03  0.294698273107022E+01 -0.618427331974127E-17    0.339330118720052E+00  0.712087715228302E-18
  0.00000000  0.00000000  0.03000000    0.6041D-03  0.294698287448403E+01 -0.618427384081261E-17    0.339330102206679E+00  0.712087705920059E-18
  0.00000000  0.00000000  0.03000000    0.6428D-03  0.294698303189189E+01 -0.618427376084468E-17    0.339330084081966E+00  0.712087620642367E-18
  0.00000000  0.00000000  0.03000000    0.6827D-03  0.294698320431524E+01 -0.618427378949009E-17    0.339330064228296E+00  0.712087540614486E-18
  0.00000000  0.00000000  0.03000000    0.7238D-03  0.294698339284347E+01 -0.618427358648547E-17    0.339330042520235E+00  0.712087426130381E-18
  0.00000000  0.00000000  0.03000000    0.7662D-03  0.294698359863822E+01 -0.618427318679794E-17    0.339330018824025E+00  0.712087280654962E-18
  0.00000000  0.00000000  0.03000000    0.8098D-03  0.294698382293801E+01 -0.618427352268485E-17    0.339329992997059E+00  0.712087210934341E-18
  0.00000000  0.00000000  0.03000000    0.8548D-03  0.294698406706313E+01 -0.618427342287483E-17    0.339329964887312E+00  0.712087081464596E-18
  0.00000000  0.00000000  0.03000000    0.9011D-03  0.294698433242092E+01 -0.618427313411227E-17    0.339329934332739E+00  0.712086919976982E-18
  0.00000000  0.00000000  0.03000000    0.9488D-03  0.294698462051125E+01 -0.618427325322161E-17    0.339329901160637E+00  0.712086794467900E-18
  0.00000000  0.00000000  0.03000000    0.9980D-03  0.294698493293243E+01 -0.618427342698366E-17    0.339329865186973E+00  0.712086663493594E-18
  0.00000000  0.00000000  0.03000000    0.1049D-02  0.294698527138745E+01 -0.618427308861791E-17    0.339329826215656E+00  0.712086460969277E-18
  0.00000000  0.00000000  0.03000000    0.1101D-02  0.294698563769069E+01 -0.618427303764162E-17    0.339329784037773E+00  0.712086278078364E-18
  0.00000000  0.00000000  0.03000000    0.1155D-02  0.294698603377496E+01 -0.618427282911219E-17    0.339329738430774E+00  0.712086062654013E-18
  0.00000000  0.00000000  0.03000000    0.1210D-02  0.294698646169898E+01 -0.618427274687934E-17    0.339329689157610E+00  0.712085846385131E-18
  0.00000000  0.00000000  0.03000000    0.1267D-02  0.294698692365543E+01 -0.618427255741466E-17    0.339329635965810E+00  0.712085601322550E-18
  0.00000000  0.00000000  0.03000000    0.1326D-02  0.294698742197937E+01 -0.618427236809830E-17    0.339329578586508E+00  0.712085338702093E-18
  0.00000000  0.00000000  0.03000000    0.1387D-02  0.294698795915730E+01 -0.618427217752683E-17    0.339329516733402E+00  0.712085057160558E-18
  0.00000000  0.00000000  0.03000000    0.1450D-02  0.294698853783672E+01 -0.618427228631725E-17    0.339329450101650E+00  0.712084790032929E-18
  0.00000000  0.00000000  0.03000000    0.1514D-02  0.294698916083631E+01 -0.618427206968117E-17    0.339329378366705E+00  0.712084464016136E-18
  0.00000000  0.00000000  0.03000000    0.1580D-02  0.294698983115674E+01 -0.618427199891456E-17    0.339329301183060E+00  0.712084131927236E-18
  0.00000000  0.00000000  0.03000000    0.1649D-02  0.294699055199216E+01 -0.618427174336798E-17    0.339329218182937E+00  0.712083754150246E-18
  0.00000000  0.00000000  0.03000000    0.1719D-02  0.294699132674243E+01 -0.618427144574948E-17    0.339329128974868E+00  0.712083345474239E-18
  0.00000000  0.00000000  0.03000000    0.1792D-02  0.294699215902606E+01 -0.618427128456688E-17    0.339329033142215E+00  0.712082924704750E-18
  0.00000000  0.00000000  0.03000000    0.1867D-02  0.294699305269399E+01 -0.618427117327019E-17    0.339328930241573E+00  0.712082480015087E-18
  0.00000000  0.00000000  0.03000000    0.1944D-02  0.294699401184427E+01 -0.618427051870905E-17    0.339328819801091E+00  0.712081941127171E-18
  0.00000000  0.00000000  0.03000000    0.2024D-02  0.294699504083757E+01 -0.618427089248391E-17    0.339328701318679E+00  0.712081486894209E-18
  0.00000000  0.00000000  0.03000000    0.2106D-02  0.294699614431371E+01 -0.618426990081133E-17    0.339328574260106E+00  0.712080839444291E-18
  0.00000000  0.00000000  0.03000000    0.2190D-02  0.294699732720925E+01 -0.618427005266952E-17    0.339328438056977E+00  0.712080285285540E-18
  0.00000000  0.00000000  0.03000000    0.2277D-02  0.294699859477610E+01 -0.618426965188560E-17    0.339328292104589E+00  0.712079626576142E-18
  0.00000000  0.00000000  0.03000000    0.2367D-02  0.294699995260138E+01 -0.618426898284644E-17    0.339328135759649E+00  0.712078893361745E-18
  0.00000000  0.00000000  0.03000000    0.2459D-02  0.294700140662840E+01 -0.618426881083592E-17    0.339327968337850E+00  0.712078170887921E-18
  0.00000000  0.00000000  0.03000000    0.2554D-02  0.294700296317909E+01 -0.618426859066282E-17    0.339327789111297E+00  0.712077393324467E-18
  0.00000000  0.00000000  0.03000000    0.2652D-02  0.294700462897772E+01 -0.618426830646285E-17    0.339327597305773E+00  0.712076555595442E-18
  0.00000000  0.00000000  0.03000000    0.2753D-02  0.294700641117613E+01 -0.618426766682246E-17    0.339327392097836E+00  0.712075620690741E-18
  0.00000000  0.00000000  0.03000000    0.2858D-02  0.294700831738059E+01 -0.618426679748126E-17    0.339327172611727E+00  0.712074599413114E-18
  0.00000000  0.00000000  0.03000000    0.2965D-02  0.294701035568019E+01 -0.618426657700469E-17    0.339326937916102E+00  0.712073589014434E-18
  0.00000000  0.00000000  0.03000000    0.3075D-02  0.294701253467716E+01 -0.618426589154708E-17    0.339326687020538E+00  0.712072457086670E-18
  0.00000000  0.00000000  0.03000000    0.3189D-02  0.294701486351899E+01 -0.618426520190971E-17    0.339326418871846E+00  0.712071252267801E-18
  0.00000000  0.00000000  0.03000000    0.3307D-02  0.294701735193256E+01 -0.618426428221710E-17    0.339326132350131E+00  0.712069943850066E-18
  0.00000000  0.00000000  0.03000000    0.3428D-02  0.294702001026038E+01 -0.618426408870232E-17    0.339325826264629E+00  0.712068636938837E-18
  0.00000000  0.00000000  0.03000000    0.3553D-02  0.294702284949917E+01 -0.618426321384974E-17    0.339325499349265E+00  0.712067164156354E-18
  0.00000000  0.00000000  0.03000000    0.3681D-02  0.294702588134072E+01 -0.618426200891716E-17    0.339325150257948E+00  0.712065560298254E-18
  0.00000000  0.00000000  0.03000000    0.3813D-02  0.294702911821537E+01 -0.618426107449236E-17    0.339324777559568E+00  0.712063888511283E-18
  0.00000000  0.00000000  0.03000000    0.3950D-02  0.294703257333820E+01 -0.618426041392927E-17    0.339324379732684E+00  0.712062142796383E-18
  0.00000000  0.00000000  0.03000000    0.4090D-02  0.294703626075807E+01 -0.618425942625532E-17    0.339323955159876E+00  0.712060247169103E-18
  0.00000000  0.00000000  0.03000000    0.4235D-02  0.294704019540968E+01 -0.618425835278238E-17    0.339323502121757E+00  0.712058222198806E-18
  0.00000000  0.00000000  0.03000000    0.4385D-02  0.294704439316898E+01 -0.618425690284319E-17    0.339323018790597E+00  0.712056026747820E-18
  0.00000000  0.00000000  0.03000000    0.4538D-02  0.294704887091185E+01 -0.618425623614082E-17    0.339322503223568E+00  0.712053786191193E-18
  0.00000000  0.00000000  0.03000000    0.4697D-02  0.294705364657666E+01 -0.618425486671268E-17    0.339321953355554E+00  0.712051320768839E-18
  0.00000000  0.00000000  0.03000000    0.4860D-02  0.294705873923051E+01 -0.618425364002976E-17    0.339321366991519E+00  0.712048718616681E-18
  0.00000000  0.00000000  0.03000000    0.5029D-02  0.294706416913972E+01 -0.618425200866941E-17    0.339320741798408E+00  0.712045906914392E-18
  0.00000000  0.00000000  0.03000000    0.5202D-02  0.294706995784468E+01 -0.618425069254784E-17    0.339320075296531E+00  0.712042958146348E-18
  0.00000000  0.00000000  0.03000000    0.5381D-02  0.294707612823929E+01 -0.618424872335665E-17    0.339319364850424E+00  0.712039749763817E-18
  0.00000000  0.00000000  0.03000000    0.5565D-02  0.294708270465549E+01 -0.618424645786798E-17    0.339318607659129E+00  0.712036311091571E-18
  0.00000000  0.00000000  0.03000000    0.5755D-02  0.294708971295292E+01 -0.618424469331929E-17    0.339317800745883E+00  0.712032721429753E-18
  0.00000000  0.00000000  0.03000000    0.5950D-02  0.294709718061418E+01 -0.618424312985140E-17    0.339316940947159E+00  0.712028932977821E-18
  0.00000000  0.00000000  0.03000000    0.6152D-02  0.294710513684610E+01 -0.618424125833915E-17    0.339316024901021E+00  0.712024873009513E-18
  0.00000000  0.00000000  0.03000000    0.6360D-02  0.294711361268723E+01 -0.618423879040781E-17    0.339315049034768E+00  0.712020493331638E-18
  0.00000000  0.00000000  0.03000000    0.6574D-02  0.294712264112204E+01 -0.618423596567791E-17    0.339314009551796E+00  0.712015805602743E-18
  0.00000000  0.00000000  0.03000000    0.6794D-02  0.294713225720231E+01 -0.618423353745899E-17    0.339312902417652E+00  0.712010879625667E-18
  0.00000000  0.00000000  0.03000000    0.7021D-02  0.294714249817592E+01 -0.618423068777508E-17    0.339311723345217E+00  0.712005603235028E-18
  0.00000000  0.00000000  0.03000000    0.7255D-02  0.294715340362390E+01 -0.618422739269379E-17    0.339310467778967E+00  0.711999954561650E-18
  0.00000000  0.00000000  0.03000000    0.7497D-02  0.294716501560569E+01 -0.618422458480180E-17    0.339309130878267E+00  0.711994020665268E-18
  0.00000000  0.00000000  0.03000000    0.7745D-02  0.294717737881385E+01 -0.618422162778300E-17    0.339307707499597E+00  0.711987706704304E-18
  0.00000000  0.00000000  0.03000000    0.8001D-02  0.294719054073806E+01 -0.618421801579548E-17    0.339306192177711E+00  0.711980931511432E-18
  0.00000000  0.00000000  0.03000000    0.8265D-02  0.294720455183954E+01 -0.618421396651746E-17    0.339304579105591E+00  0.711973695785187E-18
  0.00000000  0.00000000  0.03000000    0.8537D-02  0.294721946573635E+01 -0.618420994085043E-17    0.339302862113173E+00  0.711966026702063E-18
  0.00000000  0.00000000  0.03000000    0.8818D-02  0.294723533940010E+01 -0.618420531794883E-17    0.339301034644741E+00  0.711957825282676E-18
  0.00000000  0.00000000  0.03000000    0.9107D-02  0.294725223336517E+01 -0.618420154565624E-17    0.339299089734916E+00  0.711949228988314E-18
  0.00000000  0.00000000  0.03000000    0.9404D-02  0.294727021195074E+01 -0.618419592638768E-17    0.339297019983153E+00  0.711939896215517E-18
  0.00000000  0.00000000  0.03000000    0.9711D-02  0.294728934349688E+01 -0.618419146273088E-17    0.339294817526645E+00  0.711930139647428E-18
  0.00000000  0.00000000  0.03000000    0.1003D-01  0.294730970061531E+01 -0.618418597341068E-17    0.339292474011546E+00  0.711919673126974E-18
  0.00000000  0.00000000  0.03000000    0.1035D-01  0.294733136045586E+01 -0.618417982938746E-17    0.339289980562393E+00  0.711908502131463E-18
  0.00000000  0.00000000  0.03000000    0.1069D-01  0.294735440498950E+01 -0.618417364842630E-17    0.339287327749634E+00  0.711896658224156E-18
  0.00000000  0.00000000  0.03000000    0.1103D-01  0.294737892130928E+01 -0.618416706607622E-17    0.339284505555119E+00  0.711884057429529E-18
  0.00000000  0.00000000  0.03000000    0.1139D-01  0.294740500194994E+01 -0.618415982135199E-17    0.339281503335450E+00  0.711870625064042E-18
  0.00000000  0.00000000  0.03000000    0.1176D-01  0.294743274522753E+01 -0.618415225892040E-17    0.339278309783046E+00  0.711856353378997E-18
  0.00000000  0.00000000  0.03000000    0.1214D-01  0.294746225560049E+01 -0.618414465259583E-17    0.339274912884769E+00  0.711841223510023E-18
  0.00000000  0.00000000  0.03000000    0.1253D-01  0.294749364405318E+01 -0.618413586799047E-17    0.339271299877977E+00  0.711825051357869E-18
  0.00000000  0.00000000  0.03000000    0.1293D-01  0.294752702850366E+01 -0.618412725888410E-17    0.339267457203831E+00  0.711807935892487E-18
  0.00000000  0.00000000  0.03000000    0.1334D-01  0.294756253423693E+01 -0.618411745419388E-17    0.339263370457680E+00  0.711789658894931E-18
  0.00000000  0.00000000  0.03000000    0.1377D-01  0.294760029436548E+01 -0.618410725358713E-17    0.339259024336360E+00  0.711770248243582E-18
  0.00000000  0.00000000  0.03000000    0.1421D-01  0.294764045031891E+01 -0.618409675541952E-17    0.339254402582176E+00  0.711749647092555E-18
  0.00000000  0.00000000  0.03000000    0.1466D-01  0.294768315236419E+01 -0.618408512829471E-17    0.339249487923405E+00  0.711727687341858E-18
  0.00000000  0.00000000  0.03000000    0.1513D-01  0.294772856015889E+01 -0.618407290651444E-17    0.339244262011051E+00  0.711704353565018E-18
  0.00000000  0.00000000  0.03000000    0.1561D-01  0.294777684333928E+01 -0.618405976139393E-17    0.339238705351654E+00  0.711679526220865E-18
  0.00000000  0.00000000  0.03000000    0.1610D-01  0.294782818214551E+01 -0.618404563903922E-17    0.339232797235886E+00  0.711653112305480E-18
  0.00000000  0.00000000  0.03000000    0.1662D-01  0.294788276808650E+01 -0.618403146044033E-17    0.339226515662666E+00  0.711625125593165E-18
  0.00000000  0.00000000  0.03000000    0.1714D-01  0.294794080464678E+01 -0.618401590141046E-17    0.339219837258510E+00  0.711595315745101E-18
  0.00000000  0.00000000  0.03000000    0.1768D-01  0.294800250803827E+01 -0.618399925370070E-17    0.339212737191816E+00  0.711563612283309E-18
  0.00000000  0.00000000  0.03000000    0.1824D-01  0.294806810799978E+01 -0.618398085596914E-17    0.339205189081769E+00  0.711529828579934E-18
  0.00000000  0.00000000  0.03000000    0.1882D-01  0.294813784864736E+01 -0.618396245848532E-17    0.339197164901503E+00  0.711494048603577E-18
  0.00000000  0.00000000  0.03000000    0.1941D-01  0.294821198937884E+01 -0.618394217101994E-17    0.339188634875163E+00  0.711455930133821E-18
  0.00000000  0.00000000  0.03000000    0.2002D-01  0.294829080583615E+01 -0.618392077631241E-17    0.339179567368490E+00  0.711415430729809E-18
  0.00000000  0.00000000  0.03000000    0.2065D-01  0.294837459092908E+01 -0.618389862339635E-17    0.339169928772478E+00  0.711372449785167E-18
  0.00000000  0.00000000  0.03000000    0.2130D-01  0.294846365592476E+01 -0.618387421510295E-17    0.339159683379702E+00  0.711326665546573E-18
  0.00000000  0.00000000  0.03000000    0.2197D-01  0.294855833160695E+01 -0.618384865721410E-17    0.339148793252805E+00  0.711278046383147E-18
  0.00000000  0.00000000  0.03000000    0.2266D-01  0.294865896951001E+01 -0.618382122150032E-17    0.339137218084659E+00  0.711226339796424E-18
  0.00000000  0.00000000  0.03000000    0.2337D-01  0.294876594323246E+01 -0.618379299563329E-17    0.339124915049647E+00  0.711171491634196E-18
  0.00000000  0.00000000  0.03000000    0.2410D-01  0.294887964983540E+01 -0.618376237328126E-17    0.339111838645506E+00  0.711113126731826E-18
  0.00000000  0.00000000  0.03000000    0.2486D-01  0.294900051133158E+01 -0.618372934971504E-17    0.339097940525098E+00  0.711051042275390E-18
  0.00000000  0.00000000  0.03000000    0.2564D-01  0.294912897627128E+01 -0.618369452074523E-17    0.339083169317452E+00  0.710985091888493E-18
  0.00000000  0.00000000  0.03000000    0.2644D-01  0.294926552143153E+01 -0.618365835405280E-17    0.339067470437391E+00  0.710915101038454E-18
  0.00000000  0.00000000  0.03000000    0.2726D-01  0.294941065361579E+01 -0.618361849045443E-17    0.339050785882957E+00  0.710840555966226E-18
  0.00000000  0.00000000  0.03000000    0.2811D-01  0.294956491157165E+01 -0.618357670440611E-17    0.339033054019875E+00  0.710761403024654E-18
  0.00000000  0.00000000  0.03000000    0.2899D-01  0.294972886803479E+01 -0.618353238246522E-17    0.339014209352141E+00  0.710677297958383E-18
  0.00000000  0.00000000  0.03000000    0.2989D-01  0.294990313190793E+01 -0.618348572378922E-17    0.338994182277851E+00  0.710587972835211E-18
  0.00000000  0.00000000  0.03000000    0.3082D-01  0.295008835058423E+01 -0.618343511476576E-17    0.338972898829271E+00  0.710492933257325E-18
  0.00000000  0.00000000  0.03000000    0.3178D-01  0.295028521242544E+01 -0.618338165317827E-17    0.338950280396076E+00  0.710391977126073E-18
  0.00000000  0.00000000  0.03000000    0.3277D-01  0.295049444940568E+01 -0.618332500134775E-17    0.338926243430633E+00  0.710284716868267E-18
  0.00000000  0.00000000  0.03000000    0.3379D-01  0.295071683993283E+01 -0.618326471548374E-17    0.338900699134101E+00  0.710170730938844E-18
  0.00000000  0.00000000  0.03000000    0.3484D-01  0.295095321186024E+01 -0.618320065224183E-17    0.338873553122048E+00  0.710049609146765E-18
  0.00000000  0.00000000  0.03000000    0.3592D-01  0.295120444570277E+01 -0.618313231596457E-17    0.338844705068161E+00  0.709920876220934E-18
  0.00000000  0.00000000  0.03000000    0.3703D-01  0.295147147807204E+01 -0.618305975457173E-17    0.338814048324540E+00  0.709784093135611E-18
  0.00000000  0.00000000  0.03000000    0.3818D-01  0.295175530534709E+01 -0.618298273756093E-17    0.338781469516970E+00  0.709638761056665E-18
  0.00000000  0.00000000  0.03000000    0.3936D-01  0.295205698759836E+01 -0.618290101042519E-17    0.338746848113371E+00  0.709484348803997E-18
  0.00000000  0.00000000  0.03000000    0.4058D-01  0.295237765278371E+01 -0.618281346303657E-17    0.338710055963582E+00  0.709320195572868E-18
  0.00000000  0.00000000  0.03000000    0.4184D-01  0.295271850123749E+01 -0.618272088163801E-17    0.338670956808411E+00  0.709145824698875E-18
  0.00000000  0.00000000  0.03000000    0.4313D-01  0.295308081047530E+01 -0.618262244353436E-17    0.338629405755764E+00  0.708960539325478E-18
  0.00000000  0.00000000  0.03000000    0.4447D-01  0.295346594033875E+01 -0.618251730339935E-17    0.338585248721475E+00  0.708763602215842E-18
  0.00000000  0.00000000  0.03000000    0.4584D-01  0.295387533850745E+01 -0.618240576082930E-17    0.338538321832256E+00  0.708554367163907E-18
  0.00000000  0.00000000  0.03000000    0.4726D-01  0.295431054640720E+01 -0.618228708748932E-17    0.338488450787992E+00  0.708332027286626E-18
  0.00000000  0.00000000  0.03000000    0.4872D-01  0.295477320554634E+01 -0.618216052214769E-17    0.338435450180381E+00  0.708095726424313E-18
  0.00000000  0.00000000  0.03000000    0.5022D-01  0.295526506431564E+01 -0.618202592301212E-17    0.338379122764602E+00  0.707844630925278E-18
  0.00000000  0.00000000  0.03000000    0.5177D-01  0.295578798528979E+01 -0.618188288694921E-17    0.338319258680510E+00  0.707577825598792E-18
  0.00000000  0.00000000  0.03000000    0.5337D-01  0.295634395307267E+01 -0.618173108809229E-17    0.338255634619461E+00  0.707294349182959E-18
  0.00000000  0.00000000  0.03000000    0.5501D-01  0.295693508273284E+01 -0.618156880198993E-17    0.338188012932562E+00  0.706993021983694E-18
  0.00000000  0.00000000  0.03000000    0.5671D-01  0.295756362888015E+01 -0.618139618996761E-17    0.338116140675776E+00  0.706672817900172E-18
  0.00000000  0.00000000  0.03000000    0.5846D-01  0.295823199543968E+01 -0.618121251998585E-17    0.338039748586849E+00  0.706332542356044E-18
  0.00000000  0.00000000  0.03000000    0.6026D-01  0.295894274618497E+01 -0.618101716677260E-17    0.337958549988614E+00  0.705970942435603E-18
  0.00000000  0.00000000  0.03000000    0.6211D-01  0.295969861609964E+01 -0.618080881468053E-17    0.337872239612635E+00  0.705586611242759E-18
  0.00000000  0.00000000  0.03000000    0.6403D-01  0.296050252364289E+01 -0.618058760859971E-17    0.337780492336653E+00  0.705178228591321E-18
  0.00000000  0.00000000  0.03000000    0.6600D-01  0.296135758400386E+01 -0.618035169359077E-17    0.337682961828597E+00  0.704744160687416E-18
  0.00000000  0.00000000  0.03000000    0.6803D-01  0.296226712343870E+01 -0.618010009398441E-17    0.337579279089175E+00  0.704282783250278E-18
  0.00000000  0.00000000  0.03000000    0.7012D-01  0.296323469479488E+01 -0.617983230624794E-17    0.337469050884349E+00  0.703792428820186E-18
  0.00000000  0.00000000  0.03000000    0.7227D-01  0.296426409433991E+01 -0.617954653611124E-17    0.337351858057938E+00  0.703271179478643E-18
  0.00000000  0.00000000  0.03000000    0.7450D-01  0.296535938002524E+01 -0.617924209920705E-17    0.337227253713676E+00  0.702717133438913E-18
  0.00000000  0.00000000  0.03000000    0.7678D-01  0.296652489133177E+01 -0.617891788419035E-17    0.337094761254832E+00  0.702128222510645E-18
  0.00000000  0.00000000  0.03000000    0.7914D-01  0.296776527086219E+01 -0.617857128955208E-17    0.336953872268166E+00  0.701502083584482E-18
  0.00000000  0.00000000  0.03000000    0.8157D-01  0.296908548786532E+01 -0.617820313477548E-17    0.336804044237530E+00  0.700836607911018E-18
  0.00000000  0.00000000  0.03000000    0.8408D-01  0.297049086390219E+01 -0.617780922338678E-17    0.336644698070657E+00  0.700128973974734E-18
  0.00000000  0.00000000  0.03000000    0.8666D-01  0.297198710089083E+01 -0.617738918768661E-17    0.336475215420773E+00  0.699376641655606E-18
  0.00000000  0.00000000  0.03000000    0.8932D-01  0.297358031179843E+01 -0.617694087970310E-17    0.336294935782379E+00  0.698576705068028E-18
  0.00000000  0.00000000  0.03000000    0.9206D-01  0.297527705428703E+01 -0.617646228486722E-17    0.336103153337977E+00  0.697726098289161E-18
  0.00000000  0.00000000  0.03000000    0.9488D-01  0.297708436766090E+01 -0.617595131296233E-17    0.335899113529557E+00  0.696821559294836E-18
  0.00000000  0.00000000  0.03000000    0.9779D-01  0.297900981351453E+01 -0.617540529529560E-17    0.335682009325184E+00  0.695859559951092E-18
  0.00000000  0.00000000  0.03000000    0.1008D+00  0.298106152053849E+01 -0.617482199100483E-17    0.335450977147014E+00  0.694836405193436E-18
  0.00000000  0.00000000  0.03000000    0.1039D+00  0.298324823400878E+01 -0.617419882073869E-17    0.335205092422442E+00  0.693748130895284E-18
  0.00000000  0.00000000  0.03000000    0.1071D+00  0.298557937056673E+01 -0.617353145114683E-17    0.334943364714561E+00  0.692590328297243E-18
  0.00000000  0.00000000  0.03000000    0.1103D+00  0.298806507899202E+01 -0.617281842593438E-17    0.334664732381711E+00  0.691358645793986E-18
  0.00000000  0.00000000  0.03000000    0.1137D+00  0.299071630778481E+01 -0.617205522437963E-17    0.334368056708358E+00  0.690048101821157E-18
  0.00000000  0.00000000  0.03000000    0.1172D+00  0.299354488050890E+01 -0.617123868681633E-17    0.334052115440474E+00  0.688653559745071E-18
  0.00000000  0.00000000  0.03000000    0.1208D+00  0.299656358000968E+01 -0.617036390488194E-17    0.333715595647988E+00  0.687169356131556E-18
  0.00000000  0.00000000  0.03000000    0.1245D+00  0.299978624281574E+01 -0.616942651953323E-17    0.333357085824006E+00  0.685589531814939E-18
  0.00000000  0.00000000  0.03000000    0.1283D+00  0.300322786526879E+01 -0.616842109967746E-17    0.332975067115162E+00  0.683907622665807E-18
  0.00000000  0.00000000  0.03000000    0.1322D+00  0.300690472321278E+01 -0.616734420445773E-17    0.332567903558824E+00  0.682116967913332E-18
  0.00000000  0.00000000  0.03000000    0.1363D+00  0.301083450742259E+01 -0.616618821232053E-17    0.332133831180262E+00  0.680209991511545E-18
  0.00000000  0.00000000  0.03000000    0.1405D+00  0.301503647738203E+01 -0.616494783127670E-17    0.331670945775192E+00  0.678178885460688E-18
  0.00000000  0.00000000  0.03000000    0.1448D+00  0.301953163655105E+01 -0.616361479699426E-17    0.331177189169050E+00  0.676014981555505E-18
  0.00000000  0.00000000  0.03000000    0.1492D+00  0.302434293292154E+01 -0.616218326916534E-17    0.330650333702069E+00  0.673709298010909E-18
  0.00000000  0.00000000  0.03000000    0.1537D+00  0.302949548948641E+01 -0.616064497305255E-17    0.330087964636491E+00  0.671251951706222E-18
  0.00000000  0.00000000  0.03000000    0.1585D+00  0.303501687028743E+01 -0.615899031729581E-17    0.329487460115928E+00  0.668632222901682E-18
  0.00000000  0.00000000  0.03000000    0.1633D+00  0.304093738902987E+01 -0.615720935248772E-17    0.328845968222655E+00  0.665838592525037E-18
  0.00000000  0.00000000  0.03000000    0.1683D+00  0.304729046894671E+01 -0.615529306482854E-17    0.328160380571022E+00  0.662858803669768E-18
  0.00000000  0.00000000  0.03000000    0.1734D+00  0.305411306478625E+01 -0.615322981230997E-17    0.327427301736122E+00  0.659679387000010E-18
  0.00000000  0.00000000  0.03000000    0.1787D+00  0.306144616065687E+01 -0.615100697964416E-17    0.326643013635568E+00  0.656285739251179E-18
  0.00000000  0.00000000  0.03000000    0.1842D+00  0.306933536123446E+01 -0.614861201762336E-17    0.325803433743326E+00  0.652662114866290E-18
  0.00000000  0.00000000  0.03000000    0.1898D+00  0.307783159886888E+01 -0.614603167453675E-17    0.324904065695961E+00  0.648791402260930E-18
  0.00000000  0.00000000  0.03000000    0.1956D+00  0.308699198591649E+01 -0.614325099710575E-17    0.323939940421683E+00  0.644654852062100E-18
  0.00000000  0.00000000  0.03000000    0.2016D+00  0.309688085091530E+01 -0.614025578819545E-17    0.322905545334249E+00  0.640232136536033E-18
  0.00000000  0.00000000  0.03000000    0.2078D+00  0.310757101010933E+01 -0.613702999679449E-17    0.321794738317120E+00  0.635500831819551E-18
  0.00000000  0.00000000  0.03000000    0.2141D+00  0.311914534400096E+01 -0.613356023511619E-17    0.320600642071167E+00  0.630436588452810E-18
  0.00000000  0.00000000  0.03000000    0.2207D+00  0.313169877467537E+01 -0.612983336792521E-17    0.319315512745526E+00  0.625012501442311E-18
  0.00000000  0.00000000  0.03000000    0.2274D+00  0.314534077775158E+01 -0.612583842396161E-17    0.317930574350942E+00  0.619198829674475E-18
  0.00000000  0.00000000  0.03000000    0.2343D+00  0.316019861973825E+01 -0.612157218113823E-17    0.316435806836353E+00  0.612962938514888E-18
  0.00000000  0.00000000  0.03000000    0.2415D+00  0.317642159864107E+01 -0.611703712771759E-17    0.314819670168412E+00  0.606268264823491E-18
  0.00000000  0.00000000  0.03000000    0.2489D+00  0.319418670247292E+01 -0.611225342800886E-17    0.313068738037700E+00  0.599074395304406E-18
  0.00000000  0.00000000  0.03000000    0.2565D+00  0.321370632190298E+01 -0.610726353508162E-17    0.311167200681814E+00  0.591335955337749E-18
  0.00000000  0.00000000  0.03000000    0.2643D+00  0.323523902493939E+01 -0.610215300061870E-17    0.309096172583024E+00  0.583002406458235E-18
  0.00000000  0.00000000  0.03000000    0.2724D+00  0.325910505061276E+01 -0.609706888561150E-17    0.306832699305592E+00  0.574016509124977E-18
  0.00000000  0.00000000  0.03000000    0.2807D+00  0.328570936731193E+01 -0.609227549166956E-17    0.304348281667441E+00  0.564314542174863E-18
  0.00000000  0.00000000  0.03000000    0.2893D+00  0.331557744531827E+01 -0.608822812440693E-17    0.301606587839485E+00  0.553825009632520E-18
  0.00000000  0.00000000  0.03000000    0.2981D+00  0.334941367821524E+01 -0.608573533053098E-17    0.298559717034672E+00  0.542469695531730E-18
  0.00000000  0.00000000  0.03000000    0.3072D+00  0.338820322674521E+01 -0.608627175094595E-17    0.295141682206774E+00  0.530166687984457E-18
  0.00000000  0.00000000  0.03000000    0.3166D+00  0.343340554711013E+01 -0.609268235223592E-17    0.291256009894226E+00  0.516842629603954E-18
  0.00000000  0.00000000  0.03000000    0.3262D+00  0.348736935975680E+01 -0.611093584920772E-17    0.286749092751603E+00  0.502471958045122E-18
  0.00000000  0.00000000  0.03000000    0.3362D+00  0.355440609017171E+01 -0.615548302503206E-17    0.281340953912132E+00  0.487223300354179E-18
  0.00000000  0.00000000  0.03000000    0.3464D+00  0.364510185079355E+01 -0.627573079600794E-17    0.274340756701297E+00  0.472329390482088E-18
  0.00000000  0.00000000  0.03000000    0.3570D+00  0.380556624416120E+01  0.513601636959603E-02    0.262772505957633E+00 -0.354639442723889E-03
  0.00000000  0.00000000  0.03000000    0.3679D+00  0.394588400703433E+01  0.197112880947386E+00    0.252797802170223E+00 -0.126282736629127E-01
  0.00000000  0.00000000  0.03000000    0.3791D+00  0.396251097330566E+01  0.389678181659798E+00    0.249947985643269E+00 -0.245801909978673E-01
  0.00000000  0.00000000  0.03000000    0.3907D+00  0.392651601911408E+01  0.507460047405235E+00    0.250494740698700E+00 -0.323737563710245E-01
  0.00000000  0.00000000  0.03000000    0.4026D+00  0.389461215195062E+01  0.588082774396454E+00    0.251041061120852E+00 -0.379069642756181E-01
  0.00000000  0.00000000  0.03000000    0.4149D+00  0.387684315364720E+01  0.650852558184148E+00    0.250871172353048E+00 -0.421167784791678E-01
  0.00000000  0.00000000  0.03000000    0.4276D+00  0.386284289394736E+01  0.720923519553261E+00    0.250163290017766E+00 -0.466880493082484E-01
  0.00000000  0.00000000  0.03000000    0.4406D+00  0.384496488942623E+01  0.775284507773530E+00    0.249919376520745E+00 -0.503928192795194E-01
  0.00000000  0.00000000  0.03000000    0.4540D+00  0.384038543096127E+01  0.814706376509209E+00    0.249176550673410E+00 -0.528607683680812E-01
  0.00000000  0.00000000  0.03000000    0.4679D+00  0.385111957426713E+01  0.863105072688162E+00    0.247245871087244E+00 -0.554122408876939E-01
  0.00000000  0.00000000  0.03000000    0.4822D+00  0.385725954579908E+01  0.925383322352272E+00    0.245142175376193E+00 -0.588113083925986E-01
  0.00000000  0.00000000  0.03000000    0.4969D+00  0.386784148191505E+01  0.960560853233367E+00    0.243522757098689E+00 -0.604777699484832E-01
  0.00000000  0.00000000  0.03000000    0.5120D+00  0.390417384926551E+01  0.100539269507388E+01    0.240206772231092E+00 -0.618574232174238E-01
  0.00000000  0.00000000  0.03000000    0.5276D+00  0.394983638045442E+01  0.106978008707386E+01    0.235872568586736E+00 -0.638841087721264E-01
  0.00000000  0.00000000  0.03000000    0.5437D+00  0.400301959789553E+01  0.113374082843425E+01    0.231260966310819E+00 -0.654980554348451E-01
  0.00000000  0.00000000  0.03000000    0.5603D+00  0.408531604542067E+01  0.120110991723777E+01    0.225303863416657E+00 -0.662408248794044E-01
  0.00000000  0.00000000  0.03000000    0.5774D+00  0.420283708781910E+01  0.130691854659133E+01    0.216955609178444E+00 -0.674647395313303E-01
  0.00000000  0.00000000  0.03000000    0.5950D+00  0.435784134986886E+01  0.145331786700858E+01    0.206504245758867E+00 -0.688681128750874E-01
  0.00000000  0.00000000  0.03000000    0.6131D+00  0.461557701639853E+01  0.167092289849913E+01    0.191553211289829E+00 -0.693457493804240E-01
  0.00000000  0.00000000  0.03000000    0.6318D+00  0.476103295984841E+01  0.239094676188625E+01    0.167736143032680E+00 -0.842355411981953E-01
  0.00000000  0.00000000  0.03000000    0.6511D+00  0.435145029595649E+01  0.317404980840572E+01    0.149999776498761E+00 -0.109413351750612E+00
  0.00000000  0.00000000  0.03000000    0.6709D+00  0.366998757577566E+01  0.317282093995075E+01    0.155933451377333E+00 -0.134809426340968E+00
  0.00000000  0.00000000  0.03000000    0.6914D+00  0.333869684590086E+01  0.307987839223528E+01    0.161816995185049E+00 -0.149272812108941E+00
  0.00000000  0.00000000  0.03000000    0.7125D+00  0.316268058059753E+01  0.297420705085533E+01    0.167795206913265E+00 -0.157795792139994E+00
  0.00000000  0.00000000  0.03000000    0.7342D+00  0.311857746676182E+01  0.288727977639717E+01    0.172660448423778E+00 -0.159854621612231E+00
  0.00000000  0.00000000  0.03000000    0.7565D+00  0.334431812218684E+01  0.280024785049581E+01    0.175777577279879E+00 -0.147181208533320E+00
  0.00000000  0.00000000  0.03000000    0.7796D+00  0.372860146053402E+01  0.333369616545149E+01    0.149048673381140E+00 -0.133262564040613E+00
  0.00000000  0.00000000  0.03000000    0.8034D+00  0.333271473776797E+01  0.488707097970126E+01    0.952464089693177E-01 -0.139668707891409E+00
  0.00000000  0.00000000  0.03000000    0.8279D+00  0.173598268227558E+01  0.535190424494613E+01    0.548380858300368E-01 -0.169061700519835E+00
  0.00000000  0.00000000  0.03000000    0.8531D+00  0.387631358347096E+00  0.422813615126017E+01    0.215023520094946E-01 -0.234539517793755E+00
  0.00000000  0.00000000  0.03000000    0.8791D+00  0.188300940165767E+00  0.325278582561619E+01    0.177373443501042E-01 -0.306401987346963E+00
  0.00000000  0.00000000  0.03000000    0.9059D+00  0.307039236479630E+00  0.276042051698225E+01    0.398018530063856E-01 -0.357836519242476E+00
  0.00000000  0.00000000  0.03000000    0.9335D+00  0.432484728514594E+00  0.239963933598108E+01    0.727438239974124E-01 -0.403618740743547E+00
  0.00000000  0.00000000  0.03000000    0.9619D+00  0.406485035102805E+00  0.236752993551113E+01    0.704427868290567E-01 -0.410286707151326E+00
  0.00000000  0.00000000  0.03000000    0.9913D+00  0.505549031008110E+00  0.149830445769461E+01    0.202179494273882E+00 -0.599202884279959E+00
  0.00000000  0.00000000  0.03000000    0.1021D+01  0.111324635268448E+01  0.167316505597186E+01    0.275637986098448E+00 -0.414272946258726E+00
  0.00000000  0.00000000  0.03000000    0.1053D+01  0.126269273122150E+01  0.191648212057934E+01    0.239723109338615E+00 -0.363845487961830E+00
  0.00000000  0.00000000  0.03000000    0.1085D+01  0.132413103991609E+01  0.204158437435144E+01    0.223618287545914E+00 -0.344781285167892E+00
  0.00000000  0.00000000  0.03000000    0.1118D+01  0.124850561406629E+01  0.268206781792077E+01    0.142649608567002E+00 -0.306443094901644E+00
  0.00000000  0.00000000  0.03000000    0.1152D+01  0.646346168985909E+00  0.253815349780514E+01    0.942197429117984E-01 -0.369993946756256E+00
  0.00000000  0.00000000  0.03000000    0.1187D+01  0.434182543661089E+00  0.222577719823299E+01    0.844286276188352E-01 -0.432811767713058E+00
  0.00000000  0.00000000  0.03000000    0.1223D+01  0.396444640937312E+00  0.238876769983494E+01    0.676136761206547E-01 -0.407404587945132E+00
  0.00000000  0.00000000  0.03000000    0.1260D+01  0.117655008623540E+00  0.197218462193466E+01    0.301420219576529E-01 -0.505253731858606E+00
  0.00000000  0.00000000  0.03000000    0.1299D+01  0.247482240167908E+00  0.218411238496151E+01    0.512216509188609E-01 -0.452047961397783E+00
  0.00000000  0.00000000  0.03000000    0.1338D+01 -0.266254436420792E+00  0.228866899650067E+01   -0.501524942690294E-01 -0.431100642955301E+00
  0.00000000  0.00000000  0.03000000    0.1379D+01 -0.875089514071214E+00  0.143693656836432E+01   -0.309156820482896E+00 -0.507649484501723E+00
  0.00000000  0.00000000  0.03000000    0.1421D+01 -0.555694413714777E+00  0.892677169911697E+00   -0.502586677066714E+00 -0.807363978198128E+00
  0.00000000  0.00000000  0.03000000    0.1464D+01 -0.204972599787583E+00  0.659311490497510E+00   -0.429977500310471E+00 -0.138305854979580E+01
  0.00000000  0.00000000  0.03000000    0.1509D+01  0.727381097245655E-01  0.764825847111715E+00    0.123232837870639E+00 -0.129576723911704E+01
  0.00000000  0.00000000  0.03000000    0.1555D+01 -0.202292498259462E-02  0.773842427197891E+00   -0.337809404584622E-02 -0.129224391326044E+01
  0.00000000  0.00000000  0.03000000    0.1602D+01 -0.257922282648350E-01  0.587600775480513E+00   -0.745569605894643E-01 -0.169856312568268E+01
  0.00000000  0.00000000  0.03000000    0.1651D+01  0.870885231318102E-01  0.476075084806110E+00    0.371804712168002E+00 -0.203249467910702E+01
  0.00000000  0.00000000  0.03000000    0.1701D+01  0.172931752104622E+00  0.411883069906978E+00    0.866595366484638E+00 -0.206402789291646E+01
  0.00000000  0.00000000  0.03000000    0.1753D+01  0.248333795217006E+00  0.335667690949615E+00    0.142440216386540E+01 -0.192533515186898E+01
  0.00000000  0.00000000  0.03000000    0.1807D+01  0.332852489689781E+00  0.291899107104513E+00    0.169826278498378E+01 -0.148931255111717E+01
  0.00000000  0.00000000  0.03000000    0.1862D+01  0.406195574230638E+00  0.258612527258152E+00    0.175178469912762E+01 -0.111530872563452E+01
  0.00000000  0.00000000  0.03000000    0.1919D+01  0.471698750032970E+00  0.236985099826818E+00    0.169272934712174E+01 -0.850440314457882E+00
  0.00000000  0.00000000  0.03000000    0.1977D+01  0.539522937778636E+00  0.208580008651094E+00    0.161248673718521E+01 -0.623388690343060E+00
  0.00000000  0.00000000  0.03000000    0.2037D+01  0.612124370900975E+00  0.209776172853361E+00    0.146195611590431E+01 -0.501015109760403E+00
  0.00000000  0.00000000  0.03000000    0.2099D+01  0.657794705019969E+00  0.255883291919298E+00    0.132042180251048E+01 -0.513646392970185E+00
  0.00000000  0.00000000  0.03000000    0.2163D+01  0.627488972475961E+00  0.198130403627884E+00    0.144917268618272E+01 -0.457578032179500E+00
  0.00000000  0.00000000  0.03000000    0.2229D+01  0.740721694375303E+00  0.236509564104382E+00    0.122513244406505E+01 -0.391180037679780E+00
  0.00000000  0.00000000  0.03000000    0.2297D+01  0.760374176006447E+00  0.342770126665814E+00    0.109302519295625E+01 -0.492726338769507E+00
  0.00000000  0.00000000  0.03000000    0.2367D+01  0.615443491728447E+00  0.293306470128824E+00    0.132410567284537E+01 -0.631038862543024E+00
  0.00000000  0.00000000  0.03000000    0.2439D+01  0.644472051210201E+00  0.186726099304881E+00    0.143148934667285E+01 -0.414752542641345E+00
  0.00000000  0.00000000  0.03000000    0.2513D+01  0.703736532053236E+00  0.198771626824150E+00    0.131599738528014E+01 -0.371705786546651E+00
  0.00000000  0.00000000  0.03000000    0.2590D+01  0.705731125791831E+00  0.182085244226497E+00    0.132853144461032E+01 -0.342773563066291E+00
  0.00000000  0.00000000  0.03000000    0.2669D+01  0.733477087225578E+00  0.134092870642707E+00    0.131927568053221E+01 -0.241187443006339E+00
  0.00000000  0.00000000  0.03000000    0.2750D+01  0.786448451460901E+00  0.147700800841621E+00    0.122821794215027E+01 -0.230668358907261E+00
  0.00000000  0.00000000  0.03000000    0.2834D+01  0.788412989560999E+00  0.164393010838191E+00    0.121552351607956E+01 -0.253450378416784E+00
  0.00000000  0.00000000  0.03000000    0.2920D+01  0.790885823386356E+00  0.152934436342071E+00    0.121883006843553E+01 -0.235686472055899E+00
  0.00000000  0.00000000  0.03000000    0.3009D+01  0.798844054163556E+00  0.144581101166916E+00    0.121210434132625E+01 -0.219376209267331E+00
  0.00000000  0.00000000  0.03000000    0.3101D+01  0.806318297950641E+00  0.104534345906433E+00    0.121970474361977E+01 -0.158127426721341E+00
  0.00000000  0.00000000  0.03000000    0.3195D+01  0.852538398411786E+00  0.982387685071909E-01    0.115759693670348E+01 -0.133390938990314E+00
  0.00000000  0.00000000  0.03000000    0.3293D+01  0.895712212261198E+00  0.113663611672680E+00    0.109873708912271E+01 -0.139426954460230E+00
  0.00000000  0.00000000  0.03000000    0.3393D+01  0.893629628656598E+00  0.189892349986019E+00    0.107068569012072E+01 -0.227515981200255E+00
  0.00000000  0.00000000  0.03000000    0.3496D+01  0.864267987794536E+00  0.133917313621451E+00    0.112992011427852E+01 -0.175079799839809E+00
  0.00000000  0.00000000  0.03000000    0.3603D+01  0.860531934894441E+00  0.155814203527782E+00    0.112518239997683E+01 -0.203733751609548E+00
  0.00000000  0.00000000  0.03000000    0.3713D+01  0.850035722211107E+00  0.149627738327060E+00    0.114106537014232E+01 -0.200856300690058E+00
  0.00000000  0.00000000  0.03000000    0.3826D+01  0.836971176621146E+00  0.117391720351135E+00    0.117173364286509E+01 -0.164344761171506E+00
  0.00000000  0.00000000  0.03000000    0.3942D+01  0.862645165233714E+00  0.105099394811074E+00    0.114226991072358E+01 -0.139167158370873E+00
  0.00000000  0.00000000  0.03000000    0.4062D+01  0.871500828700170E+00  0.107514866308711E+00    0.113024404880731E+01 -0.139435366900312E+00
  0.00000000  0.00000000  0.03000000    0.4186D+01  0.870930059711738E+00  0.930476857654153E-01    0.113523999476892E+01 -0.121285806045726E+00
  0.00000000  0.00000000  0.03000000    0.4313D+01  0.889895912714656E+00  0.804171862361384E-01    0.111462469401607E+01 -0.100725242493422E+00
  0.00000000  0.00000000  0.03000000    0.4445D+01  0.907800983936359E+00  0.883751679623829E-01    0.109122132450035E+01 -0.106231288072291E+00
  0.00000000  0.00000000  0.03000000    0.4580D+01  0.905398170767819E+00  0.101761238308069E+00    0.109070818565906E+01 -0.122588954991246E+00
  0.00000000  0.00000000  0.03000000    0.4720D+01  0.909013545558642E+00  0.821005841001688E-01    0.109119232504566E+01 -0.985546669679310E-01
  0.00000000  0.00000000  0.03000000    0.4863D+01  0.923810515777008E+00  0.948149115996963E-01    0.107118930772620E+01 -0.109941073179032E+00
  0.00000000  0.00000000  0.03000000    0.5012D+01  0.922132985248256E+00  0.100107366242851E+00    0.107181054892131E+01 -0.116356461465188E+00
  0.00000000  0.00000000  0.03000000    0.5164D+01  0.931275319990602E+00  0.118890651950945E+00    0.105657603646405E+01 -0.134887085606675E+00
  0.00000000  0.00000000  0.03000000    0.5322D+01  0.889876232939496E+00  0.137133733025590E+00    0.109768384273241E+01 -0.169157774377827E+00
  0.00000000  0.00000000  0.03000000    0.5484D+01  0.853042210307497E+00  0.107212608915113E+00    0.115404548120501E+01 -0.145043498846424E+00
  0.00000000  0.00000000  0.03000000    0.5651D+01  0.857378517557088E+00  0.733680168198003E-01    0.115786733585789E+01 -0.990815939899760E-01
  0.00000000  0.00000000  0.03000000    0.5823D+01  0.865793932463364E+00  0.518333407819907E-01    0.115088427752449E+01 -0.689011261465339E-01
  0.00000000  0.00000000  0.03000000    0.6000D+01  0.880727413224785E+00  0.278237932289782E-01    0.113429301301923E+01 -0.358343952753366E-01
  0.00000000  0.00000000  0.03000000    0.6183D+01  0.902164334665031E+00  0.234136360555538E-01    0.110769941823881E+01 -0.287478345585695E-01
  0.00000000  0.00000000  0.03000000    0.6371D+01  0.916794640375774E+00  0.241239851988109E-01    0.109000210078283E+01 -0.286816625969585E-01
  0.00000000  0.00000000  0.03000000    0.6565D+01  0.923417690662085E+00  0.321515636772817E-01    0.108162230847475E+01 -0.376599331779752E-01
  0.00000000  0.00000000  0.03000000    0.6765D+01  0.922759089808962E+00  0.316842988723991E-01    0.108243029580935E+01 -0.371668460161828E-01
  0.00000000  0.00000000  0.03000000    0.6971D+01  0.924317100182908E+00  0.212962257606575E-01    0.108130580062714E+01 -0.249132385865274E-01
  0.00000000  0.00000000  0.03000000    0.7184D+01  0.937705700142084E+00  0.148825237899484E-01    0.106616411523030E+01 -0.169213142316399E-01
  0.00000000  0.00000000  0.03000000    0.7402D+01  0.946337753216610E+00  0.269188408497998E-01    0.105585084913799E+01 -0.300339713516279E-01
  0.00000000  0.00000000  0.03000000    0.7628D+01  0.944961068185621E+00  0.286559743200307E-01    0.105727237977491E+01 -0.320618184009207E-01
  0.00000000  0.00000000  0.03000000    0.7860D+01  0.944105150590840E+00  0.302256630046615E-01    0.105811951070457E+01 -0.338758492411553E-01
  0.00000000  0.00000000  0.03000000    0.8100D+01  0.940733741552045E+00  0.293374180354315E-01    0.106196722238034E+01 -0.331181661364640E-01
  0.00000000  0.00000000  0.03000000    0.8346D+01  0.939753473173893E+00  0.215934359288636E-01    0.106354733383620E+01 -0.244379423605026E-01
  0.00000000  0.00000000  0.03000000    0.8600D+01  0.943793091681512E+00  0.164359211947096E-01    0.105923303234994E+01 -0.184462789566718E-01
  0.00000000  0.00000000  0.03000000    0.8862D+01  0.949231459315206E+00  0.145688486425958E-01    0.105323573416372E+01 -0.161651110963750E-01
  0.00000000  0.00000000  0.03000000    0.9132D+01  0.950647613113555E+00  0.189449738185247E-01    0.105149689439031E+01 -0.209547479630656E-01
  0.00000000  0.00000000  0.03000000    0.9410D+01  0.947825761428925E+00  0.141701488913992E-01    0.105481047601689E+01 -0.157695877297463E-01
  0.00000000  0.00000000  0.03000000    0.9697D+01  0.949463730883351E+00  0.867074510271013E-02    0.105313828885191E+01 -0.961752762482418E-02
  0.00000000  0.00000000  0.03000000    0.9992D+01  0.953508797650370E+00  0.420053456396387E-02    0.104873766847481E+01 -0.462005052896703E-02
  0.00000000  0.00000000  0.03000000    0.1030D+02  0.957850325399471E+00  0.253479592476582E-02    0.104399713653177E+01 -0.276276952356233E-02
  0.00000000  0.00000000  0.03000000    0.1061D+02  0.961602136218349E+00  0.835393288682893E-03    0.103993034916090E+01 -0.903441040390338E-03
  0.00000000  0.00000000  0.03000000    0.1093D+02  0.965337818024625E+00  0.838243230349613E-04    0.103590678184154E+01 -0.899521215204038E-04
  0.00000000  0.00000000  0.03000000    0.1127D+02  0.968491149008188E+00  0.139538424865047E-05    0.103253395864485E+01 -0.148765595180216E-05
  0.00000000  0.00000000  0.03000000    0.1161D+02  0.971047576671162E+00  0.510761108693921E-05    0.102981565887886E+01 -0.541672519777525E-05
  0.00000000  0.00000000  0.03000000    0.1196D+02  0.973245709359481E+00  0.289181504781894E-18    0.102748975966010E+01 -0.305299095581984E-18
  0.00000000  0.00000000  0.03000000    0.1233D+02  0.975197163841987E+00  0.272008411347524E-18    0.102543366313772E+01 -0.286020706370263E-18
  0.00000000  0.00000000  0.03000000    0.1270D+02  0.976950823091667E+00  0.255559579694422E-18    0.102359297557618E+01 -0.267760653283024E-18
