 q(1:3)   w(Ry)   eps    epsi  --- NO LFC
  0.00000000  0.00000000  0.02500000    0.0000D+00  0.315472038380249E+01  0.580514498263456E-18    0.316985304033401E+00 -0.583299127468279E-19
  0.00000000  0.00000000  0.02500000    0.1015D-04  0.315472038417988E+01  0.580514497854635E-18    0.316985303995481E+00 -0.583299126917941E-19
  0.00000000  0.00000000  0.02500000    0.3076D-04  0.315472038726830E+01  0.580514494507461E-18    0.316985303685158E+00 -0.583299122412631E-19
  0.00000000  0.00000000  0.02500000    0.5200D-04  0.315472039370611E+01  0.580514487529939E-18    0.316985303038288E+00 -0.583299113020971E-19
  0.00000000  0.00000000  0.02500000    0.7389D-04  0.315472040379664E+01  0.580514476595307E-18    0.316985302024395E+00 -0.583299098302467E-19
  0.00000000  0.00000000  0.02500000    0.9644D-04  0.315472041786486E+01  0.580514461349239E-18    0.316985300610825E+00 -0.583299077780914E-19
  0.00000000  0.00000000  0.02500000    0.1197D-03  0.315472043625889E+01  0.580514441414696E-18    0.316985298762599E+00 -0.583299050948740E-19
  0.00000000  0.00000000  0.02500000    0.1436D-03  0.315472045935145E+01  0.580514416388083E-18    0.316985296442266E+00 -0.583299017262579E-19
  0.00000000  0.00000000  0.02500000    0.1683D-03  0.315472048754155E+01  0.580514385837614E-18    0.316985293609734E+00 -0.583298976141025E-19
  0.00000000  0.00000000  0.02500000    0.1937D-03  0.315472052125615E+01  0.580514349299564E-18    0.316985290222102E+00 -0.583298926960244E-19
  0.00000000  0.00000000  0.02500000    0.2199D-03  0.315472056095202E+01  0.580514306280623E-18    0.316985286233474E+00 -0.583298869055644E-19
  0.00000000  0.00000000  0.02500000    0.2469D-03  0.315472060711770E+01  0.580514256248063E-18    0.316985281594761E+00 -0.583298801711286E-19
  0.00000000  0.00000000  0.02500000    0.2748D-03  0.315472066027555E+01  0.580514198638492E-18    0.316985276253478E+00 -0.583298724167914E-19
  0.00000000  0.00000000  0.02500000    0.3034D-03  0.315472072098392E+01  0.580514132847412E-18    0.316985270153522E+00 -0.583298635611657E-19
  0.00000000  0.00000000  0.02500000    0.3330D-03  0.315472078983957E+01  0.580514058224695E-18    0.316985263234930E+00 -0.583298535168591E-19
  0.00000000  0.00000000  0.02500000    0.3634D-03  0.315472086748009E+01  0.580513974084561E-18    0.316985255433637E+00 -0.583298421913875E-19
  0.00000000  0.00000000  0.02500000    0.3948D-03  0.315472095458657E+01  0.580513879683547E-18    0.316985246681208E+00 -0.583298294848615E-19
  0.00000000  0.00000000  0.02500000    0.4271D-03  0.315472105188645E+01  0.580513774236146E-18    0.316985236904551E+00 -0.583298152914545E-19
  0.00000000  0.00000000  0.02500000    0.4604D-03  0.315472116015644E+01  0.580513656898602E-18    0.316985226025622E+00 -0.583297994976642E-19
  0.00000000  0.00000000  0.02500000    0.4948D-03  0.315472128022574E+01  0.580513526774732E-18    0.316985213961103E+00 -0.583297819827796E-19
  0.00000000  0.00000000  0.02500000    0.5301D-03  0.315472141297943E+01  0.580513382905814E-18    0.316985200622062E+00 -0.583297626177401E-19
  0.00000000  0.00000000  0.02500000    0.5666D-03  0.315472155936209E+01  0.580513224263797E-18    0.316985185913589E+00 -0.583297412643182E-19
  0.00000000  0.00000000  0.02500000    0.6041D-03  0.315472172038153E+01  0.580513049761811E-18    0.316985169734420E+00 -0.583297177760386E-19
  0.00000000  0.00000000  0.02500000    0.6428D-03  0.315472189711293E+01  0.580512858230934E-18    0.316985151976521E+00 -0.583296919956903E-19
  0.00000000  0.00000000  0.02500000    0.6827D-03  0.315472209070316E+01  0.580512648431724E-18    0.316985132524656E+00 -0.583296637563261E-19
  0.00000000  0.00000000  0.02500000    0.7238D-03  0.315472230237530E+01  0.580512419032829E-18    0.316985111255931E+00 -0.583296328789448E-19
  0.00000000  0.00000000  0.02500000    0.7662D-03  0.315472253343363E+01  0.580512168627631E-18    0.316985088039293E+00 -0.583295991739815E-19
  0.00000000  0.00000000  0.02500000    0.8098D-03  0.315472278526869E+01  0.580511895702969E-18    0.316985062735022E+00 -0.583295624379749E-19
  0.00000000  0.00000000  0.02500000    0.8548D-03  0.315472305936287E+01  0.580511598656297E-18    0.316985035194170E+00 -0.583295224550878E-19
  0.00000000  0.00000000  0.02500000    0.9011D-03  0.315472335729626E+01  0.580511275774036E-18    0.316985005257971E+00 -0.583294789947136E-19
  0.00000000  0.00000000  0.02500000    0.9488D-03  0.315472368075287E+01  0.580510925233176E-18    0.316984972757219E+00 -0.583294318114072E-19
  0.00000000  0.00000000  0.02500000    0.9980D-03  0.315472403152719E+01  0.580510545084377E-18    0.316984937511603E+00 -0.583293806429458E-19
  0.00000000  0.00000000  0.02500000    0.1049D-02  0.315472441153131E+01  0.580510133259808E-18    0.316984899329003E+00 -0.583293252108528E-19
  0.00000000  0.00000000  0.02500000    0.1101D-02  0.315472482280233E+01  0.580509687550034E-18    0.316984858004732E+00 -0.583292652178014E-19
  0.00000000  0.00000000  0.02500000    0.1155D-02  0.315472526751033E+01  0.580509205604145E-18    0.316984813320746E+00 -0.583292003473332E-19
  0.00000000  0.00000000  0.02500000    0.1210D-02  0.315472574796676E+01  0.580508684914639E-18    0.316984765044792E+00 -0.583291302620283E-19
  0.00000000  0.00000000  0.02500000    0.1267D-02  0.315472626663348E+01  0.580508122816914E-18    0.316984712929510E+00 -0.583290546031221E-19
  0.00000000  0.00000000  0.02500000    0.1326D-02  0.315472682613221E+01  0.580507516465913E-18    0.316984656711475E+00 -0.583289729878077E-19
  0.00000000  0.00000000  0.02500000    0.1387D-02  0.315472742925470E+01  0.580506862840628E-18    0.316984596110178E+00 -0.583288850093130E-19
  0.00000000  0.00000000  0.02500000    0.1450D-02  0.315472807897345E+01  0.580506158715644E-18    0.316984530826949E+00 -0.583287902336453E-19
  0.00000000  0.00000000  0.02500000    0.1514D-02  0.315472877845315E+01  0.580505400663321E-18    0.316984460543808E+00 -0.583286881993880E-19
  0.00000000  0.00000000  0.02500000    0.1580D-02  0.315472953106288E+01  0.580504585031734E-18    0.316984384922242E+00 -0.583285784150344E-19
  0.00000000  0.00000000  0.02500000    0.1649D-02  0.315473034038887E+01  0.580503707935206E-18    0.316984303601916E+00 -0.583284603575623E-19
  0.00000000  0.00000000  0.02500000    0.1719D-02  0.315473121024837E+01  0.580502765235665E-18    0.316984216199284E+00 -0.583283334700509E-19
  0.00000000  0.00000000  0.02500000    0.1792D-02  0.315473214470410E+01  0.580501752530397E-18    0.316984122306142E+00 -0.583281971599159E-19
  0.00000000  0.00000000  0.02500000    0.1867D-02  0.315473314807975E+01  0.580500665134966E-18    0.316984021488058E+00 -0.583280507966190E-19
  0.00000000  0.00000000  0.02500000    0.1944D-02  0.315473422497646E+01  0.580499498061949E-18    0.316983913282731E+00 -0.583278937089260E-19
  0.00000000  0.00000000  0.02500000    0.2024D-02  0.315473538029020E+01  0.580498246005777E-18    0.316983797198234E+00 -0.583277251827376E-19
  0.00000000  0.00000000  0.02500000    0.2106D-02  0.315473661923041E+01  0.580496903320036E-18    0.316983672711146E+00 -0.583275444581236E-19
  0.00000000  0.00000000  0.02500000    0.2190D-02  0.315473794733966E+01  0.580495463999072E-18    0.316983539264580E+00 -0.583273507267476E-19
  0.00000000  0.00000000  0.02500000    0.2277D-02  0.315473937051460E+01  0.580493921652990E-18    0.316983396266070E+00 -0.583271431285811E-19
  0.00000000  0.00000000  0.02500000    0.2367D-02  0.315474089502822E+01  0.580492269482076E-18    0.316983243085342E+00 -0.583269207485115E-19
  0.00000000  0.00000000  0.02500000    0.2459D-02  0.315474252755346E+01  0.580490500254861E-18    0.316983079051941E+00 -0.583266826132672E-19
  0.00000000  0.00000000  0.02500000    0.2554D-02  0.315474427518835E+01  0.580488606278440E-18    0.316982903452704E+00 -0.583264276875081E-19
  0.00000000  0.00000000  0.02500000    0.2652D-02  0.315474614548264E+01  0.580486579373745E-18    0.316982715529085E+00 -0.583261548703562E-19
  0.00000000  0.00000000  0.02500000    0.2753D-02  0.315474814646614E+01  0.580484410835326E-18    0.316982514474308E+00 -0.583258629903102E-19
  0.00000000  0.00000000  0.02500000    0.2858D-02  0.315475028667889E+01  0.580482091411089E-18    0.316982299430340E+00 -0.583255508020971E-19
  0.00000000  0.00000000  0.02500000    0.2965D-02  0.315475257520302E+01  0.580479611255331E-18    0.316982069484687E+00 -0.583252169807771E-19
  0.00000000  0.00000000  0.02500000    0.3075D-02  0.315475502169680E+01  0.580476959903741E-18    0.316981823666975E+00 -0.583248601179763E-19
  0.00000000  0.00000000  0.02500000    0.3189D-02  0.315475763643068E+01  0.580474126223686E-18    0.316981560945331E+00 -0.583244787155630E-19
  0.00000000  0.00000000  0.02500000    0.3307D-02  0.315476043032565E+01  0.580471098382044E-18    0.316981280222529E+00 -0.583240711810007E-19
  0.00000000  0.00000000  0.02500000    0.3428D-02  0.315476341499391E+01  0.580467863794316E-18    0.316980980331906E+00 -0.583236358207371E-19
  0.00000000  0.00000000  0.02500000    0.3553D-02  0.315476660278214E+01  0.580464409076938E-18    0.316980660033016E+00 -0.583231708338167E-19
  0.00000000  0.00000000  0.02500000    0.3681D-02  0.315477000681749E+01  0.580460720007597E-18    0.316980318007015E+00 -0.583226743062014E-19
  0.00000000  0.00000000  0.02500000    0.3813D-02  0.315477364105629E+01  0.580456781459007E-18    0.316979952851761E+00 -0.583221442023194E-19
  0.00000000  0.00000000  0.02500000    0.3950D-02  0.315477752033594E+01  0.580452577354633E-18    0.316979563076611E+00 -0.583215783587084E-19
  0.00000000  0.00000000  0.02500000    0.4090D-02  0.315478166043000E+01  0.580448090595737E-18    0.316979147096886E+00 -0.583209744746565E-19
  0.00000000  0.00000000  0.02500000    0.4235D-02  0.315478607810664E+01  0.580443303015032E-18    0.316978703228003E+00 -0.583203301053950E-19
  0.00000000  0.00000000  0.02500000    0.4385D-02  0.315479079119077E+01  0.580438195291327E-18    0.316978229679234E+00 -0.583196426512355E-19
  0.00000000  0.00000000  0.02500000    0.4538D-02  0.315479581863009E+01  0.580432746894227E-18    0.316977724547077E+00 -0.583189093495861E-19
  0.00000000  0.00000000  0.02500000    0.4697D-02  0.315480118056513E+01  0.580426935994929E-18    0.316977185808225E+00 -0.583181272634131E-19
  0.00000000  0.00000000  0.02500000    0.4860D-02  0.315480689840379E+01  0.580420739395589E-18    0.316976611312078E+00 -0.583172932714047E-19
  0.00000000  0.00000000  0.02500000    0.5029D-02  0.315481299490040E+01  0.580414132433761E-18    0.316975998772812E+00 -0.583164040554661E-19
  0.00000000  0.00000000  0.02500000    0.5202D-02  0.315481949423976E+01  0.580407088902976E-18    0.316975345760940E+00 -0.583154560896535E-19
  0.00000000  0.00000000  0.02500000    0.5381D-02  0.315482642212638E+01  0.580399580948089E-18    0.316974649694354E+00 -0.583144456263847E-19
  0.00000000  0.00000000  0.02500000    0.5565D-02  0.315483380587936E+01  0.580391578958203E-18    0.316973907828805E+00 -0.583133686822003E-19
  0.00000000  0.00000000  0.02500000    0.5755D-02  0.315484167453304E+01  0.580383051475264E-18    0.316973117247798E+00 -0.583122210248897E-19
  0.00000000  0.00000000  0.02500000    0.5950D-02  0.315485005894398E+01  0.580373965056421E-18    0.316972274851860E+00 -0.583109981557429E-19
  0.00000000  0.00000000  0.02500000    0.6152D-02  0.315485899190470E+01  0.580364284164591E-18    0.316971377347127E+00 -0.583096952943901E-19
  0.00000000  0.00000000  0.02500000    0.6360D-02  0.315486850826426E+01  0.580353971036205E-18    0.316970421233238E+00 -0.583083073611002E-19
  0.00000000  0.00000000  0.02500000    0.6574D-02  0.315487864505664E+01  0.580342985536243E-18    0.316969402790467E+00 -0.583068289575229E-19
  0.00000000  0.00000000  0.02500000    0.6794D-02  0.315488944163686E+01  0.580331285016223E-18    0.316968318066057E+00 -0.583052543474449E-19
  0.00000000  0.00000000  0.02500000    0.7021D-02  0.315490093982577E+01  0.580318824157205E-18    0.316967162859708E+00 -0.583035774357306E-19
  0.00000000  0.00000000  0.02500000    0.7255D-02  0.315491318406373E+01  0.580305554800356E-18    0.316965932708150E+00 -0.583017917456901E-19
  0.00000000  0.00000000  0.02500000    0.7497D-02  0.315492622157389E+01  0.580291425769211E-18    0.316964622868782E+00 -0.582998903952716E-19
  0.00000000  0.00000000  0.02500000    0.7745D-02  0.315494010253580E+01  0.580276382685949E-18    0.316963228302257E+00 -0.582978660722792E-19
  0.00000000  0.00000000  0.02500000    0.8001D-02  0.315495488026954E+01  0.580260367771642E-18    0.316961743654022E+00 -0.582957110076041E-19
  0.00000000  0.00000000  0.02500000    0.8265D-02  0.315497061143166E+01  0.580243319628481E-18    0.316960163234681E+00 -0.582934169462262E-19
  0.00000000  0.00000000  0.02500000    0.8537D-02  0.315498735622309E+01  0.580225173021424E-18    0.316958480999152E+00 -0.582909751177261E-19
  0.00000000  0.00000000  0.02500000    0.8818D-02  0.315500517861015E+01  0.580205858629723E-18    0.316956690524522E+00 -0.582883762033088E-19
  0.00000000  0.00000000  0.02500000    0.9107D-02  0.315502414655934E+01  0.580185302804456E-18    0.316954784986521E+00 -0.582856103029408E-19
  0.00000000  0.00000000  0.02500000    0.9404D-02  0.315504433228678E+01  0.580163427290229E-18    0.316952757134540E+00 -0.582826668983704E-19
  0.00000000  0.00000000  0.02500000    0.9711D-02  0.315506581252318E+01  0.580140148938393E-18    0.316950599265083E+00 -0.582795348147456E-19
  0.00000000  0.00000000  0.02500000    0.1003D-01  0.315508866879544E+01  0.580115379406555E-18    0.316948303193579E+00 -0.582762021802715E-19
  0.00000000  0.00000000  0.02500000    0.1035D-01  0.315511298772583E+01  0.580089024828481E-18    0.316945860224419E+00 -0.582726563822773E-19
  0.00000000  0.00000000  0.02500000    0.1069D-01  0.315513886134985E+01  0.580060985472885E-18    0.316943261119155E+00 -0.582688840215142E-19
  0.00000000  0.00000000  0.02500000    0.1103D-01  0.315516638745407E+01  0.580031155380769E-18    0.316940496062685E+00 -0.582648708636034E-19
  0.00000000  0.00000000  0.02500000    0.1139D-01  0.315519566993497E+01  0.579999421969184E-18    0.316937554627352E+00 -0.582606017863797E-19
  0.00000000  0.00000000  0.02500000    0.1176D-01  0.315522681918044E+01  0.579965665626771E-18    0.316934425734803E+00 -0.582560607256335E-19
  0.00000000  0.00000000  0.02500000    0.1214D-01  0.315525995247501E+01  0.579929759265909E-18    0.316931097615457E+00 -0.582512306156707E-19
  0.00000000  0.00000000  0.02500000    0.1253D-01  0.315529519443074E+01  0.579891567864151E-18    0.316927557765452E+00 -0.582460933279243E-19
  0.00000000  0.00000000  0.02500000    0.1293D-01  0.315533267744485E+01  0.579850947962182E-18    0.316923792900908E+00 -0.582406296042848E-19
  0.00000000  0.00000000  0.02500000    0.1334D-01  0.315537254218642E+01  0.579807747143370E-18    0.316919788909325E+00 -0.582348189875995E-19
  0.00000000  0.00000000  0.02500000    0.1377D-01  0.315541493811342E+01  0.579761803465481E-18    0.316915530797951E+00 -0.582286397463446E-19
  0.00000000  0.00000000  0.02500000    0.1421D-01  0.315546002402250E+01  0.579712944873774E-18    0.316911002638920E+00 -0.582220687963304E-19
  0.00000000  0.00000000  0.02500000    0.1466D-01  0.315550796863326E+01  0.579660988561639E-18    0.316906187510953E+00 -0.582150816159923E-19
  0.00000000  0.00000000  0.02500000    0.1513D-01  0.315555895120943E+01  0.579605740303403E-18    0.316901067437428E+00 -0.582076521576664E-19
  0.00000000  0.00000000  0.02500000    0.1561D-01  0.315561316221926E+01  0.579546993735822E-18    0.316895623320549E+00 -0.581997527524265E-19
  0.00000000  0.00000000  0.02500000    0.1610D-01  0.315567080403759E+01  0.579484529601548E-18    0.316889834871409E+00 -0.581913540097457E-19
  0.00000000  0.00000000  0.02500000    0.1662D-01  0.315573209169245E+01  0.579418114934571E-18    0.316883680535659E+00 -0.581824247098966E-19
  0.00000000  0.00000000  0.02500000    0.1714D-01  0.315579725365885E+01  0.579347502209798E-18    0.316877137414514E+00 -0.581729316912371E-19
  0.00000000  0.00000000  0.02500000    0.1768D-01  0.315586653270294E+01  0.579272428422444E-18    0.316870181180799E+00 -0.581628397288558E-19
  0.00000000  0.00000000  0.02500000    0.1824D-01  0.315594018677995E+01  0.579192614117645E-18    0.316862785989716E+00 -0.581521114065335E-19
  0.00000000  0.00000000  0.02500000    0.1882D-01  0.315601848998898E+01  0.579107762362228E-18    0.316854924384012E+00 -0.581407069811301E-19
  0.00000000  0.00000000  0.02500000    0.1941D-01  0.315610173358894E+01  0.579017557640033E-18    0.316846567193148E+00 -0.581285842374241E-19
  0.00000000  0.00000000  0.02500000    0.2002D-01  0.315619022707920E+01  0.578921664681023E-18    0.316837683426141E+00 -0.581156983343443E-19
  0.00000000  0.00000000  0.02500000    0.2065D-01  0.315628429934932E+01  0.578819727230112E-18    0.316828240157629E+00 -0.581020016430843E-19
  0.00000000  0.00000000  0.02500000    0.2130D-01  0.315638429990259E+01  0.578711366707943E-18    0.316818202406742E+00 -0.580874435721967E-19
  0.00000000  0.00000000  0.02500000    0.2197D-01  0.315649060015805E+01  0.578596180812092E-18    0.316807533008312E+00 -0.580719703844300E-19
  0.00000000  0.00000000  0.02500000    0.2266D-01  0.315660359483635E+01  0.578473742018248E-18    0.316796192475934E+00 -0.580555250011326E-19
  0.00000000  0.00000000  0.02500000    0.2337D-01  0.315672370343496E+01  0.578343595983250E-18    0.316784138856327E+00 -0.580380467942971E-19
  0.00000000  0.00000000  0.02500000    0.2410D-01  0.315685137179892E+01  0.578205259846627E-18    0.316771327574461E+00 -0.580194713657931E-19
  0.00000000  0.00000000  0.02500000    0.2486D-01  0.315698707379316E+01  0.578058220428618E-18    0.316757711268829E+00 -0.579997303134660E-19
  0.00000000  0.00000000  0.02500000    0.2564D-01  0.315713131308392E+01  0.577901932301830E-18    0.316743239616217E+00 -0.579787509816789E-19
  0.00000000  0.00000000  0.02500000    0.2644D-01  0.315728462503595E+01  0.577735815740103E-18    0.316727859145298E+00 -0.579564561965464E-19
  0.00000000  0.00000000  0.02500000    0.2726D-01  0.315744757873410E+01  0.577559254543584E-18    0.316711513038302E+00 -0.579327639856208E-19
  0.00000000  0.00000000  0.02500000    0.2811D-01  0.315762077913735E+01  0.577371593698962E-18    0.316694140919986E+00 -0.579075872778017E-19
  0.00000000  0.00000000  0.02500000    0.2899D-01  0.315780486937483E+01  0.577172136920195E-18    0.316675678633042E+00 -0.578808335878812E-19
  0.00000000  0.00000000  0.02500000    0.2989D-01  0.315800053319354E+01  0.576960143992816E-18    0.316656057999061E+00 -0.578524046778998E-19
  0.00000000  0.00000000  0.02500000    0.3082D-01  0.315820849756834E+01  0.576734827968052E-18    0.316635206564085E+00 -0.578221961998296E-19
  0.00000000  0.00000000  0.02500000    0.3178D-01  0.315842953548596E+01  0.576495352153442E-18    0.316613047327693E+00 -0.577900973141288E-19
  0.00000000  0.00000000  0.02500000    0.3277D-01  0.315866446891516E+01  0.576240826922278E-18    0.316589498454532E+00 -0.577559902863011E-19
  0.00000000  0.00000000  0.02500000    0.3379D-01  0.315891417197649E+01  0.575970306289560E-18    0.316564472967087E+00 -0.577197500561288E-19
  0.00000000  0.00000000  0.02500000    0.3484D-01  0.315917957432611E+01  0.575682784272918E-18    0.316537878418422E+00 -0.576812437813481E-19
  0.00000000  0.00000000  0.02500000    0.3592D-01  0.315946166476920E+01  0.575377191010287E-18    0.316509616543504E+00 -0.576403303528761E-19
  0.00000000  0.00000000  0.02500000    0.3703D-01  0.315976149511994E+01  0.575052388595617E-18    0.316479582887645E+00 -0.575968598776713E-19
  0.00000000  0.00000000  0.02500000    0.3818D-01  0.316008018432620E+01  0.574707166657400E-18    0.316447666410472E+00 -0.575506731316966E-19
  0.00000000  0.00000000  0.02500000    0.3936D-01  0.316041892287895E+01  0.574340237614448E-18    0.316413749063704E+00 -0.575016009764243E-19
  0.00000000  0.00000000  0.02500000    0.4058D-01  0.316077897752779E+01  0.573950231624521E-18    0.316377705340900E+00 -0.574494637405084E-19
  0.00000000  0.00000000  0.02500000    0.4184D-01  0.316116169632602E+01  0.573535691165137E-18    0.316339401797202E+00 -0.573940705606388E-19
  0.00000000  0.00000000  0.02500000    0.4313D-01  0.316156851403072E+01  0.573095065249015E-18    0.316298696536894E+00 -0.573352186819724E-19
  0.00000000  0.00000000  0.02500000    0.4447D-01  0.316200095788545E+01  0.572626703240456E-18    0.316255438666514E+00 -0.572726927149876E-19
  0.00000000  0.00000000  0.02500000    0.4584D-01  0.316246065381601E+01  0.572128848219242E-18    0.316209467710955E+00 -0.572062638436903E-19
  0.00000000  0.00000000  0.02500000    0.4726D-01  0.316294933307200E+01  0.571599629901199E-18    0.316160612989887E+00 -0.571356889864673E-19
  0.00000000  0.00000000  0.02500000    0.4872D-01  0.316346883935028E+01  0.571037057024000E-18    0.316108692951558E+00 -0.570607099009183E-19
  0.00000000  0.00000000  0.02500000    0.5022D-01  0.316402113643996E+01  0.570439009216748E-18    0.316053514460767E+00 -0.569810522351080E-19
  0.00000000  0.00000000  0.02500000    0.5177D-01  0.316460831643215E+01  0.569803228259317E-18    0.315994872037568E+00 -0.568964245165714E-19
  0.00000000  0.00000000  0.02500000    0.5337D-01  0.316523260854167E+01  0.569127308721780E-18    0.315932547042960E+00 -0.568065170790148E-19
  0.00000000  0.00000000  0.02500000    0.5501D-01  0.316589638859346E+01  0.568408687898122E-18    0.315866306807431E+00 -0.567110009192068E-19
  0.00000000  0.00000000  0.02500000    0.5671D-01  0.316660218923077E+01  0.567644635020007E-18    0.315795903697938E+00 -0.566095264839613E-19
  0.00000000  0.00000000  0.02500000    0.5846D-01  0.316735271090866E+01  0.566832239648576E-18    0.315721074118429E+00 -0.565017223785797E-19
  0.00000000  0.00000000  0.02500000    0.6026D-01  0.316815083374285E+01  0.565968399195848E-18    0.315641537438607E+00 -0.563871939937898E-19
  0.00000000  0.00000000  0.02500000    0.6211D-01  0.316899963029159E+01  0.565049805502257E-18    0.315556994845085E+00 -0.562655220460489E-19
  0.00000000  0.00000000  0.02500000    0.6403D-01  0.316990237935611E+01  0.564072930388234E-18    0.315467128108572E+00 -0.561362610256496E-19
  0.00000000  0.00000000  0.02500000    0.6600D-01  0.317086258089525E+01  0.563034010081832E-18    0.315371598260074E+00 -0.559989375459320E-19
  0.00000000  0.00000000  0.02500000    0.6803D-01  0.317188397216045E+01  0.561929028443571E-18    0.315270044168379E+00 -0.558530485893630E-19
  0.00000000  0.00000000  0.02500000    0.7012D-01  0.317297054516907E+01  0.560753698855626E-18    0.315162081010341E+00 -0.556980596415111E-19
  0.00000000  0.00000000  0.02500000    0.7227D-01  0.317412656564838E+01  0.559503444679453E-18    0.315047298624568E+00 -0.555334027083434E-19
  0.00000000  0.00000000  0.02500000    0.7450D-01  0.317535659359796E+01  0.558173378139388E-18    0.314925259738123E+00 -0.553584742084904E-19
  0.00000000  0.00000000  0.02500000    0.7678D-01  0.317666550563607E+01  0.556758277495599E-18    0.314795498054734E+00 -0.551726327337159E-19
  0.00000000  0.00000000  0.02500000    0.7914D-01  0.317805851931651E+01  0.555252562344195E-18    0.314657516191698E+00 -0.549751966694042E-19
  0.00000000  0.00000000  0.02500000    0.8157D-01  0.317954121962555E+01  0.553650266863124E-18    0.314510783451258E+00 -0.547654416663377E-19
  0.00000000  0.00000000  0.02500000    0.8408D-01  0.318111958789594E+01  0.551945010830996E-18    0.314354733410516E+00 -0.545425979574076E-19
  0.00000000  0.00000000  0.02500000    0.8666D-01  0.318280003340603E+01  0.550129968184642E-18    0.314188761312115E+00 -0.543058475086286E-19
  0.00000000  0.00000000  0.02500000    0.8932D-01  0.318458942796798E+01  0.548197832895912E-18    0.314012221235715E+00 -0.540543209973820E-19
  0.00000000  0.00000000  0.02500000    0.9206D-01  0.318649514385135E+01  0.546140781896241E-18    0.313824423027788E+00 -0.537870946080840E-19
  0.00000000  0.00000000  0.02500000    0.9488D-01  0.318852509543622E+01  0.543950434773676E-18    0.313624628964443E+00 -0.535031866379596E-19
  0.00000000  0.00000000  0.02500000    0.9779D-01  0.319068778504740E+01  0.541617809916272E-18    0.313412050118575E+00 -0.532015539038615E-19
  0.00000000  0.00000000  0.02500000    0.1008D+00  0.319299235348737E+01  0.539133276763727E-18    0.313185842398841E+00 -0.528810879437528E-19
  0.00000000  0.00000000  0.02500000    0.1039D+00  0.319544863586338E+01  0.536486503770878E-18    0.312945102223434E+00 -0.525406110052235E-19
  0.00000000  0.00000000  0.02500000    0.1071D+00  0.319806722339621E+01  0.533666401668282E-18    0.312688861786352E+00 -0.521788718168539E-19
  0.00000000  0.00000000  0.02500000    0.1103D+00  0.320085953200682E+01  0.530661061545513E-18    0.312416083867647E+00 -0.517945411385033E-19
  0.00000000  0.00000000  0.02500000    0.1137D+00  0.320383787860547E+01  0.527457687266545E-18    0.312125656131910E+00 -0.513862070922109E-19
  0.00000000  0.00000000  0.02500000    0.1172D+00  0.320701556616272E+01  0.524042521619433E-18    0.311816384850457E+00 -0.509523702732779E-19
  0.00000000  0.00000000  0.02500000    0.1208D+00  0.321040697882471E+01  0.520400765657136E-18    0.311486987972500E+00 -0.504914386563121E-19
  0.00000000  0.00000000  0.02500000    0.1245D+00  0.321402768855761E+01  0.516516490504623E-18    0.311136087458158E+00 -0.500017223048097E-19
  0.00000000  0.00000000  0.02500000    0.1283D+00  0.321789457507322E+01  0.512372540986673E-18    0.310762200771368E+00 -0.494814279141550E-19
  0.00000000  0.00000000  0.02500000    0.1322D+00  0.322202596111324E+01  0.507950430277884E-18    0.310363731412794E+00 -0.489286532189546E-19
  0.00000000  0.00000000  0.02500000    0.1363D+00  0.322644176556684E+01  0.503230224852655E-18    0.309938958351016E+00 -0.483413813217166E-19
  0.00000000  0.00000000  0.02500000    0.1405D+00  0.323116367738407E+01  0.498190418873575E-18    0.309486024183582E+00 -0.477174750083727E-19
  0.00000000  0.00000000  0.02500000    0.1448D+00  0.323621535385045E+01  0.492807797263270E-18    0.309002921826633E+00 -0.470546711522507E-19
  0.00000000  0.00000000  0.02500000    0.1492D+00  0.324162264753757E+01  0.487057286707687E-18    0.308487479491060E+00 -0.463505753386638E-19
  0.00000000  0.00000000  0.02500000    0.1537D+00  0.324741386718358E+01  0.480911793897740E-18    0.307937343652252E+00 -0.456026568835051E-19
  0.00000000  0.00000000  0.02500000    0.1585D+00  0.325362007894050E+01  0.474342030590643E-18    0.307349959656519E+00 -0.448082444871375E-19
  0.00000000  0.00000000  0.02500000    0.1633D+00  0.326027545593004E+01  0.467316325306391E-18    0.306722549526030E+00 -0.439645228357623E-19
  0.00000000  0.00000000  0.02500000    0.1683D+00  0.326741768597795E+01  0.459800421987429E-18    0.306052086420257E+00 -0.430685305677560E-19
  0.00000000  0.00000000  0.02500000    0.1734D+00  0.327508844988900E+01  0.451757266713045E-18    0.305335265077770E+00 -0.421171601601513E-19
  0.00000000  0.00000000  0.02500000    0.1787D+00  0.328333398588018E+01  0.443146784669207E-18    0.304568467387251E+00 -0.411071604700326E-19
  0.00000000  0.00000000  0.02500000    0.1842D+00  0.329220576008141E+01  0.433925651276968E-18    0.303747722006073E+00 -0.400351429104241E-19
  0.00000000  0.00000000  0.02500000    0.1898D+00  0.330176126873952E+01  0.424047063838857E-18    0.302868656637238E+00 -0.388975925642466E-19
  0.00000000  0.00000000  0.02500000    0.1956D+00  0.331206500549077E+01  0.413460523714758E-18    0.301926441160482E+00 -0.376908859815837E-19
  0.00000000  0.00000000  0.02500000    0.2016D+00  0.332318963764235E+01  0.402111644362832E-18    0.300915719245398E+00 -0.364113180029764E-19
  0.00000000  0.00000000  0.02500000    0.2078D+00  0.333521745007762E+01  0.389942008415230E-18    0.299830525286058E+00 -0.350551407709618E-19
  0.00000000  0.00000000  0.02500000    0.2141D+00  0.334824213609011E+01  0.376889108386443E-18    0.298664182384295E+00 -0.336186192128949E-19
  0.00000000  0.00000000  0.02500000    0.2207D+00  0.336237104412867E+01  0.362886422539871E-18    0.297409175512080E+00 -0.320981088391688E-19
  0.00000000  0.00000000  0.02500000    0.2274D+00  0.337772803283197E+01  0.347863702393084E-18    0.296056991646416E+00 -0.304901638712259E-19
  0.00000000  0.00000000  0.02500000    0.2343D+00  0.339445715155215E+01  0.331747585319281E-18    0.294597915175550E+00 -0.287916867517075E-19
  0.00000000  0.00000000  0.02500000    0.2415D+00  0.341272746272496E+01  0.314462700858434E-18    0.293020761523550E+00 -0.270001343742569E-19
  0.00000000  0.00000000  0.02500000    0.2489D+00  0.343273947825825E+01  0.295933521582718E-18    0.291312523520542E+00 -0.251138024055133E-19
  0.00000000  0.00000000  0.02500000    0.2565D+00  0.345473393452216E+01  0.276087332186191E-18    0.289457891389924E+00 -0.231322175683373E-19
  0.00000000  0.00000000  0.02500000    0.2643D+00  0.347900405396638E+01  0.254858872481267E-18    0.287438584286762E+00 -0.210566795446579E-19
  0.00000000  0.00000000  0.02500000    0.2724D+00  0.350591318109656E+01  0.232197475267015E-18    0.285232391204630E+00 -0.188910100396078E-19
  0.00000000  0.00000000  0.02500000    0.2807D+00  0.353592103571575E+01  0.208077888307808E-18    0.282811745482765E+00 -0.166425862439508E-19
  0.00000000  0.00000000  0.02500000    0.2893D+00  0.356962445432347E+01  0.182516421190797E-18    0.280141514267367E+00 -0.143237551359561E-19
  0.00000000  0.00000000  0.02500000    0.2981D+00  0.360782395303984E+01  0.155594395092571E-18    0.277175386885890E+00 -0.119537253531237E-19
  0.00000000  0.00000000  0.02500000    0.3072D+00  0.365163983278454E+01  0.127490236797262E-18    0.273849570546900E+00 -0.956095020171522E-20
  0.00000000  0.00000000  0.02500000    0.3166D+00  0.370273301926926E+01  0.985166568085285E-19    0.270070781446012E+00 -0.718563027668104E-20
  0.00000000  0.00000000  0.02500000    0.3262D+00  0.376377942203469E+01  0.691377439580957E-19    0.265690384018148E+00 -0.488052876713070E-20
  0.00000000  0.00000000  0.02500000    0.3362D+00  0.383970180910634E+01  0.398549869924578E-19    0.260436890601341E+00 -0.270325910794838E-20
  0.00000000  0.00000000  0.02500000    0.3464D+00  0.394273288270836E+01  0.105898061476816E-19    0.253631181657195E+00 -0.681229270828032E-21
  0.00000000  0.00000000  0.02500000    0.3570D+00  0.412445461918721E+01  0.690274740751599E-02    0.242455619312677E+00 -0.405777260795289E-03
  0.00000000  0.00000000  0.02500000    0.3679D+00  0.428247046996700E+01  0.225876489670190E+00    0.232862257750585E+00 -0.122821884531949E-01
  0.00000000  0.00000000  0.02500000    0.3791D+00  0.429943040351557E+01  0.441680582645050E+00    0.230159965837903E+00 -0.236443384988221E-01
  0.00000000  0.00000000  0.02500000    0.3907D+00  0.426032458556058E+01  0.573879314083391E+00    0.230540749275097E+00 -0.310545744591091E-01
  0.00000000  0.00000000  0.02500000    0.4026D+00  0.422475815221619E+01  0.667574146009182E+00    0.230933830414939E+00 -0.364909538177969E-01
  0.00000000  0.00000000  0.02500000    0.4149D+00  0.420606449693341E+01  0.736869367420761E+00    0.230672089133181E+00 -0.404119329423311E-01
  0.00000000  0.00000000  0.02500000    0.4276D+00  0.419082080036456E+01  0.820620041962840E+00    0.229805316060316E+00 -0.449990245567874E-01
  0.00000000  0.00000000  0.02500000    0.4406D+00  0.416930545174407E+01  0.883250659506566E+00    0.229546354382896E+00 -0.486284757119939E-01
  0.00000000  0.00000000  0.02500000    0.4540D+00  0.416521232968237E+01  0.928273997925536E+00    0.228723522323149E+00 -0.509741356937526E-01
  0.00000000  0.00000000  0.02500000    0.4679D+00  0.417774700312385E+01  0.987500798163719E+00    0.226697525595477E+00 -0.535848598059870E-01
  0.00000000  0.00000000  0.02500000    0.4822D+00  0.418269749995936E+01  0.106053899527348E+01    0.224638270202739E+00 -0.569578950863887E-01
  0.00000000  0.00000000  0.02500000    0.4969D+00  0.419491378461180E+01  0.110442106171022E+01    0.222931561142973E+00 -0.586925796542977E-01
  0.00000000  0.00000000  0.02500000    0.5120D+00  0.423446282897287E+01  0.116042581291887E+01    0.219660992089755E+00 -0.601966047660758E-01
  0.00000000  0.00000000  0.02500000    0.5276D+00  0.428313542385516E+01  0.123883364029648E+01    0.215449924830323E+00 -0.623157075988309E-01
  0.00000000  0.00000000  0.02500000    0.5437D+00  0.434091799187927E+01  0.131879827650216E+01    0.210900287299866E+00 -0.640728380322297E-01
  0.00000000  0.00000000  0.02500000    0.5603D+00  0.443047472586075E+01  0.140691895667967E+01    0.205033627474263E+00 -0.651094329839103E-01
  0.00000000  0.00000000  0.02500000    0.5774D+00  0.455564113167762E+01  0.154196378617235E+01    0.196945182988733E+00 -0.666607248578167E-01
  0.00000000  0.00000000  0.02500000    0.5950D+00  0.471897212262208E+01  0.173274071232008E+01    0.186734028711530E+00 -0.685661295545499E-01
  0.00000000  0.00000000  0.02500000    0.6131D+00  0.498899014317226E+01  0.202894127078665E+01    0.171994848990218E+00 -0.699475119141205E-01
  0.00000000  0.00000000  0.02500000    0.6318D+00  0.500133848258586E+01  0.289992188750404E+01    0.149637926663699E+00 -0.867644332099723E-01
  0.00000000  0.00000000  0.02500000    0.6511D+00  0.432338167189925E+01  0.365126476503257E+01    0.135007107438490E+00 -0.114018777852332E+00
  0.00000000  0.00000000  0.02500000    0.6709D+00  0.361211942094352E+01  0.342493779868352E+01    0.145781617239647E+00 -0.138227149507383E+00
  0.00000000  0.00000000  0.02500000    0.6914D+00  0.333088587385747E+01  0.320447740978884E+01    0.155914975945333E+00 -0.149997939642999E+00
  0.00000000  0.00000000  0.02500000    0.7125D+00  0.323807435983058E+01  0.301941830142215E+01    0.165190914450629E+00 -0.154036138424871E+00
  0.00000000  0.00000000  0.02500000    0.7342D+00  0.330252382404028E+01  0.288722835551128E+01    0.171624306329780E+00 -0.150042388831001E+00
  0.00000000  0.00000000  0.02500000    0.7565D+00  0.371479757270221E+01  0.279148380739622E+01    0.172044269980274E+00 -0.129282628301032E+00
  0.00000000  0.00000000  0.02500000    0.7796D+00  0.427930867360435E+01  0.356146430178158E+01    0.138057754805260E+00 -0.114898878025762E+00
  0.00000000  0.00000000  0.02500000    0.8034D+00  0.354685863026119E+01  0.551585268765062E+01    0.824758068268131E-01 -0.128261215958960E+00
  0.00000000  0.00000000  0.02500000    0.8279D+00  0.162010738879620E+01  0.568510121354957E+01    0.463614723457420E-01 -0.162686538261247E+00
  0.00000000  0.00000000  0.02500000    0.8531D+00  0.543524446821649E+00  0.427755099872126E+01    0.292329639842714E-01 -0.230064158139946E+00
  0.00000000  0.00000000  0.02500000    0.8791D+00  0.545637852874011E+00  0.340635226098606E+01    0.458482356276697E-01 -0.286225085502995E+00
  0.00000000  0.00000000  0.02500000    0.9059D+00  0.694108517740001E+00  0.307402047151377E+01    0.698903802002473E-01 -0.309525749946087E+00
  0.00000000  0.00000000  0.02500000    0.9335D+00  0.772791467230427E+00  0.285393472001858E+01    0.883983303735991E-01 -0.326456845012839E+00
  0.00000000  0.00000000  0.02500000    0.9619D+00  0.562442533809755E+00  0.286501452895369E+01    0.659783737021049E-01 -0.336085889473653E+00
  0.00000000  0.00000000  0.02500000    0.9913D+00  0.799016737357691E+00  0.189209613191475E+01    0.189409781319690E+00 -0.448528169468583E+00
  0.00000000  0.00000000  0.02500000    0.1021D+01  0.137098803194582E+01  0.229543275319539E+01    0.191783601298145E+00 -0.321101533848347E+00
  0.00000000  0.00000000  0.02500000    0.1053D+01  0.138101453427012E+01  0.263885854556593E+01    0.155681374619570E+00 -0.297477771309212E+00
  0.00000000  0.00000000  0.02500000    0.1085D+01  0.145951888498969E+01  0.273933235935342E+01    0.151494509800743E+00 -0.284336035134271E+00
  0.00000000  0.00000000  0.02500000    0.1118D+01  0.933892640141942E+00  0.376716498374376E+01    0.619962835462673E-01 -0.250082523899375E+00
  0.00000000  0.00000000  0.02500000    0.1152D+01  0.445602203104013E-01  0.322268830155278E+01    0.428970770310798E-02 -0.310240630221032E+00
  0.00000000  0.00000000  0.02500000    0.1187D+01 -0.756443052037354E-01  0.264310777039801E+01   -0.108190946922390E-01 -0.378032862787359E+00
  0.00000000  0.00000000  0.02500000    0.1223D+01 -0.239849313466031E+00  0.274531119052266E+01   -0.315829685507176E-01 -0.361498124548478E+00
  0.00000000  0.00000000  0.02500000    0.1260D+01 -0.366509034242421E+00  0.218426134097716E+01   -0.747165424964067E-01 -0.445283581191158E+00
  0.00000000  0.00000000  0.02500000    0.1299D+01 -0.500627240898233E+00  0.239174726627504E+01   -0.838419550947207E-01 -0.400555044781745E+00
  0.00000000  0.00000000  0.02500000    0.1338D+01 -0.102580916853138E+01  0.203880353857699E+01   -0.196929990009563E+00 -0.391399855645906E+00
  0.00000000  0.00000000  0.02500000    0.1379D+01 -0.105208305359269E+01  0.106950399980232E+01   -0.467443393865077E+00 -0.475183568172381E+00
  0.00000000  0.00000000  0.02500000    0.1421D+01 -0.634276770418775E+00  0.731050088828496E+00   -0.677109893259234E+00 -0.780418376802600E+00
  0.00000000  0.00000000  0.02500000    0.1464D+01 -0.278382886651577E+00  0.604993460846998E+00   -0.627675364932081E+00 -0.136409064467365E+01
  0.00000000  0.00000000  0.02500000    0.1509D+01 -0.137935380482727E+00  0.747190560082877E+00   -0.238923653837941E+00 -0.129424008621613E+01
  0.00000000  0.00000000  0.02500000    0.1555D+01 -0.137047643083559E+00  0.619155191047317E+00   -0.340799911751561E+00 -0.153966919621370E+01
  0.00000000  0.00000000  0.02500000    0.1602D+01 -0.497050829476962E-01  0.494810083038700E+00   -0.200984847310933E+00 -0.200078790919818E+01
  0.00000000  0.00000000  0.02500000    0.1651D+01  0.533610503136678E-01  0.422558688751752E+00    0.294157084604859E+00 -0.232938878127423E+01
  0.00000000  0.00000000  0.02500000    0.1701D+01  0.138050164138050E+00  0.366753987101166E+00    0.898961118347247E+00 -0.238824471134333E+01
  0.00000000  0.00000000  0.02500000    0.1753D+01  0.225556900117634E+00  0.301085813579735E+00    0.159371977310045E+01 -0.212738521522422E+01
  0.00000000  0.00000000  0.02500000    0.1807D+01  0.315119814439621E+00  0.270791127252802E+00    0.182542350201222E+01 -0.156863664286766E+01
  0.00000000  0.00000000  0.02500000    0.1862D+01  0.390795464973001E+00  0.246900668356323E+00    0.182887294653135E+01 -0.115546364610087E+01
  0.00000000  0.00000000  0.02500000    0.1919D+01  0.456246464154080E+00  0.231682657173055E+00    0.174247819211193E+01 -0.884833109584950E+00
  0.00000000  0.00000000  0.02500000    0.1977D+01  0.527041408954545E+00  0.206889506389392E+00    0.164404555969503E+01 -0.645368216895290E+00
  0.00000000  0.00000000  0.02500000    0.2037D+01  0.597662534589087E+00  0.220996951222206E+00    0.147192961891530E+01 -0.544273631636614E+00
  0.00000000  0.00000000  0.02500000    0.2099D+01  0.624266832937517E+00  0.254000646903176E+00    0.137435472093652E+01 -0.559195154657928E+00
  0.00000000  0.00000000  0.02500000    0.2163D+01  0.689574181962855E+00  0.198580953237102E+00    0.133911694286190E+01 -0.385633809915166E+00
  0.00000000  0.00000000  0.02500000    0.2229D+01  0.751999802549263E+00  0.316393567609828E+00    0.112979281043404E+01 -0.475344776343532E+00
  0.00000000  0.00000000  0.02500000    0.2297D+01  0.642375414212132E+00  0.430693726310833E+00    0.107394909982424E+01 -0.720051124993272E+00
  0.00000000  0.00000000  0.02500000    0.2367D+01  0.562413591680544E+00  0.255507095257715E+00    0.147385749722429E+01 -0.669580275992840E+00
  0.00000000  0.00000000  0.02500000    0.2439D+01  0.640413686345972E+00  0.169664637251427E+00    0.145908102941124E+01 -0.386553971055764E+00
  0.00000000  0.00000000  0.02500000    0.2513D+01  0.697911490399097E+00  0.201649189186431E+00    0.132244614668964E+01 -0.382097439132563E+00
  0.00000000  0.00000000  0.02500000    0.2590D+01  0.703694850094271E+00  0.194838063999820E+00    0.131988572903453E+01 -0.365448148599677E+00
  0.00000000  0.00000000  0.02500000    0.2669D+01  0.734953628738261E+00  0.158071911773953E+00    0.130047243454732E+01 -0.279702223242483E+00
  0.00000000  0.00000000  0.02500000    0.2750D+01  0.765402812822714E+00  0.184501129541952E+00    0.123475540344191E+01 -0.297639050741024E+00
  0.00000000  0.00000000  0.02500000    0.2834D+01  0.764083996252455E+00  0.187814490753268E+00    0.123418781999081E+01 -0.303367637645001E+00
  0.00000000  0.00000000  0.02500000    0.2920D+01  0.762517877198027E+00  0.175116298287435E+00    0.124574225650728E+01 -0.286091354843262E+00
  0.00000000  0.00000000  0.02500000    0.3009D+01  0.761408198038988E+00  0.156771469777755E+00    0.125994262712570E+01 -0.259418086118410E+00
  0.00000000  0.00000000  0.02500000    0.3101D+01  0.789275051638648E+00  0.104593901636533E+00    0.124511955820482E+01 -0.165001937317311E+00
  0.00000000  0.00000000  0.02500000    0.3195D+01  0.843386756729254E+00  0.104258857768128E+00    0.116784889439886E+01 -0.144368631359578E+00
  0.00000000  0.00000000  0.02500000    0.3293D+01  0.895532925992150E+00  0.124552625830154E+00    0.109546306589440E+01 -0.152359335315266E+00
  0.00000000  0.00000000  0.02500000    0.3393D+01  0.891739060605126E+00  0.217781295766281E+00    0.105828415340509E+01 -0.258455084451594E+00
  0.00000000  0.00000000  0.02500000    0.3496D+01  0.825871397165258E+00  0.229951038386527E+00    0.112372468935969E+01 -0.312883652425525E+00
  0.00000000  0.00000000  0.02500000    0.3603D+01  0.791382898716608E+00  0.176298134436097E+00    0.120386600732627E+01 -0.268187917058664E+00
  0.00000000  0.00000000  0.02500000    0.3713D+01  0.790880939754112E+00  0.144052785824872E+00    0.122381190971415E+01 -0.222907780499541E+00
  0.00000000  0.00000000  0.02500000    0.3826D+01  0.809991727563460E+00  0.101543552781920E+00    0.121547799083115E+01 -0.152376807462585E+00
  0.00000000  0.00000000  0.02500000    0.3942D+01  0.837778152090610E+00  0.993869776850777E-01    0.117706799863060E+01 -0.139637481141984E+00
  0.00000000  0.00000000  0.02500000    0.4062D+01  0.847216955904624E+00  0.101328906550292E+00    0.116368903385997E+01 -0.139179623995711E+00
  0.00000000  0.00000000  0.02500000    0.4186D+01  0.856629612001505E+00  0.874178399282043E-01    0.115533411903071E+01 -0.117900212257479E+00
  0.00000000  0.00000000  0.02500000    0.4313D+01  0.875265732254737E+00  0.833132822291743E-01    0.113225148807830E+01 -0.107774798332007E+00
  0.00000000  0.00000000  0.02500000    0.4445D+01  0.888209682783358E+00  0.937830016305886E-01    0.111344699057026E+01 -0.117565033298217E+00
  0.00000000  0.00000000  0.02500000    0.4580D+01  0.887196770694172E+00  0.104652067745537E+00    0.111167765613282E+01 -0.131131412132828E+00
  0.00000000  0.00000000  0.02500000    0.4720D+01  0.884047404750602E+00  0.101309250371265E+00    0.111649865263254E+01 -0.127947484411925E+00
  0.00000000  0.00000000  0.02500000    0.4863D+01  0.878679937085999E+00  0.106198698940323E+00    0.112168575861904E+01 -0.135568781256437E+00
  0.00000000  0.00000000  0.02500000    0.5012D+01  0.872221762859205E+00  0.960637984182444E-01    0.113275692348178E+01 -0.124758332556981E+00
  0.00000000  0.00000000  0.02500000    0.5164D+01  0.859501294475757E+00  0.973540619891909E-01    0.114872759744857E+01 -0.130114170216479E+00
  0.00000000  0.00000000  0.02500000    0.5322D+01  0.852681194874120E+00  0.619017158034060E-01    0.116662285558621E+01 -0.846927983053696E-01
  0.00000000  0.00000000  0.02500000    0.5484D+01  0.867037102377310E+00  0.424533087787895E-01    0.115059469930467E+01 -0.563373261823378E-01
  0.00000000  0.00000000  0.02500000    0.5651D+01  0.880685167748875E+00  0.346767712027226E-01    0.113372186157565E+01 -0.446400314676284E-01
  0.00000000  0.00000000  0.02500000    0.5823D+01  0.892675104070322E+00  0.260394576644003E-01    0.111927600735485E+01 -0.326494377130066E-01
  0.00000000  0.00000000  0.02500000    0.6000D+01  0.905552144139878E+00  0.219072250767601E-01    0.110365271639121E+01 -0.266996976607295E-01
  0.00000000  0.00000000  0.02500000    0.6183D+01  0.917886566838715E+00  0.200486466600368E-01    0.108893972592711E+01 -0.237848211183442E-01
  0.00000000  0.00000000  0.02500000    0.6371D+01  0.930102633354336E+00  0.220403689032050E-01    0.107454677087723E+01 -0.254632192024549E-01
  0.00000000  0.00000000  0.02500000    0.6565D+01  0.935276436562761E+00  0.325895141521376E-01    0.106790599412863E+01 -0.372109636769109E-01
  0.00000000  0.00000000  0.02500000    0.6765D+01  0.929726307471134E+00  0.364943218457903E-01    0.107393066465466E+01 -0.421547405951911E-01
  0.00000000  0.00000000  0.02500000    0.6971D+01  0.929926286465351E+00  0.224176459336584E-01    0.107472948032714E+01 -0.259084029724718E-01
  0.00000000  0.00000000  0.02500000    0.7184D+01  0.945105657572511E+00  0.157372272641653E-01    0.105778946874935E+01 -0.176135579487545E-01
  0.00000000  0.00000000  0.02500000    0.7402D+01  0.952163373288501E+00  0.328646963530769E-01    0.104899023007122E+01 -0.362067543824637E-01
  0.00000000  0.00000000  0.02500000    0.7628D+01  0.948664474467130E+00  0.339241522008271E-01    0.105276722085307E+01 -0.376468566005091E-01
  0.00000000  0.00000000  0.02500000    0.7860D+01  0.945660034037884E+00  0.372581853413252E-01    0.105582352882118E+01 -0.415985315109296E-01
  0.00000000  0.00000000  0.02500000    0.8100D+01  0.939307695211862E+00  0.354010887355072E-01    0.106310381310072E+01 -0.400667774941907E-01
  0.00000000  0.00000000  0.02500000    0.8346D+01  0.937494409647323E+00  0.248104195371977E-01    0.106592647866956E+01 -0.282093235537783E-01
  0.00000000  0.00000000  0.02500000    0.8600D+01  0.942435879379931E+00  0.183215537987419E-01    0.106067927409060E+01 -0.206202807094392E-01
  0.00000000  0.00000000  0.02500000    0.8862D+01  0.949012742693738E+00  0.166280759863791E-01    0.105340323491986E+01 -0.184571484096475E-01
  0.00000000  0.00000000  0.02500000    0.9132D+01  0.948956166123286E+00  0.227372691490136E-01    0.105318482493256E+01 -0.252346185029556E-01
  0.00000000  0.00000000  0.02500000    0.9410D+01  0.945438549596047E+00  0.166698749111636E-01    0.105738148001478E+01 -0.186436411047113E-01
  0.00000000  0.00000000  0.02500000    0.9697D+01  0.946920992066228E+00  0.103626277367469E-01    0.105592785731384E+01 -0.115555441202414E-01
  0.00000000  0.00000000  0.02500000    0.9992D+01  0.951092081716342E+00  0.521338189267980E-02    0.105139131491276E+01 -0.576316904394307E-02
  0.00000000  0.00000000  0.02500000    0.1030D+02  0.955575807562154E+00  0.324156179938634E-02    0.104647740638617E+01 -0.354992367703038E-02
  0.00000000  0.00000000  0.02500000    0.1061D+02  0.959545139942316E+00  0.106683887127495E-02    0.104215916712784E+01 -0.115869057459282E-02
  0.00000000  0.00000000  0.02500000    0.1093D+02  0.963638789590835E+00  0.113587674590696E-03    0.103773322214478E+01 -0.122321459889535E-03
  0.00000000  0.00000000  0.02500000    0.1127D+02  0.967072831630940E+00  0.324241019657338E-05    0.103404828186755E+01 -0.346696606833853E-05
  0.00000000  0.00000000  0.02500000    0.1161D+02  0.969811359933056E+00  0.440527946901763E-05    0.103112836299257E+01 -0.468380635150165E-05
  0.00000000  0.00000000  0.02500000    0.1196D+02  0.972142161406881E+00  0.273265559231782E-19    0.102865613662183E+01 -0.289151428248279E-19
  0.00000000  0.00000000  0.02500000    0.1233D+02  0.974198409924540E+00  0.280437911509406E-19    0.102648494373693E+01 -0.295489389928005E-19
  0.00000000  0.00000000  0.02500000    0.1270D+02  0.976039152531161E+00  0.281861719539384E-19    0.102454906384309E+01 -0.295870468042581E-19
