 q(1:3)   w(Ry)   eps    epsi  --- NO LFC
  0.00000000  0.00000000  0.00500000    0.0000D+00  0.334951326468910E+01 -0.610901783548732E-16    0.298550840368987E+00  0.544512669300673E-17
  0.00000000  0.00000000  0.00500000    0.1015D-04  0.334951326506819E+01 -0.610901783486853E-16    0.298550840335198E+00  0.544512669122263E-17
  0.00000000  0.00000000  0.00500000    0.3076D-04  0.334951326817056E+01 -0.610901782981669E-16    0.298550840058675E+00  0.544512667663308E-17
  0.00000000  0.00000000  0.00500000    0.5200D-04  0.334951327463746E+01 -0.610901781928011E-16    0.298550839482264E+00  0.544512664621575E-17
  0.00000000  0.00000000  0.00500000    0.7389D-04  0.334951328477358E+01 -0.610901780276761E-16    0.298550838578805E+00  0.544512659854222E-17
  0.00000000  0.00000000  0.00500000    0.9644D-04  0.334951329890537E+01 -0.610901777975007E-16    0.298550837319202E+00  0.544512653207949E-17
  0.00000000  0.00000000  0.00500000    0.1197D-03  0.334951331738251E+01 -0.610901774965094E-16    0.298550835672286E+00  0.544512644517675E-17
  0.00000000  0.00000000  0.00500000    0.1436D-03  0.334951334057941E+01 -0.610901771186286E-16    0.298550833604686E+00  0.544512633607531E-17
  0.00000000  0.00000000  0.00500000    0.1683D-03  0.334951336889688E+01 -0.610901766573576E-16    0.298550831080677E+00  0.544512620289260E-17
  0.00000000  0.00000000  0.00500000    0.1937D-03  0.334951340276381E+01 -0.610901761057089E-16    0.298550828062029E+00  0.544512604361137E-17
  0.00000000  0.00000000  0.00500000    0.2199D-03  0.334951344263904E+01 -0.610901754561387E-16    0.298550824507846E+00  0.544512585606741E-17
  0.00000000  0.00000000  0.00500000    0.2469D-03  0.334951348901331E+01 -0.610901747007000E-16    0.298550820374387E+00  0.544512563795683E-17
  0.00000000  0.00000000  0.00500000    0.2748D-03  0.334951354241135E+01 -0.610901738308642E-16    0.298550815614882E+00  0.544512538681344E-17
  0.00000000  0.00000000  0.00500000    0.3034D-03  0.334951360339401E+01 -0.610901728374972E-16    0.298550810179339E+00  0.544512509999953E-17
  0.00000000  0.00000000  0.00500000    0.3330D-03  0.334951367256078E+01 -0.610901717107746E-16    0.298550804014326E+00  0.544512477469043E-17
  0.00000000  0.00000000  0.00500000    0.3634D-03  0.334951375055210E+01 -0.610901704403341E-16    0.298550797062759E+00  0.544512440788017E-17
  0.00000000  0.00000000  0.00500000    0.3948D-03  0.334951383805216E+01 -0.610901690150202E-16    0.298550789263653E+00  0.544512399635000E-17
  0.00000000  0.00000000  0.00500000    0.4271D-03  0.334951393579167E+01 -0.610901674228444E-16    0.298550780551879E+00  0.544512353665561E-17
  0.00000000  0.00000000  0.00500000    0.4604D-03  0.334951404455086E+01 -0.610901656511901E-16    0.298550770857893E+00  0.544512302513567E-17
  0.00000000  0.00000000  0.00500000    0.4948D-03  0.334951416516267E+01 -0.610901636864807E-16    0.298550760107454E+00  0.544512245787198E-17
  0.00000000  0.00000000  0.00500000    0.5301D-03  0.334951429851619E+01 -0.610901615142392E-16    0.298550748221315E+00  0.544512183068351E-17
  0.00000000  0.00000000  0.00500000    0.5666D-03  0.334951444556025E+01 -0.610901591189515E-16    0.298550735114903E+00  0.544512113910251E-17
  0.00000000  0.00000000  0.00500000    0.6041D-03  0.334951460730723E+01 -0.610901564841053E-16    0.298550720697984E+00  0.544512037836571E-17
  0.00000000  0.00000000  0.00500000    0.6428D-03  0.334951478483716E+01 -0.610901535922604E-16    0.298550704874293E+00  0.544511954340718E-17
  0.00000000  0.00000000  0.00500000    0.6827D-03  0.334951497930209E+01 -0.610901504245073E-16    0.298550687541144E+00  0.544511862879584E-17
  0.00000000  0.00000000  0.00500000    0.7238D-03  0.334951519193064E+01 -0.610901469609123E-16    0.298550668589028E+00  0.544511762876042E-17
  0.00000000  0.00000000  0.00500000    0.7662D-03  0.334951542403296E+01 -0.610901431800883E-16    0.298550647901169E+00  0.544511653713498E-17
  0.00000000  0.00000000  0.00500000    0.8098D-03  0.334951567700590E+01 -0.610901390592227E-16    0.298550625353063E+00  0.544511534734472E-17
  0.00000000  0.00000000  0.00500000    0.8548D-03  0.334951595233853E+01 -0.610901345742031E-16    0.298550600811986E+00  0.544511405239908E-17
  0.00000000  0.00000000  0.00500000    0.9011D-03  0.334951625161807E+01 -0.610901296990708E-16    0.298550574136466E+00  0.544511264482391E-17
  0.00000000  0.00000000  0.00500000    0.9488D-03  0.334951657653616E+01 -0.610901244063364E-16    0.298550545175725E+00  0.544511111666914E-17
  0.00000000  0.00000000  0.00500000    0.9980D-03  0.334951692889540E+01 -0.610901186665722E-16    0.298550513769094E+00  0.544510945945114E-17
  0.00000000  0.00000000  0.00500000    0.1049D-02  0.334951731061650E+01 -0.610901124485231E-16    0.298550479745377E+00  0.544510766413944E-17
  0.00000000  0.00000000  0.00500000    0.1101D-02  0.334951772374577E+01 -0.610901057189044E-16    0.298550442922183E+00  0.544510572111431E-17
  0.00000000  0.00000000  0.00500000    0.1155D-02  0.334951817046310E+01 -0.610900984421430E-16    0.298550403105215E+00  0.544510362011781E-17
  0.00000000  0.00000000  0.00500000    0.1210D-02  0.334951865309039E+01 -0.610900905803995E-16    0.298550360087519E+00  0.544510135022832E-17
  0.00000000  0.00000000  0.00500000    0.1267D-02  0.334951917410061E+01 -0.610900820934496E-16    0.298550313648678E+00  0.544509889982049E-17
  0.00000000  0.00000000  0.00500000    0.1326D-02  0.334951973612734E+01 -0.610900729384127E-16    0.298550263553958E+00  0.544509625651010E-17
  0.00000000  0.00000000  0.00500000    0.1387D-02  0.334952034197492E+01 -0.610900630695755E-16    0.298550209553404E+00  0.544509340710521E-17
  0.00000000  0.00000000  0.00500000    0.1450D-02  0.334952099462930E+01 -0.610900524382451E-16    0.298550151380876E+00  0.544509033755802E-17
  0.00000000  0.00000000  0.00500000    0.1514D-02  0.334952169726947E+01 -0.610900409927110E-16    0.298550088753030E+00  0.544508703292415E-17
  0.00000000  0.00000000  0.00500000    0.1580D-02  0.334952245327973E+01 -0.610900286778527E-16    0.298550021368222E+00  0.544508347728788E-17
  0.00000000  0.00000000  0.00500000    0.1649D-02  0.334952326626251E+01 -0.610900154350085E-16    0.298549948905364E+00  0.544507965370865E-17
  0.00000000  0.00000000  0.00500000    0.1719D-02  0.334952414005230E+01 -0.610900012016576E-16    0.298549871022689E+00  0.544507554414760E-17
  0.00000000  0.00000000  0.00500000    0.1792D-02  0.334952507873019E+01 -0.610899859113606E-16    0.298549787356452E+00  0.544507112941503E-17
  0.00000000  0.00000000  0.00500000    0.1867D-02  0.334952608663940E+01 -0.610899694934296E-16    0.298549697519539E+00  0.544506638909027E-17
  0.00000000  0.00000000  0.00500000    0.1944D-02  0.334952716840185E+01 -0.610899518724951E-16    0.298549601100004E+00  0.544506130142956E-17
  0.00000000  0.00000000  0.00500000    0.2024D-02  0.334952832893565E+01 -0.610899329685191E-16    0.298549497659499E+00  0.544505584331011E-17
  0.00000000  0.00000000  0.00500000    0.2106D-02  0.334952957347377E+01 -0.610899126962190E-16    0.298549386731615E+00  0.544504999011823E-17
  0.00000000  0.00000000  0.00500000    0.2190D-02  0.334953090758381E+01 -0.610898909650022E-16    0.298549267820117E+00  0.544504371567912E-17
  0.00000000  0.00000000  0.00500000    0.2277D-02  0.334953233718908E+01 -0.610898676783286E-16    0.298549140397073E+00  0.544503699213171E-17
  0.00000000  0.00000000  0.00500000    0.2367D-02  0.334953386859091E+01 -0.610898427335680E-16    0.298549003900857E+00  0.544502978984336E-17
  0.00000000  0.00000000  0.00500000    0.2459D-02  0.334953550849238E+01 -0.610898160216501E-16    0.298548857734038E+00  0.544502207730146E-17
  0.00000000  0.00000000  0.00500000    0.2554D-02  0.334953726402358E+01 -0.610897874262555E-16    0.298548701261130E+00  0.544501382095944E-17
  0.00000000  0.00000000  0.00500000    0.2652D-02  0.334953914276840E+01 -0.610897568241379E-16    0.298548533806206E+00  0.544500498517838E-17
  0.00000000  0.00000000  0.00500000    0.2753D-02  0.334954115279291E+01 -0.610897240837812E-16    0.298548354650362E+00  0.544499553201492E-17
  0.00000000  0.00000000  0.00500000    0.2858D-02  0.334954330267574E+01 -0.610896890654759E-16    0.298548163029020E+00  0.544498542112965E-17
  0.00000000  0.00000000  0.00500000    0.2965D-02  0.334954560154005E+01 -0.610896516207215E-16    0.298547958129073E+00  0.544497460962982E-17
  0.00000000  0.00000000  0.00500000    0.3075D-02  0.334954805908776E+01 -0.610896115914835E-16    0.298547739085835E+00  0.544496305189194E-17
  0.00000000  0.00000000  0.00500000    0.3189D-02  0.334955068563571E+01 -0.610895688098138E-16    0.298547504979824E+00  0.544495069941053E-17
  0.00000000  0.00000000  0.00500000    0.3307D-02  0.334955349215423E+01 -0.610895230970432E-16    0.298547254833318E+00  0.544493750060076E-17
  0.00000000  0.00000000  0.00500000    0.3428D-02  0.334955649030799E+01 -0.610894742633250E-16    0.298546987606723E+00  0.544492340062524E-17
  0.00000000  0.00000000  0.00500000    0.3553D-02  0.334955969249947E+01 -0.610894221065428E-16    0.298546702194697E+00  0.544490834115537E-17
  0.00000000  0.00000000  0.00500000    0.3681D-02  0.334956311191509E+01 -0.610893664121678E-16    0.298546397422037E+00  0.544489226020884E-17
  0.00000000  0.00000000  0.00500000    0.3813D-02  0.334956676257427E+01 -0.610893069518464E-16    0.298546072039317E+00  0.544487509186452E-17
  0.00000000  0.00000000  0.00500000    0.3950D-02  0.334957065938142E+01 -0.610892434830277E-16    0.298545724718246E+00  0.544485676606026E-17
  0.00000000  0.00000000  0.00500000    0.4090D-02  0.334957481818139E+01 -0.610891757476613E-16    0.298545354046738E+00  0.544483720829708E-17
  0.00000000  0.00000000  0.00500000    0.4235D-02  0.334957925581807E+01 -0.610891034716045E-16    0.298544958523684E+00  0.544481633939573E-17
  0.00000000  0.00000000  0.00500000    0.4385D-02  0.334958399019694E+01 -0.610890263633176E-16    0.298544536553390E+00  0.544479407517772E-17
  0.00000000  0.00000000  0.00500000    0.4538D-02  0.334958904035127E+01 -0.610889441130285E-16    0.298544086439669E+00  0.544477032617575E-17
  0.00000000  0.00000000  0.00500000    0.4697D-02  0.334959442651261E+01 -0.610888563914824E-16    0.298543606379576E+00  0.544474499729363E-17
  0.00000000  0.00000000  0.00500000    0.4860D-02  0.334960017018555E+01 -0.610887628485935E-16    0.298543094456735E+00  0.544471798744339E-17
  0.00000000  0.00000000  0.00500000    0.5029D-02  0.334960629422723E+01 -0.610886631123478E-16    0.298542548634273E+00  0.544468918918972E-17
  0.00000000  0.00000000  0.00500000    0.5202D-02  0.334961282293171E+01 -0.610885567874423E-16    0.298541966747297E+00  0.544465848835472E-17
  0.00000000  0.00000000  0.00500000    0.5381D-02  0.334961978211963E+01 -0.610884434536584E-16    0.298541346494915E+00  0.544462576358235E-17
  0.00000000  0.00000000  0.00500000    0.5565D-02  0.334962719923350E+01 -0.610883226645262E-16    0.298540685431749E+00  0.544459088591016E-17
  0.00000000  0.00000000  0.00500000    0.5755D-02  0.334963510343883E+01 -0.610881939453592E-16    0.298539980958933E+00  0.544455371826627E-17
  0.00000000  0.00000000  0.00500000    0.5950D-02  0.334964352573157E+01 -0.610880567920066E-16    0.298539230314544E+00  0.544451411500983E-17
  0.00000000  0.00000000  0.00500000    0.6152D-02  0.334965249905237E+01 -0.610879106685198E-16    0.298538430563440E+00  0.544447192135271E-17
  0.00000000  0.00000000  0.00500000    0.6360D-02  0.334966205840773E+01 -0.610877550054637E-16    0.298537578586466E+00  0.544442697281628E-17
  0.00000000  0.00000000  0.00500000    0.6574D-02  0.334967224099892E+01 -0.610875891977950E-16    0.298536671068983E+00  0.544437909462473E-17
  0.00000000  0.00000000  0.00500000    0.6794D-02  0.334968308635874E+01 -0.610874126025133E-16    0.298535704488703E+00  0.544432810105256E-17
  0.00000000  0.00000000  0.00500000    0.7021D-02  0.334969463649695E+01 -0.610872245365295E-16    0.298534675102738E+00  0.544427379476370E-17
  0.00000000  0.00000000  0.00500000    0.7255D-02  0.334970693605465E+01 -0.610870242739414E-16    0.298533578933869E+00  0.544421596606872E-17
  0.00000000  0.00000000  0.00500000    0.7497D-02  0.334972003246831E+01 -0.610868110435507E-16    0.298532411755955E+00  0.544415439217279E-17
  0.00000000  0.00000000  0.00500000    0.7745D-02  0.334973397614412E+01 -0.610865840259700E-16    0.298531169078417E+00  0.544408883635336E-17
  0.00000000  0.00000000  0.00500000    0.8001D-02  0.334974882064304E+01 -0.610863423506098E-16    0.298529846129787E+00  0.544401904709330E-17
  0.00000000  0.00000000  0.00500000    0.8265D-02  0.334976462287747E+01 -0.610860850926129E-16    0.298528437840206E+00  0.544394475717128E-17
  0.00000000  0.00000000  0.00500000    0.8537D-02  0.334978144332028E+01 -0.610858112693510E-16    0.298526938822853E+00  0.544386568267412E-17
  0.00000000  0.00000000  0.00500000    0.8818D-02  0.334979934622669E+01 -0.610855198369064E-16    0.298525343354200E+00  0.544378152196589E-17
  0.00000000  0.00000000  0.00500000    0.9107D-02  0.334981839987019E+01 -0.610852096863992E-16    0.298523645353059E+00  0.544369195459865E-17
  0.00000000  0.00000000  0.00500000    0.9404D-02  0.334983867679302E+01 -0.610848796396333E-16    0.298521838358303E+00  0.544359664011537E-17
  0.00000000  0.00000000  0.00500000    0.9711D-02  0.334986025407244E+01 -0.610845284451681E-16    0.298519915505221E+00  0.544349521684062E-17
  0.00000000  0.00000000  0.00500000    0.1003D-01  0.334988321360351E+01 -0.610841547735301E-16    0.298517869500379E+00  0.544338730054123E-17
  0.00000000  0.00000000  0.00500000    0.1035D-01  0.334990764239970E+01 -0.610837572125485E-16    0.298515692594931E+00  0.544327248304145E-17
  0.00000000  0.00000000  0.00500000    0.1069D-01  0.334993363291212E+01 -0.610833342620969E-16    0.298513376556267E+00  0.544315033072537E-17
  0.00000000  0.00000000  0.00500000    0.1103D-01  0.334996128336889E+01 -0.610828843287038E-16    0.298510912637876E+00  0.544302038296343E-17
  0.00000000  0.00000000  0.00500000    0.1139D-01  0.334999069813565E+01 -0.610824057198503E-16    0.298508291547354E+00  0.544288215044366E-17
  0.00000000  0.00000000  0.00500000    0.1176D-01  0.335002198809868E+01 -0.610818966378631E-16    0.298505503412398E+00  0.544273511339481E-17
  0.00000000  0.00000000  0.00500000    0.1214D-01  0.335005527107210E+01 -0.610813551731604E-16    0.298502537744691E+00  0.544257871967534E-17
  0.00000000  0.00000000  0.00500000    0.1253D-01  0.335009067223052E+01 -0.610807792976048E-16    0.298499383401521E+00  0.544241238279082E-17
  0.00000000  0.00000000  0.00500000    0.1293D-01  0.335012832456892E+01 -0.610801668570759E-16    0.298496028545018E+00  0.544223547975591E-17
  0.00000000  0.00000000  0.00500000    0.1334D-01  0.335016836939139E+01 -0.610795155637657E-16    0.298492460598828E+00  0.544204734883963E-17
  0.00000000  0.00000000  0.00500000    0.1377D-01  0.335021095683058E+01 -0.610788229878594E-16    0.298488666202093E+00  0.544184728715931E-17
  0.00000000  0.00000000  0.00500000    0.1421D-01  0.335025624639993E+01 -0.610780865488200E-16    0.298484631160547E+00  0.544163454813546E-17
  0.00000000  0.00000000  0.00500000    0.1466D-01  0.335030440758054E+01 -0.610773035059994E-16    0.298480340394550E+00  0.544140833877755E-17
  0.00000000  0.00000000  0.00500000    0.1513D-01  0.335035562044522E+01 -0.610764709488547E-16    0.298475777883875E+00  0.544116781681785E-17
  0.00000000  0.00000000  0.00500000    0.1561D-01  0.335041007632177E+01 -0.610755857866271E-16    0.298470926609033E+00  0.544091208767405E-17
  0.00000000  0.00000000  0.00500000    0.1610D-01  0.335046797849830E+01 -0.610746447369316E-16    0.298465768488916E+00  0.544064020118349E-17
  0.00000000  0.00000000  0.00500000    0.1662D-01  0.335052954297306E+01 -0.610736443142173E-16    0.298460284314538E+00  0.544035114818649E-17
  0.00000000  0.00000000  0.00500000    0.1714D-01  0.335059499925191E+01 -0.610725808172089E-16    0.298454453678607E+00  0.544004385687088E-17
  0.00000000  0.00000000  0.00500000    0.1768D-01  0.335066459119624E+01 -0.610714503155928E-16    0.298448254900675E+00  0.543971718889199E-17
  0.00000000  0.00000000  0.00500000    0.1824D-01  0.335073857792489E+01 -0.610702486360579E-16    0.298441664947583E+00  0.543936993526822E-17
  0.00000000  0.00000000  0.00500000    0.1882D-01  0.335081723477330E+01 -0.610689713473412E-16    0.298434659348902E+00  0.543900081201076E-17
  0.00000000  0.00000000  0.00500000    0.1941D-01  0.335090085431399E+01 -0.610676137444493E-16    0.298427212107033E+00  0.543860845549132E-17
  0.00000000  0.00000000  0.00500000    0.2002D-01  0.335098974744199E+01 -0.610661708318101E-16    0.298419295601653E+00  0.543819141751476E-17
  0.00000000  0.00000000  0.00500000    0.2065D-01  0.335108424452984E+01 -0.610646373054901E-16    0.298410880488115E+00  0.543774816009595E-17
  0.00000000  0.00000000  0.00500000    0.2130D-01  0.335118469665653E+01 -0.610630075344570E-16    0.298401935589434E+00  0.543727704992612E-17
  0.00000000  0.00000000  0.00500000    0.2197D-01  0.335129147691536E+01 -0.610612755406222E-16    0.298392427781434E+00  0.543677635249078E-17
  0.00000000  0.00000000  0.00500000    0.2266D-01  0.335140498180603E+01 -0.610594349774338E-16    0.298382321870606E+00  0.543624422580407E-17
  0.00000000  0.00000000  0.00500000    0.2337D-01  0.335152563271646E+01 -0.610574791075614E-16    0.298371580464234E+00  0.543567871379197E-17
  0.00000000  0.00000000  0.00500000    0.2410D-01  0.335165387750049E+01 -0.610554007792849E-16    0.298360163832237E+00  0.543507773927282E-17
  0.00000000  0.00000000  0.00500000    0.2486D-01  0.335179019215780E+01 -0.610531924009601E-16    0.298348029760247E+00  0.543443909646184E-17
  0.00000000  0.00000000  0.00500000    0.2564D-01  0.335193508262317E+01 -0.610508459145482E-16    0.298335133393280E+00  0.543376044306790E-17
  0.00000000  0.00000000  0.00500000    0.2644D-01  0.335208908667219E+01 -0.610483527672414E-16    0.298321427069456E+00  0.543303929187728E-17
  0.00000000  0.00000000  0.00500000    0.2726D-01  0.335225277595189E+01 -0.610457038816336E-16    0.298306860143040E+00  0.543227300184157E-17
  0.00000000  0.00000000  0.00500000    0.2811D-01  0.335242675814433E+01 -0.610428896239471E-16    0.298291378796156E+00  0.543145876860490E-17
  0.00000000  0.00000000  0.00500000    0.2899D-01  0.335261167927288E+01 -0.610398997705138E-16    0.298274925838378E+00  0.543059361446260E-17
  0.00000000  0.00000000  0.00500000    0.2989D-01  0.335280822616079E+01 -0.610367234721655E-16    0.298257440493420E+00  0.542967437769574E-17
  0.00000000  0.00000000  0.00500000    0.3082D-01  0.335301712905283E+01 -0.610333492167813E-16    0.298238858172038E+00  0.542869770127597E-17
  0.00000000  0.00000000  0.00500000    0.3178D-01  0.335323916441164E+01 -0.610297647897257E-16    0.298219110230230E+00  0.542766002088778E-17
  0.00000000  0.00000000  0.00500000    0.3277D-01  0.335347515790106E+01 -0.610259572314731E-16    0.298198123711732E+00  0.542655755217453E-17
  0.00000000  0.00000000  0.00500000    0.3379D-01  0.335372598756997E+01 -0.610219127937352E-16    0.298175821073735E+00  0.542538627729266E-17
  0.00000000  0.00000000  0.00500000    0.3484D-01  0.335399258725106E+01 -0.610176168921626E-16    0.298152119894696E+00  0.542414193056739E-17
  0.00000000  0.00000000  0.00500000    0.3592D-01  0.335427595019027E+01 -0.610130540570937E-16    0.298126932562980E+00  0.542281998334361E-17
  0.00000000  0.00000000  0.00500000    0.3703D-01  0.335457713292376E+01 -0.610082078813664E-16    0.298100165945037E+00  0.542141562790470E-17
  0.00000000  0.00000000  0.00500000    0.3818D-01  0.335489725942086E+01 -0.610030609651124E-16    0.298071721031667E+00  0.541992376041037E-17
  0.00000000  0.00000000  0.00500000    0.3936D-01  0.335523752551290E+01 -0.609975948578614E-16    0.298041492560839E+00  0.541833896283672E-17
  0.00000000  0.00000000  0.00500000    0.4058D-01  0.335559920362947E+01 -0.609917899969495E-16    0.298009368615413E+00  0.541665548378220E-17
  0.00000000  0.00000000  0.00500000    0.4184D-01  0.335598364786570E+01 -0.609856256439137E-16    0.297975230193976E+00  0.541486721823744E-17
  0.00000000  0.00000000  0.00500000    0.4313D-01  0.335639229940602E+01 -0.609790798160670E-16    0.297938950752857E+00  0.541296768601482E-17
  0.00000000  0.00000000  0.00500000    0.4447D-01  0.335682669233225E+01 -0.609721292157455E-16    0.297900395717248E+00  0.541095000900213E-17
  0.00000000  0.00000000  0.00500000    0.4584D-01  0.335728845984642E+01 -0.609647491555993E-16    0.297859421959156E+00  0.540880688703242E-17
  0.00000000  0.00000000  0.00500000    0.4726D-01  0.335777934094138E+01 -0.609569134801425E-16    0.297815877239760E+00  0.540653057232378E-17
  0.00000000  0.00000000  0.00500000    0.4872D-01  0.335830118755536E+01 -0.609485944838580E-16    0.297769599613529E+00  0.540411284244485E-17
  0.00000000  0.00000000  0.00500000    0.5022D-01  0.335885597225027E+01 -0.609397628258950E-16    0.297720416791211E+00  0.540154497173276E-17
  0.00000000  0.00000000  0.00500000    0.5177D-01  0.335944579645710E+01 -0.609303874399843E-16    0.297668145458578E+00  0.539881770096135E-17
  0.00000000  0.00000000  0.00500000    0.5337D-01  0.336007289933597E+01 -0.609204354421183E-16    0.297612590547552E+00  0.539592120539908E-17
  0.00000000  0.00000000  0.00500000    0.5501D-01  0.336073966730369E+01 -0.609098720331389E-16    0.297553544455973E+00  0.539284506090915E-17
  0.00000000  0.00000000  0.00500000    0.5671D-01  0.336144864428605E+01 -0.608986603989124E-16    0.297490786212024E+00  0.538957820823094E-17
  0.00000000  0.00000000  0.00500000    0.5846D-01  0.336220254275888E+01 -0.608867616067533E-16    0.297424080578870E+00  0.538610891521538E-17
  0.00000000  0.00000000  0.00500000    0.6026D-01  0.336300425564795E+01 -0.608741344988160E-16    0.297353177094725E+00  0.538242473696395E-17
  0.00000000  0.00000000  0.00500000    0.6211D-01  0.336385686916589E+01 -0.608607355829562E-16    0.297277809043035E+00  0.537851247378874E-17
  0.00000000  0.00000000  0.00500000    0.6403D-01  0.336476367667197E+01 -0.608465189214468E-16    0.297197692347025E+00  0.537435812689515E-17
  0.00000000  0.00000000  0.00500000    0.6600D-01  0.336572819365068E+01 -0.608314360183000E-16    0.297112524382231E+00  0.536994685170619E-17
  0.00000000  0.00000000  0.00500000    0.6803D-01  0.336675417391594E+01 -0.608154357060758E-16    0.297021982699996E+00  0.536526290874774E-17
  0.00000000  0.00000000  0.00500000    0.7012D-01  0.336784562715909E+01 -0.607984640334064E-16    0.296925723654246E+00  0.536028961203127E-17
  0.00000000  0.00000000  0.00500000    0.7227D-01  0.336900683797393E+01 -0.607804641540697E-16    0.296823380922962E+00  0.535500927481865E-17
  0.00000000  0.00000000  0.00500000    0.7450D-01  0.337024238650684E+01 -0.607613762202518E-16    0.296714563914933E+00  0.534940315279505E-17
  0.00000000  0.00000000  0.00500000    0.7678D-01  0.337155717089841E+01 -0.607411372817089E-16    0.296598856051292E+00  0.534345138457453E-17
  0.00000000  0.00000000  0.00500000    0.7914D-01  0.337295643170402E+01 -0.607196811934990E-16    0.296475812910160E+00  0.533713292952135E-17
  0.00000000  0.00000000  0.00500000    0.8157D-01  0.337444577850350E+01 -0.606969385354807E-16    0.296344960221433E+00  0.533042550289155E-17
  0.00000000  0.00000000  0.00500000    0.8408D-01  0.337603121893839E+01 -0.606728365486858E-16    0.296205791697168E+00  0.532330550843295E-17
  0.00000000  0.00000000  0.00500000    0.8666D-01  0.337771919044559E+01 -0.606472990923091E-16    0.296057766681333E+00  0.531574796842576E-17
  0.00000000  0.00000000  0.00500000    0.8932D-01  0.337951659499299E+01 -0.606202466289466E-16    0.295900307600671E+00  0.530772645144269E-17
  0.00000000  0.00000000  0.00500000    0.9206D-01  0.338143083716490E+01 -0.605915962445248E-16    0.295732797196122E+00  0.529921299794947E-17
  0.00000000  0.00000000  0.00500000    0.9488D-01  0.338346986599310E+01 -0.605612617140986E-16    0.295554575511636E+00  0.529017804422083E-17
  0.00000000  0.00000000  0.00500000    0.9779D-01  0.338564222098745E+01 -0.605291536233729E-16    0.295364936614106E+00  0.528059034485302E-17
  0.00000000  0.00000000  0.00500000    0.1008D+00  0.338795708288583E+01 -0.604951795623809E-16    0.295163125014621E+00  0.527041689463889E-17
  0.00000000  0.00000000  0.00500000    0.1039D+00  0.339042432972199E+01 -0.604592444078008E-16    0.294948331757045E+00  0.525962285046324E-17
  0.00000000  0.00000000  0.00500000    0.1071D+00  0.339305459890197E+01 -0.604212507167292E-16    0.294719690135140E+00  0.524817145429217E-17
  0.00000000  0.00000000  0.00500000    0.1103D+00  0.339585935608948E+01 -0.603810992589550E-16    0.294476270993612E+00  0.523602395852690E-17
  0.00000000  0.00000000  0.00500000    0.1137D+00  0.339885097182953E+01 -0.603386897226389E-16    0.294217077561868E+00  0.522313955546902E-17
  0.00000000  0.00000000  0.00500000    0.1172D+00  0.340204280699524E+01 -0.602939216337127E-16    0.293941039761114E+00  0.520947531284648E-17
  0.00000000  0.00000000  0.00500000    0.1208D+00  0.340544930832725E+01 -0.602466955442099E-16    0.293647007916027E+00  0.519498611831487E-17
  0.00000000  0.00000000  0.00500000    0.1245D+00  0.340908611555872E+01 -0.601969145532239E-16    0.293333745790727E+00  0.517962463616075E-17
  0.00000000  0.00000000  0.00500000    0.1283D+00  0.341297018188781E+01 -0.601444862441466E-16    0.292999922855133E+00  0.516334128062882E-17
  0.00000000  0.00000000  0.00500000    0.1322D+00  0.341711990988752E+01 -0.600893251420818E-16    0.292644105671117E+00  0.514608421135690E-17
  0.00000000  0.00000000  0.00500000    0.1363D+00  0.342155530534231E+01 -0.600313558220682E-16    0.292264748267734E+00  0.512779935782806E-17
  0.00000000  0.00000000  0.00500000    0.1405D+00  0.342629815199278E+01 -0.599705168354294E-16    0.291860181350063E+00  0.510843048176221E-17
  0.00000000  0.00000000  0.00500000    0.1448D+00  0.343137221077665E+01 -0.599067656647701E-16    0.291428600155756E+00  0.508791928859017E-17
  0.00000000  0.00000000  0.00500000    0.1492D+00  0.343680344791019E+01 -0.598400849813201E-16    0.290968050735653E+00  0.506620560260957E-17
  0.00000000  0.00000000  0.00500000    0.1537D+00  0.344262029710050E+01 -0.597704905497139E-16    0.290476414387680E+00  0.504322762393995E-17
  0.00000000  0.00000000  0.00500000    0.1585D+00  0.344885396237257E+01 -0.596980412342570E-16    0.289951389913903E+00  0.501892229124789E-17
  0.00000000  0.00000000  0.00500000    0.1633D+00  0.345553876951347E+01 -0.596228516917370E-16    0.289390473295369E+00  0.499322578074292E-17
  0.00000000  0.00000000  0.00500000    0.1683D+00  0.346271257608168E+01 -0.595451085172430E-16    0.288790934282965E+00  0.496607418110740E-17
  0.00000000  0.00000000  0.00500000    0.1734D+00  0.347041725244723E+01 -0.594650908544867E-16    0.288149789278172E+00  0.493740439627100E-17
  0.00000000  0.00000000  0.00500000    0.1787D+00  0.347869924961656E+01 -0.593831968111170E-16    0.287463769715139E+00  0.490715534403882E-17
  0.00000000  0.00000000  0.00500000    0.1842D+00  0.348761027393463E+01 -0.592999774717304E-16    0.286729284941527E+00  0.487526954046260E-17
  0.00000000  0.00000000  0.00500000    0.1898D+00  0.349720809454902E+01 -0.592161809264813E-16    0.285942378309906E+00  0.484169518963991E-17
  0.00000000  0.00000000  0.00500000    0.1956D+00  0.350755751734298E+01 -0.591328096056005E-16    0.285098674805913E+00  0.480638893952557E-17
  0.00000000  0.00000000  0.00500000    0.2016D+00  0.351873156975528E+01 -0.590511954410742E-16    0.284193318011339E+00  0.476931952104040E-17
  0.00000000  0.00000000  0.00500000    0.2078D+00  0.353081295577712E+01 -0.589730991377396E-16    0.283220893466984E+00  0.473047256750860E-17
  0.00000000  0.00000000  0.00500000    0.2141D+00  0.354389586140438E+01 -0.589008423826420E-16    0.282175334464743E+00  0.468985702446426E-17
  0.00000000  0.00000000  0.00500000    0.2207D+00  0.355808822095491E+01 -0.588374855639942E-16    0.281049804811086E+00  0.464751372266359E-17
  0.00000000  0.00000000  0.00500000    0.2274D+00  0.357351459876649E+01 -0.587870691534648E-16    0.279836550925294E+00  0.460352692461110E-17
  0.00000000  0.00000000  0.00500000    0.2343D+00  0.359031990674732E+01 -0.587549453789991E-16    0.278526712374764E+00  0.455804000680186E-17
  0.00000000  0.00000000  0.00500000    0.2415D+00  0.360867427927625E+01 -0.587482399322315E-16    0.277110074949895E+00  0.451127697068300E-17
  0.00000000  0.00000000  0.00500000    0.2489D+00  0.362877958592971E+01 -0.587765041869728E-16    0.275574742505005E+00  0.446357229010909E-17
  0.00000000  0.00000000  0.00500000    0.2565D+00  0.365087832048429E+01 -0.588526520030742E-16    0.273906690997949E+00  0.441541288192741E-17
  0.00000000  0.00000000  0.00500000    0.2643D+00  0.367526603825192E+01 -0.589943311093252E-16    0.272089146633759E+00  0.436749803706739E-17
  0.00000000  0.00000000  0.00500000    0.2724D+00  0.370230927298973E+01 -0.592259751484656E-16    0.270101692285817E+00  0.432082652618597E-17
  0.00000000  0.00000000  0.00500000    0.2807D+00  0.373247225924781E+01 -0.595819536514351E-16    0.267918936978657E+00  0.427682580784166E-17
  0.00000000  0.00000000  0.00500000    0.2893D+00  0.376635849938953E+01 -0.601115555513899E-16    0.265508448057211E+00  0.423754823852835E-17
  0.00000000  0.00000000  0.00500000    0.2981D+00  0.380477887760797E+01 -0.608871649819056E-16    0.262827363210314E+00  0.420597715145181E-17
  0.00000000  0.00000000  0.00500000    0.3072D+00  0.384887093377266E+01 -0.620182871635140E-16    0.259816454541333E+00  0.418651905060275E-17
  0.00000000  0.00000000  0.00500000    0.3166D+00  0.390032694925353E+01 -0.636770163492531E-16    0.256388762534738E+00  0.418582124937343E-17
  0.00000000  0.00000000  0.00500000    0.3262D+00  0.396188782156919E+01 -0.661479199416920E-16    0.252404925388304E+00  0.421416797986508E-17
  0.00000000  0.00000000  0.00500000    0.3362D+00  0.403864416457602E+01 -0.699371540157530E-16    0.247607850369997E+00  0.428782226439451E-17
  0.00000000  0.00000000  0.00500000    0.3464D+00  0.414371512631181E+01 -0.760732868764759E-16    0.241329331171969E+00  0.443049651878309E-17
  0.00000000  0.00000000  0.00500000    0.3570D+00  0.432923385790711E+01  0.978796441823829E-02    0.230986572030825E+00 -0.522237518770017E-03
  0.00000000  0.00000000  0.00500000    0.3679D+00  0.447979933987699E+01  0.242863680270336E+00    0.222570137636787E+00 -0.120662107035869E-01
  0.00000000  0.00000000  0.00500000    0.3791D+00  0.448912957689518E+01  0.445024106230112E+00    0.220592462013713E+00 -0.218681509560366E-01
  0.00000000  0.00000000  0.00500000    0.3907D+00  0.445498503523760E+01  0.574463236646201E+00    0.220796311976471E+00 -0.284713333522529E-01
  0.00000000  0.00000000  0.00500000    0.4026D+00  0.441791902823606E+01  0.674119730969219E+00    0.221200700150243E+00 -0.337524874318536E-01
  0.00000000  0.00000000  0.00500000    0.4149D+00  0.439949118970342E+01  0.734179689074847E+00    0.221140605768890E+00 -0.369035722960890E-01
  0.00000000  0.00000000  0.00500000    0.4276D+00  0.438676290223396E+01  0.824189682536418E+00    0.220186110522205E+00 -0.413688007705657E-01
  0.00000000  0.00000000  0.00500000    0.4406D+00  0.436150997027428E+01  0.885821794993278E+00    0.220195435871557E+00 -0.447216485993275E-01
  0.00000000  0.00000000  0.00500000    0.4540D+00  0.435946556992677E+01  0.924230564263140E+00    0.219519329079464E+00 -0.465392993997627E-01
  0.00000000  0.00000000  0.00500000    0.4679D+00  0.437477743489400E+01  0.987859075495260E+00    0.217493253540618E+00 -0.491116834093977E-01
  0.00000000  0.00000000  0.00500000    0.4822D+00  0.437951173972452E+01  0.105987854581284E+01    0.215702669868910E+00 -0.522018539178501E-01
  0.00000000  0.00000000  0.00500000    0.4969D+00  0.439174178275059E+01  0.110533977602226E+01    0.214135500092591E+00 -0.538949003423687E-01
  0.00000000  0.00000000  0.00500000    0.5120D+00  0.443047711389156E+01  0.116009339083398E+01    0.211227123465642E+00 -0.553085330537069E-01
  0.00000000  0.00000000  0.00500000    0.5276D+00  0.448148649859333E+01  0.123593465276457E+01    0.207368167781924E+00 -0.571893956441515E-01
  0.00000000  0.00000000  0.00500000    0.5437D+00  0.454127715401936E+01  0.131965597003854E+01    0.203055671240406E+00 -0.590062265998051E-01
  0.00000000  0.00000000  0.00500000    0.5603D+00  0.462849085575647E+01  0.140999741788518E+01    0.197705644283694E+00 -0.602279353311532E-01
  0.00000000  0.00000000  0.00500000    0.5774D+00  0.475341427105043E+01  0.154116486500439E+01    0.190363969182149E+00 -0.617203223066591E-01
  0.00000000  0.00000000  0.00500000    0.5950D+00  0.491870277866381E+01  0.173381034451612E+01    0.180836420574598E+00 -0.637436476173256E-01
  0.00000000  0.00000000  0.00500000    0.6131D+00  0.518748793459058E+01  0.203283265684484E+01    0.167109543827365E+00 -0.654855957731540E-01
  0.00000000  0.00000000  0.00500000    0.6318D+00  0.519102217736966E+01  0.290649989686952E+01    0.146662026181251E+00 -0.821173844775364E-01
  0.00000000  0.00000000  0.00500000    0.6511D+00  0.451618262779907E+01  0.363530748596826E+01    0.134364745001131E+00 -0.108157088321929E+00
  0.00000000  0.00000000  0.00500000    0.6709D+00  0.381464345365734E+01  0.341778068503444E+01    0.145415422942570E+00 -0.130286887851268E+00
  0.00000000  0.00000000  0.00500000    0.6914D+00  0.353770611262218E+01  0.319260537366282E+01    0.155790537646604E+00 -0.140593280454184E+00
  0.00000000  0.00000000  0.00500000    0.7125D+00  0.345201557346409E+01  0.301440505077935E+01    0.164357828203482E+00 -0.143522257338639E+00
  0.00000000  0.00000000  0.00500000    0.7342D+00  0.351467684939893E+01  0.289105725165569E+01    0.169699617744666E+00 -0.139589308350728E+00
  0.00000000  0.00000000  0.00500000    0.7565D+00  0.392921732802413E+01  0.279016101512199E+01    0.169189634948761E+00 -0.120142584180789E+00
  0.00000000  0.00000000  0.00500000    0.7796D+00  0.448974367102104E+01  0.357813869058875E+01    0.136214336211783E+00 -0.108557152106059E+00
  0.00000000  0.00000000  0.00500000    0.8034D+00  0.374978953767238E+01  0.552007986208750E+01    0.842039976266986E-01 -0.123957034637983E+00
  0.00000000  0.00000000  0.00500000    0.8279D+00  0.182420432650294E+01  0.568994425437996E+01    0.510935991321161E-01 -0.159367964757926E+00
  0.00000000  0.00000000  0.00500000    0.8531D+00  0.747712389364027E+00  0.427613987270364E+01    0.396781305349974E-01 -0.226917780778456E+00
  0.00000000  0.00000000  0.00500000    0.8791D+00  0.759946802445106E+00  0.339673046001788E+01    0.627262216451681E-01 -0.280367082298982E+00
  0.00000000  0.00000000  0.00500000    0.9059D+00  0.919454520223758E+00  0.307445574599545E+01    0.892875860472233E-01 -0.298558249408730E+00
  0.00000000  0.00000000  0.00500000    0.9335D+00  0.100273120441526E+01  0.286332967220968E+01    0.108943655304866E+00 -0.311091945139289E+00
  0.00000000  0.00000000  0.00500000    0.9619D+00  0.781713140784392E+00  0.289361837888327E+01    0.870107079048971E-01 -0.322082066191973E+00
  0.00000000  0.00000000  0.00500000    0.9913D+00  0.101640413618640E+01  0.189740219093974E+01    0.219373522983776E+00 -0.409521949315691E+00
  0.00000000  0.00000000  0.00500000    0.1021D+01  0.160585988248269E+01  0.231177472986633E+01    0.202681051724290E+00 -0.291776971770759E+00
  0.00000000  0.00000000  0.00500000    0.1053D+01  0.160465819274901E+01  0.268651941978118E+01    0.163869143640103E+00 -0.274349789058728E+00
  0.00000000  0.00000000  0.00500000    0.1085D+01  0.168331410634396E+01  0.276130543806736E+01    0.160954017217152E+00 -0.264028680889396E+00
  0.00000000  0.00000000  0.00500000    0.1118D+01  0.114679970861691E+01  0.384080920995244E+01    0.713762500601491E-01 -0.239050076960272E+00
  0.00000000  0.00000000  0.00500000    0.1152D+01  0.223872679553295E+00  0.326742532445359E+01    0.208715990877615E-01 -0.304621321178047E+00
  0.00000000  0.00000000  0.00500000    0.1187D+01  0.118649016948073E+00  0.265725436766803E+01    0.167699933270840E-01 -0.375579496235190E+00
  0.00000000  0.00000000  0.00500000    0.1223D+01 -0.485779481961059E-01  0.279867346695247E+01   -0.620017404714555E-02 -0.357204518523171E+00
  0.00000000  0.00000000  0.00500000    0.1260D+01 -0.199148623276118E+00  0.220624806881481E+01   -0.405830208830323E-01 -0.449594930544511E+00
  0.00000000  0.00000000  0.00500000    0.1299D+01 -0.302749832928386E+00  0.237320146526260E+01   -0.528936835774243E-01 -0.414624068178337E+00
  0.00000000  0.00000000  0.00500000    0.1338D+01 -0.812912326712291E+00  0.207225773917780E+01   -0.164056394301886E+00 -0.418208854242174E+00
  0.00000000  0.00000000  0.00500000    0.1379D+01 -0.847440205464882E+00  0.108466996700845E+01   -0.447277341735093E+00 -0.572486762340114E+00
  0.00000000  0.00000000  0.00500000    0.1421D+01 -0.421360825010643E+00  0.760249481585473E+00   -0.557706575588002E+00 -0.100625428326632E+01
  0.00000000  0.00000000  0.00500000    0.1464D+01 -0.680303500869388E-01  0.644182173870648E+00   -0.162131897938892E+00 -0.153523358816437E+01
  0.00000000  0.00000000  0.00500000    0.1509D+01  0.495600952282885E-01  0.805658736659242E+00    0.760658250540284E-01 -0.123654113725333E+01
  0.00000000  0.00000000  0.00500000    0.1555D+01  0.452800388118715E-01  0.634555045424388E+00    0.111882571341183E+00 -0.156792379164189E+01
  0.00000000  0.00000000  0.00500000    0.1602D+01  0.145695074828047E+00  0.525921786922301E+00    0.489203857575734E+00 -0.176590023546894E+01
  0.00000000  0.00000000  0.00500000    0.1651D+01  0.246206877625246E+00  0.451790745273315E+00    0.930020635183687E+00 -0.170659211449305E+01
  0.00000000  0.00000000  0.00500000    0.1701D+01  0.328503182784177E+00  0.400615437368758E+00    0.122389914349491E+01 -0.149256663667880E+01
  0.00000000  0.00000000  0.00500000    0.1753D+01  0.413016888138445E+00  0.330708515958524E+00    0.147531811389566E+01 -0.118130826613951E+01
  0.00000000  0.00000000  0.00500000    0.1807D+01  0.501615150457525E+00  0.301415130539705E+00    0.146470303788922E+01 -0.880124248569056E+00
  0.00000000  0.00000000  0.00500000    0.1862D+01  0.571776997226417E+00  0.277834338800254E+00    0.141486634762356E+01 -0.687503096643568E+00
  0.00000000  0.00000000  0.00500000    0.1919D+01  0.632598610061385E+00  0.253551020867588E+00    0.136198205778481E+01 -0.545894245833337E+00
  0.00000000  0.00000000  0.00500000    0.1977D+01  0.708117916352868E+00  0.217104369666176E+00    0.129085439462562E+01 -0.395767601982768E+00
  0.00000000  0.00000000  0.00500000    0.2037D+01  0.785186744065489E+00  0.231527193737489E+00    0.117170529663217E+01 -0.345499514945928E+00
  0.00000000  0.00000000  0.00500000    0.2099D+01  0.818590393457375E+00  0.259030144585918E+00    0.111042457635558E+01 -0.351376513655753E+00
  0.00000000  0.00000000  0.00500000    0.2163D+01  0.893843021770296E+00  0.207552845331198E+00    0.106152901123263E+01 -0.246490000276095E+00
  0.00000000  0.00000000  0.00500000    0.2229D+01  0.960075004729215E+00  0.336158515583994E+00    0.927835896927406E+00 -0.324870386459682E+00
  0.00000000  0.00000000  0.00500000    0.2297D+01  0.838877525098134E+00  0.462720317332921E+00    0.913983582949429E+00 -0.504148413667378E+00
  0.00000000  0.00000000  0.00500000    0.2367D+01  0.754003211238435E+00  0.265815364581218E+00    0.117964392353276E+01 -0.415870217707497E+00
  0.00000000  0.00000000  0.00500000    0.2439D+01  0.844071713224629E+00  0.177002365939943E+00    0.113483004249804E+01 -0.237974569357975E+00
  0.00000000  0.00000000  0.00500000    0.2513D+01  0.908399382169131E+00  0.214823520517632E+00    0.104253317874466E+01 -0.246544253673508E+00
  0.00000000  0.00000000  0.00500000    0.2590D+01  0.918823652237882E+00  0.209441722428435E+00    0.103459162085992E+01 -0.235830510626458E+00
  0.00000000  0.00000000  0.00500000    0.2669D+01  0.949069962216402E+00  0.182867941020035E+00    0.101594507829987E+01 -0.195753518765114E+00
  0.00000000  0.00000000  0.00500000    0.2750D+01  0.980318235326789E+00  0.200667657185442E+00    0.979053932900197E+00 -0.200408858974029E+00
  0.00000000  0.00000000  0.00500000    0.2834D+01  0.985377824747486E+00  0.210038812374417E+00    0.970733570871710E+00 -0.206917307490779E+00
  0.00000000  0.00000000  0.00500000    0.2920D+01  0.985580677402076E+00  0.201048601187581E+00    0.974096265842504E+00 -0.198705896087476E+00
  0.00000000  0.00000000  0.00500000    0.3009D+01  0.982919989980037E+00  0.187919152337859E+00    0.981501411740470E+00 -0.187647942043001E+00
  0.00000000  0.00000000  0.00500000    0.3101D+01  0.101159158121212E+01  0.130854936677708E+00    0.972272360345758E+00 -0.125768779129303E+00
  0.00000000  0.00000000  0.00500000    0.3195D+01  0.106856161316898E+01  0.134069988632209E+00    0.921333701133431E+00 -0.115597638278529E+00
  0.00000000  0.00000000  0.00500000    0.3293D+01  0.112784679105883E+01  0.149132032104968E+00    0.871409496280956E+00 -0.115224044618634E+00
  0.00000000  0.00000000  0.00500000    0.3393D+01  0.112410861029408E+01  0.259687586682544E+00    0.844522755885565E+00 -0.195098653605224E+00
  0.00000000  0.00000000  0.00500000    0.3496D+01  0.105435888216979E+01  0.259676627373179E+00    0.894203007346088E+00 -0.220232052919902E+00
  0.00000000  0.00000000  0.00500000    0.3603D+01  0.103082802774911E+01  0.200776956967856E+00    0.934637213318005E+00 -0.182041631103746E+00
  0.00000000  0.00000000  0.00500000    0.3713D+01  0.104609127572690E+01  0.171373956290927E+00    0.930954550059745E+00 -0.152511896497672E+00
  0.00000000  0.00000000  0.00500000    0.3826D+01  0.107031253547714E+01  0.148609123194550E+00    0.916635327439724E+00 -0.127271584499606E+00
  0.00000000  0.00000000  0.00500000    0.3942D+01  0.109733560226866E+01  0.146052764069137E+00    0.895435614868177E+00 -0.119180354968038E+00
  0.00000000  0.00000000  0.00500000    0.4062D+01  0.110605682329557E+01  0.154784069841160E+00    0.886746782328997E+00 -0.124093331370152E+00
  0.00000000  0.00000000  0.00500000    0.4186D+01  0.112873637377535E+01  0.121036281886917E+00    0.875875100877774E+00 -0.939215463155378E-01
  0.00000000  0.00000000  0.00500000    0.4313D+01  0.117945903734473E+01  0.130804062235162E+00    0.837545183519231E+00 -0.928852201229855E-01
  0.00000000  0.00000000  0.00500000    0.4445D+01  0.119785348565989E+01  0.185483152276423E+00    0.815278407906442E+00 -0.126242825931323E+00
  0.00000000  0.00000000  0.00500000    0.4580D+01  0.118452974508946E+01  0.203988954562213E+00    0.819901387554460E+00 -0.141195970455525E+00
  0.00000000  0.00000000  0.00500000    0.4720D+01  0.118386851026600E+01  0.200303193380168E+00    0.821180838532622E+00 -0.138938693676151E+00
  0.00000000  0.00000000  0.00500000    0.4863D+01  0.119857221019488E+01  0.210809437134631E+00    0.809290541817423E+00 -0.142341097305411E+00
  0.00000000  0.00000000  0.00500000    0.5012D+01  0.119270182663056E+01  0.250725958276059E+00    0.802949306925926E+00 -0.168793431795808E+00
  0.00000000  0.00000000  0.00500000    0.5164D+01  0.115330213828040E+01  0.260768644081892E+00    0.824903154177601E+00 -0.186515631831310E+00
  0.00000000  0.00000000  0.00500000    0.5322D+01  0.115891914707857E+01  0.196631493910505E+00    0.838728299775382E+00 -0.142305353212591E+00
  0.00000000  0.00000000  0.00500000    0.5484D+01  0.118676015383201E+01  0.228274397670755E+00    0.812566211413181E+00 -0.156297851658581E+00
  0.00000000  0.00000000  0.00500000    0.5651D+01  0.116956021347075E+01  0.234645042539394E+00    0.821938335504303E+00 -0.164902801478541E+00
  0.00000000  0.00000000  0.00500000    0.5823D+01  0.121790814670081E+01  0.160195466362356E+00    0.807116062379218E+00 -0.106162631698982E+00
  0.00000000  0.00000000  0.00500000    0.6000D+01  0.126900828137541E+01  0.255136176269794E+00    0.757401426694783E+00 -0.152276787113439E+00
  0.00000000  0.00000000  0.00500000    0.6183D+01  0.127271906239798E+01  0.260041547160509E+00    0.754232753912236E+00 -0.154104592318221E+00
  0.00000000  0.00000000  0.00500000    0.6371D+01  0.134696780289162E+01  0.276313406711251E+00    0.712428310308618E+00 -0.146145656218595E+00
  0.00000000  0.00000000  0.00500000    0.6565D+01  0.137610373133726E+01  0.469637229457027E+00    0.650879916211824E+00 -0.222132557014357E+00
  0.00000000  0.00000000  0.00500000    0.6765D+01  0.115278208837561E+01  0.679584228528921E+00    0.643745754707675E+00 -0.379498837198484E+00
  0.00000000  0.00000000  0.00500000    0.6971D+01  0.100738218937201E+01  0.376940847084816E+00    0.870757485798862E+00 -0.325818808159669E+00
  0.00000000  0.00000000  0.00500000    0.7184D+01  0.123011321716216E+01  0.244480091616172E+00    0.782042637195238E+00 -0.155427852429977E+00
  0.00000000  0.00000000  0.00500000    0.7402D+01  0.128165021595587E+01  0.630420611111108E+00    0.628242225695702E+00 -0.309021012845928E+00
  0.00000000  0.00000000  0.00500000    0.7628D+01  0.113793719478647E+01  0.636631562672717E+00    0.669295762511090E+00 -0.374444924667057E+00
  0.00000000  0.00000000  0.00500000    0.7860D+01  0.101010947700736E+01  0.768234954613210E+00    0.627200031320321E+00 -0.477014619269096E+00
  0.00000000  0.00000000  0.00500000    0.8100D+01  0.763772228787631E+00  0.768470591866547E+00    0.650630750215824E+00 -0.654633120791243E+00
  0.00000000  0.00000000  0.00500000    0.8346D+01  0.618814656598610E+00  0.522398221142262E+00    0.943557415028002E+00 -0.796543375144949E+00
  0.00000000  0.00000000  0.00500000    0.8600D+01  0.663803710472469E+00  0.346748326659684E+00    0.118352556734666E+01 -0.618233227024764E+00
  0.00000000  0.00000000  0.00500000    0.8862D+01  0.782700750770063E+00  0.300757747683084E+00    0.111325247633548E+01 -0.427774353168642E+00
  0.00000000  0.00000000  0.00500000    0.9132D+01  0.741504670473650E+00  0.482245135559731E+00    0.947743580186010E+00 -0.616374716845305E+00
  0.00000000  0.00000000  0.00500000    0.9410D+01  0.593631787793916E+00  0.370134908508687E+00    0.121298231844550E+01 -0.756305690988941E+00
  0.00000000  0.00000000  0.00500000    0.9697D+01  0.565214075184883E+00  0.227656785215051E+00    0.152227943001292E+01 -0.613143331794032E+00
  0.00000000  0.00000000  0.00500000    0.9992D+01  0.606460951297390E+00  0.120480994339779E+00    0.158630449162062E+01 -0.315139073780846E+00
  0.00000000  0.00000000  0.00500000    0.1030D+02  0.654346480182618E+00  0.778126110282202E-01    0.150693260049435E+01 -0.179199191619837E+00
  0.00000000  0.00000000  0.00500000    0.1061D+02  0.698013310258117E+00  0.243883750964226E-01    0.143089063093026E+01 -0.499948882295372E-01
  0.00000000  0.00000000  0.00500000    0.1093D+02  0.752129101490047E+00  0.108445093241034E-02    0.132955621463973E+01 -0.191700929242278E-02
  0.00000000  0.00000000  0.00500000    0.1127D+02  0.793734240187251E+00  0.269851089830665E-09    0.125986753420652E+01 -0.428325514932679E-09
  0.00000000  0.00000000  0.00500000    0.1161D+02  0.821176467828283E+00  0.851692807922191E-05    0.121776504694182E+01 -0.126301930565826E-04
  0.00000000  0.00000000  0.00500000    0.1196D+02  0.842085324707528E+00  0.258941806349748E-17    0.118752811699612E+01 -0.365165698396290E-17
  0.00000000  0.00000000  0.00500000    0.1233D+02  0.858988070529662E+00  0.246443008611032E-17    0.116416052132527E+01 -0.333996747131403E-17
  0.00000000  0.00000000  0.00500000    0.1270D+02  0.873074528420466E+00  0.234960764368378E-17    0.114537759085603E+01 -0.308242636198338E-17
