 q(1:3)   w(Ry)   eps    epsi  --- NO LFC
  0.00000000  0.00000000  0.01000000    0.0000D+00  0.319718191148825E+01  0.235440631149196E-16    0.312775446528944E+00 -0.230327990641194E-17
  0.00000000  0.00000000  0.01000000    0.1015D-04  0.319718191186629E+01  0.235440631200029E-16    0.312775446491961E+00 -0.230327990636455E-17
  0.00000000  0.00000000  0.01000000    0.3076D-04  0.319718191496003E+01  0.235440631615809E-16    0.312775446189305E+00 -0.230327990597454E-17
  0.00000000  0.00000000  0.01000000    0.5200D-04  0.319718192140894E+01  0.235440632482665E-16    0.312775445558418E+00 -0.230327990516316E-17
  0.00000000  0.00000000  0.01000000    0.7389D-04  0.319718193151686E+01  0.235440633841446E-16    0.312775444569576E+00 -0.230327990389222E-17
  0.00000000  0.00000000  0.01000000    0.9644D-04  0.319718194560932E+01  0.235440635735711E-16    0.312775443190931E+00 -0.230327990211884E-17
  0.00000000  0.00000000  0.01000000    0.1197D-03  0.319718196403504E+01  0.235440638212483E-16    0.312775441388371E+00 -0.230327989980060E-17
  0.00000000  0.00000000  0.01000000    0.1436D-03  0.319718198716740E+01  0.235440641321924E-16    0.312775439125368E+00 -0.230327989689025E-17
  0.00000000  0.00000000  0.01000000    0.1683D-03  0.319718201540607E+01  0.235440645117780E-16    0.312775436362822E+00 -0.230327989333772E-17
  0.00000000  0.00000000  0.01000000    0.1937D-03  0.319718204917877E+01  0.235440649657368E-16    0.312775433058891E+00 -0.230327988908749E-17
  0.00000000  0.00000000  0.01000000    0.2199D-03  0.319718208894304E+01  0.235440655002485E-16    0.312775429168813E+00 -0.230327988408484E-17
  0.00000000  0.00000000  0.01000000    0.2469D-03  0.319718213518828E+01  0.235440661218824E-16    0.312775424644712E+00 -0.230327987826734E-17
  0.00000000  0.00000000  0.01000000    0.2748D-03  0.319718218843773E+01  0.235440668376513E-16    0.312775419435400E+00 -0.230327987156711E-17
  0.00000000  0.00000000  0.01000000    0.3034D-03  0.319718224925071E+01  0.235440676550928E-16    0.312775413486160E+00 -0.230327986391567E-17
  0.00000000  0.00000000  0.01000000    0.3330D-03  0.319718231822501E+01  0.235440685822362E-16    0.312775406738510E+00 -0.230327985523722E-17
  0.00000000  0.00000000  0.01000000    0.3634D-03  0.319718239599932E+01  0.235440696276768E-16    0.312775399129970E+00 -0.230327984545239E-17
  0.00000000  0.00000000  0.01000000    0.3948D-03  0.319718248325590E+01  0.235440708005731E-16    0.312775390593794E+00 -0.230327983447411E-17
  0.00000000  0.00000000  0.01000000    0.4271D-03  0.319718258072344E+01  0.235440721107192E-16    0.312775381058696E+00 -0.230327982221062E-17
  0.00000000  0.00000000  0.01000000    0.4604D-03  0.319718268918000E+01  0.235440735685888E-16    0.312775370448560E+00 -0.230327980856552E-17
  0.00000000  0.00000000  0.01000000    0.4948D-03  0.319718280945621E+01  0.235440751853298E-16    0.312775358682128E+00 -0.230327979343259E-17
  0.00000000  0.00000000  0.01000000    0.5301D-03  0.319718294243866E+01  0.235440769728756E-16    0.312775345672665E+00 -0.230327977670183E-17
  0.00000000  0.00000000  0.01000000    0.5666D-03  0.319718308907356E+01  0.235440789439266E-16    0.312775331327606E+00 -0.230327975825238E-17
  0.00000000  0.00000000  0.01000000    0.6041D-03  0.319718325037047E+01  0.235440811120683E-16    0.312775315548187E+00 -0.230327973795871E-17
  0.00000000  0.00000000  0.01000000    0.6428D-03  0.319718342740641E+01  0.235440834917706E-16    0.312775298229045E+00 -0.230327971568457E-17
  0.00000000  0.00000000  0.01000000    0.6827D-03  0.319718362133023E+01  0.235440860984789E-16    0.312775279257791E+00 -0.230327969128571E-17
  0.00000000  0.00000000  0.01000000    0.7238D-03  0.319718383336712E+01  0.235440889486675E-16    0.312775258514568E+00 -0.230327966460847E-17
  0.00000000  0.00000000  0.01000000    0.7662D-03  0.319718406482361E+01  0.235440920598845E-16    0.312775235871561E+00 -0.230327963548711E-17
  0.00000000  0.00000000  0.01000000    0.8098D-03  0.319718431709264E+01  0.235440954508730E-16    0.312775211192501E+00 -0.230327960374824E-17
  0.00000000  0.00000000  0.01000000    0.8548D-03  0.319718459165913E+01  0.235440991415748E-16    0.312775184332120E+00 -0.230327956920321E-17
  0.00000000  0.00000000  0.01000000    0.9011D-03  0.319718489010592E+01  0.235441031532734E-16    0.312775155135577E+00 -0.230327953165360E-17
  0.00000000  0.00000000  0.01000000    0.9488D-03  0.319718521411990E+01  0.235441075086521E-16    0.312775123437844E+00 -0.230327949088793E-17
  0.00000000  0.00000000  0.01000000    0.9980D-03  0.319718556549868E+01  0.235441122318552E-16    0.312775089063067E+00 -0.230327944667821E-17
  0.00000000  0.00000000  0.01000000    0.1049D-02  0.319718594615762E+01  0.235441173486517E-16    0.312775051823871E+00 -0.230327939878565E-17
  0.00000000  0.00000000  0.01000000    0.1101D-02  0.319718635813733E+01  0.235441228864539E-16    0.312775011520628E+00 -0.230327934695178E-17
  0.00000000  0.00000000  0.01000000    0.1155D-02  0.319718680361165E+01  0.235441288744942E-16    0.312774967940680E+00 -0.230327929090428E-17
  0.00000000  0.00000000  0.01000000    0.1210D-02  0.319718728489601E+01  0.235441353438854E-16    0.312774920857514E+00 -0.230327923035071E-17
  0.00000000  0.00000000  0.01000000    0.1267D-02  0.319718780445649E+01  0.235441423277912E-16    0.312774870029881E+00 -0.230327916498223E-17
  0.00000000  0.00000000  0.01000000    0.1326D-02  0.319718836491935E+01  0.235441498614983E-16    0.312774815200864E+00 -0.230327909446691E-17
  0.00000000  0.00000000  0.01000000    0.1387D-02  0.319718896908113E+01  0.235441579825987E-16    0.312774756096885E+00 -0.230327901845297E-17
  0.00000000  0.00000000  0.01000000    0.1450D-02  0.319718961991947E+01  0.235441667311428E-16    0.312774692426653E+00 -0.230327893656821E-17
  0.00000000  0.00000000  0.01000000    0.1514D-02  0.319719032060452E+01  0.235441761497153E-16    0.312774623880045E+00 -0.230327884841099E-17
  0.00000000  0.00000000  0.01000000    0.1580D-02  0.319719107451114E+01  0.235441862836821E-16    0.312774550126912E+00 -0.230327875355678E-17
  0.00000000  0.00000000  0.01000000    0.1649D-02  0.319719188523177E+01  0.235441971813607E-16    0.312774470815820E+00 -0.230327865155631E-17
  0.00000000  0.00000000  0.01000000    0.1719D-02  0.319719275659021E+01  0.235442088941242E-16    0.312774385572703E+00 -0.230327854192587E-17
  0.00000000  0.00000000  0.01000000    0.1792D-02  0.319719369265620E+01  0.235442214766832E-16    0.312774293999439E+00 -0.230327842415392E-17
  0.00000000  0.00000000  0.01000000    0.1867D-02  0.319719469776087E+01  0.235442349872613E-16    0.312774195672331E+00 -0.230327829769589E-17
  0.00000000  0.00000000  0.01000000    0.1944D-02  0.319719577651329E+01  0.235442494878176E-16    0.312774090140502E+00 -0.230327816197230E-17
  0.00000000  0.00000000  0.01000000    0.2024D-02  0.319719693381788E+01  0.235442650442620E-16    0.312773976924176E+00 -0.230327801636450E-17
  0.00000000  0.00000000  0.01000000    0.2106D-02  0.319719817489304E+01  0.235442817267707E-16    0.312773855512868E+00 -0.230327786021884E-17
  0.00000000  0.00000000  0.01000000    0.2190D-02  0.319719950529090E+01  0.235442996099530E-16    0.312773725363445E+00 -0.230327769283452E-17
  0.00000000  0.00000000  0.01000000    0.2277D-02  0.319720093091828E+01  0.235443187732111E-16    0.312773585898083E+00 -0.230327751346856E-17
  0.00000000  0.00000000  0.01000000    0.2367D-02  0.319720245805896E+01  0.235443393010259E-16    0.312773436502080E+00 -0.230327732133159E-17
  0.00000000  0.00000000  0.01000000    0.2459D-02  0.319720409339741E+01  0.235443612832348E-16    0.312773276521544E+00 -0.230327711558105E-17
  0.00000000  0.00000000  0.01000000    0.2554D-02  0.319720584404386E+01  0.235443848154301E-16    0.312773105260933E+00 -0.230327689532380E-17
  0.00000000  0.00000000  0.01000000    0.2652D-02  0.319720771756108E+01  0.235444099992571E-16    0.312772921980443E+00 -0.230327665960682E-17
  0.00000000  0.00000000  0.01000000    0.2753D-02  0.319720972199272E+01  0.235444369428563E-16    0.312772725893230E+00 -0.230327640741961E-17
  0.00000000  0.00000000  0.01000000    0.2858D-02  0.319721186589355E+01  0.235444657612206E-16    0.312772516162461E+00 -0.230327613768560E-17
  0.00000000  0.00000000  0.01000000    0.2965D-02  0.319721415836133E+01  0.235444965766391E-16    0.312772291898185E+00 -0.230327584925955E-17
  0.00000000  0.00000000  0.01000000    0.3075D-02  0.319721660907100E+01  0.235445295191732E-16    0.312772052154003E+00 -0.230327554092497E-17
  0.00000000  0.00000000  0.01000000    0.3189D-02  0.319721922831069E+01  0.235445647271152E-16    0.312771795923537E+00 -0.230327521138697E-17
  0.00000000  0.00000000  0.01000000    0.3307D-02  0.319722202702022E+01  0.235446023475271E-16    0.312771522136669E+00 -0.230327485926960E-17
  0.00000000  0.00000000  0.01000000    0.3428D-02  0.319722501683179E+01  0.235446425367740E-16    0.312771229655561E+00 -0.230327448310932E-17
  0.00000000  0.00000000  0.01000000    0.3553D-02  0.319722821011339E+01  0.235446854611092E-16    0.312770917270411E+00 -0.230327408134975E-17
  0.00000000  0.00000000  0.01000000    0.3681D-02  0.319723162001476E+01  0.235447312973028E-16    0.312770583694961E+00 -0.230327365233690E-17
  0.00000000  0.00000000  0.01000000    0.3813D-02  0.319723526051630E+01  0.235447802332995E-16    0.312770227561708E+00 -0.230327319431299E-17
  0.00000000  0.00000000  0.01000000    0.3950D-02  0.319723914648098E+01  0.235448324688752E-16    0.312769847416839E+00 -0.230327270540598E-17
  0.00000000  0.00000000  0.01000000    0.4090D-02  0.319724329370955E+01  0.235448882164619E-16    0.312769441714823E+00 -0.230327218363060E-17
  0.00000000  0.00000000  0.01000000    0.4235D-02  0.319724771899907E+01  0.235449477018372E-16    0.312769008812698E+00 -0.230327162687158E-17
  0.00000000  0.00000000  0.01000000    0.4385D-02  0.319725244020519E+01  0.235450111650430E-16    0.312768546963975E+00 -0.230327103288362E-17
  0.00000000  0.00000000  0.01000000    0.4538D-02  0.319725747630825E+01  0.235450788612245E-16    0.312768054312179E+00 -0.230327039927828E-17
  0.00000000  0.00000000  0.01000000    0.4697D-02  0.319726284748351E+01  0.235451510616217E-16    0.312767528883988E+00 -0.230326972351986E-17
  0.00000000  0.00000000  0.01000000    0.4860D-02  0.319726857517575E+01  0.235452280544854E-16    0.312766968581934E+00 -0.230326900290724E-17
  0.00000000  0.00000000  0.01000000    0.5029D-02  0.319727468217854E+01  0.235453101462548E-16    0.312766371176663E+00 -0.230326823457515E-17
  0.00000000  0.00000000  0.01000000    0.5202D-02  0.319728119271837E+01  0.235453976626157E-16    0.312765734298705E+00 -0.230326741547617E-17
  0.00000000  0.00000000  0.01000000    0.5381D-02  0.319728813254405E+01  0.235454909496969E-16    0.312765055429743E+00 -0.230326654236909E-17
  0.00000000  0.00000000  0.01000000    0.5565D-02  0.319729552902177E+01  0.235455903754214E-16    0.312764331893322E+00 -0.230326561181400E-17
  0.00000000  0.00000000  0.01000000    0.5755D-02  0.319730341123593E+01  0.235456963307736E-16    0.312763560844995E+00 -0.230326462015096E-17
  0.00000000  0.00000000  0.01000000    0.5950D-02  0.319731181009629E+01  0.235458092312952E-16    0.312762739261857E+00 -0.230326356349187E-17
  0.00000000  0.00000000  0.01000000    0.6152D-02  0.319732075845188E+01  0.235459295186033E-16    0.312761863931410E+00 -0.230326243770479E-17
  0.00000000  0.00000000  0.01000000    0.6360D-02  0.319733029121185E+01  0.235460576620159E-16    0.312760931439767E+00 -0.230326123839878E-17
  0.00000000  0.00000000  0.01000000    0.6574D-02  0.319734044547404E+01  0.235461941602759E-16    0.312759938159084E+00 -0.230325996090724E-17
  0.00000000  0.00000000  0.01000000    0.6794D-02  0.319735126066131E+01  0.235463395433986E-16    0.312758880234250E+00 -0.230325860027204E-17
  0.00000000  0.00000000  0.01000000    0.7021D-02  0.319736277866661E+01  0.235464943745974E-16    0.312757753568717E+00 -0.230325715122281E-17
  0.00000000  0.00000000  0.01000000    0.7255D-02  0.319737504400694E+01  0.235466592523880E-16    0.312756553809466E+00 -0.230325560816088E-17
  0.00000000  0.00000000  0.01000000    0.7497D-02  0.319738810398688E+01  0.235468348127631E-16    0.312755276331041E+00 -0.230325396513620E-17
  0.00000000  0.00000000  0.01000000    0.7745D-02  0.319740200887249E+01  0.235470217315510E-16    0.312753916218571E+00 -0.230325221582734E-17
  0.00000000  0.00000000  0.01000000    0.8001D-02  0.319741681207583E+01  0.235472207268629E-16    0.312752468249762E+00 -0.230325035351496E-17
  0.00000000  0.00000000  0.01000000    0.8265D-02  0.319743257035112E+01  0.235474325617995E-16    0.312750926875743E+00 -0.230324837106358E-17
  0.00000000  0.00000000  0.01000000    0.8537D-02  0.319744934400313E+01  0.235476580471739E-16    0.312749286200739E+00 -0.230324626088761E-17
  0.00000000  0.00000000  0.01000000    0.8818D-02  0.319746719710850E+01  0.235478980445430E-16    0.312747539960475E+00 -0.230324401492867E-17
  0.00000000  0.00000000  0.01000000    0.9107D-02  0.319748619775099E+01  0.235481534693617E-16    0.312745681499226E+00 -0.230324162462496E-17
  0.00000000  0.00000000  0.01000000    0.9404D-02  0.319750641827125E+01  0.235484252943475E-16    0.312743703745451E+00 -0.230323908088010E-17
  0.00000000  0.00000000  0.01000000    0.9711D-02  0.319752793553236E+01  0.235487145530268E-16    0.312741599185906E+00 -0.230323637402713E-17
  0.00000000  0.00000000  0.01000000    0.1003D-01  0.319755083120188E+01  0.235490223435845E-16    0.312739359838144E+00 -0.230323349379830E-17
  0.00000000  0.00000000  0.01000000    0.1035D-01  0.319757519205153E+01  0.235493498328448E-16    0.312736977221295E+00 -0.230323042928211E-17
  0.00000000  0.00000000  0.01000000    0.1069D-01  0.319760111027562E+01  0.235496982605935E-16    0.312734442325048E+00 -0.230322716888695E-17
  0.00000000  0.00000000  0.01000000    0.1103D-01  0.319762868382943E+01  0.235500689441091E-16    0.312731745576668E+00 -0.230322370029597E-17
  0.00000000  0.00000000  0.01000000    0.1139D-01  0.319765801678877E+01  0.235504632830378E-16    0.312728876805984E+00 -0.230322001042537E-17
  0.00000000  0.00000000  0.01000000    0.1176D-01  0.319768921973201E+01  0.235508827645102E-16    0.312725825208182E+00 -0.230321608537361E-17
  0.00000000  0.00000000  0.01000000    0.1214D-01  0.319772241014617E+01  0.235513289686104E-16    0.312722579304277E+00 -0.230321191037051E-17
  0.00000000  0.00000000  0.01000000    0.1253D-01  0.319775771285839E+01  0.235518035742093E-16    0.312719126899119E+00 -0.230320746972503E-17
  0.00000000  0.00000000  0.01000000    0.1293D-01  0.319779526049449E+01  0.235523083651403E-16    0.312715455036783E+00 -0.230320274676765E-17
  0.00000000  0.00000000  0.01000000    0.1334D-01  0.319783519396642E+01  0.235528452367159E-16    0.312711549953159E+00 -0.230319772378415E-17
  0.00000000  0.00000000  0.01000000    0.1377D-01  0.319787766299027E+01  0.235534162028184E-16    0.312707397025602E+00 -0.230319238196149E-17
  0.00000000  0.00000000  0.01000000    0.1421D-01  0.319792282663694E+01  0.235540234032019E-16    0.312702980719406E+00 -0.230318670130688E-17
  0.00000000  0.00000000  0.01000000    0.1466D-01  0.319797085391748E+01  0.235546691114742E-16    0.312698284530959E+00 -0.230318066058348E-17
  0.00000000  0.00000000  0.01000000    0.1513D-01  0.319802192440532E+01  0.235553557434264E-16    0.312693290927313E+00 -0.230317423722641E-17
  0.00000000  0.00000000  0.01000000    0.1561D-01  0.319807622889785E+01  0.235560858659965E-16    0.312687981281994E+00 -0.230316740726415E-17
  0.00000000  0.00000000  0.01000000    0.1610D-01  0.319813397011965E+01  0.235568622067418E-16    0.312682335806773E+00 -0.230316014522892E-17
  0.00000000  0.00000000  0.01000000    0.1662D-01  0.319819536347046E+01  0.235576876639148E-16    0.312676333479162E+00 -0.230315242406179E-17
  0.00000000  0.00000000  0.01000000    0.1714D-01  0.319826063782028E+01  0.235585653172238E-16    0.312669951965370E+00 -0.230314421501608E-17
  0.00000000  0.00000000  0.01000000    0.1768D-01  0.319833003635511E+01  0.235594984392412E-16    0.312663167538402E+00 -0.230313548755082E-17
  0.00000000  0.00000000  0.01000000    0.1824D-01  0.319840381747632E+01  0.235604905075150E-16    0.312655954991025E+00 -0.230312620921533E-17
  0.00000000  0.00000000  0.01000000    0.1882D-01  0.319848225575728E+01  0.235615452175660E-16    0.312648287543255E+00 -0.230311634553710E-17
  0.00000000  0.00000000  0.01000000    0.1941D-01  0.319856564296090E+01  0.235626664965546E-16    0.312640136744013E+00 -0.230310585988698E-17
  0.00000000  0.00000000  0.01000000    0.2002D-01  0.319865428912231E+01  0.235638585179504E-16    0.312631472366585E+00 -0.230309471334777E-17
  0.00000000  0.00000000  0.01000000    0.2065D-01  0.319874852370055E+01  0.235651257171052E-16    0.312622262297483E+00 -0.230308286457085E-17
  0.00000000  0.00000000  0.01000000    0.2130D-01  0.319884869680426E+01  0.235664728078546E-16    0.312612472418288E+00 -0.230307026962600E-17
  0.00000000  0.00000000  0.01000000    0.2197D-01  0.319895518049602E+01  0.235679048000856E-16    0.312602066480013E+00 -0.230305688183122E-17
  0.00000000  0.00000000  0.01000000    0.2266D-01  0.319906837018059E+01  0.235694270186401E-16    0.312591005969513E+00 -0.230304265159104E-17
  0.00000000  0.00000000  0.01000000    0.2337D-01  0.319918868608282E+01  0.235710451232497E-16    0.312579249967413E+00 -0.230302752620534E-17
  0.00000000  0.00000000  0.01000000    0.2410D-01  0.319931657482105E+01  0.235727651298554E-16    0.312566754997021E+00 -0.230301144967436E-17
  0.00000000  0.00000000  0.01000000    0.2486D-01  0.319945251108251E+01  0.235745934333890E-16    0.312553474863628E+00 -0.230299436249796E-17
  0.00000000  0.00000000  0.01000000    0.2564D-01  0.319959699940782E+01  0.235765368318632E-16    0.312539360483548E+00 -0.230297620144384E-17
  0.00000000  0.00000000  0.01000000    0.2644D-01  0.319975057609157E+01  0.235786025522840E-16    0.312524359702274E+00 -0.230295689932430E-17
  0.00000000  0.00000000  0.01000000    0.2726D-01  0.319991381120751E+01  0.235807982780468E-16    0.312508417100973E+00 -0.230293638473622E-17
  0.00000000  0.00000000  0.01000000    0.2811D-01  0.320008731076644E+01  0.235831321783289E-16    0.312491473790599E+00 -0.230291458180228E-17
  0.00000000  0.00000000  0.01000000    0.2899D-01  0.320027171901631E+01  0.235856129393246E-16    0.312473467192772E+00 -0.230289140988403E-17
  0.00000000  0.00000000  0.01000000    0.2989D-01  0.320046772089428E+01  0.235882497976053E-16    0.312454330806555E+00 -0.230286678328042E-17
  0.00000000  0.00000000  0.01000000    0.3082D-01  0.320067604464147E+01  0.235910525757437E-16    0.312433993960178E+00 -0.230284061090906E-17
  0.00000000  0.00000000  0.01000000    0.3178D-01  0.320089746459191E+01  0.235940317202962E-16    0.312412381546715E+00 -0.230281279596260E-17
  0.00000000  0.00000000  0.01000000    0.3277D-01  0.320113280414808E+01  0.235971983424088E-16    0.312389413742593E+00 -0.230278323554732E-17
  0.00000000  0.00000000  0.01000000    0.3379D-01  0.320138293895640E+01  0.236005642611392E-16    0.312365005707810E+00 -0.230275182029346E-17
  0.00000000  0.00000000  0.01000000    0.3484D-01  0.320164880029716E+01  0.236041420497972E-16    0.312339067266586E+00 -0.230271843394484E-17
  0.00000000  0.00000000  0.01000000    0.3592D-01  0.320193137870455E+01  0.236079450854615E-16    0.312311502567111E+00 -0.230268295291991E-17
  0.00000000  0.00000000  0.01000000    0.3703D-01  0.320223172783362E+01  0.236119876019176E-16    0.312282209718946E+00 -0.230264524584284E-17
  0.00000000  0.00000000  0.01000000    0.3818D-01  0.320255096859252E+01  0.236162847463057E-16    0.312251080406532E+00 -0.230260517304526E-17
  0.00000000  0.00000000  0.01000000    0.3936D-01  0.320289029356009E+01  0.236208526397728E-16    0.312217999477115E+00 -0.230256258603733E-17
  0.00000000  0.00000000  0.01000000    0.4058D-01  0.320325097171001E+01  0.236257084423914E-16    0.312182844501305E+00 -0.230251732694142E-17
  0.00000000  0.00000000  0.01000000    0.4184D-01  0.320363435346521E+01  0.236308704227057E-16    0.312145485304324E+00 -0.230246922788817E-17
  0.00000000  0.00000000  0.01000000    0.4313D-01  0.320404187610803E+01  0.236363580323315E-16    0.312105783465822E+00 -0.230241811037764E-17
  0.00000000  0.00000000  0.01000000    0.4447D-01  0.320447506957373E+01  0.236421919859186E-16    0.312063591786040E+00 -0.230236378459400E-17
  0.00000000  0.00000000  0.01000000    0.4584D-01  0.320493556265783E+01  0.236483943469853E-16    0.312018753715818E+00 -0.230230604867680E-17
  0.00000000  0.00000000  0.01000000    0.4726D-01  0.320542508967024E+01  0.236549886200759E-16    0.311971102747834E+00 -0.230224468794300E-17
  0.00000000  0.00000000  0.01000000    0.4872D-01  0.320594549757224E+01  0.236619998498375E-16    0.311920461766199E+00 -0.230217947406224E-17
  0.00000000  0.00000000  0.01000000    0.5022D-01  0.320649875363602E+01  0.236694547275257E-16    0.311866642351271E+00 -0.230211016417467E-17
  0.00000000  0.00000000  0.01000000    0.5177D-01  0.320708695367023E+01  0.236773817055928E-16    0.311809444036305E+00 -0.230203649994811E-17
  0.00000000  0.00000000  0.01000000    0.5337D-01  0.320771233085871E+01  0.236858111212060E-16    0.311748653512298E+00 -0.230195820658453E-17
  0.00000000  0.00000000  0.01000000    0.5501D-01  0.320837726526541E+01  0.236947753292405E-16    0.311684043776964E+00 -0.230187499174707E-17
  0.00000000  0.00000000  0.01000000    0.5671D-01  0.320908429406245E+01  0.237043088458829E-16    0.311615373223518E+00 -0.230178654443024E-17
  0.00000000  0.00000000  0.01000000    0.5846D-01  0.320983612254547E+01  0.237144485036582E-16    0.311542384664479E+00 -0.230169253375271E-17
  0.00000000  0.00000000  0.01000000    0.6026D-01  0.321063563600595E+01  0.237252336189622E-16    0.311464804285299E+00 -0.230159260766997E-17
  0.00000000  0.00000000  0.01000000    0.6211D-01  0.321148591253881E+01  0.237367061733938E-16    0.311382340522073E+00 -0.230148639161025E-17
  0.00000000  0.00000000  0.01000000    0.6403D-01  0.321239023687071E+01  0.237489110101566E-16    0.311294682857127E+00 -0.230137348702395E-17
  0.00000000  0.00000000  0.01000000    0.6600D-01  0.321335211530526E+01  0.237618960470304E-16    0.311201500525567E+00 -0.230125346984139E-17
  0.00000000  0.00000000  0.01000000    0.6803D-01  0.321437529189121E+01  0.237757125076520E-16    0.311102441125237E+00 -0.230112588884120E-17
  0.00000000  0.00000000  0.01000000    0.7012D-01  0.321546376593228E+01  0.237904151729272E-16    0.310997129121766E+00 -0.230099026391924E-17
  0.00000000  0.00000000  0.01000000    0.7227D-01  0.321662181097107E+01  0.238060626547155E-16    0.310885164239470E+00 -0.230084608425634E-17
  0.00000000  0.00000000  0.01000000    0.7450D-01  0.321785399539532E+01  0.238227176942752E-16    0.310766119727924E+00 -0.230069280639134E-17
  0.00000000  0.00000000  0.01000000    0.7678D-01  0.321916520483253E+01  0.238404474879882E-16    0.310639540492928E+00 -0.230052985217939E-17
  0.00000000  0.00000000  0.01000000    0.7914D-01  0.322056066652000E+01  0.238593240437267E-16    0.310504941079268E+00 -0.230035660666308E-17
  0.00000000  0.00000000  0.01000000    0.8157D-01  0.322204597586047E+01  0.238794245710681E-16    0.310361803491319E+00 -0.230017241583041E-17
  0.00000000  0.00000000  0.01000000    0.8408D-01  0.322362712540120E+01  0.239008319095447E-16    0.310209574835844E+00 -0.229997658428317E-17
  0.00000000  0.00000000  0.01000000    0.8666D-01  0.322531053650516E+01  0.239236349994884E-16    0.310047664769535E+00 -0.229976837282385E-17
  0.00000000  0.00000000  0.01000000    0.8932D-01  0.322710309401945E+01  0.239479294005319E-16    0.309875442731664E+00 -0.229954699595715E-17
  0.00000000  0.00000000  0.01000000    0.9206D-01  0.322901218428828E+01  0.239738178640352E-16    0.309692234939774E+00 -0.229931161934857E-17
  0.00000000  0.00000000  0.01000000    0.9488D-01  0.323104573690599E+01  0.240014109662206E-16    0.309497321123528E+00 -0.229906135725069E-17
  0.00000000  0.00000000  0.01000000    0.9779D-01  0.323321227066324E+01  0.240308278100451E-16    0.309289930968518E+00 -0.229879526993151E-17
  0.00000000  0.00000000  0.01000000    0.1008D+00  0.323552094420576E+01  0.240621968052804E-16    0.309069240238058E+00 -0.229851236116545E-17
  0.00000000  0.00000000  0.01000000    0.1039D+00  0.323798161200329E+01  0.240956565375949E-16    0.308834366536540E+00 -0.229821157584220E-17
  0.00000000  0.00000000  0.01000000    0.1071D+00  0.324060488631876E+01  0.241313567393051E-16    0.308584364672724E+00 -0.229789179777125E-17
  0.00000000  0.00000000  0.01000000    0.1103D+00  0.324340220597694E+01  0.241694593769398E-16    0.308318221575234E+00 -0.229755184780987E-17
  0.00000000  0.00000000  0.01000000    0.1137D+00  0.324638591286078E+01  0.242101398730180E-16    0.308034850705344E+00 -0.229719048243677E-17
  0.00000000  0.00000000  0.01000000    0.1172D+00  0.324956933721919E+01  0.242535884830531E-16    0.307733085903545E+00 -0.229680639297009E-17
  0.00000000  0.00000000  0.01000000    0.1208D+00  0.325296689305402E+01  0.243000118524956E-16    0.307411674596282E+00 -0.229639820566140E-17
  0.00000000  0.00000000  0.01000000    0.1245D+00  0.325659418507739E+01  0.243496347832319E-16    0.307069270276989E+00 -0.229596448297427E-17
  0.00000000  0.00000000  0.01000000    0.1283D+00  0.326046812899928E+01  0.244027022451886E-16    0.306704424160995E+00 -0.229550372644800E-17
  0.00000000  0.00000000  0.01000000    0.1322D+00  0.326460708723245E+01  0.244594816757787E-16    0.306315575896070E+00 -0.229501438165016E-17
  0.00000000  0.00000000  0.01000000    0.1363D+00  0.326903102250119E+01  0.245202656191479E-16    0.305901043188903E+00 -0.229449484588475E-17
  0.00000000  0.00000000  0.01000000    0.1405D+00  0.327376167233103E+01  0.245853747684412E-16    0.305459010181387E+00 -0.229394347950786E-17
  0.00000000  0.00000000  0.01000000    0.1448D+00  0.327882274800338E+01  0.246551614884257E-16    0.304987514378124E+00 -0.229335862193989E-17
  0.00000000  0.00000000  0.01000000    0.1492D+00  0.328424016231289E+01  0.247300139141824E-16    0.304484431886297E+00 -0.229273861382207E-17
  0.00000000  0.00000000  0.01000000    0.1537D+00  0.329004229141093E+01  0.248103607441404E-16    0.303947460678736E+00 -0.229208182715211E-17
  0.00000000  0.00000000  0.01000000    0.1585D+00  0.329626027720963E+01  0.248966768754832E-16    0.303374101527724E+00 -0.229138670582154E-17
  0.00000000  0.00000000  0.01000000    0.1633D+00  0.330292837833685E+01  0.249894900680945E-16    0.302761636176785E+00 -0.229065181971929E-17
  0.00000000  0.00000000  0.01000000    0.1683D+00  0.331008437957471E+01  0.250893888726794E-16    0.302107102214863E+00 -0.228987593652851E-17
  0.00000000  0.00000000  0.01000000    0.1734D+00  0.331777007222714E+01  0.251970321244364E-16    0.301407263984609E+00 -0.228905811669481E-17
  0.00000000  0.00000000  0.01000000    0.1787D+00  0.332603182114339E+01  0.253131603901587E-16    0.300658578683180E+00 -0.228819783878923E-17
  0.00000000  0.00000000  0.01000000    0.1842D+00  0.333492123845440E+01  0.254386098730420E-16    0.299857156585640E+00 -0.228729516489481E-17
  0.00000000  0.00000000  0.01000000    0.1898D+00  0.334449598985783E+01  0.255743294370507E-16    0.298998714016252E+00 -0.228635095891719E-17
  0.00000000  0.00000000  0.01000000    0.1956D+00  0.335482076709166E+01  0.257214016282132E-16    0.298078517281540E+00 -0.228536717518516E-17
  0.00000000  0.00000000  0.01000000    0.2016D+00  0.336596847092059E+01  0.258810688693105E-16    0.297091315215588E+00 -0.228434724091925E-17
  0.00000000  0.00000000  0.01000000    0.2078D+00  0.337802166379242E+01  0.260547664240520E-16    0.296031257205534E+00 -0.228329656478563E-17
  0.00000000  0.00000000  0.01000000    0.2141D+00  0.339107437225060E+01  0.262441643245781E-16    0.294891792460546E+00 -0.228222321593247E-17
  0.00000000  0.00000000  0.01000000    0.2207D+00  0.340523434923079E+01  0.264512213199098E-16    0.293665544700584E+00 -0.228113883517640E-17
  0.00000000  0.00000000  0.01000000    0.2274D+00  0.342062595033317E+01  0.266782551733415E-16    0.292344154116763E+00 -0.228005986483323E-17
  0.00000000  0.00000000  0.01000000    0.2343D+00  0.343739384389298E+01  0.269280355380348E-16    0.290918074976088E+00 -0.227900921959546E-17
  0.00000000  0.00000000  0.01000000    0.2415D+00  0.345570787532470E+01  0.272039085443061E-16    0.289376311910057E+00 -0.227801857335818E-17
  0.00000000  0.00000000  0.01000000    0.2489D+00  0.347576956456465E+01  0.275099667694066E-16    0.287706069526290E+00 -0.227713151433160E-17
  0.00000000  0.00000000  0.01000000    0.2565D+00  0.349782097230290E+01  0.278512855269704E-16    0.285892276339580E+00 -0.227640793549443E-17
  0.00000000  0.00000000  0.01000000    0.2643D+00  0.352215710228754E+01  0.282342583861914E-16    0.283916921068208E+00 -0.227593019756144E-17
  0.00000000  0.00000000  0.01000000    0.2724D+00  0.354914376232354E+01  0.286670852023802E-16    0.281758099126795E+00 -0.227581185069848E-17
  0.00000000  0.00000000  0.01000000    0.2807D+00  0.357924419346731E+01  0.291605019149935E-16    0.279388593218971E+00 -0.227621005084227E-17
  0.00000000  0.00000000  0.01000000    0.2893D+00  0.361306047366980E+01  0.297289077175858E-16    0.276773667999057E+00 -0.227734323700491E-17
  0.00000000  0.00000000  0.01000000    0.2981D+00  0.365140132659156E+01  0.303921740640380E-16    0.273867458150227E+00 -0.227951592117839E-17
  0.00000000  0.00000000  0.01000000    0.3072D+00  0.369540077760675E+01  0.311786864969626E-16    0.270606643279333E+00 -0.228315146382198E-17
  0.00000000  0.00000000  0.01000000    0.3166D+00  0.374674484706054E+01  0.321307667282737E-16    0.266898345315544E+00 -0.228882638758385E-17
  0.00000000  0.00000000  0.01000000    0.3262D+00  0.380816176117266E+01  0.333151016655948E-16    0.262593887212413E+00 -0.229726114537513E-17
  0.00000000  0.00000000  0.01000000    0.3362D+00  0.388471058919049E+01  0.348450363490145E-16    0.257419433710861E+00 -0.230899813992754E-17
  0.00000000  0.00000000  0.01000000    0.3464D+00  0.398936250034051E+01  0.369364612983489E-16    0.250666616511948E+00 -0.232085647237907E-17
  0.00000000  0.00000000  0.01000000    0.3570D+00  0.417397910276596E+01  0.938543943012505E-02    0.239578330266216E+00 -0.538706076892916E-03
  0.00000000  0.00000000  0.01000000    0.3679D+00  0.432568700796732E+01  0.239540411759736E+00    0.230470406607925E+00 -0.127625914671155E-01
  0.00000000  0.00000000  0.01000000    0.3791D+00  0.433669038655084E+01  0.443705984322433E+00    0.228201720434546E+00 -0.233483278639163E-01
  0.00000000  0.00000000  0.01000000    0.3907D+00  0.430212869844477E+01  0.573874212574155E+00    0.228379352443421E+00 -0.304642260235131E-01
  0.00000000  0.00000000  0.01000000    0.4026D+00  0.426524458844711E+01  0.673108720074757E+00    0.228756026679461E+00 -0.361005501875940E-01
  0.00000000  0.00000000  0.01000000    0.4149D+00  0.424661598907803E+01  0.734634222719990E+00    0.228639238505547E+00 -0.395529545630707E-01
  0.00000000  0.00000000  0.01000000    0.4276D+00  0.423339261065032E+01  0.823936713563252E+00    0.227595822262115E+00 -0.442965184338445E-01
  0.00000000  0.00000000  0.01000000    0.4406D+00  0.420831222417140E+01  0.885965117298603E+00    0.227539974266006E+00 -0.479034038474642E-01
  0.00000000  0.00000000  0.01000000    0.4540D+00  0.420572869100014E+01  0.924949104118982E+00    0.226801132914452E+00 -0.498794668213623E-01
  0.00000000  0.00000000  0.01000000    0.4679D+00  0.422078301032809E+01  0.987861411259657E+00    0.224618705870374E+00 -0.525713241437583E-01
  0.00000000  0.00000000  0.01000000    0.4822D+00  0.422554872722335E+01  0.106032537553526E+01    0.222636906222479E+00 -0.558667232204613E-01
  0.00000000  0.00000000  0.01000000    0.4969D+00  0.423768117851631E+01  0.110558730946244E+01    0.220939656628302E+00 -0.576419202472335E-01
  0.00000000  0.00000000  0.01000000    0.5120D+00  0.427660327549198E+01  0.116069849846531E+01    0.217787841672044E+00 -0.591090649584888E-01
  0.00000000  0.00000000  0.01000000    0.5276D+00  0.432702240156772E+01  0.123757793015529E+01    0.213630303207076E+00 -0.611007117424839E-01
  0.00000000  0.00000000  0.01000000    0.5437D+00  0.438592165140698E+01  0.132090006340038E+01    0.209041691744498E+00 -0.629567068964973E-01
  0.00000000  0.00000000  0.01000000    0.5603D+00  0.447309342710532E+01  0.141076115927002E+01    0.203333409838740E+00 -0.641289706233703E-01
  0.00000000  0.00000000  0.01000000    0.5774D+00  0.459768929173460E+01  0.154257885949187E+01    0.195494147243709E+00 -0.655905868268803E-01
  0.00000000  0.00000000  0.01000000    0.5950D+00  0.476280147498499E+01  0.173433117577126E+01    0.185379403706349E+00 -0.675042369249330E-01
  0.00000000  0.00000000  0.01000000    0.6131D+00  0.503228367511262E+01  0.203350713644660E+01    0.170823127257233E+00 -0.690283121489440E-01
  0.00000000  0.00000000  0.01000000    0.6318D+00  0.503857021662669E+01  0.290720036973612E+01    0.148898302201067E+00 -0.859127055099040E-01
  0.00000000  0.00000000  0.01000000    0.6511D+00  0.436143084241360E+01  0.364578310646290E+01    0.134971096767056E+00 -0.112824291438676E+00
  0.00000000  0.00000000  0.01000000    0.6709D+00  0.365253816550391E+01  0.342686045085166E+01    0.145609903320705E+00 -0.136613170439854E+00
  0.00000000  0.00000000  0.01000000    0.6914D+00  0.337110918707741E+01  0.319864117467982E+01    0.156101071806797E+00 -0.148114845287984E+00
  0.00000000  0.00000000  0.01000000    0.7125D+00  0.328416595189294E+01  0.301464900594555E+01    0.165250577367274E+00 -0.151689194787810E+00
  0.00000000  0.00000000  0.01000000    0.7342D+00  0.334901686626093E+01  0.288831609788888E+01    0.171232654747904E+00 -0.147677379046704E+00
  0.00000000  0.00000000  0.01000000    0.7565D+00  0.376453576394152E+01  0.278858231301604E+01    0.171521293171004E+00 -0.127054509356424E+00
  0.00000000  0.00000000  0.01000000    0.7796D+00  0.432575966035694E+01  0.357500196221964E+01    0.137356943840047E+00 -0.113517944201306E+00
  0.00000000  0.00000000  0.01000000    0.8034D+00  0.358512140882903E+01  0.552053952491198E+01    0.827409817094336E-01 -0.127408477362037E+00
  0.00000000  0.00000000  0.01000000    0.8279D+00  0.165577033939348E+01  0.568990562160443E+01    0.471506430976331E-01 -0.162028937734058E+00
  0.00000000  0.00000000  0.01000000    0.8531D+00  0.577359818493439E+00  0.427292440750414E+01    0.310554977115804E-01 -0.229835520083927E+00
  0.00000000  0.00000000  0.01000000    0.8791D+00  0.588004567987504E+00  0.339297440063829E+01    0.495870589813348E-01 -0.286133188220717E+00
  0.00000000  0.00000000  0.01000000    0.9059D+00  0.745326788400789E+00  0.306756392636304E+01    0.747910034971145E-01 -0.307819587212891E+00
  0.00000000  0.00000000  0.01000000    0.9335D+00  0.826746301075003E+00  0.285350766849825E+01    0.936715219651724E-01 -0.323306443463933E+00
  0.00000000  0.00000000  0.01000000    0.9619D+00  0.606392292065319E+00  0.287739993741714E+01    0.701263251191123E-01 -0.332757335720376E+00
  0.00000000  0.00000000  0.01000000    0.9913D+00  0.841790210241949E+00  0.188086694643053E+01    0.198242214167752E+00 -0.442945550421830E+00
  0.00000000  0.00000000  0.01000000    0.1021D+01  0.143039204480542E+01  0.228972049136932E+01    0.196244091476091E+00 -0.314140531747774E+00
  0.00000000  0.00000000  0.01000000    0.1053D+01  0.143543099352155E+01  0.265625736274740E+01    0.157459956465245E+00 -0.291378805798659E+00
  0.00000000  0.00000000  0.01000000    0.1085D+01  0.151318067027757E+01  0.274011936549642E+01    0.154438183532731E+00 -0.279661950342321E+00
  0.00000000  0.00000000  0.01000000    0.1118D+01  0.983237895191049E+00  0.379734860301921E+01    0.639021650988916E-01 -0.246795611270687E+00
  0.00000000  0.00000000  0.01000000    0.1152D+01  0.724468390532087E-01  0.324038688254796E+01    0.689618144971008E-02 -0.308450944186797E+00
  0.00000000  0.00000000  0.01000000    0.1187D+01 -0.398309032243140E-01  0.263538715437359E+01   -0.573366231012344E-02 -0.379364231700159E+00
  0.00000000  0.00000000  0.01000000    0.1223D+01 -0.200115367821158E+00  0.275916921895815E+01   -0.261484090364335E-01 -0.360531458046403E+00
  0.00000000  0.00000000  0.01000000    0.1260D+01 -0.335743648301210E+00  0.218372046629049E+01   -0.687807754124500E-01 -0.447359131633511E+00
  0.00000000  0.00000000  0.01000000    0.1299D+01 -0.455011584992187E+00  0.237745487994043E+01   -0.776559433676625E-01 -0.405755606242415E+00
  0.00000000  0.00000000  0.01000000    0.1338D+01 -0.979674261890931E+00  0.205266363678380E+01   -0.189375283973026E+00 -0.396788784025761E+00
  0.00000000  0.00000000  0.01000000    0.1379D+01 -0.101136913220977E+01  0.106318142683105E+01   -0.469700293957525E+00 -0.493762972201476E+00
  0.00000000  0.00000000  0.01000000    0.1421D+01 -0.585019362929077E+00  0.731790108389310E+00   -0.666487899380131E+00 -0.833697622734374E+00
  0.00000000  0.00000000  0.01000000    0.1464D+01 -0.226471882385187E+00  0.608830750673096E+00   -0.536708509714114E+00 -0.144284862836136E+01
  0.00000000  0.00000000  0.01000000    0.1509D+01 -0.952029425417562E-01  0.765856366496019E+00   -0.159843872692963E+00 -0.128585781362370E+01
  0.00000000  0.00000000  0.01000000    0.1555D+01 -0.972260093100314E-01  0.616600198675330E+00   -0.249522220496907E+00 -0.158245156644960E+01
  0.00000000  0.00000000  0.01000000    0.1602D+01 -0.382158460343751E-02  0.502549406854325E+00   -0.151307632500332E-01 -0.198973904430053E+01
  0.00000000  0.00000000  0.01000000    0.1651D+01  0.961717487843642E-01  0.429106201588575E+00    0.497317111816924E+00 -0.221896616765542E+01
  0.00000000  0.00000000  0.01000000    0.1701D+01  0.180544864653919E+00  0.372844005541100E+00    0.105207045547561E+01 -0.217263539166778E+01
  0.00000000  0.00000000  0.01000000    0.1753D+01  0.268244538962963E+00  0.306949667756238E+00    0.161424639212349E+01 -0.184716675185483E+01
  0.00000000  0.00000000  0.01000000    0.1807D+01  0.357397668771609E+00  0.277860973718290E+00    0.174391525575135E+01 -0.135581743638878E+01
  0.00000000  0.00000000  0.01000000    0.1862D+01  0.430913316209699E+00  0.254411823529869E+00    0.172081968028796E+01 -0.101597434184442E+01
  0.00000000  0.00000000  0.01000000    0.1919D+01  0.495162341199791E+00  0.236029260160369E+00    0.164562862981692E+01 -0.784422553325171E+00
  0.00000000  0.00000000  0.01000000    0.1977D+01  0.567662143468904E+00  0.209019240208730E+00    0.155128890457536E+01 -0.571201077805072E+00
  0.00000000  0.00000000  0.01000000    0.2037D+01  0.638422888047920E+00  0.224850912212127E+00    0.139350525125288E+01 -0.490788993913827E+00
  0.00000000  0.00000000  0.01000000    0.2099D+01  0.666288901220953E+00  0.253424292362489E+00    0.131116704291750E+01 -0.498704960282977E+00
  0.00000000  0.00000000  0.01000000    0.2163D+01  0.734792383937937E+00  0.200051431642233E+00    0.126701356735274E+01 -0.344951694655097E+00
  0.00000000  0.00000000  0.01000000    0.2229D+01  0.799426506563101E+00  0.319000676107772E+00    0.107907511204504E+01 -0.430590789131242E+00
  0.00000000  0.00000000  0.01000000    0.2297D+01  0.686046734008642E+00  0.441036597175313E+00    0.103138028772076E+01 -0.663040037858894E+00
  0.00000000  0.00000000  0.01000000    0.2367D+01  0.602892665318968E+00  0.256911703556437E+00    0.140376312813076E+01 -0.598188031441688E+00
  0.00000000  0.00000000  0.01000000    0.2439D+01  0.685630815471693E+00  0.169524860654963E+00    0.137448261135083E+01 -0.339846121125136E+00
  0.00000000  0.00000000  0.01000000    0.2513D+01  0.744913473879680E+00  0.205245481474838E+00    0.124771571962362E+01 -0.343782227866158E+00
  0.00000000  0.00000000  0.01000000    0.2590D+01  0.751270871035922E+00  0.197721038593524E+00    0.124485329818122E+01 -0.327623093749892E+00
  0.00000000  0.00000000  0.01000000    0.2669D+01  0.781561972605147E+00  0.164711992438836E+00    0.122507798918949E+01 -0.258181748300475E+00
  0.00000000  0.00000000  0.01000000    0.2750D+01  0.812119845685340E+00  0.186458521242896E+00    0.116968673688804E+01 -0.268554032309754E+00
  0.00000000  0.00000000  0.01000000    0.2834D+01  0.813450370677497E+00  0.192196897472035E+00    0.116433217144303E+01 -0.275101025268262E+00
  0.00000000  0.00000000  0.01000000    0.2920D+01  0.812271831976429E+00  0.180744226051234E+00    0.117303362673018E+01 -0.261019829383385E+00
  0.00000000  0.00000000  0.01000000    0.3009D+01  0.810741697971835E+00  0.163932758506444E+00    0.118498988353044E+01 -0.239606104996618E+00
  0.00000000  0.00000000  0.01000000    0.3101D+01  0.838139309658962E+00  0.111247033143866E+00    0.117246319882631E+01 -0.155622163089889E+00
  0.00000000  0.00000000  0.01000000    0.3195D+01  0.892830402597904E+00  0.110532654674338E+00    0.110312646566274E+01 -0.136567366362563E+00
  0.00000000  0.00000000  0.01000000    0.3293D+01  0.946892369510302E+00  0.130488899478529E+00    0.103640397724217E+01 -0.142824273127728E+00
  0.00000000  0.00000000  0.01000000    0.3393D+01  0.942350610342265E+00  0.227903154935209E+00    0.100253848889772E+01 -0.242459316157052E+00
  0.00000000  0.00000000  0.01000000    0.3496D+01  0.875401596155323E+00  0.236245853210650E+00    0.106478402061217E+01 -0.287354752994939E+00
  0.00000000  0.00000000  0.01000000    0.3603D+01  0.843686583872094E+00  0.181502077998561E+00    0.113284527733170E+01 -0.243708713421633E+00
  0.00000000  0.00000000  0.01000000    0.3713D+01  0.847072384359450E+00  0.149622791213704E+00    0.114481833513297E+01 -0.202215203680320E+00
  0.00000000  0.00000000  0.01000000    0.3826D+01  0.866939455590188E+00  0.112615078750884E+00    0.113434230539599E+01 -0.147350598970794E+00
  0.00000000  0.00000000  0.01000000    0.3942D+01  0.894661798664395E+00  0.108764553426368E+00    0.110146185432093E+01 -0.133905356057719E+00
  0.00000000  0.00000000  0.01000000    0.4062D+01  0.904097439851452E+00  0.113781064632652E+00    0.108883021224310E+01 -0.137029766142875E+00
  0.00000000  0.00000000  0.01000000    0.4186D+01  0.916155084267375E+00  0.943699981214516E-01    0.108005845297787E+01 -0.111253122892492E+00
  0.00000000  0.00000000  0.01000000    0.4313D+01  0.942050714314647E+00  0.940203199117593E-01    0.105104471452870E+01 -0.104898344430898E+00
  0.00000000  0.00000000  0.01000000    0.4445D+01  0.956078768476884E+00  0.113809394724207E+00    0.103132508197578E+01 -0.122766541014759E+00
  0.00000000  0.00000000  0.01000000    0.4580D+01  0.952502027740573E+00  0.126625846546149E+00    0.103163434722328E+01 -0.137145715955170E+00
  0.00000000  0.00000000  0.01000000    0.4720D+01  0.949705315526893E+00  0.123419425151708E+00    0.103547072468187E+01 -0.134565111421702E+00
  0.00000000  0.00000000  0.01000000    0.4863D+01  0.948263273732569E+00  0.129564172116286E+00    0.103523309077096E+01 -0.141447129788293E+00
  0.00000000  0.00000000  0.01000000    0.5012D+01  0.942166075729717E+00  0.129374546211935E+00    0.104174123749816E+01 -0.143047816455501E+00
  0.00000000  0.00000000  0.01000000    0.5164D+01  0.923934704346301E+00  0.133359367399673E+00    0.106023896313849E+01 -0.153033322324084E+00
  0.00000000  0.00000000  0.01000000    0.5322D+01  0.919565254324898E+00  0.914959912615157E-01    0.107680989347792E+01 -0.107141704344083E+00
  0.00000000  0.00000000  0.01000000    0.5484D+01  0.936973720460911E+00  0.830403331229314E-01    0.105894819164331E+01 -0.938504556464285E-01
  0.00000000  0.00000000  0.01000000    0.5651D+01  0.943875780033721E+00  0.786478237117909E-01    0.105215638324683E+01 -0.876702331994110E-01
  0.00000000  0.00000000  0.01000000    0.5823D+01  0.963681776729729E+00  0.554807202559516E-01    0.103425890402165E+01 -0.595439597508810E-01
  0.00000000  0.00000000  0.01000000    0.6000D+01  0.984861494555376E+00  0.729884522125767E-01    0.100982489343934E+01 -0.748384990024845E-01
  0.00000000  0.00000000  0.01000000    0.6183D+01  0.995530715797327E+00  0.722806849164078E-01    0.999221938053497E+00 -0.725486867656938E-01
  0.00000000  0.00000000  0.01000000    0.6371D+01  0.102125826580307E+01  0.780315323065851E-01    0.973500877438907E+00 -0.743825217499007E-01
  0.00000000  0.00000000  0.01000000    0.6565D+01  0.103158405054619E+01  0.127994286188517E+00    0.954685833990357E+00 -0.118453103061440E+00
  0.00000000  0.00000000  0.01000000    0.6765D+01  0.978431503840324E+00  0.177409588938971E+00    0.989511689666679E+00 -0.179418652634391E+00
  0.00000000  0.00000000  0.01000000    0.6971D+01  0.946573412937566E+00  0.998850779805014E-01    0.104480809316924E+01 -0.110251076603767E+00
  0.00000000  0.00000000  0.01000000    0.7184D+01  0.100746206093431E+01  0.653790812652299E-01    0.988430592461447E+00 -0.641440373145623E-01
  0.00000000  0.00000000  0.01000000    0.7402D+01  0.102440184437860E+01  0.163693584579260E+00    0.951874058984524E+00 -0.152104057248848E+00
  0.00000000  0.00000000  0.01000000    0.7628D+01  0.989989743834454E+00  0.165929665576065E+00    0.982510532907986E+00 -0.164676094036026E+00
  0.00000000  0.00000000  0.01000000    0.7860D+01  0.959373999053207E+00  0.197247902836020E+00    0.100007171213111E+01 -0.205615378463629E+00
  0.00000000  0.00000000  0.01000000    0.8100D+01  0.900972113084831E+00  0.194918135071900E+00    0.106028673991405E+01 -0.229384584699186E+00
  0.00000000  0.00000000  0.01000000    0.8346D+01  0.868461350520207E+00  0.133784180898994E+00    0.112477025763740E+01 -0.173267892149069E+00
  0.00000000  0.00000000  0.01000000    0.8600D+01  0.881249646350980E+00  0.912603840313404E-01    0.112271199148060E+01 -0.116265723252618E+00
  0.00000000  0.00000000  0.01000000    0.8862D+01  0.912112502114955E+00  0.782405352392212E-01    0.108834779165950E+01 -0.933579065613239E-01
  0.00000000  0.00000000  0.01000000    0.9132D+01  0.903686702940857E+00  0.123195244898982E+00    0.108638815669838E+01 -0.148102051943736E+00
  0.00000000  0.00000000  0.01000000    0.9410D+01  0.868100294090787E+00  0.944682496451699E-01    0.113845878802173E+01 -0.123889151667914E+00
  0.00000000  0.00000000  0.01000000    0.9697D+01  0.862888690940025E+00  0.572622953472563E-01    0.115381684245043E+01 -0.765686252499829E-01
  0.00000000  0.00000000  0.01000000    0.9992D+01  0.875838954326125E+00  0.297574753328788E-01    0.114044592303616E+01 -0.387477529465928E-01
  0.00000000  0.00000000  0.01000000    0.1030D+02  0.890001571383123E+00  0.194429777229165E-01    0.112305754496694E+01 -0.245343194107079E-01
  0.00000000  0.00000000  0.01000000    0.1061D+02  0.902512937855407E+00  0.611650956358966E-02    0.110796646756401E+01 -0.750890897043034E-02
  0.00000000  0.00000000  0.01000000    0.1093D+02  0.917497653689010E+00  0.311378639791313E-03    0.108992091783752E+01 -0.369895325085355E-03
  0.00000000  0.00000000  0.01000000    0.1127D+02  0.929243977479268E+00  0.408213488231381E-10    0.107614364390358E+01 -0.472745975612967E-10
  0.00000000  0.00000000  0.01000000    0.1161D+02  0.937363789233837E+00  0.384647403349933E-05    0.106682166675173E+01 -0.437770467204526E-05
  0.00000000  0.00000000  0.01000000    0.1196D+02  0.943744941391417E+00  0.725749690244012E-18    0.105960832862918E+01 -0.814849841895634E-18
  0.00000000  0.00000000  0.01000000    0.1233D+02  0.949039154782857E+00  0.677760104234781E-18    0.105369730528010E+01 -0.752502140569689E-18
  0.00000000  0.00000000  0.01000000    0.1270D+02  0.953551842203151E+00  0.632713843464340E-18    0.104871067910637E+01 -0.695854944736322E-18
