# charge and hartree potential (planar average)
# eh=      205.97207968
#z-coordinate, smooth density, esm potential, gaussian density, spin density, splined esm potential
  -0.3012987E+02   0.20724738E-06  -0.91552699E-03  -0.22294199E-07   0.00000000E+00   0.99084642E-01
  -0.2987013E+02   0.24214547E-06   0.91527934E-03  -0.68909243E-08   0.00000000E+00   0.64196733E-01
  -0.2961039E+02   0.32287234E-06   0.27456659E-02   0.36094930E-07   0.00000000E+00   0.33995820E-01
  -0.2935065E+02   0.27394984E-06   0.45755380E-02  -0.65350111E-07   0.00000000E+00   0.13169377E-01
  -0.2909091E+02   0.49613453E-06   0.64048806E-02   0.94689499E-07   0.00000000E+00   0.64048806E-02
  -0.2883117E+02   0.34449417E-06   0.82334734E-02  -0.12414738E-06   0.00000000E+00   0.82334734E-02
  -0.2857143E+02   0.69259774E-06   0.10061361E-01   0.15375987E-06   0.00000000E+00   0.10061361E-01
  -0.2831169E+02   0.42986321E-06   0.11888223E-01  -0.18356548E-06   0.00000000E+00   0.11888223E-01
  -0.2805195E+02   0.91138994E-06   0.13714177E-01   0.21360585E-06   0.00000000E+00   0.13714177E-01
  -0.2779221E+02   0.55839430E-06   0.15538790E-01  -0.24392651E-06   0.00000000E+00   0.15538790E-01
  -0.2753247E+02   0.12200278E-05   0.17362213E-01   0.27457775E-06   0.00000000E+00   0.17362213E-01
  -0.2727273E+02   0.85259778E-06   0.19183825E-01  -0.30561572E-06   0.00000000E+00   0.19183825E-01
  -0.2701299E+02   0.18268270E-05   0.21003678E-01   0.33710370E-06   0.00000000E+00   0.21003678E-01
  -0.2675325E+02   0.16417544E-05   0.22820734E-01  -0.36911355E-06   0.00000000E+00   0.22820734E-01
  -0.2649351E+02   0.32165758E-05   0.24634609E-01   0.40172775E-06   0.00000000E+00   0.24634609E-01
  -0.2623377E+02   0.35786500E-05   0.26443363E-01  -0.43504113E-06   0.00000000E+00   0.26443363E-01
  -0.2597403E+02   0.62023261E-05   0.28245555E-01   0.46916505E-06   0.00000000E+00   0.28245555E-01
  -0.2571429E+02   0.76051299E-05   0.30037591E-01  -0.50422729E-06   0.00000000E+00   0.30037591E-01
  -0.2545455E+02   0.11832739E-04   0.31816131E-01   0.54038573E-06   0.00000000E+00   0.31816131E-01
  -0.2519481E+02   0.14882826E-04   0.33574990E-01  -0.57780968E-06   0.00000000E+00   0.33574990E-01
  -0.2493506E+02   0.21467460E-04   0.35307886E-01   0.61674974E-06   0.00000000E+00   0.35307886E-01
  -0.2467532E+02   0.27147120E-04   0.37004755E-01  -0.65738352E-06   0.00000000E+00   0.37004755E-01
  -0.2441558E+02   0.37540578E-04   0.38654671E-01   0.70025219E-06   0.00000000E+00   0.38654671E-01
  -0.2415584E+02   0.48009083E-04   0.40241201E-01  -0.74517069E-06   0.00000000E+00   0.40241201E-01
  -0.2389610E+02   0.65557469E-04   0.41745040E-01   0.79412239E-06   0.00000000E+00   0.41745040E-01
  -0.2363636E+02   0.85857883E-04   0.43137648E-01  -0.84380953E-06   0.00000000E+00   0.43137648E-01
  -0.2337662E+02   0.11818591E-03   0.44382657E-01   0.90513556E-06   0.00000000E+00   0.44382657E-01
  -0.2311688E+02   0.15946931E-03   0.45426367E-01  -0.95267473E-06   0.00000000E+00   0.45426367E-01
  -0.2285714E+02   0.22273263E-03   0.46196224E-01   0.10562959E-05   0.00000000E+00   0.46196224E-01
  -0.2259740E+02   0.30772877E-03   0.46585763E-01  -0.10390867E-05   0.00000000E+00   0.46585763E-01
  -0.2233766E+02   0.43373511E-03   0.46447337E-01   0.13673694E-05   0.00000000E+00   0.46447337E-01
  -0.2207792E+02   0.60652422E-03   0.45567365E-01  -0.83716519E-06   0.00000000E+00   0.45567365E-01
  -0.2181818E+02   0.85779887E-03   0.43647486E-01   0.25855517E-05   0.00000000E+00   0.43647486E-01
  -0.2155844E+02   0.12102328E-02   0.40259519E-01   0.14954379E-05   0.00000000E+00   0.40259519E-01
  -0.2129870E+02   0.17313662E-02   0.34795384E-01   0.94807936E-05   0.00000000E+00   0.34795384E-01
  -0.2103896E+02   0.25066256E-02   0.26360847E-01   0.17595841E-04   0.00000000E+00   0.26360847E-01
  -0.2077922E+02   0.37291037E-02   0.13613182E-01   0.49815076E-04   0.00000000E+00   0.13613182E-01
  -0.2051948E+02   0.56965289E-02  -0.55605328E-02   0.10919188E-03   0.00000000E+00  -0.55605328E-02
  -0.2025974E+02   0.89358630E-02  -0.34572277E-01   0.25024060E-03   0.00000000E+00  -0.34572277E-01
  -0.2000000E+02   0.14127351E-01  -0.79009956E-01   0.49717988E-03   0.00000000E+00  -0.79009956E-01
  -0.1974026E+02   0.21969280E-01  -0.14778265E+00   0.83451938E-03   0.00000000E+00  -0.14778265E+00
  -0.1948052E+02   0.32197913E-01  -0.25416250E+00   0.57679921E-03   0.00000000E+00  -0.25416250E+00
  -0.1922078E+02   0.41342634E-01  -0.41504044E+00  -0.33086496E-02   0.00000000E+00  -0.41504044E+00
  -0.1896104E+02   0.37800946E-01  -0.64432214E+00  -0.20666238E-01   0.00000000E+00  -0.64432214E+00
  -0.1870130E+02  -0.87633360E-03  -0.93268769E+00  -0.71220554E-01   0.00000000E+00  -0.93268769E+00
  -0.1844156E+02  -0.81543868E-01  -0.12130078E+01  -0.15955792E+00   0.00000000E+00  -0.12130078E+01
  -0.1818182E+02  -0.14057688E+00  -0.13579228E+01  -0.22139510E+00   0.00000000E+00  -0.13579228E+01
  -0.1792208E+02  -0.10570506E+00  -0.12788867E+01  -0.18477689E+00   0.00000000E+00  -0.12788867E+01
  -0.1766234E+02  -0.21874363E-01  -0.10277852E+01  -0.94731661E-01   0.00000000E+00  -0.10277852E+01
  -0.1740260E+02   0.30663371E-01  -0.73447127E+00  -0.31798612E-01   0.00000000E+00  -0.73447127E+00
  -0.1714286E+02   0.42618608E-01  -0.48723623E+00  -0.69117474E-02   0.00000000E+00  -0.48723623E+00
  -0.1688312E+02   0.36478271E-01  -0.30979474E+00  -0.22945598E-03   0.00000000E+00  -0.30979474E+00
  -0.1662338E+02   0.27013965E-01  -0.19380654E+00   0.82492892E-03   0.00000000E+00  -0.19380654E+00
  -0.1636364E+02   0.19537129E-01  -0.12392606E+00   0.60879423E-03   0.00000000E+00  -0.12392606E+00
  -0.1610390E+02   0.15311130E-01  -0.87644173E-01   0.39561952E-03   0.00000000E+00  -0.87644173E-01
  -0.1584416E+02   0.14144772E-01  -0.77750425E-01   0.30646116E-03   0.00000000E+00  -0.77750425E-01
  -0.1558442E+02   0.16006589E-01  -0.92270174E-01   0.43735620E-03   0.00000000E+00  -0.92270174E-01
  -0.1532468E+02   0.20991886E-01  -0.13436735E+00   0.68649375E-03   0.00000000E+00  -0.13436735E+00
  -0.1506494E+02   0.29190414E-01  -0.21252735E+00   0.84116615E-03   0.00000000E+00  -0.21252735E+00
  -0.1480519E+02   0.38787586E-01  -0.34040957E+00  -0.77774958E-03   0.00000000E+00  -0.34040957E+00
  -0.1454545E+02   0.42832135E-01  -0.53335939E+00  -0.99014098E-02   0.00000000E+00  -0.53335939E+00
  -0.1428571E+02   0.23514465E-01  -0.79570550E+00  -0.41909111E-01   0.00000000E+00  -0.79570550E+00
  -0.1402597E+02  -0.40309775E-01  -0.10913038E+01  -0.11531844E+00   0.00000000E+00  -0.10913038E+01
  -0.1376623E+02  -0.12232149E+00  -0.13153139E+01  -0.20244516E+00   0.00000000E+00  -0.13153139E+01
  -0.1350649E+02  -0.13428710E+00  -0.13424611E+01  -0.21501071E+00   0.00000000E+00  -0.13424611E+01
  -0.1324675E+02  -0.60526816E-01  -0.11549908E+01  -0.13732586E+00   0.00000000E+00  -0.11549908E+01
  -0.1298701E+02   0.13091056E-01  -0.86437178E+00  -0.55104254E-01   0.00000000E+00  -0.86437178E+00
  -0.1272727E+02   0.41404806E-01  -0.58905850E+00  -0.14513662E-01   0.00000000E+00  -0.58905850E+00
  -0.1246753E+02   0.40633512E-01  -0.37987238E+00  -0.18435492E-02   0.00000000E+00  -0.37987238E+00
  -0.1220779E+02   0.31270116E-01  -0.23846240E+00   0.73784528E-03   0.00000000E+00  -0.23846240E+00
  -0.1194805E+02   0.22394516E-01  -0.15018429E+00   0.76392065E-03   0.00000000E+00  -0.15018429E+00
  -0.1168831E+02   0.16591728E-01  -0.10032865E+00   0.48302337E-03   0.00000000E+00  -0.10032865E+00
  -0.1142857E+02   0.14026595E-01  -0.79062961E-01   0.32206373E-03   0.00000000E+00  -0.79062961E-01
  -0.1116883E+02   0.14520038E-01  -0.82012319E-01   0.35869463E-03   0.00000000E+00  -0.82012319E-01
  -0.1090909E+02   0.18079907E-01  -0.11001096E+00   0.55406916E-03   0.00000000E+00  -0.11001096E+00
  -0.1064935E+02   0.24937708E-01  -0.16913849E+00   0.84560731E-03   0.00000000E+00  -0.16913849E+00
  -0.1038961E+02   0.34409623E-01  -0.27093800E+00   0.41133608E-03   0.00000000E+00  -0.27093800E+00
  -0.1012987E+02   0.42561558E-01  -0.43095490E+00  -0.40136766E-02   0.00000000E+00  -0.43095490E+00
  -0.9870130E+01   0.37101780E-01  -0.66131155E+00  -0.22774405E-01   0.00000000E+00  -0.66131155E+00
  -0.9610390E+01  -0.48170487E-02  -0.94935823E+00  -0.75963125E-01   0.00000000E+00  -0.94935823E+00
  -0.9350649E+01  -0.87342165E-01  -0.12228374E+01  -0.16564748E+00   0.00000000E+00  -0.12228374E+01
  -0.9090909E+01  -0.14189628E+00  -0.13520616E+01  -0.22275904E+00   0.00000000E+00  -0.13520616E+01
  -0.8831169E+01  -0.10034414E+00  -0.12554537E+01  -0.17934110E+00   0.00000000E+00  -0.12554537E+01
  -0.8571429E+01  -0.15825424E-01  -0.99491470E+00  -0.88356641E-01   0.00000000E+00  -0.99491470E+00
  -0.8311688E+01   0.33482783E-01  -0.70185750E+00  -0.28274928E-01   0.00000000E+00  -0.70185750E+00
  -0.8051948E+01   0.42951318E-01  -0.45980159E+00  -0.56003241E-02   0.00000000E+00  -0.45980159E+00
  -0.7792208E+01   0.35814107E-01  -0.28832073E+00   0.12012759E-03   0.00000000E+00  -0.28832073E+00
  -0.7532468E+01   0.26189766E-01  -0.17728312E+00   0.86687470E-03   0.00000000E+00  -0.17728312E+00
  -0.7272727E+01   0.18873839E-01  -0.11099955E+00   0.59542312E-03   0.00000000E+00  -0.11099955E+00
  -0.7012987E+01   0.14872170E-01  -0.77196812E-01   0.38291187E-03   0.00000000E+00  -0.77196812E-01
  -0.6753247E+01   0.13952244E-01  -0.69041386E-01   0.31069518E-03   0.00000000E+00  -0.69041386E-01
  -0.6493506E+01   0.16081740E-01  -0.84975234E-01   0.45159943E-03   0.00000000E+00  -0.84975234E-01
  -0.6233766E+01   0.21380097E-01  -0.12862172E+00   0.71442830E-03   0.00000000E+00  -0.12862172E+00
  -0.5974026E+01   0.29854383E-01  -0.20898422E+00   0.82404907E-03   0.00000000E+00  -0.20898422E+00
  -0.5714286E+01   0.39459724E-01  -0.34016077E+00  -0.10569208E-02   0.00000000E+00  -0.34016077E+00
  -0.5454545E+01   0.42586126E-01  -0.53741650E+00  -0.11203546E-01   0.00000000E+00  -0.53741650E+00
  -0.5194805E+01   0.20501149E-01  -0.80338047E+00  -0.45829812E-01   0.00000000E+00  -0.80338047E+00
  -0.4935065E+01  -0.46751374E-01  -0.10973405E+01  -0.12229937E+00   0.00000000E+00  -0.10973405E+01
  -0.4675325E+01  -0.12672847E+00  -0.13096026E+01  -0.20694461E+00   0.00000000E+00  -0.13096026E+01
  -0.4415584E+01  -0.13077053E+00  -0.13184792E+01  -0.21116059E+00   0.00000000E+00  -0.13184792E+01
  -0.4155844E+01  -0.53592688E-01  -0.11179722E+01  -0.12966363E+00   0.00000000E+00  -0.11179722E+01
  -0.3896104E+01   0.16903121E-01  -0.82507636E+00  -0.50243682E-01   0.00000000E+00  -0.82507636E+00
  -0.3636364E+01   0.41978753E-01  -0.55398715E+00  -0.12753075E-01   0.00000000E+00  -0.55398715E+00
  -0.3376623E+01   0.39958274E-01  -0.35029612E+00  -0.14253887E-02   0.00000000E+00  -0.35029612E+00
  -0.3116883E+01   0.30480579E-01  -0.21339499E+00   0.78712972E-03   0.00000000E+00  -0.21339499E+00
  -0.2857143E+01   0.21830891E-01  -0.12832993E+00   0.73706874E-03   0.00000000E+00  -0.12832993E+00
  -0.2597403E+01   0.16316366E-01  -0.80740727E-01   0.46868883E-03   0.00000000E+00  -0.80740727E-01
  -0.2337662E+01   0.13992103E-01  -0.61265550E-01   0.31382052E-03   0.00000000E+00  -0.61265550E-01
  -0.2077922E+01   0.14722930E-01  -0.65948101E-01   0.37233556E-03   0.00000000E+00  -0.65948101E-01
  -0.1818182E+01   0.18511916E-01  -0.96021301E-01   0.57295698E-03   0.00000000E+00  -0.96021301E-01
  -0.1558442E+01   0.25608679E-01  -0.15795983E+00   0.86384418E-03   0.00000000E+00  -0.15795983E+00
  -0.1298701E+01   0.35163666E-01  -0.26368611E+00   0.29109787E-03   0.00000000E+00  -0.26368611E+00
  -0.1038961E+01   0.42856354E-01  -0.42883728E+00  -0.47165238E-02   0.00000000E+00  -0.42883728E+00
  -0.7792208E+00   0.35479137E-01  -0.66462074E+00  -0.25333786E-01   0.00000000E+00  -0.66462074E+00
  -0.5194805E+00  -0.10114147E-01  -0.95506005E+00  -0.81946176E-01   0.00000000E+00  -0.95506005E+00
  -0.2597403E+00  -0.93930398E-01  -0.12222572E+01  -0.17258251E+00   0.00000000E+00  -0.12222572E+01
   0.0000000E+00  -0.14224807E+00  -0.13352156E+01  -0.22311859E+00   0.00000000E+00  -0.13352156E+01
   0.2597403E+00  -0.93962457E-01  -0.12218255E+01  -0.17260984E+00   0.00000000E+00  -0.12218255E+01
   0.5194805E+00  -0.10176900E-01  -0.95414276E+00  -0.81974388E-01   0.00000000E+00  -0.95414276E+00
   0.7792208E+00   0.35375278E-01  -0.66310959E+00  -0.25354355E-01   0.00000000E+00  -0.66310959E+00
   0.1038961E+01   0.42720132E-01  -0.42655745E+00  -0.47296844E-02   0.00000000E+00  -0.42655745E+00
   0.1298701E+01   0.35023822E-01  -0.26041087E+00   0.28510421E-03   0.00000000E+00  -0.26041087E+00
   0.1558442E+01   0.25491513E-01  -0.15345582E+00   0.86210804E-03   0.00000000E+00  -0.15345582E+00
   0.1818182E+01   0.18432891E-01  -0.90092031E-01   0.57260980E-03   0.00000000E+00  -0.90092031E-01
   0.2077922E+01   0.14688792E-01  -0.58460501E-01   0.37230956E-03   0.00000000E+00  -0.58460501E-01
   0.2337662E+01   0.14004585E-01  -0.52161955E-01   0.31381524E-03   0.00000000E+00  -0.52161955E-01
   0.2597403E+01   0.16374835E-01  -0.70042227E-01   0.46884121E-03   0.00000000E+00  -0.70042227E-01
   0.2857143E+01   0.21931132E-01  -0.11613508E+00   0.73791334E-03   0.00000000E+00  -0.11613508E+00
   0.3116883E+01   0.30611519E-01  -0.19987224E+00   0.79077132E-03   0.00000000E+00  -0.19987224E+00
   0.3376623E+01   0.40098400E-01  -0.33566443E+00  -0.14155636E-02   0.00000000E+00  -0.33566443E+00
   0.3636364E+01   0.42098842E-01  -0.53847987E+00  -0.12734964E-01   0.00000000E+00  -0.53847987E+00
   0.3896104E+01   0.16983582E-01  -0.80889414E+00  -0.50216439E-01   0.00000000E+00  -0.80889414E+00
   0.4155844E+01  -0.53545396E-01  -0.11012526E+01  -0.12962788E+00   0.00000000E+00  -0.11012526E+01
   0.4415584E+01  -0.13075105E+00  -0.13013034E+01  -0.21113777E+00   0.00000000E+00  -0.13013034E+01
   0.4675325E+01  -0.12674276E+00  -0.12920024E+01  -0.20695502E+00   0.00000000E+00  -0.12920024E+01
   0.4935065E+01  -0.46796915E-01  -0.10792924E+01  -0.12232443E+00   0.00000000E+00  -0.10792924E+01
   0.5194805E+01   0.20416961E-01  -0.78480601E+00  -0.45851031E-01   0.00000000E+00  -0.78480601E+00
   0.5454545E+01   0.42460612E-01  -0.51817232E+00  -0.11219206E-01   0.00000000E+00  -0.51817232E+00
   0.5714286E+01   0.39316492E-01  -0.32003762E+00  -0.10657130E-02   0.00000000E+00  -0.32003762E+00
   0.5974026E+01   0.29723407E-01  -0.18774357E+00   0.82081798E-03   0.00000000E+00  -0.18774357E+00
   0.6233766E+01   0.21282014E-01  -0.10604441E+00   0.71370025E-03   0.00000000E+00  -0.10604441E+00
   0.6493506E+01   0.16026537E-01  -0.60896326E-01   0.45146708E-03   0.00000000E+00  -0.60896326E-01
   0.6753247E+01   0.13943342E-01  -0.43367746E-01   0.31070575E-03   0.00000000E+00  -0.43367746E-01
   0.7012987E+01   0.14909637E-01  -0.49913341E-01   0.38294332E-03   0.00000000E+00  -0.49913341E-01
   0.7272727E+01   0.18955336E-01  -0.82169470E-01   0.59582273E-03   0.00000000E+00  -0.82169470E-01
   0.7532468E+01   0.26307650E-01  -0.14704356E+00   0.86881896E-03   0.00000000E+00  -0.14704356E+00
   0.7792208E+01   0.35951939E-01  -0.25686928E+00   0.12673191E-03   0.00000000E+00  -0.25686928E+00
   0.8051948E+01   0.43082607E-01  -0.42736813E+00  -0.55856830E-02   0.00000000E+00  -0.42736813E+00
   0.8311688E+01   0.33581306E-01  -0.66866075E+00  -0.28250409E-01   0.00000000E+00  -0.66866075E+00
   0.8571429E+01  -0.15764062E-01  -0.96112112E+00  -0.88320130E-01   0.00000000E+00  -0.96112112E+00
   0.8831169E+01  -0.10030970E+00  -0.12211691E+01  -0.17930335E+00   0.00000000E+00  -0.12211691E+01
   0.9090909E+01  -0.14189277E+00  -0.13173436E+01  -0.22274871E+00   0.00000000E+00  -0.13173436E+01
   0.9350649E+01  -0.87370337E-01  -0.11876918E+01  -0.16566338E+00   0.00000000E+00  -0.11876918E+01
   0.9610390E+01  -0.48792876E-02  -0.91373723E+00  -0.75982047E-01   0.00000000E+00  -0.91373723E+00
   0.9870130E+01   0.36994588E-01  -0.62510764E+00  -0.22790102E-01   0.00000000E+00  -0.62510764E+00
   0.1012987E+02   0.42421929E-01  -0.39398819E+00  -0.40247093E-02   0.00000000E+00  -0.39398819E+00
   0.1038961E+02   0.34268403E-01  -0.23297629E+00   0.40622924E-03   0.00000000E+00  -0.23297629E+00
   0.1064935E+02   0.24821021E-01  -0.12994605E+00   0.84413036E-03   0.00000000E+00  -0.12994605E+00
   0.1090909E+02   0.18002525E-01  -0.69391999E-01   0.55379514E-03   0.00000000E+00  -0.69391999E-01
   0.1116883E+02   0.14488046E-01  -0.39836457E-01   0.35866057E-03   0.00000000E+00  -0.39836457E-01
   0.1142857E+02   0.14041474E-01  -0.35276148E-01   0.32208050E-03   0.00000000E+00  -0.35276148E-01
   0.1168831E+02   0.16652454E-01  -0.54955976E-01   0.48318709E-03   0.00000000E+00  -0.54955976E-01
   0.1194805E+02   0.22496330E-01  -0.10332808E+00   0.76497079E-03   0.00000000E+00  -0.10332808E+00
   0.1220779E+02   0.31401128E-01  -0.19029363E+00   0.74222742E-03   0.00000000E+00  -0.19029363E+00
   0.1246753E+02   0.40772326E-01  -0.33061015E+00  -0.18313848E-02   0.00000000E+00  -0.33061015E+00
   0.1272727E+02   0.41524059E-01  -0.53893419E+00  -0.14489854E-01   0.00000000E+00  -0.53893419E+00
   0.1298701E+02   0.13173524E-01  -0.81358505E+00  -0.55066709E-01   0.00000000E+00  -0.81358505E+00
   0.1324675E+02  -0.60480007E-01  -0.11036819E+01  -0.13728135E+00   0.00000000E+00  -0.11036819E+01
   0.1350649E+02  -0.13427387E+00  -0.12907095E+01  -0.21498355E+00   0.00000000E+00  -0.12907095E+01
   0.1376623E+02  -0.12233461E+00  -0.12631432E+01  -0.20244255E+00   0.00000000E+00  -0.12631432E+01
   0.1402597E+02  -0.40346646E-01  -0.10386923E+01  -0.11532448E+00   0.00000000E+00  -0.10386923E+01
   0.1428571E+02   0.23435656E-01  -0.74258774E+00  -0.41920813E-01   0.00000000E+00  -0.74258774E+00
   0.1454545E+02   0.42713230E-01  -0.47960196E+00  -0.99156387E-02   0.00000000E+00  -0.47960196E+00
   0.1480519E+02   0.38657807E-01  -0.28581522E+00  -0.78699048E-03   0.00000000E+00  -0.28581522E+00
   0.1506494E+02   0.29078623E-01  -0.15688018E+00   0.83778941E-03   0.00000000E+00  -0.15688018E+00
   0.1532468E+02   0.20914647E-01  -0.77480124E-01   0.68566426E-03   0.00000000E+00  -0.77480124E-01
   0.1558442E+02   0.15971022E-01  -0.34012918E-01   0.43728223E-03   0.00000000E+00  -0.34012918E-01
   0.1584416E+02   0.14152016E-01  -0.18062947E-01   0.30640351E-03   0.00000000E+00  -0.18062947E-01
   0.1610390E+02   0.15360119E-01  -0.26538626E-01   0.39570961E-03   0.00000000E+00  -0.26538626E-01
   0.1636364E+02   0.19624213E-01  -0.61484984E-01   0.60904363E-03   0.00000000E+00  -0.61484984E-01
   0.1662338E+02   0.27131305E-01  -0.13017655E+00   0.82673970E-03   0.00000000E+00  -0.13017655E+00
   0.1688312E+02   0.36609853E-01  -0.24517249E+00  -0.22260686E-03   0.00000000E+00  -0.24517249E+00
   0.1714286E+02   0.42743253E-01  -0.42184177E+00  -0.68907764E-02   0.00000000E+00  -0.42184177E+00
   0.1740260E+02   0.30764411E-01  -0.66851356E+00  -0.31750201E-01   0.00000000E+00  -0.66851356E+00
   0.1766234E+02  -0.21815021E-01  -0.96143343E+00  -0.94665257E-01   0.00000000E+00  -0.96143343E+00
   0.1792208E+02  -0.10572391E+00  -0.12122353E+01  -0.18475257E+00   0.00000000E+00  -0.12122353E+01
   0.1818182E+02  -0.14063308E+00  -0.12909456E+01  -0.22140818E+00   0.00000000E+00  -0.12909456E+01
   0.1844156E+02  -0.81549812E-01  -0.11456239E+01  -0.15953458E+00   0.00000000E+00  -0.11456239E+01
   0.1870130E+02  -0.87291813E-03  -0.86487999E+00  -0.71183126E-01   0.00000000E+00  -0.86487999E+00
   0.1896104E+02   0.37745116E-01  -0.57608598E+00  -0.20655516E-01   0.00000000E+00  -0.57608598E+00
   0.1922078E+02   0.41228161E-01  -0.34628180E+00  -0.33119422E-02   0.00000000E+00  -0.34628180E+00
   0.1948052E+02   0.32046498E-01  -0.18469047E+00   0.57369374E-03   0.00000000E+00  -0.18469047E+00
   0.1974026E+02   0.21799429E-01  -0.77343106E-01   0.83354205E-03   0.00000000E+00  -0.77343106E-01
   0.2000000E+02   0.13953226E-01  -0.73168978E-02   0.49696074E-03   0.00000000E+00  -0.73168978E-02
   0.2025974E+02   0.87674406E-02   0.38668122E-01   0.25023630E-03   0.00000000E+00   0.38668122E-01
   0.2051948E+02   0.55394411E-02   0.69512003E-01   0.10917148E-03   0.00000000E+00   0.69512003E-01
   0.2077922E+02   0.35862724E-02   0.90783799E-01   0.49831721E-04   0.00000000E+00   0.90783799E-01
   0.2103896E+02   0.23792034E-02   0.10587158E+00   0.17580109E-04   0.00000000E+00   0.10587158E+00
   0.2129870E+02   0.16197064E-02   0.11686222E+00   0.94958060E-05   0.00000000E+00   0.11686222E+00
   0.2155844E+02   0.11139344E-02   0.12507186E+00   0.14809084E-05   0.00000000E+00   0.12507186E+00
   0.2181818E+02   0.77608555E-03   0.13136872E+00   0.25997622E-05   0.00000000E+00   0.13136872E+00
   0.2207792E+02   0.53812146E-03   0.13633623E+00  -0.85117438E-06   0.00000000E+00   0.13633623E+00
   0.2233766E+02   0.37722372E-03   0.14038001E+00   0.13812624E-05   0.00000000E+00   0.14038001E+00
   0.2259740E+02   0.26145437E-03   0.14377830E+00  -0.10529252E-05   0.00000000E+00   0.14377830E+00
   0.2285714E+02   0.18515361E-03   0.14672730E+00   0.10701250E-05   0.00000000E+00   0.14672730E+00
   0.2311688E+02   0.12903533E-03   0.14935993E+00  -0.96652701E-06   0.00000000E+00   0.14935993E+00
   0.2337662E+02   0.93626258E-04   0.15177048E+00   0.91903467E-06   0.00000000E+00   0.15177048E+00
   0.2363636E+02   0.65992297E-04   0.15402155E+00  -0.85777225E-06   0.00000000E+00   0.15402155E+00
   0.2389610E+02   0.49522151E-04   0.15615881E+00   0.80816043E-06   0.00000000E+00   0.15615881E+00
   0.2415584E+02   0.35015909E-04   0.15821216E+00  -0.75929186E-06   0.00000000E+00   0.15821216E+00
   0.2441558E+02   0.27072632E-04   0.16020491E+00   0.71446133E-06   0.00000000E+00   0.16020491E+00
   0.2467532E+02   0.18699510E-04   0.16215210E+00  -0.67168317E-06   0.00000000E+00   0.16215210E+00
   0.2493506E+02   0.14743032E-04   0.16406670E+00   0.63114068E-06   0.00000000E+00   0.16406670E+00
   0.2519481E+02   0.95365698E-05   0.16595673E+00  -0.59229128E-06   0.00000000E+00   0.16595673E+00
   0.2545455E+02   0.76815965E-05   0.16782988E+00   0.55495630E-06   0.00000000E+00   0.16782988E+00
   0.2571429E+02   0.43823682E-05   0.16969043E+00  -0.51888429E-06   0.00000000E+00   0.16969043E+00
   0.2597403E+02   0.37825659E-05   0.17154296E+00   0.48390524E-06   0.00000000E+00   0.17154296E+00
   0.2623377E+02   0.17399521E-05   0.17338947E+00  -0.44986077E-06   0.00000000E+00   0.17338947E+00
   0.2649351E+02   0.18759571E-05   0.17523255E+00   0.41662265E-06   0.00000000E+00   0.17523255E+00
   0.2675325E+02   0.61925212E-06   0.17707281E+00  -0.38407920E-06   0.00000000E+00   0.17707281E+00
   0.2701299E+02   0.10848505E-05   0.17891162E+00   0.35213532E-06   0.00000000E+00   0.17891162E+00
   0.2727273E+02   0.25637442E-06   0.18074892E+00  -0.32070832E-06   0.00000000E+00   0.18074892E+00
   0.2753247E+02   0.77625792E-06   0.18258546E+00   0.28972616E-06   0.00000000E+00   0.18258546E+00
   0.2779221E+02   0.17049981E-06   0.18442096E+00  -0.25912544E-06   0.00000000E+00   0.18442096E+00
   0.2805195E+02   0.61772240E-06   0.18625592E+00   0.22884990E-06   0.00000000E+00   0.18625592E+00
   0.2831169E+02   0.15644115E-06   0.18809005E+00  -0.19884914E-06   0.00000000E+00   0.18809005E+00
   0.2857143E+02   0.49353198E-06   0.18992373E+00   0.16907760E-06   0.00000000E+00   0.18992373E+00
   0.2883117E+02   0.15503357E-06   0.19175673E+00  -0.13949357E-06   0.00000000E+00   0.19175673E+00
   0.2909091E+02   0.37617589E-06   0.19358934E+00   0.11005849E-06   0.00000000E+00   0.18499559E+00
   0.2935065E+02   0.16164303E-06   0.19542141E+00  -0.80736235E-07   0.00000000E+00   0.16417155E+00
   0.2961039E+02   0.27991824E-06   0.19725313E+00   0.51492485E-07   0.00000000E+00   0.13397207E+00
# left surface: e = a * z + b
# als(au,ev/a)=        0.00704591        0.18115781
# bls(au,ev)  =       -0.21137740       -2.87593573
# right surface: e = a * z + b
# ars(au,ev/a)=        0.00705454        0.18137951
# brs(au,ev)  =       -0.01163400       -0.15828859
