# charge and hartree potential (planar average)
# eh=      183.92961882
#z-coordinate, smooth density, esm potential, gaussian density, spin density, splined esm potential
  -0.3012987E+02   0.21160090E-06  -0.74766361E-03   0.78666191E-07  -0.55237033E+00   0.99252347E-01
  -0.2987013E+02   0.19413891E-06   0.74616617E-03   0.58693059E-07  -0.99187417E+00   0.64027384E-01
  -0.2961039E+02  -0.56604351E-07   0.22397255E-02  -0.19613039E-06   0.23595960E+01   0.33489696E-01
  -0.2935065E+02   0.47723157E-06   0.37331838E-02   0.33382565E-06  -0.32647386E+01   0.12326789E-01
  -0.2909091E+02  -0.32688543E-06   0.52261686E-02  -0.47196080E-06   0.35184471E+01   0.52261686E-02
  -0.2883117E+02   0.75439778E-06   0.67192339E-02   0.61072134E-06  -0.30672802E+01   0.67192339E-02
  -0.2857143E+02  -0.61006041E-06   0.82116341E-02  -0.75029787E-06   0.19996301E+01   0.82116341E-02
  -0.2831169E+02   0.10283954E-05   0.97043145E-02   0.89088762E-06  -0.51947248E+00   0.97043145E-02
  -0.2805195E+02  -0.89416208E-06   0.11196146E-01  -0.10326962E-05  -0.11053399E+01   0.11196146E-01
  -0.2779221E+02   0.13211809E-05   0.12688455E-01   0.11759394E-05   0.26068312E+01   0.12688455E-01
  -0.2753247E+02  -0.11636708E-05   0.14179705E-01  -0.13208452E-05  -0.37765691E+01   0.14179705E-01
  -0.2727273E+02   0.16395328E-05   0.15671600E-01   0.14676559E-05   0.45065158E+01   0.15671600E-01
  -0.2701299E+02  -0.14308124E-05   0.17162190E-01  -0.16166306E-05  -0.48015025E+01   0.17162190E-01
  -0.2675325E+02   0.19643735E-05   0.18653582E-01   0.17680478E-05   0.47613255E+01   0.18653582E-01
  -0.2649351E+02  -0.17199220E-05   0.20143421E-01  -0.19222087E-05  -0.45384541E+01   0.20143421E-01
  -0.2623377E+02   0.22839528E-05   0.21634245E-01   0.20794405E-05   0.42836896E+01   0.21634245E-01
  -0.2597403E+02  -0.20357026E-05   0.23123287E-01  -0.22401002E-05  -0.40951670E+01   0.23123287E-01
  -0.2571429E+02   0.26082210E-05   0.24613528E-01   0.24045793E-05   0.39850578E+01   0.24613528E-01
  -0.2545455E+02  -0.23689259E-05   0.26101765E-01  -0.25733093E-05  -0.38734837E+01   0.26101765E-01
  -0.2519481E+02   0.29593089E-05   0.27591429E-01   0.27467672E-05   0.36117424E+01   0.27591429E-01
  -0.2493506E+02  -0.26836805E-05   0.29078835E-01  -0.29254830E-05  -0.30289235E+01   0.29078835E-01
  -0.2467532E+02   0.34291412E-05   0.30567843E-01   0.31100479E-05   0.19894553E+01   0.30567843E-01
  -0.2441558E+02  -0.28140019E-05   0.32054152E-01  -0.33011240E-05  -0.44581134E+00   0.32054152E-01
  -0.2415584E+02   0.43047320E-05   0.33541891E-01   0.34994558E-05  -0.15285720E+01   0.33541891E-01
  -0.2389610E+02  -0.23594632E-05   0.35025819E-01  -0.37058840E-05   0.37363223E+01   0.35025819E-01
  -0.2363636E+02   0.61161511E-05   0.36509976E-01   0.39213620E-05  -0.58856791E+01   0.36509976E-01
  -0.2337662E+02  -0.70126519E-06   0.37987652E-01  -0.41469747E-05   0.76467188E+01   0.37987652E-01
  -0.2311688E+02   0.95988043E-05   0.39462271E-01   0.43839642E-05  -0.87213107E+01   0.39462271E-01
  -0.2285714E+02   0.30241952E-05   0.40924931E-01  -0.46337533E-05   0.89099488E+01   0.40924931E-01
  -0.2259740E+02   0.15907364E-04   0.42377673E-01   0.48979944E-05  -0.81589288E+01   0.42377673E-01
  -0.2233766E+02   0.10463555E-04   0.43808193E-01  -0.51785734E-05   0.65758914E+01   0.43808193E-01
  -0.2207792E+02   0.27641757E-04   0.45215493E-01   0.54777700E-05  -0.44094136E+01   0.45215493E-01
  -0.2181818E+02   0.25764076E-04   0.46581039E-01  -0.57980213E-05   0.19971826E+01   0.46581039E-01
  -0.2155844E+02   0.51565185E-04   0.47896435E-01   0.61428459E-05   0.30491926E+00   0.47896435E-01
  -0.2129870E+02   0.59729319E-04   0.49129613E-01  -0.65145839E-05  -0.21957512E+01   0.49129613E-01
  -0.2103896E+02   0.10479842E-03   0.50253434E-01   0.69211257E-05   0.34863546E+01   0.50253434E-01
  -0.2077922E+02   0.13874328E-03   0.51204213E-01  -0.73576030E-05  -0.41283649E+01   0.51204213E-01
  -0.2051948E+02   0.22721878E-03   0.51908801E-01   0.78582390E-05   0.42072885E+01   0.51908801E-01
  -0.2025974E+02   0.32135176E-03   0.52230836E-01  -0.83521291E-05  -0.39035138E+01   0.52230836E-01
  -0.2000000E+02   0.50306488E-03   0.51991940E-01   0.90676275E-05   0.34321553E+01   0.51991940E-01
  -0.1974026E+02   0.72620491E-03   0.50898263E-01  -0.94025392E-05  -0.29781828E+01   0.50898263E-01
  -0.1948052E+02   0.10980130E-02   0.48548028E-01   0.11085620E-04   0.26443555E+01   0.48548028E-01
  -0.1922078E+02   0.15841058E-02   0.44324674E-01  -0.93366542E-05  -0.24259626E+01   0.44324674E-01
  -0.1896104E+02   0.23382174E-02   0.37372647E-01   0.17581651E-04   0.22191436E+01   0.37372647E-01
  -0.1870130E+02   0.33676768E-02   0.26423011E-01   0.15525528E-05  -0.18604783E+01   0.26423011E-01
  -0.1844156E+02   0.49372179E-02   0.96815669E-02   0.55719689E-04   0.11869596E+01   0.96815669E-02
  -0.1818182E+02   0.72063634E-02  -0.15522121E-01   0.94876211E-04  -0.99655716E-01  -0.15522121E-01
  -0.1792208E+02   0.10765939E-01  -0.53132367E-01   0.30676552E-03  -0.13870911E+01  -0.53132367E-01
  -0.1766234E+02   0.16257432E-01  -0.10925895E+00   0.68823428E-03   0.31257283E+01  -0.10925895E+00
  -0.1740260E+02   0.24939388E-01  -0.19341200E+00   0.15931997E-02  -0.48522252E+01  -0.19341200E+00
  -0.1714286E+02   0.37419770E-01  -0.32039854E+00   0.27501667E-02   0.62373011E+01  -0.32039854E+00
  -0.1688312E+02   0.50568099E-01  -0.51104780E+00   0.10378122E-02  -0.69606593E+01  -0.51104780E+00
  -0.1662338E+02   0.44263482E-01  -0.78492296E+00  -0.21683108E-01   0.67901400E+01  -0.78492296E+00
  -0.1636364E+02  -0.24333088E-01  -0.11247669E+01  -0.10445453E+00  -0.56455986E+01  -0.11247669E+01
  -0.1610390E+02  -0.14372560E+00  -0.14148247E+01  -0.23229437E+00   0.36303969E+01  -0.14148247E+01
  -0.1584416E+02  -0.17471609E+00  -0.14744707E+01  -0.26462043E+00  -0.10209871E+01  -0.14744707E+01
  -0.1558442E+02  -0.71244362E-01  -0.12587245E+01  -0.15552635E+00  -0.17846491E+01  -0.12587245E+01
  -0.1532468E+02   0.27236386E-01  -0.92052985E+00  -0.45481987E-01   0.43485502E+01  -0.92052985E+00
  -0.1506494E+02   0.54061012E-01  -0.61756855E+00  -0.37377189E-02  -0.62853160E+01  -0.61756855E+00
  -0.1480519E+02   0.46121819E-01  -0.40153718E+00   0.28473353E-02   0.73434203E+01  -0.40153718E+00
  -0.1454545E+02   0.34126545E-01  -0.26330888E+00   0.20943151E-02  -0.74554152E+01  -0.26330888E+00
  -0.1428571E+02   0.26080810E-01  -0.18353930E+00   0.10593256E-02   0.67445699E+01  -0.18353930E+00
  -0.1402597E+02   0.22602821E-01  -0.14864751E+00   0.64822933E-03  -0.54862227E+01  -0.14864751E+00
  -0.1376623E+02   0.23115865E-01  -0.15263176E+00   0.67987445E-03   0.40334866E+01  -0.15263176E+00
  -0.1350649E+02   0.27867242E-01  -0.19641412E+00   0.13106766E-02  -0.27260595E+01  -0.19641412E+00
  -0.1324675E+02   0.37197443E-01  -0.28809388E+00   0.23839355E-02   0.18053596E+01  -0.28809388E+00
  -0.1298701E+02   0.49783142E-01  -0.44338233E+00   0.24540381E-02  -0.13577894E+01  -0.44338233E+00
  -0.1272727E+02   0.52758302E-01  -0.68192577E+00  -0.98629953E-02   0.13008772E+01  -0.68192577E+00
  -0.1246753E+02   0.82800727E-02  -0.10032684E+01  -0.68937503E-01  -0.14160328E+01  -0.10032684E+01
  -0.1220779E+02  -0.10567460E+00  -0.13276433E+01  -0.19301338E+00   0.14194518E+01  -0.13276433E+01
  -0.1194805E+02  -0.18259680E+00  -0.14778155E+01  -0.27358234E+00  -0.10524312E+01  -0.14778155E+01
  -0.1168831E+02  -0.11234853E+00  -0.13413297E+01  -0.20009318E+00   0.16674361E+00  -0.13413297E+01
  -0.1142857E+02   0.36838364E-02  -0.10207275E+01  -0.74228577E-01   0.12186610E+01  -0.10207275E+01
  -0.1116883E+02   0.52000531E-01  -0.69555895E+00  -0.11383500E-01  -0.29064636E+01  -0.69555895E+00
  -0.1090909E+02   0.50275915E-01  -0.45149723E+00   0.23313102E-02   0.45605662E+01  -0.45149723E+00
  -0.1064935E+02   0.37638644E-01  -0.29134910E+00   0.24530297E-02  -0.57883458E+01  -0.29134910E+00
  -0.1038961E+02   0.28063468E-01  -0.19553783E+00   0.13631018E-02   0.62456585E+01  -0.19553783E+00
  -0.1012987E+02   0.23093483E-01  -0.14796046E+00   0.69560418E-03  -0.57376080E+01  -0.14796046E+00
  -0.9870130E+01   0.22398347E-01  -0.14014962E+00   0.64122781E-03   0.42877632E+01  -0.14014962E+00
  -0.9610390E+01   0.25681219E-01  -0.17086488E+00   0.10189376E-02  -0.21552920E+01  -0.17086488E+00
  -0.9350649E+01   0.33560868E-01  -0.24578423E+00   0.20297340E-02  -0.20806823E+00  -0.24578423E+00
  -0.9090909E+01   0.45627572E-01  -0.37823225E+00   0.28789520E-02   0.22541269E+01  -0.37823225E+00
  -0.8831169E+01   0.54634622E-01  -0.58778087E+00  -0.28447905E-02  -0.34662591E+01  -0.58778087E+00
  -0.8571429E+01   0.30982167E-01  -0.88554920E+00  -0.41814770E-01   0.34887531E+01  -0.88554920E+00
  -0.8311688E+01  -0.64527319E-01  -0.12249361E+01  -0.14924299E+00  -0.22248467E+01  -0.12249361E+01
  -0.8051948E+01  -0.17223381E+00  -0.14521450E+01  -0.26278672E+00  -0.12305697E+00  -0.14521450E+01
  -0.7792208E+01  -0.14869888E+00  -0.14076306E+01  -0.23825171E+00   0.30843497E+01  -0.14076306E+01
  -0.7532468E+01  -0.28924805E-01  -0.11255440E+01  -0.11069926E+00  -0.60185150E+01  -0.11255440E+01
  -0.7272727E+01   0.44271410E-01  -0.78647811E+00  -0.24161970E-01   0.82598293E+01  -0.78647811E+00
  -0.7012987E+01   0.53415463E-01  -0.51308940E+00   0.58673908E-03  -0.92748386E+01  -0.51308940E+00
  -0.6753247E+01   0.41673806E-01  -0.32754818E+00   0.27681381E-02   0.87940740E+01  -0.32754818E+00
  -0.6493506E+01   0.30682157E-01  -0.21290536E+00   0.17028891E-02  -0.68839493E+01  -0.21290536E+00
  -0.6233766E+01   0.24198476E-01  -0.15092919E+00   0.82162186E-03   0.39379924E+01  -0.15092919E+00
  -0.5974026E+01   0.22222598E-01  -0.13063492E+00   0.63351216E-03  -0.58564959E+00  -0.13063492E+00
  -0.5714286E+01   0.24127085E-01  -0.14854731E+00   0.80739266E-03  -0.24625853E+01  -0.14854731E+00
  -0.5454545E+01   0.30513128E-01  -0.20801673E+00   0.16736744E-02   0.45980078E+01  -0.20801673E+00
  -0.5194805E+01   0.41396044E-01  -0.31986310E+00   0.27462297E-02  -0.54797659E+01  -0.31986310E+00
  -0.4935065E+01   0.53259283E-01  -0.50216567E+00   0.80474551E-03   0.51409235E+01  -0.50216567E+00
  -0.4675325E+01   0.45188602E-01  -0.77218474E+00  -0.22818409E-01  -0.40035371E+01  -0.77218474E+00
  -0.4415584E+01  -0.25865495E-01  -0.11096230E+01  -0.10728155E+00   0.27922999E+01  -0.11096230E+01
  -0.4155844E+01  -0.14595524E+00  -0.13949148E+01  -0.23532608E+00  -0.23606218E+01  -0.13949148E+01
  -0.3896104E+01  -0.17376355E+00  -0.14466395E+01  -0.26436131E+00   0.34654330E+01  -0.14466395E+01
  -0.3636364E+01  -0.67984837E-01  -0.12244347E+01  -0.15295660E+00  -0.65420571E+01  -0.12244347E+01
  -0.3376623E+01   0.29392616E-01  -0.88477633E+00  -0.43786806E-01   0.11534224E+02  -0.88477633E+00
  -0.3116883E+01   0.54575196E-01  -0.58395229E+00  -0.32884760E-02  -0.17825201E+02  -0.58395229E+00
  -0.2857143E+01   0.45913666E-01  -0.37107330E+00   0.28724288E-02   0.24295610E+02  -0.37107330E+00
  -0.2597403E+01   0.33767634E-01  -0.23572279E+00   0.20585741E-02  -0.29505900E+02  -0.23572279E+00
  -0.2337662E+01   0.25791228E-01  -0.15825302E+00   0.10421176E-02   0.31972779E+02  -0.15825302E+00
  -0.2077922E+01   0.22422283E-01  -0.12517388E+00   0.64134668E-03  -0.30485572E+02  -0.12517388E+00
  -0.1818182E+01   0.23057419E-01  -0.13066707E+00   0.69066233E-03   0.24396155E+02  -0.13066707E+00
  -0.1558442E+01   0.27931617E-01  -0.17585853E+00   0.13340790E-02  -0.13817907E+02  -0.17585853E+00
  -0.1298701E+01   0.37406478E-01  -0.26906090E+00   0.24254899E-02  -0.31467231E+00  -0.26906090E+00
  -0.1038961E+01   0.50038878E-01  -0.42621490E+00   0.24143346E-02   0.16346616E+02  -0.42621490E+00
  -0.7792208E+00   0.52445642E-01  -0.66697580E+00  -0.10540383E-01  -0.32151332E+02  -0.66697580E+00
  -0.5194805E+00   0.60737883E-02  -0.98979717E+00  -0.71454421E-01   0.45484028E+02  -0.98979717E+00
  -0.2597403E+00  -0.10900697E+00  -0.13119907E+01  -0.19648899E+00  -0.54372986E+02  -0.13119907E+01
   0.0000000E+00  -0.18271287E+00  -0.14550250E+01  -0.27364077E+00   0.57472413E+02  -0.14550250E+01
   0.2597403E+00  -0.10905032E+00  -0.13112377E+01  -0.19656134E+00  -0.54306879E+02  -0.13112377E+01
   0.5194805E+00   0.60361555E-02  -0.98822566E+00  -0.71512152E-01   0.45358442E+02  -0.98822566E+00
   0.7792208E+00   0.52404774E-01  -0.66452012E+00  -0.10560101E-01  -0.31978911E+02  -0.66452012E+00
   0.1038961E+01   0.49974634E-01  -0.42280258E+00   0.24105462E-02   0.16144843E+02  -0.42280258E+00
   0.1298701E+01   0.37332202E-01  -0.26458513E+00   0.24249436E-02  -0.10425778E+00  -0.26458513E+00
   0.1558442E+01   0.27872213E-01  -0.17019704E+00   0.13340650E-02  -0.14014934E+02  -0.17019704E+00
   0.1818182E+01   0.23030035E-01  -0.12372155E+00   0.69062067E-03   0.24558468E+02  -0.12372155E+00
   0.2077922E+01   0.22433885E-01  -0.11689888E+00   0.64138814E-03  -0.30594502E+02  -0.11689888E+00
   0.2337662E+01   0.25838925E-01  -0.14866779E+00   0.10420798E-02   0.32014027E+02  -0.14866779E+00
   0.2597403E+01   0.33838618E-01  -0.22490643E+00   0.20587401E-02  -0.29470871E+02  -0.22490643E+00
   0.2857143E+01   0.45984614E-01  -0.35914278E+00   0.28737769E-02   0.24182251E+02  -0.35914278E+00
   0.3116883E+01   0.54625174E-01  -0.57102472E+00  -0.32780284E-02  -0.17638292E+02  -0.57102472E+00
   0.3376623E+01   0.29429572E-01  -0.87093759E+00  -0.43745810E-01   0.11285099E+02  -0.87093759E+00
   0.3636364E+01  -0.67940913E-01  -0.12097511E+01  -0.15288599E+00  -0.62477846E+01  -0.12097511E+01
   0.3896104E+01  -0.17375002E+00  -0.14311796E+01  -0.26433996E+00   0.31475267E+01  -0.14311796E+01
   0.4155844E+01  -0.14599226E+00  -0.13786978E+01  -0.23539063E+00  -0.20433825E+01  -0.13786978E+01
   0.4415584E+01  -0.25900655E-01  -0.10925951E+01  -0.10735021E+00   0.25009131E+01  -0.10925951E+01
   0.4675325E+01   0.45159628E-01  -0.75428656E+00  -0.22845884E-01  -0.37620710E+01  -0.75428656E+00
   0.4935065E+01   0.53205688E-01  -0.48334310E+00   0.79873468E-03   0.49703758E+01  -0.48334310E+00
   0.5194805E+01   0.41322430E-01  -0.30002614E+00   0.27453167E-02  -0.53963099E+01  -0.30002614E+00
   0.5454545E+01   0.30445180E-01  -0.18704438E+00   0.16735460E-02   0.46115743E+01  -0.18704438E+00
   0.5714286E+01   0.24086174E-01  -0.12632741E+00   0.80739476E-03  -0.25758981E+01  -0.12632741E+00
   0.5974026E+01   0.22219000E-01  -0.10709955E+00   0.63350354E-03  -0.37749707E+00  -0.10709955E+00
   0.6233766E+01   0.24232674E-01  -0.12607230E+00   0.82163232E-03   0.36473719E+01  -0.12607230E+00
   0.6493506E+01   0.30745002E-01  -0.18678367E+00   0.17029611E-02  -0.65299385E+01  -0.18678367E+00
   0.6753247E+01   0.41745642E-01  -0.30026544E+00   0.27688468E-02   0.84011478E+01  -0.30026544E+00
   0.7012987E+01   0.53471934E-01  -0.48476378E+00   0.59216682E-03  -0.88711022E+01  -0.48476378E+00
   0.7272727E+01   0.44307718E-01  -0.75720449E+00  -0.24135494E-01   0.78749254E+01  -0.75720449E+00
   0.7532468E+01  -0.28883385E-01  -0.10953882E+01  -0.11063606E+00  -0.56813695E+01  -0.10953882E+01
   0.7792208E+01  -0.14866838E+00  -0.13766607E+01  -0.23820905E+00   0.28209370E+01  -0.13766607E+01
   0.8051948E+01  -0.17226060E+00  -0.14204047E+01  -0.26284265E+00   0.45631198E-01  -0.14204047E+01
   0.8311688E+01  -0.64565963E-01  -0.11923875E+01  -0.14933450E+00  -0.22844624E+01  -0.11923875E+01
   0.8571429E+01   0.30965382E-01  -0.85213221E+00  -0.41859655E-01   0.34327472E+01  -0.85213221E+00
   0.8831169E+01   0.54599602E-01  -0.55346023E+00  -0.28550646E-02  -0.32964364E+01  -0.55346023E+00
   0.9090909E+01   0.45560495E-01  -0.34294671E+00   0.28776101E-02   0.19805607E+01  -0.34294671E+00
   0.9350649E+01   0.33485740E-01  -0.20942373E+00   0.20295606E-02   0.15161546E+00  -0.20942373E+00
   0.9610390E+01   0.25624906E-01  -0.13330592E+00   0.10189484E-02  -0.25771987E+01  -0.13330592E+00
   0.9870130E+01   0.22375968E-01  -0.10129884E+00   0.64121085E-03   0.47434782E+01  -0.10129884E+00
   0.1012987E+02   0.23109327E-01  -0.10778050E+00   0.69561714E-03  -0.61962708E+01  -0.10778050E+00
   0.1038961E+02   0.28113236E-01  -0.15405494E+00   0.13631390E-02   0.66762057E+01  -0.15405494E+00
   0.1064935E+02   0.37710484E-01  -0.24864599E+00   0.24535338E-02  -0.61617578E+01  -0.24864599E+00
   0.1090909E+02   0.50352765E-01  -0.40769322E+00   0.23349179E-02   0.48519535E+01  -0.40769322E+00
   0.1116883E+02   0.52069876E-01  -0.65078251E+00  -0.11368754E-01  -0.30968456E+01  -0.65078251E+00
   0.1142857E+02   0.37410602E-02  -0.97509582E+00  -0.74201627E-01   0.12963119E+01  -0.97509582E+00
   0.1168831E+02  -0.11232543E+00  -0.12949366E+01  -0.20009625E+00   0.20547779E+00  -0.12949366E+01
   0.1194805E+02  -0.18262856E+00  -0.14306966E+01  -0.27366367E+00  -0.12029050E+01  -0.14306966E+01
   0.1220779E+02  -0.10572028E+00  -0.12797510E+01  -0.19312885E+00   0.16691014E+01  -0.12797510E+01
   0.1246753E+02   0.82583926E-02  -0.95453142E+00  -0.69010618E-01  -0.17453453E+01  -0.95453142E+00
   0.1272727E+02   0.52731809E-01  -0.63230242E+00  -0.98888687E-02   0.16848815E+01  -0.63230242E+00
   0.1298701E+02   0.49727240E-01  -0.39282399E+00   0.24479091E-02  -0.17679647E+01  -0.39282399E+00
   0.1324675E+02   0.37127622E-01  -0.23650824E+00   0.23828346E-02   0.22118181E+01  -0.23650824E+00
   0.1350649E+02   0.27811424E-01  -0.14368689E+00   0.13105865E-02  -0.30998365E+01  -0.14368689E+00
   0.1376623E+02   0.23092994E-01  -0.98670966E-01   0.67982890E-03   0.43487536E+01  -0.98670966E-01
   0.1402597E+02   0.22620294E-01  -0.93415412E-01   0.64826784E-03  -0.57222426E+01  -0.93415412E-01
   0.1428571E+02   0.26136413E-01  -0.12706518E+00   0.10592998E-02   0.68872283E+01  -0.12706518E+00
   0.1454545E+02   0.34210476E-01  -0.20568565E+00   0.20945055E-02  -0.74981976E+01  -0.20568565E+00
   0.1480519E+02   0.46217538E-01  -0.34290473E+00   0.28489622E-02   0.72877507E+01  -0.34290473E+00
   0.1506494E+02   0.54154544E-01  -0.55808712E+00  -0.37274743E-02  -0.61402317E+01  -0.55808712E+00
   0.1532468E+02   0.27319572E-01  -0.86035735E+00  -0.45460180E-01   0.41297466E+01  -0.86035735E+00
   0.1558442E+02  -0.71224712E-01  -0.11979944E+01  -0.15556019E+00  -0.15129880E+01  -0.11979944E+01
   0.1584416E+02  -0.17480065E+00  -0.14132082E+01  -0.26478114E+00  -0.13213661E+01  -0.14132082E+01
   0.1610390E+02  -0.14377475E+00  -0.13529090E+01  -0.23245121E+00   0.39341851E+01  -0.13529090E+01
   0.1636364E+02  -0.24276697E-01  -0.10621256E+01  -0.10450187E+00  -0.59284579E+01  -0.10621256E+01
   0.1662338E+02   0.44309955E-01  -0.72163280E+00  -0.21684712E-01   0.70306856E+01  -0.72163280E+00
   0.1688312E+02   0.50536491E-01  -0.44717818E+00   0.10385930E-02  -0.71421205E+01  -0.44717818E+00
   0.1714286E+02   0.37317757E-01  -0.25589735E+00   0.27499336E-02   0.63487299E+01  -0.25589735E+00
   0.1740260E+02   0.24795722E-01  -0.12811051E+00   0.15932830E-02  -0.48891698E+01  -0.12811051E+00
   0.1766234E+02   0.16097019E-01  -0.42917075E-01   0.68812161E-03   0.30903363E+01  -0.42917075E-01
   0.1792208E+02   0.10606472E-01   0.14519361E-01   0.30686355E-03  -0.12876593E+01   0.14519361E-01
   0.1818182E+02   0.70575637E-02   0.53708534E-01   0.94787242E-04  -0.24962707E+00   0.53708534E-01
   0.1844156E+02   0.48047232E-02   0.80742625E-01   0.55800730E-04   0.13701112E+01   0.80742625E-01
   0.1870130E+02   0.32533511E-02   0.99538908E-01   0.14782909E-05  -0.20572151E+01   0.99538908E-01
   0.1896104E+02   0.22425663E-02   0.11273713E+00   0.17650091E-04   0.24093993E+01   0.11273713E+00
   0.1922078E+02   0.15058101E-02   0.12210015E+00  -0.94000665E-05  -0.25909645E+01   0.12210015E+00
   0.1948052E+02   0.10355418E-02   0.12886745E+00   0.11144661E-04   0.27682502E+01   0.12886745E+00
   0.1974026E+02   0.67716558E-03   0.13386791E+00  -0.94577565E-05  -0.30493980E+01   0.13386791E+00
   0.2000000E+02   0.46542200E-03   0.13769524E+00   0.91194773E-05   0.34443908E+01   0.13769524E+00
   0.2025974E+02   0.29272975E-03   0.14073197E+00  -0.84009957E-05  -0.38562832E+01   0.14073197E+00
   0.2051948E+02   0.20585909E-03   0.14325652E+00   0.79044481E-05   0.41059641E+01   0.14325652E+00
   0.2077922E+02   0.12278871E-03   0.14543502E+00  -0.74014328E-05  -0.39837165E+01   0.14543502E+00
   0.2103896E+02   0.93057762E-04   0.14739454E+00   0.69628153E-05   0.33136136E+01   0.14739454E+00
   0.2129870E+02   0.50962770E-04   0.14920111E+00  -0.65543402E-05  -0.20132688E+01   0.14920111E+00
   0.2155844E+02   0.45119162E-04   0.15091326E+00   0.61808492E-05   0.13252724E+00   0.15091326E+00
   0.2181818E+02   0.20888411E-04   0.15255425E+00  -0.58344298E-05   0.21399722E+01   0.15255425E+00
   0.2207792E+02   0.24051605E-04   0.15415338E+00   0.55127230E-05  -0.45052151E+01   0.15415338E+00
   0.2233766E+02   0.77122674E-05   0.15571692E+00  -0.52121945E-05   0.66110977E+01   0.15571692E+00
   0.2259740E+02   0.13910610E-04   0.15726190E+00   0.49303939E-05  -0.81250580E+01   0.15726190E+00
   0.2285714E+02   0.14932348E-05   0.15878810E+00  -0.46650298E-05   0.88045611E+01   0.15878810E+00
   0.2311688E+02   0.85395902E-05   0.16030696E+00   0.44142067E-05  -0.85484056E+01   0.16030696E+00
   0.2337662E+02  -0.15028563E-05   0.16181571E+00  -0.41762638E-05   0.74165723E+01   0.16181571E+00
   0.2363636E+02   0.56140605E-05   0.16332274E+00   0.39497707E-05  -0.56141296E+01   0.16332274E+00
   0.2389610E+02  -0.27381630E-05   0.16482417E+00  -0.37334792E-05   0.34435637E+01   0.16482417E+00
   0.2415584E+02   0.41082063E-05   0.16632646E+00   0.35262986E-05  -0.12375571E+01   0.16632646E+00
   0.2441558E+02  -0.29775482E-05   0.16782530E+00  -0.33272708E-05  -0.71122471E+00   0.16782530E+00
   0.2467532E+02   0.33710304E-05   0.16932583E+00   0.31355507E-05   0.22064590E+01   0.16932583E+00
   0.2493506E+02  -0.27615828E-05   0.17082378E+00  -0.29503902E-05  -0.31776560E+01   0.17082378E+00
   0.2519481E+02   0.29461123E-05   0.17232345E+00   0.27711237E-05   0.36769756E+01   0.17232345E+00
   0.2545455E+02  -0.24236939E-05   0.17382090E+00  -0.25971573E-05  -0.38459664E+01   0.17382090E+00
   0.2571429E+02   0.26030586E-05   0.17531986E+00   0.24279582E-05   0.38624119E+01   0.17531986E+00
   0.2597403E+02  -0.20863073E-05   0.17681684E+00  -0.22630472E-05  -0.38822651E+01   0.17681684E+00
   0.2623377E+02   0.22796561E-05   0.17831508E+00   0.21019908E-05   0.39924821E+01   0.17831508E+00
   0.2649351E+02  -0.17677058E-05   0.17981157E+00  -0.19443956E-05  -0.41872505E+01   0.17981157E+00
   0.2675325E+02   0.19624284E-05   0.18130911E+00   0.17899029E-05   0.43735752E+01   0.18130911E+00
   0.2701299E+02  -0.14739358E-05   0.18280511E+00  -0.16381843E-05  -0.44041534E+01   0.18280511E+00
   0.2727273E+02   0.16417343E-05   0.18430197E+00   0.14889373E-05   0.41280630E+01   0.18430197E+00
   0.2753247E+02  -0.12013457E-05   0.18579755E+00  -0.13418822E-05  -0.34449318E+01   0.18579755E+00
   0.2779221E+02   0.13274198E-05   0.18729381E+00   0.11967590E-05   0.23472125E+01   0.18729381E+00
   0.2805195E+02  -0.92803134E-06   0.18878902E+00  -0.10533245E-05  -0.93823626E+00   0.18878902E+00
   0.2831169E+02   0.10361484E-05   0.19028474E+00   0.91135006E-06  -0.57995141E+00   0.19028474E+00
   0.2857143E+02  -0.64316327E-06   0.19177963E+00  -0.77061926E-06   0.19469865E+01   0.19177963E+00
   0.2883117E+02   0.76171919E-06   0.19327483E+00   0.63092596E-06  -0.29032825E+01   0.19327483E+00
   0.2909091E+02  -0.35931026E-06   0.19476937E+00  -0.49207249E-06   0.32531430E+01   0.18617583E+00
   0.2935065E+02   0.48682712E-06   0.19626403E+00   0.35386794E-06  -0.29158071E+01   0.16501407E+00
   0.2961039E+02  -0.83685278E-07   0.19775822E+00  -0.21612654E-06   0.19510769E+01   0.13447708E+00
# left surface: e = a * z + b
# als(au,ev/a)=        0.00574985        0.14783473
# bls(au,ev)  =       -0.17249626       -2.34693103
# right surface: e = a * z + b
# ars(au,ev/a)=        0.00575436        0.14795059
# brs(au,ev)  =        0.02736969        0.37238360
