 q(1:3)   w(Ry)   eps    epsi  --- NO LFC
  0.00000000  0.00000000  0.02000000    0.0000D+00  0.204269312425941E+01 -0.284784137435846E-17    0.489549794887842E+00  0.682510820706735E-18
  0.00000000  0.00000000  0.02000000    0.1015D-04  0.204269312433865E+01 -0.284784137472607E-17    0.489549794868851E+00  0.682510820741882E-18
  0.00000000  0.00000000  0.02000000    0.3076D-04  0.204269312498715E+01 -0.284784137771140E-17    0.489549794713432E+00  0.682510821023984E-18
  0.00000000  0.00000000  0.02000000    0.5200D-04  0.204269312633894E+01 -0.284784138393206E-17    0.489549794389464E+00  0.682510821611497E-18
  0.00000000  0.00000000  0.02000000    0.7389D-04  0.204269312845772E+01 -0.284784139368259E-17    0.489549793881680E+00  0.682510822532434E-18
  0.00000000  0.00000000  0.02000000    0.9644D-04  0.204269313141171E+01 -0.284784140727791E-17    0.489549793173730E+00  0.682510823816684E-18
  0.00000000  0.00000000  0.02000000    0.1197D-03  0.204269313527402E+01 -0.284784142505551E-17    0.489549792248092E+00  0.682510825496270E-18
  0.00000000  0.00000000  0.02000000    0.1436D-03  0.204269314012291E+01 -0.284784144737378E-17    0.489549791086012E+00  0.682510827604794E-18
  0.00000000  0.00000000  0.02000000    0.1683D-03  0.204269314604215E+01 -0.284784147461493E-17    0.489549789667412E+00  0.682510830177869E-18
  0.00000000  0.00000000  0.02000000    0.1937D-03  0.204269315312142E+01 -0.284784150719578E-17    0.489549787970801E+00  0.682510833255467E-18
  0.00000000  0.00000000  0.02000000    0.2199D-03  0.204269316145661E+01 -0.284784154555964E-17    0.489549785973199E+00  0.682510836879757E-18
  0.00000000  0.00000000  0.02000000    0.2469D-03  0.204269317115032E+01 -0.284784159017707E-17    0.489549783650014E+00  0.682510841094943E-18
  0.00000000  0.00000000  0.02000000    0.2748D-03  0.204269318231220E+01 -0.284784164154811E-17    0.489549780974968E+00  0.682510845947586E-18
  0.00000000  0.00000000  0.02000000    0.3034D-03  0.204269319505952E+01 -0.284784170021726E-17    0.489549777919960E+00  0.682510851489834E-18
  0.00000000  0.00000000  0.02000000    0.3330D-03  0.204269320951757E+01 -0.284784176676220E-17    0.489549774454958E+00  0.682510857776391E-18
  0.00000000  0.00000000  0.02000000    0.3634D-03  0.204269322582023E+01 -0.284784184179412E-17    0.489549770547879E+00  0.682510864864276E-18
  0.00000000  0.00000000  0.02000000    0.3948D-03  0.204269324411052E+01 -0.284784192597230E-17    0.489549766164447E+00  0.682510872815918E-18
  0.00000000  0.00000000  0.02000000    0.4271D-03  0.204269326454118E+01 -0.284784202000339E-17    0.489549761268057E+00  0.682510881698605E-18
  0.00000000  0.00000000  0.02000000    0.4604D-03  0.204269328727529E+01 -0.284784212463752E-17    0.489549755819622E+00  0.682510891583130E-18
  0.00000000  0.00000000  0.02000000    0.4948D-03  0.204269331248698E+01 -0.284784224067513E-17    0.489549749777415E+00  0.682510902544969E-18
  0.00000000  0.00000000  0.02000000    0.5301D-03  0.204269334036210E+01 -0.284784236897016E-17    0.489549743096894E+00  0.682510914664585E-18
  0.00000000  0.00000000  0.02000000    0.5666D-03  0.204269337109895E+01 -0.284784251043707E-17    0.489549735730532E+00  0.682510928028613E-18
  0.00000000  0.00000000  0.02000000    0.6041D-03  0.204269340490917E+01 -0.284784266604680E-17    0.489549727627610E+00  0.682510942728327E-18
  0.00000000  0.00000000  0.02000000    0.6428D-03  0.204269344201854E+01 -0.284784283684263E-17    0.489549718734019E+00  0.682510958862885E-18
  0.00000000  0.00000000  0.02000000    0.6827D-03  0.204269348266785E+01 -0.284784302393111E-17    0.489549708992050E+00  0.682510976536567E-18
  0.00000000  0.00000000  0.02000000    0.7238D-03  0.204269352711392E+01 -0.284784322849630E-17    0.489549698340153E+00  0.682510995861525E-18
  0.00000000  0.00000000  0.02000000    0.7662D-03  0.204269357563059E+01 -0.284784345179101E-17    0.489549686712700E+00  0.682511016955011E-18
  0.00000000  0.00000000  0.02000000    0.8098D-03  0.204269362850989E+01 -0.284784369516742E-17    0.489549674039706E+00  0.682511039945946E-18
  0.00000000  0.00000000  0.02000000    0.8548D-03  0.204269368606303E+01 -0.284784396005605E-17    0.489549660246584E+00  0.682511064969190E-18
  0.00000000  0.00000000  0.02000000    0.9011D-03  0.204269374862184E+01 -0.284784424798224E-17    0.489549645253812E+00  0.682511092168575E-18
  0.00000000  0.00000000  0.02000000    0.9488D-03  0.204269381653986E+01 -0.284784456057629E-17    0.489549628976657E+00  0.682511121698552E-18
  0.00000000  0.00000000  0.02000000    0.9980D-03  0.204269389019394E+01 -0.284784489956778E-17    0.489549611324807E+00  0.682511153721802E-18
  0.00000000  0.00000000  0.02000000    0.1049D-02  0.204269396998552E+01 -0.284784526680707E-17    0.489549592202052E+00  0.682511188413520E-18
  0.00000000  0.00000000  0.02000000    0.1101D-02  0.204269405634235E+01 -0.284784566426212E-17    0.489549571505876E+00  0.682511225959492E-18
  0.00000000  0.00000000  0.02000000    0.1155D-02  0.204269414972010E+01 -0.284784609402922E-17    0.489549549127081E+00  0.682511266557630E-18
  0.00000000  0.00000000  0.02000000    0.1210D-02  0.204269425060410E+01 -0.284784655835064E-17    0.489549524949347E+00  0.682511310420971E-18
  0.00000000  0.00000000  0.02000000    0.1267D-02  0.204269435951128E+01 -0.284784705959367E-17    0.489549498848791E+00  0.682511357771430E-18
  0.00000000  0.00000000  0.02000000    0.1326D-02  0.204269447699210E+01 -0.284784760029538E-17    0.489549470693491E+00  0.682511408849189E-18
  0.00000000  0.00000000  0.02000000    0.1387D-02  0.204269460363275E+01 -0.284784818315623E-17    0.489549440342961E+00  0.682511463909707E-18
  0.00000000  0.00000000  0.02000000    0.1450D-02  0.204269474005739E+01 -0.284784881105079E-17    0.489549407647618E+00  0.682511523224815E-18
  0.00000000  0.00000000  0.02000000    0.1514D-02  0.204269488693048E+01 -0.284784948702969E-17    0.489549372448217E+00  0.682511587081585E-18
  0.00000000  0.00000000  0.02000000    0.1580D-02  0.204269504495944E+01 -0.284785021435563E-17    0.489549334575223E+00  0.682511655789221E-18
  0.00000000  0.00000000  0.02000000    0.1649D-02  0.204269521489725E+01 -0.284785099649340E-17    0.489549293848177E+00  0.682511729674903E-18
  0.00000000  0.00000000  0.02000000    0.1719D-02  0.204269539754541E+01 -0.284785183712639E-17    0.489549250074995E+00  0.682511809085782E-18
  0.00000000  0.00000000  0.02000000    0.1792D-02  0.204269559375696E+01 -0.284785274018580E-17    0.489549203051240E+00  0.682511894393955E-18
  0.00000000  0.00000000  0.02000000    0.1867D-02  0.204269580443973E+01 -0.284785370985053E-17    0.489549152559346E+00  0.682511985994269E-18
  0.00000000  0.00000000  0.02000000    0.1944D-02  0.204269603055978E+01 -0.284785475056013E-17    0.489549098367787E+00  0.682512084305109E-18
  0.00000000  0.00000000  0.02000000    0.2024D-02  0.204269627314512E+01 -0.284785586705406E-17    0.489549040230199E+00  0.682512189775366E-18
  0.00000000  0.00000000  0.02000000    0.2106D-02  0.204269653328953E+01 -0.284785706436153E-17    0.489548977884451E+00  0.682512302879398E-18
  0.00000000  0.00000000  0.02000000    0.2190D-02  0.204269681215671E+01 -0.284785834784075E-17    0.489548911051652E+00  0.682512424123684E-18
  0.00000000  0.00000000  0.02000000    0.2277D-02  0.204269711098477E+01 -0.284785972318631E-17    0.489548839435088E+00  0.682512554045604E-18
  0.00000000  0.00000000  0.02000000    0.2367D-02  0.204269743109076E+01 -0.284786119646503E-17    0.489548762719117E+00  0.682512693218976E-18
  0.00000000  0.00000000  0.02000000    0.2459D-02  0.204269777387574E+01 -0.284786277412369E-17    0.489548680567972E+00  0.682512842252556E-18
  0.00000000  0.00000000  0.02000000    0.2554D-02  0.204269814082997E+01 -0.284786446301684E-17    0.489548592624502E+00  0.682513001793187E-18
  0.00000000  0.00000000  0.02000000    0.2652D-02  0.204269853353859E+01 -0.284786627044326E-17    0.489548498508827E+00  0.682513172530796E-18
  0.00000000  0.00000000  0.02000000    0.2753D-02  0.204269895368749E+01 -0.284786820416210E-17    0.489548397816914E+00  0.682513355198291E-18
  0.00000000  0.00000000  0.02000000    0.2858D-02  0.204269940306967E+01 -0.284787027242582E-17    0.489548290119070E+00  0.682513550575236E-18
  0.00000000  0.00000000  0.02000000    0.2965D-02  0.204269988359194E+01 -0.284787248400681E-17    0.489548174958316E+00  0.682513759489715E-18
  0.00000000  0.00000000  0.02000000    0.3075D-02  0.204270039728205E+01 -0.284787484823856E-17    0.489548051848703E+00  0.682513982823496E-18
  0.00000000  0.00000000  0.02000000    0.3189D-02  0.204270094629626E+01 -0.284787737505237E-17    0.489547920273478E+00  0.682514221515703E-18
  0.00000000  0.00000000  0.02000000    0.3307D-02  0.204270153292737E+01 -0.284788007499026E-17    0.489547779683169E+00  0.682514476560580E-18
  0.00000000  0.00000000  0.02000000    0.3428D-02  0.204270215961328E+01 -0.284788295927612E-17    0.489547629493533E+00  0.682514749018817E-18
  0.00000000  0.00000000  0.02000000    0.3553D-02  0.204270282894610E+01 -0.284788603983942E-17    0.489547469083367E+00  0.682515040017125E-18
  0.00000000  0.00000000  0.02000000    0.3681D-02  0.204270354368170E+01 -0.284788932936521E-17    0.489547297792236E+00  0.682515350753868E-18
  0.00000000  0.00000000  0.02000000    0.3813D-02  0.204270430675000E+01 -0.284789284133539E-17    0.489547114917983E+00  0.682515682502035E-18
  0.00000000  0.00000000  0.02000000    0.3950D-02  0.204270512126588E+01 -0.284789659008376E-17    0.489546919714135E+00  0.682516036615168E-18
  0.00000000  0.00000000  0.02000000    0.4090D-02  0.204270599054068E+01 -0.284790059085374E-17    0.489546711387140E+00  0.682516414533508E-18
  0.00000000  0.00000000  0.02000000    0.4235D-02  0.204270691809448E+01 -0.284790485984330E-17    0.489546489093423E+00  0.682516817786534E-18
  0.00000000  0.00000000  0.02000000    0.4385D-02  0.204270790766916E+01 -0.284790941427326E-17    0.489546251936262E+00  0.682517248000624E-18
  0.00000000  0.00000000  0.02000000    0.4538D-02  0.204270896324221E+01 -0.284791427244753E-17    0.489545998962470E+00  0.682517706904237E-18
  0.00000000  0.00000000  0.02000000    0.4697D-02  0.204271008904145E+01 -0.284791945382765E-17    0.489545729158881E+00  0.682518196335950E-18
  0.00000000  0.00000000  0.02000000    0.4860D-02  0.204271128956062E+01 -0.284792497909052E-17    0.489545441448603E+00  0.682518718247871E-18
  0.00000000  0.00000000  0.02000000    0.5029D-02  0.204271256957605E+01 -0.284793087021768E-17    0.489545134687032E+00  0.682519274715885E-18
  0.00000000  0.00000000  0.02000000    0.5202D-02  0.204271393416419E+01 -0.284793715056985E-17    0.489544807657646E+00  0.682519867945796E-18
  0.00000000  0.00000000  0.02000000    0.5381D-02  0.204271538872034E+01 -0.284794384497272E-17    0.489544459067520E+00  0.682520500281361E-18
  0.00000000  0.00000000  0.02000000    0.5565D-02  0.204271693897858E+01 -0.284795097982722E-17    0.489544087542560E+00  0.682521174217412E-18
  0.00000000  0.00000000  0.02000000    0.5755D-02  0.204271859103282E+01 -0.284795858316479E-17    0.489543691622442E+00  0.682521892398988E-18
  0.00000000  0.00000000  0.02000000    0.5950D-02  0.204272035135927E+01 -0.284796668479488E-17    0.489543269755246E+00  0.682522657641692E-18
  0.00000000  0.00000000  0.02000000    0.6152D-02  0.204272222684019E+01 -0.284797531638419E-17    0.489542820291755E+00  0.682523472934775E-18
  0.00000000  0.00000000  0.02000000    0.6360D-02  0.204272422478930E+01 -0.284798451159493E-17    0.489542341479378E+00  0.682524341457298E-18
  0.00000000  0.00000000  0.02000000    0.6574D-02  0.204272635297852E+01 -0.284799430618467E-17    0.489541831455736E+00  0.682525266584160E-18
  0.00000000  0.00000000  0.02000000    0.6794D-02  0.204272861966662E+01 -0.284800473816182E-17    0.489541288241805E+00  0.682526251904202E-18
  0.00000000  0.00000000  0.02000000    0.7021D-02  0.204273103362943E+01 -0.284801584791105E-17    0.489540709734677E+00  0.682527301230060E-18
  0.00000000  0.00000000  0.02000000    0.7255D-02  0.204273360419210E+01 -0.284802767834115E-17    0.489540093699834E+00  0.682528418612013E-18
  0.00000000  0.00000000  0.02000000    0.7497D-02  0.204273634126330E+01 -0.284804027504478E-17    0.489539437762960E+00  0.682529608353396E-18
  0.00000000  0.00000000  0.02000000    0.7745D-02  0.204273925537148E+01 -0.284805368647776E-17    0.489538739401249E+00  0.682530875029304E-18
  0.00000000  0.00000000  0.02000000    0.8001D-02  0.204274235770350E+01 -0.284806796410608E-17    0.489537995934165E+00  0.682532223495980E-18
  0.00000000  0.00000000  0.02000000    0.8265D-02  0.204274566014556E+01 -0.284808316262712E-17    0.489537204513628E+00  0.682533658916434E-18
  0.00000000  0.00000000  0.02000000    0.8537D-02  0.204274917532675E+01 -0.284809934015156E-17    0.489536362113594E+00  0.682535186774905E-18
  0.00000000  0.00000000  0.02000000    0.8818D-02  0.204275291666526E+01 -0.284811655841984E-17    0.489535465518990E+00  0.682536812897804E-18
  0.00000000  0.00000000  0.02000000    0.9107D-02  0.204275689841747E+01 -0.284813488302270E-17    0.489534511313952E+00  0.682538543473714E-18
  0.00000000  0.00000000  0.02000000    0.9404D-02  0.204276113573011E+01 -0.284815438365729E-17    0.489533495869347E+00  0.682540385079838E-18
  0.00000000  0.00000000  0.02000000    0.9711D-02  0.204276564469563E+01 -0.284817513436069E-17    0.489532415329512E+00  0.682542344700923E-18
  0.00000000  0.00000000  0.02000000    0.1003D-01  0.204277044241107E+01 -0.284819721379507E-17    0.489531265598158E+00  0.682544429758141E-18
  0.00000000  0.00000000  0.02000000    0.1035D-01  0.204277554704045E+01 -0.284822070552667E-17    0.489530042323441E+00  0.682546648134204E-18
  0.00000000  0.00000000  0.02000000    0.1069D-01  0.204278097788132E+01 -0.284824569833739E-17    0.489528740882029E+00  0.682549008203447E-18
  0.00000000  0.00000000  0.02000000    0.1103D-01  0.204278675543506E+01 -0.284827228654691E-17    0.489527356362277E+00  0.682551518861936E-18
  0.00000000  0.00000000  0.02000000    0.1139D-01  0.204279290148196E+01 -0.284830057034636E-17    0.489525883546267E+00  0.682554189557160E-18
  0.00000000  0.00000000  0.02000000    0.1176D-01  0.204279943916064E+01 -0.284833065618687E-17    0.489524316890790E+00  0.682557030327894E-18
  0.00000000  0.00000000  0.02000000    0.1214D-01  0.204280639305259E+01 -0.284836265714465E-17    0.489522650507122E+00  0.682560051835055E-18
  0.00000000  0.00000000  0.02000000    0.1253D-01  0.204281378927196E+01 -0.284839669333826E-17    0.489520878139554E+00  0.682563265401533E-18
  0.00000000  0.00000000  0.02000000    0.1293D-01  0.204282165556090E+01 -0.284843289237835E-17    0.489518993142566E+00  0.682566683056025E-18
  0.00000000  0.00000000  0.02000000    0.1334D-01  0.204283002139077E+01 -0.284847138982303E-17    0.489516988456629E+00  0.682570317574312E-18
  0.00000000  0.00000000  0.02000000    0.1377D-01  0.204283891806991E+01 -0.284851232967423E-17    0.489514856582431E+00  0.682574182525950E-18
  0.00000000  0.00000000  0.02000000    0.1421D-01  0.204284837885777E+01 -0.284855586489620E-17    0.489512589553581E+00  0.682578292321941E-18
  0.00000000  0.00000000  0.02000000    0.1466D-01  0.204285843908646E+01 -0.284860215798697E-17    0.489510178907544E+00  0.682582662270118E-18
  0.00000000  0.00000000  0.02000000    0.1513D-01  0.204286913628969E+01 -0.284865138155181E-17    0.489507615654826E+00  0.682587308626073E-18
  0.00000000  0.00000000  0.02000000    0.1561D-01  0.204288051033988E+01 -0.284870371894684E-17    0.489504890246188E+00  0.682592248655297E-18
  0.00000000  0.00000000  0.02000000    0.1610D-01  0.204289260359370E+01 -0.284875936494719E-17    0.489501992537873E+00  0.682597500695595E-18
  0.00000000  0.00000000  0.02000000    0.1662D-01  0.204290546104685E+01 -0.284881852644089E-17    0.489498911754618E+00  0.682603084219387E-18
  0.00000000  0.00000000  0.02000000    0.1714D-01  0.204291913049836E+01 -0.284888142319986E-17    0.489495636450403E+00  0.682609019908076E-18
  0.00000000  0.00000000  0.02000000    0.1768D-01  0.204293366272526E+01 -0.284894828866666E-17    0.489492154466732E+00  0.682615329723164E-18
  0.00000000  0.00000000  0.02000000    0.1824D-01  0.204294911166815E+01 -0.284901937081365E-17    0.489488452888316E+00  0.682622036987355E-18
  0.00000000  0.00000000  0.02000000    0.1882D-01  0.204296553462835E+01 -0.284909493305192E-17    0.489484517996001E+00  0.682629166469746E-18
  0.00000000  0.00000000  0.02000000    0.1941D-01  0.204298299247746E+01 -0.284917525516432E-17    0.489480335216756E+00  0.682636744468397E-18
  0.00000000  0.00000000  0.02000000    0.2002D-01  0.204300154987997E+01 -0.284926063436237E-17    0.489475889070544E+00  0.682644798913716E-18
  0.00000000  0.00000000  0.02000000    0.2065D-01  0.204302127552989E+01 -0.284935138633494E-17    0.489471163113871E+00  0.682653359460366E-18
  0.00000000  0.00000000  0.02000000    0.2130D-01  0.204304224240220E+01 -0.284944784642357E-17    0.489466139879812E+00  0.682662457599454E-18
  0.00000000  0.00000000  0.02000000    0.2197D-01  0.204306452802008E+01 -0.284955037082116E-17    0.489460800814300E+00  0.682672126765593E-18
  0.00000000  0.00000000  0.02000000    0.2266D-01  0.204308821473905E+01 -0.284965933790120E-17    0.489455126208401E+00  0.682682402463724E-18
  0.00000000  0.00000000  0.02000000    0.2337D-01  0.204311339004876E+01 -0.284977514956524E-17    0.489449095126401E+00  0.682693322388299E-18
  0.00000000  0.00000000  0.02000000    0.2410D-01  0.204314014689400E+01 -0.284989823272880E-17    0.489442685329348E+00  0.682704926562491E-18
  0.00000000  0.00000000  0.02000000    0.2486D-01  0.204316858401587E+01 -0.285002904087644E-17    0.489435873193826E+00  0.682717257480251E-18
  0.00000000  0.00000000  0.02000000    0.2564D-01  0.204319880631438E+01 -0.285016805570586E-17    0.489428633625647E+00  0.682730360254991E-18
  0.00000000  0.00000000  0.02000000    0.2644D-01  0.204323092523419E+01 -0.285031578889586E-17    0.489420939968097E+00  0.682744282782148E-18
  0.00000000  0.00000000  0.02000000    0.2726D-01  0.204326505917451E+01 -0.285047278398056E-17    0.489412763904456E+00  0.682759075910574E-18
  0.00000000  0.00000000  0.02000000    0.2811D-01  0.204330133392514E+01 -0.285063961831651E-17    0.489404075354378E+00  0.682774793618308E-18
  0.00000000  0.00000000  0.02000000    0.2899D-01  0.204333988313001E+01 -0.285081690521251E-17    0.489394842363764E+00  0.682791493208310E-18
  0.00000000  0.00000000  0.02000000    0.2989D-01  0.204338084878033E+01 -0.285100529616083E-17    0.489385030987684E+00  0.682809235508163E-18
  0.00000000  0.00000000  0.02000000    0.3082D-01  0.204342438173900E+01 -0.285120548322554E-17    0.489374605165951E+00  0.682828085085809E-18
  0.00000000  0.00000000  0.02000000    0.3178D-01  0.204347064229852E+01 -0.285141820157845E-17    0.489363526590813E+00  0.682848110477438E-18
  0.00000000  0.00000000  0.02000000    0.3277D-01  0.204351980077440E+01 -0.285164423218002E-17    0.489351754566336E+00  0.682869384425564E-18
  0.00000000  0.00000000  0.02000000    0.3379D-01  0.204357203813668E+01 -0.285188440465978E-17    0.489339245858832E+00  0.682891984138336E-18
  0.00000000  0.00000000  0.02000000    0.3484D-01  0.204362754668177E+01 -0.285213960035430E-17    0.489325954537898E+00  0.682915991558629E-18
  0.00000000  0.00000000  0.02000000    0.3592D-01  0.204368653074756E+01 -0.285241075553560E-17    0.489311831807304E+00  0.682941493648463E-18
  0.00000000  0.00000000  0.02000000    0.3703D-01  0.204374920747448E+01 -0.285269886486414E-17    0.489296825825184E+00  0.682968582695121E-18
  0.00000000  0.00000000  0.02000000    0.3818D-01  0.204381580761571E+01 -0.285300498503558E-17    0.489280881512796E+00  0.682997356629252E-18
  0.00000000  0.00000000  0.02000000    0.3936D-01  0.204388657639965E+01 -0.285333023868552E-17    0.489263940351093E+00  0.683027919367883E-18
  0.00000000  0.00000000  0.02000000    0.4058D-01  0.204396177444859E+01 -0.285367581851231E-17    0.489245940164304E+00  0.683060381170210E-18
  0.00000000  0.00000000  0.02000000    0.4184D-01  0.204404167875680E+01 -0.285404299169305E-17    0.489226814889707E+00  0.683094859021417E-18
  0.00000000  0.00000000  0.02000000    0.4313D-01  0.204412658373264E+01 -0.285443310455553E-17    0.489206494332639E+00  0.683131477032484E-18
  0.00000000  0.00000000  0.02000000    0.4447D-01  0.204421680230871E+01 -0.285484758756806E-17    0.489184903905796E+00  0.683170366867611E-18
  0.00000000  0.00000000  0.02000000    0.4584D-01  0.204431266712488E+01 -0.285528796062542E-17    0.489161964351763E+00  0.683211668190552E-18
  0.00000000  0.00000000  0.02000000    0.4726D-01  0.204441453178929E+01 -0.285575583870487E-17    0.489137591447655E+00  0.683255529143659E-18
  0.00000000  0.00000000  0.02000000    0.4872D-01  0.204452277222262E+01 -0.285625293785462E-17    0.489111695690672E+00  0.683302106846584E-18
  0.00000000  0.00000000  0.02000000    0.5022D-01  0.204463778809159E+01 -0.285678108158993E-17    0.489084181963287E+00  0.683351567928184E-18
  0.00000000  0.00000000  0.02000000    0.5177D-01  0.204476000433791E+01 -0.285734220768659E-17    0.489054949176687E+00  0.683404089084304E-18
  0.00000000  0.00000000  0.02000000    0.5337D-01  0.204488987280965E+01 -0.285793837543156E-17    0.489023889890958E+00  0.683459857670432E-18
  0.00000000  0.00000000  0.02000000    0.5501D-01  0.204502787400204E+01 -0.285857177331519E-17    0.488990889910483E+00  0.683519072319985E-18
  0.00000000  0.00000000  0.02000000    0.5671D-01  0.204517451891602E+01 -0.285924472725732E-17    0.488955827852784E+00  0.683581943603913E-18
  0.00000000  0.00000000  0.02000000    0.5846D-01  0.204533035104280E+01 -0.285995970934872E-17    0.488918574689001E+00  0.683648694720556E-18
  0.00000000  0.00000000  0.02000000    0.6026D-01  0.204549594848383E+01 -0.286071934716786E-17    0.488878993254045E+00  0.683719562222761E-18
  0.00000000  0.00000000  0.02000000    0.6211D-01  0.204567192621612E+01 -0.286152643372330E-17    0.488836937724270E+00  0.683794796786280E-18
  0.00000000  0.00000000  0.02000000    0.6403D-01  0.204585893851414E+01 -0.286238393800992E-17    0.488792253060359E+00  0.683874664007771E-18
  0.00000000  0.00000000  0.02000000    0.6600D-01  0.204605768153934E+01 -0.286329501632772E-17    0.488744774413035E+00  0.683959445258754E-18
  0.00000000  0.00000000  0.02000000    0.6803D-01  0.204626889611107E+01 -0.286426302429518E-17    0.488694326488810E+00  0.684049438568390E-18
  0.00000000  0.00000000  0.02000000    0.7012D-01  0.204649337067214E+01 -0.286529152967856E-17    0.488640722872982E+00  0.684144959552994E-18
  0.00000000  0.00000000  0.02000000    0.7227D-01  0.204673194446446E+01 -0.286638432611118E-17    0.488583765306724E+00  0.684246342397326E-18
  0.00000000  0.00000000  0.02000000    0.7450D-01  0.204698551093125E+01 -0.286754544768161E-17    0.488523242914925E+00  0.684353940868905E-18
  0.00000000  0.00000000  0.02000000    0.7678D-01  0.204725502136402E+01 -0.286877918454784E-17    0.488458931381071E+00  0.684468129387647E-18
  0.00000000  0.00000000  0.02000000    0.7914D-01  0.204754148881380E+01 -0.287009009960162E-17    0.488390592065282E+00  0.684589304140159E-18
  0.00000000  0.00000000  0.02000000    0.8157D-01  0.204784599228830E+01 -0.287148304625644E-17    0.488317971061185E+00  0.684717884237818E-18
  0.00000000  0.00000000  0.02000000    0.8408D-01  0.204816968125874E+01 -0.287296318746852E-17    0.488240798186911E+00  0.684854312924497E-18
  0.00000000  0.00000000  0.02000000    0.8666D-01  0.204851378050213E+01 -0.287453601606895E-17    0.488158785905205E+00  0.684999058830371E-18
  0.00000000  0.00000000  0.02000000    0.8932D-01  0.204887959530737E+01 -0.287620737649926E-17    0.488071628167093E+00  0.685152617269148E-18
  0.00000000  0.00000000  0.02000000    0.9206D-01  0.204926851707676E+01 -0.287798348808171E-17    0.487978999173071E+00  0.685315511582678E-18
  0.00000000  0.00000000  0.02000000    0.9488D-01  0.204968202935719E+01 -0.287987096991195E-17    0.487880552045244E+00  0.685488294523592E-18
  0.00000000  0.00000000  0.02000000    0.9779D-01  0.205012171433902E+01 -0.288187686750953E-17    0.487775917403230E+00  0.685671549674708E-18
  0.00000000  0.00000000  0.02000000    0.1008D+00  0.205058925986482E+01 -0.288400868138262E-17    0.487664701835961E+00  0.685865892905095E-18
  0.00000000  0.00000000  0.02000000    0.1039D+00  0.205108646699427E+01 -0.288627439764917E-17    0.487546486260735E+00  0.686071973855066E-18
  0.00000000  0.00000000  0.02000000    0.1071D+00  0.205161525817708E+01 -0.288868252085268E-17    0.487420824160047E+00  0.686290477436683E-18
  0.00000000  0.00000000  0.02000000    0.1103D+00  0.205217768609070E+01 -0.289124210920044E-17    0.487287239685835E+00  0.686522125352388E-18
  0.00000000  0.00000000  0.02000000    0.1137D+00  0.205277594320682E+01 -0.289396281238206E-17    0.487145225619612E+00  0.686767677611364E-18
  0.00000000  0.00000000  0.02000000    0.1172D+00  0.205341237215750E+01 -0.289685491221497E-17    0.486994241175878E+00  0.687027934037664E-18
  0.00000000  0.00000000  0.02000000    0.1208D+00  0.205408947697967E+01 -0.289992936631491E-17    0.486833709634887E+00  0.687303735744812E-18
  0.00000000  0.00000000  0.02000000    0.1245D+00  0.205480993532725E+01 -0.290319785509802E-17    0.486663015789215E+00  0.687595966567960E-18
  0.00000000  0.00000000  0.02000000    0.1283D+00  0.205557661174899E+01 -0.290667283238606E-17    0.486481503187152E+00  0.687905554427033E-18
  0.00000000  0.00000000  0.02000000    0.1322D+00  0.205639257214432E+01 -0.291036757989745E-17    0.486288471153756E+00  0.688233472584465E-18
  0.00000000  0.00000000  0.02000000    0.1363D+00  0.205726109952145E+01 -0.291429626602267E-17    0.486083171568555E+00  0.688580740776275E-18
  0.00000000  0.00000000  0.02000000    0.1405D+00  0.205818571119948E+01 -0.291847400926264E-17    0.485864805376195E+00  0.688948426174572E-18
  0.00000000  0.00000000  0.02000000    0.1448D+00  0.205917017761320E+01 -0.292291694670077E-17    0.485632518803816E+00  0.689337644121267E-18
  0.00000000  0.00000000  0.02000000    0.1492D+00  0.206021854290140E+01 -0.292764230807134E-17    0.485385399255606E+00  0.689749558597589E-18
  0.00000000  0.00000000  0.02000000    0.1537D+00  0.206133514748287E+01 -0.293266849588403E-17    0.485122470851532E+00  0.690185382347451E-18
  0.00000000  0.00000000  0.02000000    0.1585D+00  0.206252465285299E+01 -0.293801517220109E-17    0.484842689573066E+00  0.690646376578357E-18
  0.00000000  0.00000000  0.02000000    0.1633D+00  0.206379206886577E+01 -0.294370335274224E-17    0.484544937974098E+00  0.691133850152131E-18
  0.00000000  0.00000000  0.02000000    0.1683D+00  0.206514278380459E+01 -0.294975550902825E-17    0.484228019409734E+00  0.691649158150828E-18
  0.00000000  0.00000000  0.02000000    0.1734D+00  0.206658259758852E+01 -0.295619567936645E-17    0.483890651729524E+00  0.692193699684612E-18
  0.00000000  0.00000000  0.02000000    0.1787D+00  0.206811775851300E+01 -0.296304958959781E-17    0.483531460374390E+00  0.692768914788544E-18
  0.00000000  0.00000000  0.02000000    0.1842D+00  0.206975500398395E+01 -0.297034478463760E-17    0.483148970808215E+00  0.693376280226803E-18
  0.00000000  0.00000000  0.02000000    0.1898D+00  0.207150160577588E+01 -0.297811077194240E-17    0.482741600205254E+00  0.694017303982493E-18
  0.00000000  0.00000000  0.02000000    0.1956D+00  0.207336542042815E+01 -0.298637917816091E-17    0.482307648303259E+00  0.694693518165829E-18
  0.00000000  0.00000000  0.02000000    0.2016D+00  0.207535494549378E+01 -0.299518392051855E-17    0.481845287318828E+00  0.695406470054028E-18
  0.00000000  0.00000000  0.02000000    0.2078D+00  0.207747938247274E+01 -0.300456139445863E-17    0.481352550805940E+00  0.696157710867050E-18
  0.00000000  0.00000000  0.02000000    0.2141D+00  0.207974870740359E+01 -0.301455067951765E-17    0.480827321320192E+00  0.696948781867980E-18
  0.00000000  0.00000000  0.02000000    0.2207D+00  0.208217375025604E+01 -0.302519376545547E-17    0.480267316729468E+00  0.697781197243198E-18
  0.00000000  0.00000000  0.02000000    0.2274D+00  0.208476628447048E+01 -0.303653580111886E-17    0.479670074985884E+00  0.698656423153905E-18
  0.00000000  0.00000000  0.02000000    0.2343D+00  0.208753912823636E+01 -0.304862536871768E-17    0.479032937142999E+00  0.699575852194584E-18
  0.00000000  0.00000000  0.02000000    0.2415D+00  0.209050625939895E+01 -0.306151478669580E-17    0.478353028365251E+00  0.700540772368695E-18
  0.00000000  0.00000000  0.02000000    0.2489D+00  0.209368294624747E+01 -0.307526044476921E-17    0.477627236632132E+00  0.701552329492781E-18
  0.00000000  0.00000000  0.02000000    0.2565D+00  0.209708589688236E+01 -0.308992317520548E-17    0.476852188785711E+00  0.702611481707504E-18
  0.00000000  0.00000000  0.02000000    0.2643D+00  0.210073343040705E+01 -0.310556866514022E-17    0.476024223504757E+00  0.703718944520072E-18
  0.00000000  0.00000000  0.02000000    0.2724D+00  0.210464567386731E+01 -0.312226791537031E-17    0.475139360708868E+00  0.704875124440727E-18
  0.00000000  0.00000000  0.02000000    0.2807D+00  0.210884478970631E+01 -0.314009775192642E-17    0.474193266797632E+00  0.706080038852577E-18
  0.00000000  0.00000000  0.02000000    0.2893D+00  0.211335523955949E+01 -0.315914139779518E-17    0.473181215008812E+00  0.707333219239062E-18
  0.00000000  0.00000000  0.02000000    0.2981D+00  0.211820409154827E+01 -0.317948911325846E-17    0.472098040028365E+00  0.708633594208426E-18
  0.00000000  0.00000000  0.02000000    0.3072D+00  0.212342137992357E+01 -0.320123891487511E-17    0.470938085796233E+00  0.709979347953048E-18
  0.00000000  0.00000000  0.02000000    0.3166D+00  0.212904052807575E+01 -0.322449738471877E-17    0.469695145213516E+00  0.711367748703655E-18
  0.00000000  0.00000000  0.02000000    0.3262D+00  0.213509884871826E+01 -0.324938058347202E-17    0.468362390153654E+00  0.712794940387630E-18
  0.00000000  0.00000000  0.02000000    0.3362D+00  0.214163813868081E+01 -0.327601508365988E-17    0.466932289791950E+00  0.714255689034616E-18
  0.00000000  0.00000000  0.02000000    0.3464D+00  0.214870539050557E+01 -0.330453914184580E-17    0.465396514765903E+00  0.715743073163087E-18
  0.00000000  0.00000000  0.02000000    0.3570D+00  0.215635364934183E+01 -0.333510403259196E-17    0.463745824023449E+00  0.717248104581711E-18
  0.00000000  0.00000000  0.02000000    0.3679D+00  0.216464305206640E+01 -0.336787557097635E-17    0.461969930351975E+00  0.718759262166953E-18
  0.00000000  0.00000000  0.02000000    0.3791D+00  0.217364209696759E+01 -0.340303585588320E-17    0.460057339428179E+00  0.720261916173066E-18
  0.00000000  0.00000000  0.02000000    0.3907D+00  0.218342920796203E+01 -0.344078527275492E-17    0.457995155672293E+00  0.721737613879958E-18
  0.00000000  0.00000000  0.02000000    0.4026D+00  0.219409467901218E+01 -0.348134480240311E-17    0.455768846060107E+00  0.723163188218922E-18
  0.00000000  0.00000000  0.02000000    0.4149D+00  0.220574311497761E+01 -0.352495869247166E-17    0.453361950088258E+00  0.724509638474256E-18
  0.00000000  0.00000000  0.02000000    0.4276D+00  0.221849652887938E+01 -0.357189756032398E-17    0.450755719913218E+00  0.725740714624143E-18
  0.00000000  0.00000000  0.02000000    0.4406D+00  0.223249831929071E+01 -0.362246201162877E-17    0.447928668684378E+00  0.726811112110546E-18
  0.00000000  0.00000000  0.02000000    0.4540D+00  0.224791844626781E+01 -0.367698687846680E-17    0.444855996293054E+00  0.727664148088921E-18
  0.00000000  0.00000000  0.02000000    0.4679D+00  0.226496026808789E+01 -0.373584620529768E-17    0.441508848561044E+00  0.728228737493298E-18
  0.00000000  0.00000000  0.02000000    0.4822D+00  0.228386972510291E+01 -0.379945914283606E-17    0.437853345577731E+00  0.728415407757860E-18
  0.00000000  0.00000000  0.02000000    0.4969D+00  0.230494791600037E+01 -0.386829695036121E-17    0.433849282692354E+00  0.728110967499605E-18
  0.00000000  0.00000000  0.02000000    0.5120D+00  0.232856870610414E+01 -0.394289135967894E-17    0.429448354853600E+00  0.727171246157280E-18
  0.00000000  0.00000000  0.02000000    0.5276D+00  0.235520402960223E+01 -0.402384462279146E-17    0.424591664854145E+00  0.725410990314062E-18
  0.00000000  0.00000000  0.02000000    0.5437D+00  0.238546138692259E+01 -0.411184165584790E-17    0.419206114792773E+00  0.722589422172447E-18
  0.00000000  0.00000000  0.02000000    0.5603D+00  0.242014153227719E+01 -0.420766481276426E-17    0.413198974796762E+00  0.718388889135210E-18
  0.00000000  0.00000000  0.02000000    0.5774D+00  0.246033143929839E+01 -0.431221198393229E-17    0.406449303547968E+00  0.712381888726462E-18
  0.00000000  0.00000000  0.02000000    0.5950D+00  0.250756329107535E+01 -0.442651893534499E-17    0.398793523401420E+00  0.703977079626298E-18
  0.00000000  0.00000000  0.02000000    0.6131D+00  0.256410880102268E+01 -0.455178710501793E-17    0.389999051366758E+00  0.692323450655609E-18
  0.00000000  0.00000000  0.02000000    0.6318D+00  0.263358846441006E+01 -0.468941849083512E-17    0.379710047151959E+00  0.676119044540673E-18
  0.00000000  0.00000000  0.02000000    0.6511D+00  0.272246917704056E+01 -0.484105984131451E-17    0.367313616783366E+00  0.653152371521395E-18
  0.00000000  0.00000000  0.02000000    0.6709D+00  0.284511502892831E+01 -0.500865909696136E-17    0.351479637846726E+00  0.618759406069009E-18
  0.00000000  0.00000000  0.02000000    0.6914D+00  0.307224361594478E+01  0.447662345497914E-03    0.325495013995018E+00 -0.474284853768266E-04
  0.00000000  0.00000000  0.02000000    0.7125D+00  0.327930470206272E+01  0.269209216695101E+00    0.302901340730191E+00 -0.248661957586858E-01
  0.00000000  0.00000000  0.02000000    0.7342D+00  0.334003232912641E+01  0.518729094644592E+00    0.292346851811873E+00 -0.454033981767576E-01
  0.00000000  0.00000000  0.02000000    0.7565D+00  0.337343216362603E+01  0.703764983150333E+00    0.284070610656140E+00 -0.592627741792307E-01
  0.00000000  0.00000000  0.02000000    0.7796D+00  0.344895833170396E+01  0.891048036225476E+00    0.271800944078707E+00 -0.702205344840769E-01
  0.00000000  0.00000000  0.02000000    0.8034D+00  0.362517864012575E+01  0.114346238058489E+01    0.250887373839049E+00 -0.791354860622093E-01
  0.00000000  0.00000000  0.02000000    0.8279D+00  0.370585486830632E+01  0.181736759954368E+01    0.217528443353917E+00 -0.106676909641434E+00
  0.00000000  0.00000000  0.02000000    0.8531D+00  0.302248043773071E+01  0.282078024840292E+01    0.176834014722140E+00 -0.165033291778230E+00
  0.00000000  0.00000000  0.02000000    0.8791D+00  0.212453562093921E+01  0.251264408692745E+01    0.196225118588881E+00 -0.232071366123307E+00
  0.00000000  0.00000000  0.02000000    0.9059D+00  0.172254043033541E+01  0.221304130675866E+01    0.219021832828891E+00 -0.281389251942229E+00
  0.00000000  0.00000000  0.02000000    0.9335D+00  0.148862415156424E+01  0.192904895053138E+01    0.250726975504323E+00 -0.324907135530676E+00
  0.00000000  0.00000000  0.02000000    0.9619D+00  0.135352251895851E+01  0.167718160968773E+01    0.291395861817912E+00 -0.361075470658712E+00
  0.00000000  0.00000000  0.02000000    0.9913D+00  0.129175458406481E+01  0.143995266720515E+01    0.345195691464758E+00 -0.384798678297134E+00
  0.00000000  0.00000000  0.02000000    0.1021D+01  0.127079981624838E+01  0.125279931490148E+01    0.399065611567101E+00 -0.393412965897287E+00
  0.00000000  0.00000000  0.02000000    0.1053D+01  0.128703635626466E+01  0.104410043617642E+01    0.468591154690260E+00 -0.380141731520678E+00
  0.00000000  0.00000000  0.02000000    0.1085D+01  0.136664418956013E+01  0.850409394568030E+00    0.527476014924026E+00 -0.328227758129989E+00
  0.00000000  0.00000000  0.02000000    0.1118D+01  0.152607744403737E+01  0.654340573758152E+00    0.553513424300910E+00 -0.237331528000113E+00
  0.00000000  0.00000000  0.02000000    0.1152D+01  0.193206834303312E+01  0.443444293280386E+00    0.491679129315648E+00 -0.112849167477072E+00
  0.00000000  0.00000000  0.02000000    0.1187D+01  0.234517900026295E+01  0.808037023201193E+00    0.381157104333439E+00 -0.131328590236842E+00
  0.00000000  0.00000000  0.02000000    0.1223D+01  0.273119450772531E+01  0.113635347548894E+01    0.312110738021773E+00 -0.129858243667840E+00
  0.00000000  0.00000000  0.02000000    0.1260D+01  0.204119785341140E+01  0.271794772754380E+01    0.176670054930033E+00 -0.235244208943102E+00
  0.00000000  0.00000000  0.02000000    0.1299D+01  0.100922520838289E+01  0.165224235808957E+01    0.269238701763327E+00 -0.440781288254980E+00
  0.00000000  0.00000000  0.02000000    0.1338D+01  0.144652343075605E+01  0.754523020128339E+00    0.543451327015792E+00 -0.283470373057414E+00
  0.00000000  0.00000000  0.02000000    0.1379D+01  0.237869030736651E+01  0.974296805648948E+00    0.360002791342581E+00 -0.147454911866229E+00
  0.00000000  0.00000000  0.02000000    0.1421D+01  0.278136831970683E+01  0.220391217668505E+01    0.220862035994939E+00 -0.175007577043232E+00
  0.00000000  0.00000000  0.02000000    0.1464D+01  0.149260016099510E+01  0.391109278199600E+01    0.851721870240991E-01 -0.223178540778585E+00
  0.00000000  0.00000000  0.02000000    0.1509D+01  0.454767833126943E+00  0.250000855316106E+01    0.704317696624464E-01 -0.387186634023069E+00
  0.00000000  0.00000000  0.02000000    0.1555D+01 -0.156766143543455E+00  0.319957611734227E+01   -0.152765773855713E-01 -0.311792910463834E+00
  0.00000000  0.00000000  0.02000000    0.1602D+01 -0.119927165280649E+01  0.192565924311630E+01   -0.233030452387225E+00 -0.374174811450695E+00
  0.00000000  0.00000000  0.02000000    0.1651D+01 -0.911439959963009E+00  0.461969610682707E+00   -0.872910793291483E+00 -0.442440837632318E+00
  0.00000000  0.00000000  0.02000000    0.1701D+01 -0.209020804987801E+00  0.278771526214052E+00   -0.172170667990577E+01 -0.229624414123882E+01
  0.00000000  0.00000000  0.02000000    0.1753D+01  0.139056794855413E+00  0.241023101339865E+00    0.179592820423366E+01 -0.311283016423761E+01
  0.00000000  0.00000000  0.02000000    0.1807D+01  0.344292333912473E+00  0.252768838576939E+00    0.188726448917670E+01 -0.138557152172308E+01
  0.00000000  0.00000000  0.02000000    0.1862D+01  0.466352262643215E+00  0.261244547282365E+00    0.163212517899550E+01 -0.914295560780917E+00
  0.00000000  0.00000000  0.02000000    0.1919D+01  0.556337883933915E+00  0.250859764855193E+00    0.149375524978011E+01 -0.673553071851494E+00
  0.00000000  0.00000000  0.02000000    0.1977D+01  0.630901794380621E+00  0.252097162251134E+00    0.136680110365802E+01 -0.546149468368811E+00
  0.00000000  0.00000000  0.02000000    0.2037D+01  0.688762947837805E+00  0.252642035950572E+00    0.127969952966125E+01 -0.469400823016894E+00
  0.00000000  0.00000000  0.02000000    0.2099D+01  0.726282843516762E+00  0.262911412008865E+00    0.121735110463180E+01 -0.440676109433544E+00
  0.00000000  0.00000000  0.02000000    0.2163D+01  0.751809564561646E+00  0.249377999352230E+00    0.119828047035262E+01 -0.397474041892004E+00
  0.00000000  0.00000000  0.02000000    0.2229D+01  0.790333729775172E+00  0.229200711298080E+00    0.116712933040528E+01 -0.338473308967643E+00
  0.00000000  0.00000000  0.02000000    0.2297D+01  0.827254644812285E+00  0.235659956968452E+00    0.111808413504987E+01 -0.318508527942746E+00
  0.00000000  0.00000000  0.02000000    0.2367D+01  0.842527423315802E+00  0.241016457611482E+00    0.109712464027310E+01 -0.313847463049023E+00
  0.00000000  0.00000000  0.02000000    0.2439D+01  0.855511685152032E+00  0.219247366801141E+00    0.109685252977096E+01 -0.281097304800363E+00
  0.00000000  0.00000000  0.02000000    0.2513D+01  0.895979206219351E+00  0.186365590371411E+00    0.106981203107251E+01 -0.222523189571050E+00
  0.00000000  0.00000000  0.02000000    0.2590D+01  0.953740310403131E+00  0.188615674519159E+00    0.100903924048763E+01 -0.199551822319881E+00
  0.00000000  0.00000000  0.02000000    0.2669D+01  0.101451694848864E+01  0.206789125075053E+00    0.946372117228751E+00 -0.192899155020227E+00
  0.00000000  0.00000000  0.02000000    0.2750D+01  0.107999925131206E+01  0.265441048061650E+00    0.873180133751048E+00 -0.214609269004500E+00
  0.00000000  0.00000000  0.02000000    0.2834D+01  0.108412391604227E+01  0.413558686754918E+00    0.805228599808317E+00 -0.307169021314391E+00
  0.00000000  0.00000000  0.02000000    0.2920D+01  0.924697431556668E+00  0.560964070621148E+00    0.790511281134874E+00 -0.479560568683360E+00
  0.00000000  0.00000000  0.02000000    0.3009D+01  0.759425759223486E+00  0.421971008192221E+00    0.100614576509815E+01 -0.559059707588686E+00
  0.00000000  0.00000000  0.02000000    0.3101D+01  0.755456094548484E+00  0.276695641423300E+00    0.116713422877806E+01 -0.427478123995873E+00
  0.00000000  0.00000000  0.02000000    0.3195D+01  0.793906355273636E+00  0.236648802572860E+00    0.115680893697992E+01 -0.344823350919675E+00
  0.00000000  0.00000000  0.02000000    0.3293D+01  0.821049745411792E+00  0.187352774290771E+00    0.115767379404926E+01 -0.264165963452152E+00
  0.00000000  0.00000000  0.02000000    0.3393D+01  0.878762043643418E+00  0.144010715831790E+00    0.110820221898490E+01 -0.181611160833380E+00
  0.00000000  0.00000000  0.02000000    0.3496D+01  0.963688983200617E+00  0.157064082446096E+00    0.101082837586652E+01 -0.164746961035770E+00
  0.00000000  0.00000000  0.02000000    0.3603D+01  0.953806286884612E+00  0.293081486473896E+00    0.957980023241125E+00 -0.294363974199483E+00
  0.00000000  0.00000000  0.02000000    0.3713D+01  0.872837361772085E+00  0.267216875420789E+00    0.104750968739725E+01 -0.320692351059547E+00
  0.00000000  0.00000000  0.02000000    0.3826D+01  0.854208996600844E+00  0.205592284683917E+00    0.110657262429192E+01 -0.266331535844454E+00
  0.00000000  0.00000000  0.02000000    0.3942D+01  0.871702939751590E+00  0.166451599259839E+00    0.110682296177770E+01 -0.211347746673782E+00
  0.00000000  0.00000000  0.02000000    0.4062D+01  0.930532218334306E+00  0.120826197367650E+00    0.105683549574565E+01 -0.137226214931794E+00
  0.00000000  0.00000000  0.02000000    0.4186D+01  0.982108931421593E+00  0.180932566350780E+00    0.984792938542091E+00 -0.181427037260145E+00
  0.00000000  0.00000000  0.02000000    0.4313D+01  0.105736897053764E+01  0.191949861720667E+00    0.915570938404042E+00 -0.166208504239307E+00
  0.00000000  0.00000000  0.02000000    0.4445D+01  0.904530289192263E+00  0.530610234273511E+00    0.822507935102637E+00 -0.482494763692614E+00
  0.00000000  0.00000000  0.02000000    0.4580D+01  0.701880381096234E+00  0.233906459927283E+00    0.128232860017610E+01 -0.427344817449135E+00
  0.00000000  0.00000000  0.02000000    0.4720D+01  0.772929061036118E+00  0.121534661361455E+00    0.126256399452996E+01 -0.198524412210184E+00
  0.00000000  0.00000000  0.02000000    0.4863D+01  0.846964190197044E+00  0.108345325258010E+00    0.116167773296801E+01 -0.148604100716613E+00
  0.00000000  0.00000000  0.02000000    0.5012D+01  0.871623926670729E+00  0.144867900174477E+00    0.111644319781390E+01 -0.185557987547623E+00
  0.00000000  0.00000000  0.02000000    0.5164D+01  0.862217701950170E+00  0.150967536129619E+00    0.112530124762698E+01 -0.197031395172690E+00
  0.00000000  0.00000000  0.02000000    0.5322D+01  0.824145686046997E+00  0.164063937532805E+00    0.116712515065410E+01 -0.232341382175189E+00
  0.00000000  0.00000000  0.02000000    0.5484D+01  0.815486435576336E+00  0.746115446550111E-01    0.121608211394907E+01 -0.111263365018385E+00
  0.00000000  0.00000000  0.02000000    0.5651D+01  0.873680655239185E+00  0.507732932387780E-01    0.114073042120434E+01 -0.662926892507957E-01
  0.00000000  0.00000000  0.02000000    0.5823D+01  0.885279726369882E+00  0.108074975728543E+00    0.111299885279626E+01 -0.135874933559243E+00
  0.00000000  0.00000000  0.02000000    0.6000D+01  0.862361615296519E+00  0.860651532401337E-01    0.114817013455202E+01 -0.114589328679693E+00
  0.00000000  0.00000000  0.02000000    0.6183D+01  0.864948564481131E+00  0.670645183550438E-01    0.114922916727474E+01 -0.891064552827869E-01
  0.00000000  0.00000000  0.02000000    0.6371D+01  0.873129121392785E+00  0.545715395629115E-01    0.114084937415771E+01 -0.713043526229644E-01
  0.00000000  0.00000000  0.02000000    0.6565D+01  0.883182501808753E+00  0.447902365061996E-01    0.112936411964808E+01 -0.572752357718327E-01
  0.00000000  0.00000000  0.02000000    0.6765D+01  0.888260930340882E+00  0.430431155653754E-01    0.112315797581443E+01 -0.544256950855654E-01
  0.00000000  0.00000000  0.02000000    0.6971D+01  0.899670630736132E+00  0.243871551377743E-01    0.111070177125658E+01 -0.301075254454753E-01
  0.00000000  0.00000000  0.02000000    0.7184D+01  0.918065393056676E+00  0.308864571453505E-01    0.108801555638482E+01 -0.366040873666608E-01
  0.00000000  0.00000000  0.02000000    0.7402D+01  0.910371630127472E+00  0.511131681661118E-01    0.109500073183662E+01 -0.614792406706957E-01
  0.00000000  0.00000000  0.02000000    0.7628D+01  0.904304268417593E+00  0.231462245318008E-01    0.110509850310355E+01 -0.282856765979343E-01
  0.00000000  0.00000000  0.02000000    0.7860D+01  0.916944179324378E+00  0.191626840865622E-01    0.109010283206368E+01 -0.227814262457009E-01
  0.00000000  0.00000000  0.02000000    0.8100D+01  0.921738048529394E+00  0.198501246973671E-01    0.108440400956953E+01 -0.233532236698088E-01
  0.00000000  0.00000000  0.02000000    0.8346D+01  0.924963250472806E+00  0.131180588697367E-01    0.108090662386638E+01 -0.153296865765419E-01
  0.00000000  0.00000000  0.02000000    0.8600D+01  0.933764017133193E+00  0.720764882398756E-02    0.107087058774126E+01 -0.826596333843866E-02
  0.00000000  0.00000000  0.02000000    0.8862D+01  0.940447105007408E+00  0.112398720189555E-01    0.106317215898088E+01 -0.127066359579761E-01
  0.00000000  0.00000000  0.02000000    0.9132D+01  0.941560529287173E+00  0.106445703511081E-01    0.106193088677600E+01 -0.120053864628962E-01
  0.00000000  0.00000000  0.02000000    0.9410D+01  0.945644197520301E+00  0.507021728772870E-02    0.105744978514287E+01 -0.566968019853076E-02
  0.00000000  0.00000000  0.02000000    0.9697D+01  0.952524618162458E+00  0.500518954040044E-02    0.104981264555452E+01 -0.551640469203432E-02
  0.00000000  0.00000000  0.02000000    0.9992D+01  0.955824995626306E+00  0.838497375760421E-02    0.104613611671569E+01 -0.917722797131420E-02
  0.00000000  0.00000000  0.02000000    0.1030D+02  0.956638321881647E+00  0.818985418621272E-02    0.104525053038623E+01 -0.894847011259898E-02
  0.00000000  0.00000000  0.02000000    0.1061D+02  0.957118854366836E+00  0.774376545725867E-02    0.104473393270788E+01 -0.845263313246629E-02
  0.00000000  0.00000000  0.02000000    0.1093D+02  0.958657113713834E+00  0.411427296765273E-02    0.104310661998692E+01 -0.447670528659205E-02
  0.00000000  0.00000000  0.02000000    0.1127D+02  0.962177122198124E+00  0.230355710146725E-02    0.103930372610551E+01 -0.248820661354152E-02
  0.00000000  0.00000000  0.02000000    0.1161D+02  0.965234371618674E+00  0.204623809277687E-02    0.103601315419530E+01 -0.219628480197743E-02
  0.00000000  0.00000000  0.02000000    0.1196D+02  0.967462024854474E+00  0.159570040533575E-02    0.103362949025800E+01 -0.170483487123928E-02
  0.00000000  0.00000000  0.02000000    0.1233D+02  0.969764011687002E+00  0.730937351046855E-03    0.103117812152699E+01 -0.777226825828717E-03
  0.00000000  0.00000000  0.02000000    0.1270D+02  0.972085248909645E+00  0.526936709989542E-03    0.102871605888844E+01 -0.557634483387236E-03
  0.00000000  0.00000000  0.02000000    0.1309D+02  0.974092396464232E+00  0.303095458294144E-03    0.102659655984511E+01 -0.319432484966401E-03
  0.00000000  0.00000000  0.02000000    0.1349D+02  0.975923463537042E+00  0.194803299427629E-03    0.102467047623988E+01 -0.204533651516241E-03
  0.00000000  0.00000000  0.02000000    0.1390D+02  0.977605427245890E+00  0.548396854847629E-04    0.102290757496145E+01 -0.573809515858571E-04
  0.00000000  0.00000000  0.02000000    0.1432D+02  0.979184627800805E+00  0.107504292989899E-05    0.102125786251847E+01 -0.112123496788349E-05
  0.00000000  0.00000000  0.02000000    0.1476D+02  0.980613986297740E+00 -0.348072234937377E-18    0.101976926086426E+01  0.361970531431606E-18
  0.00000000  0.00000000  0.02000000    0.1521D+02  0.981906869578734E+00 -0.321573401328978E-18    0.101842652392179E+01  0.333533547271836E-18
  0.00000000  0.00000000  0.02000000    0.1567D+02  0.983093243635539E+00 -0.298106961909514E-18    0.101719751048429E+01  0.308448523551049E-18
