 q(1:3)   w(Ry)   eps  epsi --- LFC included. 
  0.00000000  0.00000000  0.01500000    0.0000D+00  0.194997831497899E+01 -0.118879561318602E-16    0.512826215716545E+00  0.312642223191689E-17
  0.00000000  0.00000000  0.01500000    0.1015D-04  0.194997831504997E+01 -0.118879561115027E-16    0.512826215697878E+00  0.312642222633546E-17
  0.00000000  0.00000000  0.01500000    0.3076D-04  0.194997831563081E+01 -0.118879561071871E-16    0.512826215545121E+00  0.312642222333793E-17
  0.00000000  0.00000000  0.01500000    0.5200D-04  0.194997831684158E+01 -0.118879561570880E-16    0.512826215226701E+00  0.312642223257895E-17
  0.00000000  0.00000000  0.01500000    0.7389D-04  0.194997831873932E+01 -0.118879560600119E-16    0.512826214727614E+00  0.312642220096352E-17
  0.00000000  0.00000000  0.01500000    0.9644D-04  0.194997832138514E+01 -0.118879561589206E-16    0.512826214031787E+00  0.312642221849144E-17
  0.00000000  0.00000000  0.01500000    0.1197D-03  0.194997832484452E+01 -0.118879562822022E-16    0.512826213122001E+00  0.312642223982040E-17
  0.00000000  0.00000000  0.01500000    0.1436D-03  0.194997832918756E+01 -0.118879561855003E-16    0.512826211979822E+00  0.312642220046222E-17
  0.00000000  0.00000000  0.01500000    0.1683D-03  0.194997833448929E+01 -0.118879562295744E-16    0.512826210585517E+00  0.312642219505265E-17
  0.00000000  0.00000000  0.01500000    0.1937D-03  0.194997834083003E+01 -0.118879563356008E-16    0.512826208917960E+00  0.312642220260424E-17
  0.00000000  0.00000000  0.01500000    0.2199D-03  0.194997834829567E+01 -0.118879562819637E-16    0.512826206954567E+00  0.312642216455872E-17
  0.00000000  0.00000000  0.01500000    0.2469D-03  0.194997835697810E+01 -0.118879564476293E-16    0.512826204671168E+00  0.312642218028593E-17
  0.00000000  0.00000000  0.01500000    0.2748D-03  0.194997836697555E+01 -0.118879565803734E-16    0.512826202041933E+00  0.312642218313839E-17
  0.00000000  0.00000000  0.01500000    0.3034D-03  0.194997837839302E+01 -0.118879564756116E-16    0.512826199039242E+00  0.312642211897546E-17
  0.00000000  0.00000000  0.01500000    0.3330D-03  0.194997839134277E+01 -0.118879566044292E-16    0.512826195633580E+00  0.312642211132834E-17
  0.00000000  0.00000000  0.01500000    0.3634D-03  0.194997840594469E+01 -0.118879567793843E-16    0.512826191793410E+00  0.312642211051707E-17
  0.00000000  0.00000000  0.01500000    0.3948D-03  0.194997842232688E+01 -0.118879568196728E-16    0.512826187485046E+00  0.312642206858107E-17
  0.00000000  0.00000000  0.01500000    0.4271D-03  0.194997844062615E+01 -0.118879569124348E-16    0.512826182672508E+00  0.312642203429775E-17
  0.00000000  0.00000000  0.01500000    0.4604D-03  0.194997846098858E+01 -0.118879572479822E-16    0.512826177317379E+00  0.312642205724900E-17
  0.00000000  0.00000000  0.01500000    0.4948D-03  0.194997848357011E+01 -0.118879573624265E-16    0.512826171378646E+00  0.312642201493632E-17
  0.00000000  0.00000000  0.01500000    0.5301D-03  0.194997850853722E+01 -0.118879574720773E-16    0.512826164812531E+00  0.312642196371341E-17
  0.00000000  0.00000000  0.01500000    0.5666D-03  0.194997853606751E+01 -0.118879577202295E-16    0.512826157572320E+00  0.312642194069586E-17
  0.00000000  0.00000000  0.01500000    0.6041D-03  0.194997856635055E+01 -0.118879579493227E-16    0.512826149608163E+00  0.312642190383899E-17
  0.00000000  0.00000000  0.01500000    0.6428D-03  0.194997859958856E+01 -0.118879581046291E-16    0.512826140866877E+00  0.312642183810140E-17
  0.00000000  0.00000000  0.01500000    0.6827D-03  0.194997863599722E+01 -0.118879585117114E-16    0.512826131291742E+00  0.312642182841146E-17
  0.00000000  0.00000000  0.01500000    0.7238D-03  0.194997867580654E+01 -0.118879587262575E-16    0.512826120822262E+00  0.312642175718163E-17
  0.00000000  0.00000000  0.01500000    0.7662D-03  0.194997871926182E+01 -0.118879590436601E-16    0.512826109393932E+00  0.312642170131091E-17
  0.00000000  0.00000000  0.01500000    0.8098D-03  0.194997876662459E+01 -0.118879594040847E-16    0.512826096937967E+00  0.312642164422473E-17
  0.00000000  0.00000000  0.01500000    0.8548D-03  0.194997881817363E+01 -0.118879598039931E-16    0.512826083381055E+00  0.312642158409865E-17
  0.00000000  0.00000000  0.01500000    0.9011D-03  0.194997887420611E+01 -0.118879601820540E-16    0.512826068645039E+00  0.312642150385015E-17
  0.00000000  0.00000000  0.01500000    0.9488D-03  0.194997893503873E+01 -0.118879606813779E-16    0.512826052646635E+00  0.312642144010051E-17
  0.00000000  0.00000000  0.01500000    0.9980D-03  0.194997900100900E+01 -0.118879611013293E-16    0.512826035297078E+00  0.312642133900214E-17
  0.00000000  0.00000000  0.01500000    0.1049D-02  0.194997907247648E+01 -0.118879614963373E-16    0.512826016501805E+00  0.312642121371641E-17
  0.00000000  0.00000000  0.01500000    0.1101D-02  0.194997914982432E+01 -0.118879621386313E-16    0.512825996160057E+00  0.312642113460847E-17
  0.00000000  0.00000000  0.01500000    0.1155D-02  0.194997923346063E+01 -0.118879628364693E-16    0.512825974164505E+00  0.312642104994340E-17
  0.00000000  0.00000000  0.01500000    0.1210D-02  0.194997932382012E+01 -0.118879635212604E-16    0.512825950400821E+00  0.312642094028843E-17
  0.00000000  0.00000000  0.01500000    0.1267D-02  0.194997942136578E+01 -0.118879641736120E-16    0.512825924747244E+00  0.312642079905882E-17
  0.00000000  0.00000000  0.01500000    0.1326D-02  0.194997952659065E+01 -0.118879648513945E-16    0.512825897074111E+00  0.312642063989304E-17
  0.00000000  0.00000000  0.01500000    0.1387D-02  0.194997964001978E+01 -0.118879657881412E-16    0.512825867243340E+00  0.312642052252446E-17
  0.00000000  0.00000000  0.01500000    0.1450D-02  0.194997976221219E+01 -0.118879665765164E-16    0.512825835107914E+00  0.312642033803507E-17
  0.00000000  0.00000000  0.01500000    0.1514D-02  0.194997989376305E+01 -0.118879675339556E-16    0.512825800511312E+00  0.312642016799895E-17
  0.00000000  0.00000000  0.01500000    0.1580D-02  0.194998003530596E+01 -0.118879686038415E-16    0.512825763286903E+00  0.312641999549457E-17
  0.00000000  0.00000000  0.01500000    0.1649D-02  0.194998018751535E+01 -0.118879696917697E-16    0.512825723257318E+00  0.312641979353182E-17
  0.00000000  0.00000000  0.01500000    0.1719D-02  0.194998035110911E+01 -0.118879708874907E-16    0.512825680233762E+00  0.312641958341223E-17
  0.00000000  0.00000000  0.01500000    0.1792D-02  0.194998052685129E+01 -0.118879722166076E-16    0.512825634015299E+00  0.312641936941917E-17
  0.00000000  0.00000000  0.01500000    0.1867D-02  0.194998071555500E+01 -0.118879735493564E-16    0.512825584388091E+00  0.312641911481864E-17
  0.00000000  0.00000000  0.01500000    0.1944D-02  0.194998091808553E+01 -0.118879751572148E-16    0.512825531124576E+00  0.312641888823192E-17
  0.00000000  0.00000000  0.01500000    0.2024D-02  0.194998113536364E+01 -0.118879767046363E-16    0.512825473982607E+00  0.312641859846117E-17
  0.00000000  0.00000000  0.01500000    0.2106D-02  0.194998136836899E+01 -0.118879784263121E-16    0.512825412704544E+00  0.312641830408636E-17
  0.00000000  0.00000000  0.01500000    0.2190D-02  0.194998161814391E+01 -0.118879801997274E-16    0.512825347016271E+00  0.312641796954512E-17
  0.00000000  0.00000000  0.01500000    0.2277D-02  0.194998188579731E+01 -0.118879821835817E-16    0.512825276626157E+00  0.312641763301785E-17
  0.00000000  0.00000000  0.01500000    0.2367D-02  0.194998217250887E+01 -0.118879842530475E-16    0.512825201223962E+00  0.312641725789348E-17
  0.00000000  0.00000000  0.01500000    0.2459D-02  0.194998247953347E+01 -0.118879864218762E-16    0.512825120479671E+00  0.312641684376464E-17
  0.00000000  0.00000000  0.01500000    0.2554D-02  0.194998280820591E+01 -0.118879888101454E-16    0.512825034042251E+00  0.312641641793026E-17
  0.00000000  0.00000000  0.01500000    0.2652D-02  0.194998315994596E+01 -0.118879914927411E-16    0.512824941538323E+00  0.312641599553198E-17
  0.00000000  0.00000000  0.01500000    0.2753D-02  0.194998353626362E+01 -0.118879941345498E-16    0.512824842570778E+00  0.312641548359651E-17
  0.00000000  0.00000000  0.01500000    0.2858D-02  0.194998393876484E+01 -0.118879971015402E-16    0.512824736717278E+00  0.312641497322011E-17
  0.00000000  0.00000000  0.01500000    0.2965D-02  0.194998436915753E+01 -0.118880001725003E-16    0.512824623528670E+00  0.312641440074988E-17
  0.00000000  0.00000000  0.01500000    0.3075D-02  0.194998482925786E+01 -0.118880035586603E-16    0.512824502527329E+00  0.312641381591329E-17
  0.00000000  0.00000000  0.01500000    0.3189D-02  0.194998532099716E+01 -0.118880070936127E-16    0.512824373205348E+00  0.312641316875408E-17
  0.00000000  0.00000000  0.01500000    0.3307D-02  0.194998584642904E+01 -0.118880109980872E-16    0.512824235022666E+00  0.312641251073663E-17
  0.00000000  0.00000000  0.01500000    0.3428D-02  0.194998640773706E+01 -0.118880150721180E-16    0.512824087405045E+00  0.312641178227044E-17
  0.00000000  0.00000000  0.01500000    0.3553D-02  0.194998700724291E+01 -0.118880194446447E-16    0.512823929741921E+00  0.312641100982045E-17
  0.00000000  0.00000000  0.01500000    0.3681D-02  0.194998764741496E+01 -0.118880241611960E-16    0.512823761384167E+00  0.312641019744526E-17
  0.00000000  0.00000000  0.01500000    0.3813D-02  0.194998833087746E+01 -0.118880291117936E-16    0.512823581641650E+00  0.312640930780694E-17
  0.00000000  0.00000000  0.01500000    0.3950D-02  0.194998906042033E+01 -0.118880344695795E-16    0.512823389780680E+00  0.312640837749378E-17
  0.00000000  0.00000000  0.01500000    0.4090D-02  0.194998983900947E+01 -0.118880400150545E-16    0.512823185021295E+00  0.312640733926985E-17
  0.00000000  0.00000000  0.01500000    0.4235D-02  0.194999066979772E+01 -0.118880461665122E-16    0.512822966534365E+00  0.312640629303149E-17
  0.00000000  0.00000000  0.01500000    0.4385D-02  0.194999155613658E+01 -0.118880525963988E-16    0.512822733438523E+00  0.312640514188932E-17
  0.00000000  0.00000000  0.01500000    0.4538D-02  0.194999250158860E+01 -0.118880595707782E-16    0.512822484796907E+00  0.312640394439135E-17
  0.00000000  0.00000000  0.01500000    0.4697D-02  0.194999350994052E+01 -0.118880667690999E-16    0.512822219613696E+00  0.312640260409461E-17
  0.00000000  0.00000000  0.01500000    0.4860D-02  0.194999458521728E+01 -0.118880746721519E-16    0.512821936830443E+00  0.312640123453397E-17
  0.00000000  0.00000000  0.01500000    0.5029D-02  0.194999573169690E+01 -0.118880831149921E-16    0.512821635322141E+00  0.312639977861418E-17
  0.00000000  0.00000000  0.01500000    0.5202D-02  0.194999695392624E+01 -0.118880920190591E-16    0.512821313893101E+00  0.312639820109512E-17
  0.00000000  0.00000000  0.01500000    0.5381D-02  0.194999825673773E+01 -0.118881015699165E-16    0.512820971272538E+00  0.312639653528220E-17
  0.00000000  0.00000000  0.01500000    0.5565D-02  0.194999964526722E+01 -0.118881115584802E-16    0.512820606109886E+00  0.312639470972125E-17
  0.00000000  0.00000000  0.01500000    0.5755D-02  0.195000112497288E+01 -0.118881223677941E-16    0.512820216969826E+00  0.312639280764559E-17
  0.00000000  0.00000000  0.01500000    0.5950D-02  0.195000270165527E+01 -0.118881338121878E-16    0.512819802327015E+00  0.312639076162728E-17
  0.00000000  0.00000000  0.01500000    0.6152D-02  0.195000438147865E+01 -0.118881461298735E-16    0.512819360560473E+00  0.312638861454679E-17
  0.00000000  0.00000000  0.01500000    0.6360D-02  0.195000617099371E+01 -0.118881591050223E-16    0.512818889947619E+00  0.312638628864005E-17
  0.00000000  0.00000000  0.01500000    0.6574D-02  0.195000807716154E+01 -0.118881729992353E-16    0.512818388657965E+00  0.312638383038345E-17
  0.00000000  0.00000000  0.01500000    0.6794D-02  0.195001010737931E+01 -0.118881877745029E-16    0.512817854746371E+00  0.312638120606251E-17
  0.00000000  0.00000000  0.01500000    0.7021D-02  0.195001226950727E+01 -0.118882034789680E-16    0.512817286145939E+00  0.312637840313464E-17
  0.00000000  0.00000000  0.01500000    0.7255D-02  0.195001457189769E+01 -0.118882203553978E-16    0.512816680660408E+00  0.312637545866219E-17
  0.00000000  0.00000000  0.01500000    0.7497D-02  0.195001702342548E+01 -0.118882383294505E-16    0.512816035956116E+00  0.312637232463799E-17
  0.00000000  0.00000000  0.01500000    0.7745D-02  0.195001963352067E+01 -0.118882572404577E-16    0.512815349553453E+00  0.312636892857317E-17
  0.00000000  0.00000000  0.01500000    0.8001D-02  0.195002241220299E+01 -0.118882774485459E-16    0.512814618817779E+00  0.312636533304699E-17
  0.00000000  0.00000000  0.01500000    0.8265D-02  0.195002537011854E+01 -0.118882990848603E-16    0.512813840949776E+00  0.312636153841235E-17
  0.00000000  0.00000000  0.01500000    0.8537D-02  0.195002851857883E+01 -0.118883219888484E-16    0.512813012975212E+00  0.312635746617894E-17
  0.00000000  0.00000000  0.01500000    0.8818D-02  0.195003186960211E+01 -0.118883465288002E-16    0.512812131734055E+00  0.312635317466435E-17
  0.00000000  0.00000000  0.01500000    0.9107D-02  0.195003543595735E+01 -0.118883724148852E-16    0.512811193868926E+00  0.312634854670869E-17
  0.00000000  0.00000000  0.01500000    0.9404D-02  0.195003923121100E+01 -0.118884000429029E-16    0.512810195812824E+00  0.312634364290006E-17
  0.00000000  0.00000000  0.01500000    0.9711D-02  0.195004326977652E+01 -0.118884295209881E-16    0.512809133776094E+00  0.312633844546164E-17
  0.00000000  0.00000000  0.01500000    0.1003D-01  0.195004756696717E+01 -0.118884608225908E-16    0.512808003732574E+00  0.312633289831353E-17
  0.00000000  0.00000000  0.01500000    0.1035D-01  0.195005213905184E+01 -0.118884943184777E-16    0.512806801404922E+00  0.312632704679548E-17
  0.00000000  0.00000000  0.01500000    0.1069D-01  0.195005700331466E+01 -0.118885296957238E-16    0.512805522248952E+00  0.312632075320112E-17
  0.00000000  0.00000000  0.01500000    0.1103D-01  0.195006217811799E+01 -0.118885673098774E-16    0.512804161437100E+00  0.312631405215703E-17
  0.00000000  0.00000000  0.01500000    0.1139D-01  0.195006768296962E+01 -0.118886075402682E-16    0.512802713840767E+00  0.312630698087021E-17
  0.00000000  0.00000000  0.01500000    0.1176D-01  0.195007353859396E+01 -0.118886500970587E-16    0.512801174011633E+00  0.312629939667860E-17
  0.00000000  0.00000000  0.01500000    0.1214D-01  0.195007976700769E+01 -0.118886954904718E-16    0.512799536161772E+00  0.312629136316682E-17
  0.00000000  0.00000000  0.01500000    0.1253D-01  0.195008639160023E+01 -0.118887438126759E-16    0.512797794142549E+00  0.312628282958445E-17
  0.00000000  0.00000000  0.01500000    0.1293D-01  0.195009343721908E+01 -0.118887951705035E-16    0.512795941422194E+00  0.312627374436370E-17
  0.00000000  0.00000000  0.01500000    0.1334D-01  0.195010093026053E+01 -0.118888497261403E-16    0.512793971062000E+00  0.312626406552833E-17
  0.00000000  0.00000000  0.01500000    0.1377D-01  0.195010889876611E+01 -0.118889078320734E-16    0.512791875691009E+00  0.312625379586950E-17
  0.00000000  0.00000000  0.01500000    0.1421D-01  0.195011737252482E+01 -0.118889695116714E-16    0.512789647479167E+00  0.312624284603310E-17
  0.00000000  0.00000000  0.01500000    0.1466D-01  0.195012638318203E+01 -0.118890352434508E-16    0.512787278108762E+00  0.312623124039812E-17
  0.00000000  0.00000000  0.01500000    0.1513D-01  0.195013596435492E+01 -0.118891050584811E-16    0.512784758744136E+00  0.312621887936597E-17
  0.00000000  0.00000000  0.01500000    0.1561D-01  0.195014615175527E+01 -0.118891793127375E-16    0.512782079999455E+00  0.312620574205923E-17
  0.00000000  0.00000000  0.01500000    0.1610D-01  0.195015698331982E+01 -0.118892581811543E-16    0.512779231904533E+00  0.312619175286525E-17
  0.00000000  0.00000000  0.01500000    0.1662D-01  0.195016849934889E+01 -0.118893420840731E-16    0.512776203868474E+00  0.312617689312496E-17
  0.00000000  0.00000000  0.01500000    0.1714D-01  0.195018074265347E+01 -0.118894313912265E-16    0.512772984641090E+00  0.312616112282469E-17
  0.00000000  0.00000000  0.01500000    0.1768D-01  0.195019375871173E+01 -0.118895261719465E-16    0.512769562271897E+00  0.312614431441754E-17
  0.00000000  0.00000000  0.01500000    0.1824D-01  0.195020759583514E+01 -0.118896269975463E-16    0.512765924066546E+00  0.312612646326640E-17
  0.00000000  0.00000000  0.01500000    0.1882D-01  0.195022230534503E+01 -0.118897340671093E-16    0.512762056540565E+00  0.312610745721769E-17
  0.00000000  0.00000000  0.01500000    0.1941D-01  0.195023794176030E+01 -0.118898482339992E-16    0.512757945370191E+00  0.312608734589893E-17
  0.00000000  0.00000000  0.01500000    0.2002D-01  0.195025456299671E+01 -0.118899692439307E-16    0.512753575340148E+00  0.312606587682685E-17
  0.00000000  0.00000000  0.01500000    0.2065D-01  0.195027223057884E+01 -0.118900978056976E-16    0.512748930288159E+00  0.312604303917282E-17
  0.00000000  0.00000000  0.01500000    0.2130D-01  0.195029100986522E+01 -0.118902347740276E-16    0.512743993045996E+00  0.312601884818747E-17
  0.00000000  0.00000000  0.01500000    0.2197D-01  0.195031097028767E+01 -0.118903802095330E-16    0.512738745376848E+00  0.312599309729075E-17
  0.00000000  0.00000000  0.01500000    0.2266D-01  0.195033218560569E+01 -0.118905347809335E-16    0.512733167908750E+00  0.312596572591752E-17
  0.00000000  0.00000000  0.01500000    0.2337D-01  0.195035473417673E+01 -0.118906990592178E-16    0.512727240063901E+00  0.312593663307955E-17
  0.00000000  0.00000000  0.01500000    0.2410D-01  0.195037869924367E+01 -0.118908735157305E-16    0.512720939983494E+00  0.312590567594611E-17
  0.00000000  0.00000000  0.01500000    0.2486D-01  0.195040416924023E+01 -0.118910589568075E-16    0.512714244447880E+00  0.312587278312663E-17
  0.00000000  0.00000000  0.01500000    0.2564D-01  0.195043123811573E+01 -0.118912562196072E-16    0.512707128791722E+00  0.312583787366504E-17
  0.00000000  0.00000000  0.01500000    0.2644D-01  0.195046000568043E+01 -0.118914657514223E-16    0.512699566813801E+00  0.312580074535209E-17
  0.00000000  0.00000000  0.01500000    0.2726D-01  0.195049057797258E+01 -0.118916884326668E-16    0.512691530681190E+00  0.312576128989302E-17
  0.00000000  0.00000000  0.01500000    0.2811D-01  0.195052306764879E+01 -0.118919249297922E-16    0.512682990827392E+00  0.312571932156122E-17
  0.00000000  0.00000000  0.01500000    0.2899D-01  0.195055759439911E+01 -0.118921764124927E-16    0.512673915844079E+00  0.312567476438930E-17
  0.00000000  0.00000000  0.01500000    0.2989D-01  0.195059428538855E+01 -0.118924436082896E-16    0.512664272366001E+00  0.312562740225757E-17
  0.00000000  0.00000000  0.01500000    0.3082D-01  0.195063327572653E+01 -0.118927275737003E-16    0.512654024948664E+00  0.312557708009190E-17
  0.00000000  0.00000000  0.01500000    0.3178D-01  0.195067470896643E+01 -0.118930294039600E-16    0.512643135938257E+00  0.312552362596756E-17
  0.00000000  0.00000000  0.01500000    0.3277D-01  0.195071873763682E+01 -0.118933499198152E-16    0.512631565333422E+00  0.312546676710506E-17
  0.00000000  0.00000000  0.01500000    0.3379D-01  0.195076552380681E+01 -0.118936904581295E-16    0.512619270638203E+00  0.312540633583941E-17
  0.00000000  0.00000000  0.01500000    0.3484D-01  0.195081523968748E+01 -0.118940524206968E-16    0.512606206705767E+00  0.312534214911592E-17
  0.00000000  0.00000000  0.01500000    0.3592D-01  0.195086806827202E+01 -0.118944369606606E-16    0.512592325572149E+00  0.312527392405206E-17
  0.00000000  0.00000000  0.01500000    0.3703D-01  0.195092420401702E+01 -0.118948456847733E-16    0.512577576279470E+00  0.312520146029527E-17
  0.00000000  0.00000000  0.01500000    0.3818D-01  0.195098385356764E+01 -0.118952798766530E-16    0.512561904687917E+00  0.312512443361527E-17
  0.00000000  0.00000000  0.01500000    0.3936D-01  0.195104723652963E+01 -0.118957409732105E-16    0.512545253275733E+00  0.312504251863309E-17
  0.00000000  0.00000000  0.01500000    0.4058D-01  0.195111458629154E+01 -0.118962310787317E-16    0.512527560926439E+00  0.312495552123796E-17
  0.00000000  0.00000000  0.01500000    0.4184D-01  0.195118615090012E+01 -0.118967518337915E-16    0.512508762702463E+00  0.312486307864681E-17
  0.00000000  0.00000000  0.01500000    0.4313D-01  0.195126219399295E+01 -0.118973049209920E-16    0.512488789604261E+00  0.312476478931567E-17
  0.00000000  0.00000000  0.01500000    0.4447D-01  0.195134299579193E+01 -0.118978929205309E-16    0.512467568313975E+00  0.312466043447683E-17
  0.00000000  0.00000000  0.01500000    0.4584D-01  0.195142885416196E+01 -0.118985172386676E-16    0.512445020922604E+00  0.312454943069675E-17
  0.00000000  0.00000000  0.01500000    0.4726D-01  0.195152008573921E+01 -0.118991807918318E-16    0.512421064639575E+00  0.312443153121822E-17
  0.00000000  0.00000000  0.01500000    0.4872D-01  0.195161702713400E+01 -0.118998856561507E-16    0.512395611483533E+00  0.312430620485093E-17
  0.00000000  0.00000000  0.01500000    0.5022D-01  0.195172003621334E+01 -0.119006346194408E-16    0.512368567953100E+00  0.312417303945198E-17
  0.00000000  0.00000000  0.01500000    0.5177D-01  0.195182949346877E+01 -0.119014303615826E-16    0.512339834676241E+00  0.312403152235776E-17
  0.00000000  0.00000000  0.01500000    0.5337D-01  0.195194580347576E+01 -0.119022756362520E-16    0.512309306036743E+00  0.312388108348522E-17
  0.00000000  0.00000000  0.01500000    0.5501D-01  0.195206939645094E+01 -0.119031737975132E-16    0.512276869776301E+00  0.312372122859958E-17
  0.00000000  0.00000000  0.01500000    0.5671D-01  0.195220072991437E+01 -0.119041279786787E-16    0.512242406570488E+00  0.312355131851064E-17
  0.00000000  0.00000000  0.01500000    0.5846D-01  0.195234029046456E+01 -0.119051417209302E-16    0.512205789576800E+00  0.312337072844087E-17
  0.00000000  0.00000000  0.01500000    0.6026D-01  0.195248859567429E+01 -0.119062188145961E-16    0.512166883952861E+00  0.312317880034872E-17
  0.00000000  0.00000000  0.01500000    0.6211D-01  0.195264619611633E+01 -0.119073629754992E-16    0.512125546342664E+00  0.312297475162503E-17
  0.00000000  0.00000000  0.01500000    0.6403D-01  0.195281367752883E+01 -0.119085788591291E-16    0.512081624328564E+00  0.312275793425644E-17
  0.00000000  0.00000000  0.01500000    0.6600D-01  0.195299166313052E+01 -0.119098705644147E-16    0.512034955846695E+00  0.312252743507096E-17
  0.00000000  0.00000000  0.01500000    0.6803D-01  0.195318081609767E+01 -0.119112427543073E-16    0.511985368563027E+00  0.312228236185111E-17
  0.00000000  0.00000000  0.01500000    0.7012D-01  0.195338184221476E+01 -0.119127008914454E-16    0.511932679207356E+00  0.312202189667075E-17
  0.00000000  0.00000000  0.01500000    0.7227D-01  0.195359549271263E+01 -0.119142501239720E-16    0.511876692862076E+00  0.312174499487723E-17
  0.00000000  0.00000000  0.01500000    0.7450D-01  0.195382256730871E+01 -0.119158959804016E-16    0.511817202202474E+00  0.312145055772674E-17
  0.00000000  0.00000000  0.01500000    0.7678D-01  0.195406391746547E+01 -0.119176448264227E-16    0.511753986684867E+00  0.312113754176820E-17
  0.00000000  0.00000000  0.01500000    0.7914D-01  0.195432044988451E+01 -0.119195029926685E-16    0.511686811678757E+00  0.312080471934598E-17
  0.00000000  0.00000000  0.01500000    0.8157D-01  0.195459313025555E+01 -0.119214772511192E-16    0.511615427538753E+00  0.312045079168342E-17
  0.00000000  0.00000000  0.01500000    0.8408D-01  0.195488298728126E+01 -0.119235750881508E-16    0.511539568611595E+00  0.312007444772093E-17
  0.00000000  0.00000000  0.01500000    0.8666D-01  0.195519111700102E+01 -0.119258041958140E-16    0.511458952173359E+00  0.311967421740926E-17
  0.00000000  0.00000000  0.01500000    0.8932D-01  0.195551868743870E+01 -0.119281727609959E-16    0.511373277291348E+00  0.311924853291851E-17
  0.00000000  0.00000000  0.01500000    0.9206D-01  0.195586694360241E+01 -0.119306896275354E-16    0.511282223604716E+00  0.311879575543560E-17
  0.00000000  0.00000000  0.01500000    0.9488D-01  0.195623721286679E+01 -0.119333641580590E-16    0.511185450017351E+00  0.311831412225247E-17
  0.00000000  0.00000000  0.01500000    0.9779D-01  0.195663091077140E+01 -0.119362063569808E-16    0.511082593295918E+00  0.311780176090333E-17
  0.00000000  0.00000000  0.01500000    0.1008D+00  0.195704954727254E+01 -0.119392266325177E-16    0.510973266565305E+00  0.311725660762307E-17
  0.00000000  0.00000000  0.01500000    0.1039D+00  0.195749473348979E+01 -0.119424365669642E-16    0.510857057692929E+00  0.311667658763363E-17
  0.00000000  0.00000000  0.01500000    0.1071D+00  0.195796818899275E+01 -0.119458478349692E-16    0.510733527552578E+00  0.311605931018665E-17
  0.00000000  0.00000000  0.01500000    0.1103D+00  0.195847174967855E+01 -0.119494735085210E-16    0.510602208157526E+00  0.311540238493210E-17
  0.00000000  0.00000000  0.01500000    0.1137D+00  0.195900737629665E+01 -0.119533269603277E-16    0.510462600651573E+00  0.311470310956272E-17
  0.00000000  0.00000000  0.01500000    0.1172D+00  0.195957716368342E+01 -0.119574228956459E-16    0.510314173145545E+00  0.311395871059913E-17
  0.00000000  0.00000000  0.01500000    0.1208D+00  0.196018335077632E+01 -0.119617766500762E-16    0.510156358385532E+00  0.311316612969249E-17
  0.00000000  0.00000000  0.01500000    0.1245D+00  0.196082833148607E+01 -0.119664046265773E-16    0.509988551237486E+00  0.311232210440602E-17
  0.00000000  0.00000000  0.01500000    0.1283D+00  0.196151466651395E+01 -0.119713243524388E-16    0.509810105971436E+00  0.311142314708349E-17
  0.00000000  0.00000000  0.01500000    0.1322D+00  0.196224509621264E+01 -0.119765548047997E-16    0.509620333326410E+00  0.311046559041196E-17
  0.00000000  0.00000000  0.01500000    0.1363D+00  0.196302255460064E+01 -0.119821156728231E-16    0.509418497335320E+00  0.310944535336186E-17
  0.00000000  0.00000000  0.01500000    0.1405D+00  0.196385018465473E+01 -0.119880283335904E-16    0.509203811886401E+00  0.310835814878599E-17
  0.00000000  0.00000000  0.01500000    0.1448D+00  0.196473135502037E+01 -0.119943153710017E-16    0.508975436995372E+00  0.310719930835156E-17
  0.00000000  0.00000000  0.01500000    0.1492D+00  0.196566967829898E+01 -0.120010010638242E-16    0.508732474759119E+00  0.310596385455231E-17
  0.00000000  0.00000000  0.01500000    0.1537D+00  0.196666903109163E+01 -0.120081112108045E-16    0.508473964958372E+00  0.310464639575358E-17
  0.00000000  0.00000000  0.01500000    0.1585D+00  0.196773357600359E+01 -0.120156734452435E-16    0.508198880272689E+00  0.310324114253152E-17
  0.00000000  0.00000000  0.01500000    0.1633D+00  0.196886778584229E+01 -0.120237172568286E-16    0.507906121066527E+00  0.310174184200181E-17
  0.00000000  0.00000000  0.01500000    0.1683D+00  0.197007647027448E+01 -0.120322742944710E-16    0.507594509699757E+00  0.310014177785904E-17
  0.00000000  0.00000000  0.01500000    0.1734D+00  0.197136480524658E+01 -0.120413779291836E-16    0.507262784309938E+00  0.309843357202570E-17
  0.00000000  0.00000000  0.01500000    0.1787D+00  0.197273836551728E+01 -0.120510641306339E-16    0.506909592006533E+00  0.309660931651339E-17
  0.00000000  0.00000000  0.01500000    0.1842D+00  0.197420316070378E+01 -0.120613720209716E-16    0.506533481409031E+00  0.309466061141055E-17
  0.00000000  0.00000000  0.01500000    0.1898D+00  0.197576567530524E+01 -0.120723421057974E-16    0.506132894451417E+00  0.309257799605763E-17
  0.00000000  0.00000000  0.01500000    0.1956D+00  0.197743291323958E+01 -0.120840189709031E-16    0.505706157364260E+00  0.309035151502601E-17
  0.00000000  0.00000000  0.01500000    0.2016D+00  0.197921244751616E+01 -0.120964497367619E-16    0.505251470732697E+00  0.308797018117642E-17
  0.00000000  0.00000000  0.01500000    0.2078D+00  0.198111247576931E+01 -0.121096851897452E-16    0.504766898513260E+00  0.308542211003239E-17
  0.00000000  0.00000000  0.01500000    0.2141D+00  0.198314188249936E+01 -0.121237798058833E-16    0.504250355874536E+00  0.308269435263825E-17
  0.00000000  0.00000000  0.01500000    0.2207D+00  0.198531030901415E+01 -0.121387916778445E-16    0.503699595705304E+00  0.307977268476351E-17
  0.00000000  0.00000000  0.01500000    0.2274D+00  0.198762823223886E+01 -0.121547837508189E-16    0.503112193608561E+00  0.307664170619271E-17
  0.00000000  0.00000000  0.01500000    0.2343D+00  0.199010705377344E+01 -0.121718232413483E-16    0.502485531169743E+00  0.307328445227923E-17
  0.00000000  0.00000000  0.01500000    0.2415D+00  0.199275920083274E+01 -0.121899827961771E-16    0.501816777251420E+00  0.306968241771088E-17
  0.00000000  0.00000000  0.01500000    0.2489D+00  0.199559824101574E+01 -0.122093400549482E-16    0.501102867023478E+00  0.306581514267374E-17
  0.00000000  0.00000000  0.01500000    0.2565D+00  0.199863901323107E+01 -0.122299793474178E-16    0.500340478385521E+00  0.306166029824445E-17
  0.00000000  0.00000000  0.01500000    0.2643D+00  0.200189777757358E+01 -0.122519910110177E-16    0.499526005374789E+00  0.305719312753297E-17
  0.00000000  0.00000000  0.01500000    0.2724D+00  0.200539238752463E+01 -0.122754727302950E-16    0.498655528075658E+00  0.305238634333273E-17
  0.00000000  0.00000000  0.01500000    0.2807D+00  0.200914248856734E+01 -0.123005301170078E-16    0.497724778451663E+00  0.304720977340505E-17
  0.00000000  0.00000000  0.01500000    0.2893D+00  0.201316974820473E+01 -0.123272771065380E-16    0.496729101404273E+00  0.304162989005405E-17
  0.00000000  0.00000000  0.01500000    0.2981D+00  0.201749812349899E+01 -0.123558371986879E-16    0.495663410217045E+00  0.303560946632590E-17
  0.00000000  0.00000000  0.01500000    0.3072D+00  0.202215417367974E+01 -0.123863442209364E-16    0.494522135362354E+00  0.302910701527981E-17
  0.00000000  0.00000000  0.01500000    0.3166D+00  0.202716742719408E+01 -0.124189432802276E-16    0.493299165419286E+00  0.302207616072711E-17
  0.00000000  0.00000000  0.01500000    0.3262D+00  0.203257081491714E+01 -0.124537917724670E-16    0.491987778561489E+00  0.301446488547222E-17
  0.00000000  0.00000000  0.01500000    0.3362D+00  0.203840118428275E+01 -0.124910615445477E-16    0.490580562703053E+00  0.300621489456155E-17
  0.00000000  0.00000000  0.01500000    0.3464D+00  0.204469991307010E+01 -0.125309388024137E-16    0.489069321912626E+00  0.299726023552435E-17
  0.00000000  0.00000000  0.01500000    0.3570D+00  0.205151364683257E+01 -0.125736279714131E-16    0.487444966083433E+00  0.298752663407040E-17
  0.00000000  0.00000000  0.01500000    0.3679D+00  0.205889519095634E+01 -0.126193508344325E-16    0.485697380028124E+00  0.297692940605328E-17
  0.00000000  0.00000000  0.01500000    0.3791D+00  0.206690459778012E+01 -0.126683514017473E-16    0.483815267078128E+00  0.296537238509156E-17
  0.00000000  0.00000000  0.01500000    0.3907D+00  0.207561050209573E+01 -0.127208965479200E-16    0.481785960800596E+00  0.295274540160422E-17
  0.00000000  0.00000000  0.01500000    0.4026D+00  0.208509177617529E+01 -0.127772797674700E-16    0.479595196444691E+00  0.293892195543981E-17
  0.00000000  0.00000000  0.01500000    0.4149D+00  0.209543960047860E+01 -0.128378238500779E-16    0.477226830957857E+00  0.292375594646994E-17
  0.00000000  0.00000000  0.01500000    0.4276D+00  0.210676008184066E+01 -0.129028849017442E-16    0.474662496512802E+00  0.290707784548886E-17
  0.00000000  0.00000000  0.01500000    0.4406D+00  0.211917760264561E+01 -0.129728564118424E-16    0.471881166897756E+00  0.288868975114444E-17
  0.00000000  0.00000000  0.01500000    0.4540D+00  0.213283916097628E+01 -0.130481749779698E-16    0.468858607951602E+00  0.286835935330423E-17
  0.00000000  0.00000000  0.01500000    0.4679D+00  0.214792007736387E+01 -0.131293252828558E-16    0.465566671003558E+00  0.284581178270093E-17
  0.00000000  0.00000000  0.01500000    0.4822D+00  0.216463162298497E+01 -0.132168463929293E-16    0.461972369516170E+00  0.282071913799958E-17
  0.00000000  0.00000000  0.01500000    0.4969D+00  0.218323140989681E+01 -0.133113419072496E-16    0.458036649466886E+00  0.279268721559523E-17
  0.00000000  0.00000000  0.01500000    0.5120D+00  0.220403785460169E+01 -0.134134870377230E-16    0.453712715465461E+00  0.276123643477344E-17
  0.00000000  0.00000000  0.01500000    0.5276D+00  0.222745083173075E+01 -0.135240410656211E-16    0.448943691934601E+00  0.272577640744485E-17
  0.00000000  0.00000000  0.01500000    0.5437D+00  0.225398207674318E+01 -0.136438599972826E-16    0.443659251028702E+00  0.268556914005336E-17
  0.00000000  0.00000000  0.01500000    0.5603D+00  0.228430162270476E+01 -0.137739130482154E-16    0.437770559745931E+00  0.263967488578384E-17
  0.00000000  0.00000000  0.01500000    0.5774D+00  0.231931206629162E+01 -0.139153010676960E-16    0.431162332371647E+00  0.258686778342622E-17
  0.00000000  0.00000000  0.01500000    0.5950D+00  0.236027457590308E+01 -0.140692801486488E-16    0.423679520259791E+00  0.252549678949932E-17
  0.00000000  0.00000000  0.01500000    0.6131D+00  0.240904030898219E+01 -0.142372893962082E-16    0.415103058372027E+00  0.245323515312642E-17
  0.00000000  0.00000000  0.01500000    0.6318D+00  0.246852587771534E+01 -0.144209858340562E-16    0.405100067626400E+00  0.236657123563247E-17
  0.00000000  0.00000000  0.01500000    0.6511D+00  0.254387507431880E+01 -0.146222858813466E-16    0.393101064629826E+00  0.225955912902611E-17
  0.00000000  0.00000000  0.01500000    0.6709D+00  0.264637371236042E+01 -0.148434191435755E-16    0.377875579450210E+00  0.211949112995761E-17
  0.00000000  0.00000000  0.01500000    0.6914D+00  0.283114233711017E+01  0.415791340342832E-03    0.353214306933030E+00 -0.518742728625425E-04
  0.00000000  0.00000000  0.01500000    0.7125D+00  0.299843346327113E+01  0.207157457931701E+00    0.331923138598162E+00 -0.229320925286409E-01
  0.00000000  0.00000000  0.01500000    0.7342D+00  0.306114966451129E+01  0.393476134498005E+00    0.321364997352262E+00 -0.413078322785361E-01
  0.00000000  0.00000000  0.01500000    0.7565D+00  0.310756166455587E+01  0.532587022533762E+00    0.312613451878803E+00 -0.535770116613046E-01
  0.00000000  0.00000000  0.01500000    0.7796D+00  0.319302804972764E+01  0.671152131686777E+00    0.299931058419020E+00 -0.630434077252054E-01
  0.00000000  0.00000000  0.01500000    0.8034D+00  0.337072652962591E+01  0.848781905919034E+00    0.278982197034627E+00 -0.702504456636565E-01
  0.00000000  0.00000000  0.01500000    0.8279D+00  0.355041103897405E+01  0.136141480610301E+01    0.245552476005345E+00 -0.941577673230567E-01
  0.00000000  0.00000000  0.01500000    0.8531D+00  0.325972718626299E+01  0.230833913865943E+01    0.204317156917907E+00 -0.144684896331436E+00
  0.00000000  0.00000000  0.01500000    0.8791D+00  0.243263105568193E+01  0.233907066391529E+01    0.213595812882386E+00 -0.205380794872848E+00
  0.00000000  0.00000000  0.01500000    0.9059D+00  0.197135593677146E+01  0.221797975721455E+01    0.223873259942757E+00 -0.251880621592807E+00
  0.00000000  0.00000000  0.01500000    0.9335D+00  0.164370179892214E+01  0.203992493861531E+01    0.239500215276046E+00 -0.297233027466246E+00
  0.00000000  0.00000000  0.01500000    0.9619D+00  0.140585670975068E+01  0.185094736841633E+01    0.260226287599873E+00 -0.342613268397143E+00
  0.00000000  0.00000000  0.01500000    0.9913D+00  0.123166767035255E+01  0.162457791007647E+01    0.296340477865027E+00 -0.390875075955534E+00
  0.00000000  0.00000000  0.01500000    0.1021D+01  0.112378651979888E+01  0.140511762725615E+01    0.347142152643975E+00 -0.434046457445486E+00
  0.00000000  0.00000000  0.01500000    0.1053D+01  0.108047664952635E+01  0.116671626339135E+01    0.427292751791446E+00 -0.461397664598180E+00
  0.00000000  0.00000000  0.01500000    0.1085D+01  0.110323854001818E+01  0.937367605837868E+00    0.526406176395072E+00 -0.447261475526032E+00
  0.00000000  0.00000000  0.01500000    0.1118D+01  0.120740239943209E+01  0.695287917003483E+00    0.621972948250496E+00 -0.358165824272843E+00
  0.00000000  0.00000000  0.01500000    0.1152D+01  0.153199193554318E+01  0.436665911777868E+00    0.603698694625808E+00 -0.172073125720744E+00
  0.00000000  0.00000000  0.01500000    0.1187D+01  0.190426866762410E+01  0.634903596994200E+00    0.472600437591125E+00 -0.157570054514423E+00
  0.00000000  0.00000000  0.01500000    0.1223D+01  0.223846232776986E+01  0.833638664095623E+00    0.392322636746580E+00 -0.146107135570037E+00
  0.00000000  0.00000000  0.01500000    0.1260D+01  0.207099456093653E+01  0.205002093529882E+01    0.243887313417182E+00 -0.241417388432402E+00
  0.00000000  0.00000000  0.01500000    0.1299D+01  0.100159662625812E+01  0.149079606439478E+01    0.310508213065072E+00 -0.462166514806501E+00
  0.00000000  0.00000000  0.01500000    0.1338D+01  0.120011662033183E+01  0.674560802913426E+00    0.633202610887699E+00 -0.355910129374911E+00
  0.00000000  0.00000000  0.01500000    0.1379D+01  0.184735441388994E+01  0.736675451792568E+00    0.467045099432331E+00 -0.186245074060984E+00
  0.00000000  0.00000000  0.01500000    0.1421D+01  0.221442388910880E+01  0.134026631411731E+01    0.330511671814621E+00 -0.200040137904224E+00
  0.00000000  0.00000000  0.01500000    0.1464D+01  0.205807609294227E+01  0.240942507271797E+01    0.204967113250557E+00 -0.239958524100290E+00
  0.00000000  0.00000000  0.01500000    0.1509D+01  0.881111249529249E+00  0.191238098006194E+01    0.198736824960589E+00 -0.431342267273951E+00
  0.00000000  0.00000000  0.01500000    0.1555D+01  0.135427175177262E+01  0.213570924140844E+01    0.211760276078019E+00 -0.333949503111959E+00
  0.00000000  0.00000000  0.01500000    0.1602D+01  0.616801059829621E+00  0.281695447149480E+01    0.741732911098427E-01 -0.338752310372283E+00
  0.00000000  0.00000000  0.01500000    0.1651D+01 -0.192598591166591E+01  0.113285325891849E+01   -0.385754347537139E+00 -0.226898372985206E+00
  0.00000000  0.00000000  0.01500000    0.1701D+01 -0.457313074994813E+00  0.346167167661613E+00   -0.139014896760850E+01 -0.105228552835540E+01
  0.00000000  0.00000000  0.01500000    0.1753D+01  0.491419525939610E-01  0.252537650339139E+00    0.742435516264216E+00 -0.381533315037082E+01
  0.00000000  0.00000000  0.01500000    0.1807D+01  0.305009138669514E+00  0.249267253000992E+00    0.196571168438709E+01 -0.160646842877071E+01
  0.00000000  0.00000000  0.01500000    0.1862D+01  0.447271743293460E+00  0.252970675983988E+00    0.169391487249856E+01 -0.958054687738550E+00
  0.00000000  0.00000000  0.01500000    0.1919D+01  0.543179621810907E+00  0.236502672191096E+00    0.154761898712727E+01 -0.673839759984029E+00
  0.00000000  0.00000000  0.01500000    0.1977D+01  0.624769043532075E+00  0.227183712461017E+00    0.141366838833956E+01 -0.514049849262860E+00
  0.00000000  0.00000000  0.01500000    0.2037D+01  0.689004679728197E+00  0.228577604277492E+00    0.130747086225189E+01 -0.433754031212183E+00
  0.00000000  0.00000000  0.01500000    0.2099D+01  0.731092551304519E+00  0.235563619661774E+00    0.123916819259275E+01 -0.399269482770727E+00
  0.00000000  0.00000000  0.01500000    0.2163D+01  0.759379872642535E+00  0.226045016686245E+00    0.120967720258339E+01 -0.360085266009745E+00
  0.00000000  0.00000000  0.01500000    0.2229D+01  0.793880087268169E+00  0.209789615920029E+00    0.117741419430461E+01 -0.311141790256942E+00
  0.00000000  0.00000000  0.01500000    0.2297D+01  0.827584948776783E+00  0.211655021674645E+00    0.113415234305451E+01 -0.290059696115012E+00
  0.00000000  0.00000000  0.01500000    0.2367D+01  0.844350278995167E+00  0.216108034714465E+00    0.111152823634845E+01 -0.284491150962567E+00
  0.00000000  0.00000000  0.01500000    0.2439D+01  0.856732288334977E+00  0.195191724819582E+00    0.110962745595128E+01 -0.252809541537448E+00
  0.00000000  0.00000000  0.01500000    0.2513D+01  0.892864347565055E+00  0.167776778008363E+00    0.108179327989131E+01 -0.203278125581153E+00
  0.00000000  0.00000000  0.01500000    0.2590D+01  0.944968589921563E+00  0.179758063235383E+00    0.102128006931522E+01 -0.194274528528234E+00
  0.00000000  0.00000000  0.01500000    0.2669D+01  0.958960735155602E+00  0.193923866171646E+00    0.100182673997700E+01 -0.202592356003974E+00
  0.00000000  0.00000000  0.01500000    0.2750D+01  0.101198469527563E+01  0.174177618906878E+00    0.959726742631902E+00 -0.165183247941660E+00
  0.00000000  0.00000000  0.01500000    0.2834D+01  0.106216829788114E+01  0.280752614583312E+00    0.879989724389447E+00 -0.232599124283440E+00
  0.00000000  0.00000000  0.01500000    0.2920D+01  0.102036577866843E+01  0.413060366805808E+00    0.842049093349382E+00 -0.340874924109366E+00
  0.00000000  0.00000000  0.01500000    0.3009D+01  0.864895898052119E+00  0.350485413076439E+00    0.993123039652282E+00 -0.402447438555529E+00
  0.00000000  0.00000000  0.01500000    0.3101D+01  0.808438219955133E+00  0.270140272519994E+00    0.111271118198212E+01 -0.371813324156515E+00
  0.00000000  0.00000000  0.01500000    0.3195D+01  0.835927104761598E+00  0.223428630087933E+00    0.111651298386446E+01 -0.298424306424867E+00
  0.00000000  0.00000000  0.01500000    0.3293D+01  0.846575778171486E+00  0.175313078226313E+00    0.113265615269475E+01 -0.234556010012214E+00
  0.00000000  0.00000000  0.01500000    0.3393D+01  0.884665011594096E+00  0.123253758225836E+00    0.110884778557437E+01 -0.154487467099177E+00
  0.00000000  0.00000000  0.01500000    0.3496D+01  0.954124105337301E+00  0.107879952576168E+00    0.103485198502858E+01 -0.117007611948731E+00
  0.00000000  0.00000000  0.01500000    0.3603D+01  0.102445009458068E+01  0.176157911015964E+00    0.948099977073290E+00 -0.163029231271510E+00
  0.00000000  0.00000000  0.01500000    0.3713D+01  0.100552422143397E+01  0.238960540391516E+00    0.941342457440015E+00 -0.223707890400247E+00
  0.00000000  0.00000000  0.01500000    0.3826D+01  0.909444860669770E+00  0.255070630859313E+00    0.101938447606530E+01 -0.285905229269949E+00
  0.00000000  0.00000000  0.01500000    0.3942D+01  0.881750883710567E+00  0.191881177390001E+00    0.108282896655974E+01 -0.235638546956855E+00
  0.00000000  0.00000000  0.01500000    0.4062D+01  0.922808008645254E+00  0.117210962288248E+00    0.106644413769160E+01 -0.135454983522521E+00
  0.00000000  0.00000000  0.01500000    0.4186D+01  0.984047354088785E+00  0.151541925212826E+00    0.992669532563217E+00 -0.152869728717520E+00
  0.00000000  0.00000000  0.01500000    0.4313D+01  0.102879702753703E+01  0.160974385048494E+00    0.948780594709659E+00 -0.148454329368515E+00
  0.00000000  0.00000000  0.01500000    0.4445D+01  0.106812604572091E+01  0.310422546032938E+00    0.863302790995827E+00 -0.250896091759838E+00
  0.00000000  0.00000000  0.01500000    0.4580D+01  0.809340543755054E+00  0.292718194012921E+00    0.109264614456037E+01 -0.395182730679670E+00
  0.00000000  0.00000000  0.01500000    0.4720D+01  0.801586774205311E+00  0.176238569942023E+00    0.119000166265567E+01 -0.261636291919841E+00
  0.00000000  0.00000000  0.01500000    0.4863D+01  0.868920423801245E+00  0.125388338985939E+00    0.112737739873552E+01 -0.162684609045476E+00
  0.00000000  0.00000000  0.01500000    0.5012D+01  0.906760356359579E+00  0.148480539940295E+00    0.107402871325067E+01 -0.175870462505752E+00
  0.00000000  0.00000000  0.01500000    0.5164D+01  0.912803015956051E+00  0.150698084311272E+00    0.106645925633059E+01 -0.176065771163909E+00
  0.00000000  0.00000000  0.01500000    0.5322D+01  0.920290532510419E+00  0.194448382970394E+00    0.104017621027093E+01 -0.219779053403621E+00
  0.00000000  0.00000000  0.01500000    0.5484D+01  0.806370775217618E+00  0.142858863244214E+00    0.120238546907142E+01 -0.213017915048504E+00
  0.00000000  0.00000000  0.01500000    0.5651D+01  0.868289142721643E+00  0.682755698676306E-01    0.114461290367911E+01 -0.900035419440775E-01
  0.00000000  0.00000000  0.01500000    0.5823D+01  0.910566783285272E+00  0.119699138013561E+00    0.107956163027898E+01 -0.141914463550583E+00
  0.00000000  0.00000000  0.01500000    0.6000D+01  0.892108712183721E+00  0.114747697333565E+00    0.110269611566738E+01 -0.141834552676625E+00
  0.00000000  0.00000000  0.01500000    0.6183D+01  0.878928095586966E+00  0.107337952846645E+00    0.112103023103425E+01 -0.136904361895566E+00
  0.00000000  0.00000000  0.01500000    0.6371D+01  0.876023963283221E+00  0.956188219436334E-01    0.112808140916411E+01 -0.123131124172128E+00
  0.00000000  0.00000000  0.01500000    0.6565D+01  0.871154872579828E+00  0.819887548247266E-01    0.113782309417374E+01 -0.107086238783075E+00
  0.00000000  0.00000000  0.01500000    0.6765D+01  0.870533826912095E+00  0.595226436005261E-01    0.114337501939489E+01 -0.781781266588954E-01
  0.00000000  0.00000000  0.01500000    0.6971D+01  0.887714143903701E+00  0.330895119504285E-01    0.112492575656446E+01 -0.419315660573980E-01
  0.00000000  0.00000000  0.01500000    0.7184D+01  0.911690830808674E+00  0.397256990473864E-01    0.109478443920632E+01 -0.477037562340023E-01
  0.00000000  0.00000000  0.01500000    0.7402D+01  0.913528423340713E+00  0.611938379762455E-01    0.108976673554586E+01 -0.729993805808751E-01
  0.00000000  0.00000000  0.01500000    0.7628D+01  0.894156583190434E+00  0.344247145092337E-01    0.111671712711160E+01 -0.429932173078917E-01
  0.00000000  0.00000000  0.01500000    0.7860D+01  0.908441812627517E+00  0.261259449620600E-01    0.109987627748898E+01 -0.316314228289872E-01
  0.00000000  0.00000000  0.01500000    0.8100D+01  0.916071554746150E+00  0.244546887317065E-01    0.109084041529139E+01 -0.291201737175527E-01
  0.00000000  0.00000000  0.01500000    0.8346D+01  0.919226016631063E+00  0.179775547586582E-01    0.108745579563888E+01 -0.212676705837457E-01
  0.00000000  0.00000000  0.01500000    0.8600D+01  0.928545390065902E+00  0.986024910456797E-02    0.107683184867954E+01 -0.114349070980354E-01
  0.00000000  0.00000000  0.01500000    0.8862D+01  0.936882329929882E+00  0.139653595451780E-01    0.106713278977486E+01 -0.159068995278949E-01
  0.00000000  0.00000000  0.01500000    0.9132D+01  0.938184564910497E+00  0.137321333827127E-01    0.106566004582161E+01 -0.155979819293297E-01
  0.00000000  0.00000000  0.01500000    0.9410D+01  0.942075506451122E+00  0.704993215658321E-02    0.106142660003845E+01 -0.794308467657004E-02
  0.00000000  0.00000000  0.01500000    0.9697D+01  0.949530457591440E+00  0.696293180616343E-02    0.105309547642455E+01 -0.772237681171718E-02
  0.00000000  0.00000000  0.01500000    0.9992D+01  0.953286523488230E+00  0.100133545249108E-01    0.104888682761717E+01 -0.110175434170704E-01
  0.00000000  0.00000000  0.01500000    0.1030D+02  0.954230533567886E+00  0.978005340895642E-02    0.104785471723062E+01 -0.107396218616320E-01
  0.00000000  0.00000000  0.01500000    0.1061D+02  0.954902986998011E+00  0.935855371308637E-02    0.104712622379997E+01 -0.102623901519262E-01
  0.00000000  0.00000000  0.01500000    0.1093D+02  0.955943174309603E+00  0.521852766705299E-02    0.104605611159088E+01 -0.571045738526178E-02
  0.00000000  0.00000000  0.01500000    0.1127D+02  0.959843092669591E+00  0.285978237374133E-02    0.104182770155966E+01 -0.310404952658378E-02
  0.00000000  0.00000000  0.01500000    0.1161D+02  0.963285181471891E+00  0.249744388758376E-02    0.103810719560437E+01 -0.269142982803633E-02
  0.00000000  0.00000000  0.01500000    0.1196D+02  0.965713823035499E+00  0.189571220322766E-02    0.103549946446627E+01 -0.203270257130021E-02
  0.00000000  0.00000000  0.01500000    0.1233D+02  0.968238906420253E+00  0.869212019559252E-03    0.103280211883667E+01 -0.927172012575018E-03
  0.00000000  0.00000000  0.01500000    0.1270D+02  0.970789712909335E+00  0.616193982318476E-03    0.103008878628829E+01 -0.653833165848420E-03
  0.00000000  0.00000000  0.01500000    0.1309D+02  0.972967920800970E+00  0.353879731698575E-03    0.102778297859056E+01 -0.373816604774155E-03
  0.00000000  0.00000000  0.01500000    0.1349D+02  0.974943078712754E+00  0.221890967452556E-03    0.102570085375795E+01 -0.233443120656606E-03
  0.00000000  0.00000000  0.01500000    0.1390D+02  0.976750565620342E+00  0.594750778842096E-04    0.102380283307766E+01 -0.623401259017405E-04
  0.00000000  0.00000000  0.01500000    0.1432D+02  0.978439937612609E+00  0.885529777974765E-06    0.102203514141009E+01 -0.924985292468319E-06
  0.00000000  0.00000000  0.01500000    0.1476D+02  0.979958352070352E+00  0.529767801351790E-18    0.102045153029953E+01 -0.551658509211873E-18
  0.00000000  0.00000000  0.01500000    0.1521D+02  0.981325004291579E+00  0.491968370198823E-18    0.101903038812499E+01 -0.510871237394828E-18
  0.00000000  0.00000000  0.01500000    0.1567D+02  0.982574275312974E+00  0.457786912961702E-18    0.101773476583384E+01 -0.474168384386483E-18
