 q(1:3)   w(Ry)   eps  epsi --- LFC included. 
  0.00000000  0.00000000  0.00500000    0.0000D+00  0.197346276143241E+01 -0.175092299997426E-15    0.506723521488779E+00  0.449582270181104E-16
  0.00000000  0.00000000  0.00500000    0.1015D-04  0.197346276150361E+01 -0.175092300065115E-15    0.506723521470497E+00  0.449582270322468E-16
  0.00000000  0.00000000  0.00500000    0.3076D-04  0.197346276208629E+01 -0.175092300198397E-15    0.506723521320883E+00  0.449582270399209E-16
  0.00000000  0.00000000  0.00500000    0.5200D-04  0.197346276330088E+01 -0.175092300461112E-15    0.506723521009014E+00  0.449582270520378E-16
  0.00000000  0.00000000  0.00500000    0.7389D-04  0.197346276520461E+01 -0.175092300634545E-15    0.506723520520195E+00  0.449582270098306E-16
  0.00000000  0.00000000  0.00500000    0.9644D-04  0.197346276785879E+01 -0.175092301162148E-15    0.506723519838685E+00  0.449582270243708E-16
  0.00000000  0.00000000  0.00500000    0.1197D-03  0.197346277132910E+01 -0.175092301425592E-15    0.506723518947617E+00  0.449582269338980E-16
  0.00000000  0.00000000  0.00500000    0.1436D-03  0.197346277568586E+01 -0.175092302347333E-15    0.506723517828938E+00  0.449582269720662E-16
  0.00000000  0.00000000  0.00500000    0.1683D-03  0.197346278100434E+01 -0.175092303253328E-15    0.506723516463319E+00  0.449582269623727E-16
  0.00000000  0.00000000  0.00500000    0.1937D-03  0.197346278736511E+01 -0.175092304011585E-15    0.506723514830072E+00  0.449582268672550E-16
  0.00000000  0.00000000  0.00500000    0.2199D-03  0.197346279485433E+01 -0.175092305333445E-15    0.506723512907075E+00  0.449582268654375E-16
  0.00000000  0.00000000  0.00500000    0.2469D-03  0.197346280356419E+01 -0.175092306893924E-15    0.506723510670656E+00  0.449582268692745E-16
  0.00000000  0.00000000  0.00500000    0.2748D-03  0.197346281359322E+01 -0.175092308669610E-15    0.506723508095515E+00  0.449582268682647E-16
  0.00000000  0.00000000  0.00500000    0.3034D-03  0.197346282504676E+01 -0.175092310374821E-15    0.506723505154603E+00  0.449582267842542E-16
  0.00000000  0.00000000  0.00500000    0.3330D-03  0.197346283803741E+01 -0.175092312599748E-15    0.506723501819011E+00  0.449582267636555E-16
  0.00000000  0.00000000  0.00500000    0.3634D-03  0.197346285268546E+01 -0.175092314978777E-15    0.506723498057850E+00  0.449582267071099E-16
  0.00000000  0.00000000  0.00500000    0.3948D-03  0.197346286911940E+01 -0.175092317695156E-15    0.506723493838129E+00  0.449582266558150E-16
  0.00000000  0.00000000  0.00500000    0.4271D-03  0.197346288747648E+01 -0.175092320645039E-15    0.506723489124606E+00  0.449582265768532E-16
  0.00000000  0.00000000  0.00500000    0.4604D-03  0.197346290790323E+01 -0.175092324014088E-15    0.506723483879656E+00  0.449582265112200E-16
  0.00000000  0.00000000  0.00500000    0.4948D-03  0.197346293055609E+01 -0.175092327605124E-15    0.506723478063109E+00  0.449582264011581E-16
  0.00000000  0.00000000  0.00500000    0.5301D-03  0.197346295560207E+01 -0.175092331741144E-15    0.506723471632088E+00  0.449582263219943E-16
  0.00000000  0.00000000  0.00500000    0.5666D-03  0.197346298321933E+01 -0.175092336467921E-15    0.506723464540841E+00  0.449582262773637E-16
  0.00000000  0.00000000  0.00500000    0.6041D-03  0.197346301359803E+01 -0.175092341122362E-15    0.506723456740542E+00  0.449582260883400E-16
  0.00000000  0.00000000  0.00500000    0.6428D-03  0.197346304694103E+01 -0.175092346440445E-15    0.506723448179103E+00  0.449582259346573E-16
  0.00000000  0.00000000  0.00500000    0.6827D-03  0.197346308346470E+01 -0.175092352662694E-15    0.506723438800971E+00  0.449582258682163E-16
  0.00000000  0.00000000  0.00500000    0.7238D-03  0.197346312339978E+01 -0.175092359045129E-15    0.506723428546895E+00  0.449582256874725E-16
  0.00000000  0.00000000  0.00500000    0.7662D-03  0.197346316699232E+01 -0.175092366197691E-15    0.506723417353697E+00  0.449582255378287E-16
  0.00000000  0.00000000  0.00500000    0.8098D-03  0.197346321450471E+01 -0.175092373852337E-15    0.506723405154006E+00  0.449582253385057E-16
  0.00000000  0.00000000  0.00500000    0.8548D-03  0.197346326621659E+01 -0.175092382662722E-15    0.506723391876021E+00  0.449582252445997E-16
  0.00000000  0.00000000  0.00500000    0.9011D-03  0.197346332242607E+01 -0.175092391511435E-15    0.506723377443190E+00  0.449582249556115E-16
  0.00000000  0.00000000  0.00500000    0.9488D-03  0.197346338345085E+01 -0.175092401395502E-15    0.506723361773945E+00  0.449582247130715E-16
  0.00000000  0.00000000  0.00500000    0.9980D-03  0.197346344962951E+01 -0.175092412117032E-15    0.506723344781345E+00  0.449582244507405E-16
  0.00000000  0.00000000  0.00500000    0.1049D-02  0.197346352132276E+01 -0.175092423875309E-15    0.506723326372775E+00  0.449582242033538E-16
  0.00000000  0.00000000  0.00500000    0.1101D-02  0.197346359891494E+01 -0.175092436698422E-15    0.506723306449547E+00  0.449582239606118E-16
  0.00000000  0.00000000  0.00500000    0.1155D-02  0.197346368281544E+01 -0.175092450272060E-15    0.506723284906542E+00  0.449582236231560E-16
  0.00000000  0.00000000  0.00500000    0.1210D-02  0.197346377346036E+01 -0.175092465298087E-15    0.506723261631782E+00  0.449582233513335E-16
  0.00000000  0.00000000  0.00500000    0.1267D-02  0.197346387131416E+01 -0.175092481143991E-15    0.506723236506014E+00  0.449582229615731E-16
  0.00000000  0.00000000  0.00500000    0.1326D-02  0.197346397687143E+01 -0.175092498312808E-15    0.506723209402240E+00  0.449582225605036E-16
  0.00000000  0.00000000  0.00500000    0.1387D-02  0.197346409065887E+01 -0.175092516911370E-15    0.506723180185222E+00  0.449582221515581E-16
  0.00000000  0.00000000  0.00500000    0.1450D-02  0.197346421323728E+01 -0.175092536862227E-15    0.506723148710964E+00  0.449582216892982E-16
  0.00000000  0.00000000  0.00500000    0.1514D-02  0.197346434520369E+01 -0.175092558352330E-15    0.506723114826168E+00  0.449582211945247E-16
  0.00000000  0.00000000  0.00500000    0.1580D-02  0.197346448719372E+01 -0.175092581339527E-15    0.506723078367631E+00  0.449582206274536E-16
  0.00000000  0.00000000  0.00500000    0.1649D-02  0.197346463988393E+01 -0.175092606683968E-15    0.506723039161633E+00  0.449582201781184E-16
  0.00000000  0.00000000  0.00500000    0.1719D-02  0.197346480399446E+01 -0.175092633495712E-15    0.506722997023263E+00  0.449582195851979E-16
  0.00000000  0.00000000  0.00500000    0.1792D-02  0.197346498029179E+01 -0.175092662119186E-15    0.506722951755720E+00  0.449582189022085E-16
  0.00000000  0.00000000  0.00500000    0.1867D-02  0.197346516959159E+01 -0.175092693120697E-15    0.506722903149564E+00  0.449582182373944E-16
  0.00000000  0.00000000  0.00500000    0.1944D-02  0.197346537276190E+01 -0.175092726123386E-15    0.506722850981916E+00  0.449582174544404E-16
  0.00000000  0.00000000  0.00500000    0.2024D-02  0.197346559072636E+01 -0.175092761710358E-15    0.506722795015612E+00  0.449582166609852E-16
  0.00000000  0.00000000  0.00500000    0.2106D-02  0.197346582446776E+01 -0.175092799434668E-15    0.506722734998311E+00  0.449582156974894E-16
  0.00000000  0.00000000  0.00500000    0.2190D-02  0.197346607503169E+01 -0.175092840483071E-15    0.506722670661538E+00  0.449582148210334E-16
  0.00000000  0.00000000  0.00500000    0.2277D-02  0.197346634353058E+01 -0.175092884548032E-15    0.506722601719661E+00  0.449582139019663E-16
  0.00000000  0.00000000  0.00500000    0.2367D-02  0.197346663114783E+01 -0.175092931314946E-15    0.506722527868824E+00  0.449582128055885E-16
  0.00000000  0.00000000  0.00500000    0.2459D-02  0.197346693914228E+01 -0.175092981538080E-15    0.506722448785803E+00  0.449582116682151E-16
  0.00000000  0.00000000  0.00500000    0.2554D-02  0.197346726885296E+01 -0.175093035566725E-15    0.506722364126784E+00  0.449582105185229E-16
  0.00000000  0.00000000  0.00500000    0.2652D-02  0.197346762170411E+01 -0.175093093154967E-15    0.506722273526073E+00  0.449582092284766E-16
  0.00000000  0.00000000  0.00500000    0.2753D-02  0.197346799921052E+01 -0.175093154334865E-15    0.506722176594730E+00  0.449582077372897E-16
  0.00000000  0.00000000  0.00500000    0.2858D-02  0.197346840298320E+01 -0.175093220385644E-15    0.506722072919105E+00  0.449582063000230E-16
  0.00000000  0.00000000  0.00500000    0.2965D-02  0.197346883473544E+01 -0.175093290860215E-15    0.506721962059289E+00  0.449582047238158E-16
  0.00000000  0.00000000  0.00500000    0.3075D-02  0.197346929628917E+01 -0.175093366151874E-15    0.506721843547481E+00  0.449582030266415E-16
  0.00000000  0.00000000  0.00500000    0.3189D-02  0.197346978958182E+01 -0.175093446646886E-15    0.506721716886227E+00  0.449582012194053E-16
  0.00000000  0.00000000  0.00500000    0.3307D-02  0.197347031667347E+01 -0.175093532497667E-15    0.506721581546574E+00  0.449581992473793E-16
  0.00000000  0.00000000  0.00500000    0.3428D-02  0.197347087975459E+01 -0.175093624608861E-15    0.506721436966102E+00  0.449581972430415E-16
  0.00000000  0.00000000  0.00500000    0.3553D-02  0.197347148115420E+01 -0.175093722727582E-15    0.506721282546806E+00  0.449581950353417E-16
  0.00000000  0.00000000  0.00500000    0.3681D-02  0.197347212334846E+01 -0.175093827505576E-15    0.506721117652914E+00  0.449581926788059E-16
  0.00000000  0.00000000  0.00500000    0.3813D-02  0.197347280896992E+01 -0.175093939385608E-15    0.506720941608495E+00  0.449581901671738E-16
  0.00000000  0.00000000  0.00500000    0.3950D-02  0.197347354081732E+01 -0.175094058747122E-15    0.506720753694953E+00  0.449581874703549E-16
  0.00000000  0.00000000  0.00500000    0.4090D-02  0.197347432186591E+01 -0.175094186017402E-15    0.506720553148372E+00  0.449581845625000E-16
  0.00000000  0.00000000  0.00500000    0.4235D-02  0.197347515527849E+01 -0.175094322519030E-15    0.506720339156680E+00  0.449581816390951E-16
  0.00000000  0.00000000  0.00500000    0.4385D-02  0.197347604441716E+01 -0.175094467271656E-15    0.506720110856647E+00  0.449581782952337E-16
  0.00000000  0.00000000  0.00500000    0.4538D-02  0.197347699285571E+01 -0.175094621945286E-15    0.506719867330683E+00  0.449581747968817E-16
  0.00000000  0.00000000  0.00500000    0.4697D-02  0.197347800439285E+01 -0.175094787162094E-15    0.506719607603457E+00  0.449581711307106E-16
  0.00000000  0.00000000  0.00500000    0.4860D-02  0.197347908306623E+01 -0.175094962964522E-15    0.506719330638297E+00  0.449581671236506E-16
  0.00000000  0.00000000  0.00500000    0.5029D-02  0.197348023316739E+01 -0.175095150641074E-15    0.506719035333343E+00  0.449581629110071E-16
  0.00000000  0.00000000  0.00500000    0.5202D-02  0.197348145925753E+01 -0.175095350629122E-15    0.506718720517508E+00  0.449581583972586E-16
  0.00000000  0.00000000  0.00500000    0.5381D-02  0.197348276618436E+01 -0.175095563876988E-15    0.506718384946149E+00  0.449581536050233E-16
  0.00000000  0.00000000  0.00500000    0.5565D-02  0.197348415909995E+01 -0.175095791471166E-15    0.506718027296489E+00  0.449581485785278E-16
  0.00000000  0.00000000  0.00500000    0.5755D-02  0.197348564347971E+01 -0.175096033304967E-15    0.506717646162740E+00  0.449581430409010E-16
  0.00000000  0.00000000  0.00500000    0.5950D-02  0.197348722514252E+01 -0.175096291531753E-15    0.506717240050938E+00  0.449581372799192E-16
  0.00000000  0.00000000  0.00500000    0.6152D-02  0.197348891027210E+01 -0.175096566302667E-15    0.506716807373456E+00  0.449581310526386E-16
  0.00000000  0.00000000  0.00500000    0.6360D-02  0.197349070543984E+01 -0.175096859183376E-15    0.506716346443154E+00  0.449581244616489E-16
  0.00000000  0.00000000  0.00500000    0.6574D-02  0.197349261762883E+01 -0.175097171618342E-15    0.506715855467201E+00  0.449581175596587E-16
  0.00000000  0.00000000  0.00500000    0.6794D-02  0.197349465425958E+01 -0.175097503723349E-15    0.506715332540480E+00  0.449581100382928E-16
  0.00000000  0.00000000  0.00500000    0.7021D-02  0.197349682321716E+01 -0.175097857731359E-15    0.506714775638614E+00  0.449581021116165E-16
  0.00000000  0.00000000  0.00500000    0.7255D-02  0.197349913288024E+01 -0.175098234401679E-15    0.506714182610530E+00  0.449580935928275E-16
  0.00000000  0.00000000  0.00500000    0.7497D-02  0.197350159215175E+01 -0.175098635362165E-15    0.506713551170577E+00  0.449580844942447E-16
  0.00000000  0.00000000  0.00500000    0.7745D-02  0.197350421049150E+01 -0.175099062721760E-15    0.506712878890161E+00  0.449580749263338E-16
  0.00000000  0.00000000  0.00500000    0.8001D-02  0.197350699795085E+01 -0.175099517485490E-15    0.506712163188846E+00  0.449580646891659E-16
  0.00000000  0.00000000  0.00500000    0.8265D-02  0.197350996520956E+01 -0.175100001484856E-15    0.506711401324905E+00  0.449580537663832E-16
  0.00000000  0.00000000  0.00500000    0.8537D-02  0.197351312361482E+01 -0.175100516855435E-15    0.506710590385298E+00  0.449580421892878E-16
  0.00000000  0.00000000  0.00500000    0.8818D-02  0.197351648522285E+01 -0.175101065632900E-15    0.506709727275006E+00  0.449580299312223E-16
  0.00000000  0.00000000  0.00500000    0.9107D-02  0.197352006284295E+01 -0.175101648970364E-15    0.506708808705725E+00  0.449580167046124E-16
  0.00000000  0.00000000  0.00500000    0.9404D-02  0.197352387008441E+01 -0.175102269872858E-15    0.506707831183836E+00  0.449580026609193E-16
  0.00000000  0.00000000  0.00500000    0.9711D-02  0.197352792140619E+01 -0.175102931425436E-15    0.506706790997652E+00  0.449579879334289E-16
  0.00000000  0.00000000  0.00500000    0.1003D-01  0.197353223216992E+01 -0.175103634702474E-15    0.506705684203844E+00  0.449579720980497E-16
  0.00000000  0.00000000  0.00500000    0.1035D-01  0.197353681869585E+01 -0.175104382659228E-15    0.506704506613066E+00  0.449579551699277E-16
  0.00000000  0.00000000  0.00500000    0.1069D-01  0.197354169832269E+01 -0.175105178773873E-15    0.506703253774623E+00  0.449579372520567E-16
  0.00000000  0.00000000  0.00500000    0.1103D-01  0.197354688947077E+01 -0.175106025747522E-15    0.506701920960267E+00  0.449579181986298E-16
  0.00000000  0.00000000  0.00500000    0.1139D-01  0.197355241170949E+01 -0.175106926621298E-15    0.506700503146912E+00  0.449578978987775E-16
  0.00000000  0.00000000  0.00500000    0.1176D-01  0.197355828582867E+01 -0.175107884905434E-15    0.506698994998323E+00  0.449578763064554E-16
  0.00000000  0.00000000  0.00500000    0.1214D-01  0.197356453391452E+01 -0.175108904256098E-15    0.506697390845651E+00  0.449578533540110E-16
  0.00000000  0.00000000  0.00500000    0.1253D-01  0.197357117943028E+01 -0.175109988890089E-15    0.506695684666754E+00  0.449578290549746E-16
  0.00000000  0.00000000  0.00500000    0.1293D-01  0.197357824730192E+01 -0.175111141464462E-15    0.506693870064236E+00  0.449578029557703E-16
  0.00000000  0.00000000  0.00500000    0.1334D-01  0.197358576400903E+01 -0.175112367516433E-15    0.506691940242140E+00  0.449577752714731E-16
  0.00000000  0.00000000  0.00500000    0.1377D-01  0.197359375768165E+01 -0.175113671831611E-15    0.506689887981143E+00  0.449577459489705E-16
  0.00000000  0.00000000  0.00500000    0.1421D-01  0.197360225820284E+01 -0.175115058713099E-15    0.506687705612274E+00  0.449577147313842E-16
  0.00000000  0.00000000  0.00500000    0.1466D-01  0.197361129731784E+01 -0.175116533301921E-15    0.506685384988934E+00  0.449576814920926E-16
  0.00000000  0.00000000  0.00500000    0.1513D-01  0.197362090874992E+01 -0.175118101190920E-15    0.506682917457231E+00  0.449576461303233E-16
  0.00000000  0.00000000  0.00500000    0.1561D-01  0.197363112832358E+01 -0.175119768585891E-15    0.506680293824414E+00  0.449576086068985E-16
  0.00000000  0.00000000  0.00500000    0.1610D-01  0.197364199409527E+01 -0.175121540871944E-15    0.506677504325402E+00  0.449575685702259E-16
  0.00000000  0.00000000  0.00500000    0.1662D-01  0.197365354649248E+01 -0.175123425510205E-15    0.506674538587166E+00  0.449575260936129E-16
  0.00000000  0.00000000  0.00500000    0.1714D-01  0.197366582846130E+01 -0.175125429088980E-15    0.506671385590951E+00  0.449574809114973E-16
  0.00000000  0.00000000  0.00500000    0.1768D-01  0.197367888562338E+01 -0.175127559308002E-15    0.506668033632104E+00  0.449574329216932E-16
  0.00000000  0.00000000  0.00500000    0.1824D-01  0.197369276644260E+01 -0.175129823571611E-15    0.506664470277412E+00  0.449573818166331E-16
  0.00000000  0.00000000  0.00500000    0.1882D-01  0.197370752240222E+01 -0.175132230333944E-15    0.506660682319784E+00  0.449573274206221E-16
  0.00000000  0.00000000  0.00500000    0.1941D-01  0.197372320819308E+01 -0.175134788944394E-15    0.506656655730104E+00  0.449572696415717E-16
  0.00000000  0.00000000  0.00500000    0.2002D-01  0.197373988191365E+01 -0.175137508652584E-15    0.506652375606073E+00  0.449572082064475E-16
  0.00000000  0.00000000  0.00500000    0.2065D-01  0.197375760528251E+01 -0.175140399579143E-15    0.506647826117871E+00  0.449571429007805E-16
  0.00000000  0.00000000  0.00500000    0.2130D-01  0.197377644386433E+01 -0.175143472307434E-15    0.506642990450410E+00  0.449570734535559E-16
  0.00000000  0.00000000  0.00500000    0.2197D-01  0.197379646730983E+01 -0.175146738414780E-15    0.506637850741997E+00  0.449569996626233E-16
  0.00000000  0.00000000  0.00500000    0.2266D-01  0.197381774961108E+01 -0.175150209546197E-15    0.506632388019126E+00  0.449569211452905E-16
  0.00000000  0.00000000  0.00500000    0.2337D-01  0.197384036937255E+01 -0.175153898576619E-15    0.506626582127249E+00  0.449568376242825E-16
  0.00000000  0.00000000  0.00500000    0.2410D-01  0.197386441009947E+01 -0.175157819485189E-15    0.506620411657155E+00  0.449567488823026E-16
  0.00000000  0.00000000  0.00500000    0.2486D-01  0.197388996050428E+01 -0.175161986641044E-15    0.506613853866769E+00  0.449566545647296E-16
  0.00000000  0.00000000  0.00500000    0.2564D-01  0.197391711483235E+01 -0.175166415116912E-15    0.506606884598056E+00  0.449565542452505E-16
  0.00000000  0.00000000  0.00500000    0.2644D-01  0.197394597320839E+01 -0.175171121541523E-15    0.506599478188671E+00  0.449564476288185E-16
  0.00000000  0.00000000  0.00500000    0.2726D-01  0.197397664200469E+01 -0.175176122406451E-15    0.506591607378111E+00  0.449563341002989E-16
  0.00000000  0.00000000  0.00500000    0.2811D-01  0.197400923423266E+01 -0.175181437775958E-15    0.506583243207938E+00  0.449562136586819E-16
  0.00000000  0.00000000  0.00500000    0.2899D-01  0.197404386995926E+01 -0.175187085565533E-15    0.506574354915747E+00  0.449560854297331E-16
  0.00000000  0.00000000  0.00500000    0.2989D-01  0.197408067674985E+01 -0.175193086981114E-15    0.506564909822436E+00  0.449559490416653E-16
  0.00000000  0.00000000  0.00500000    0.3082D-01  0.197411979013912E+01 -0.175199464688476E-15    0.506554873212394E+00  0.449558041337987E-16
  0.00000000  0.00000000  0.00500000    0.3178D-01  0.197416135413222E+01 -0.175206241444851E-15    0.506544208206105E+00  0.449556499825524E-16
  0.00000000  0.00000000  0.00500000    0.3277D-01  0.197420552173759E+01 -0.175213442693352E-15    0.506532875624750E+00  0.449554861428319E-16
  0.00000000  0.00000000  0.00500000    0.3379D-01  0.197425245553410E+01 -0.175221094285563E-15    0.506520833846179E+00  0.449553118377419E-16
  0.00000000  0.00000000  0.00500000    0.3484D-01  0.197430232827438E+01 -0.175229224525953E-15    0.506508038651832E+00  0.449551264555806E-16
  0.00000000  0.00000000  0.00500000    0.3592D-01  0.197435532352687E+01 -0.175237863266281E-15    0.506494443063906E+00  0.449549292881151E-16
  0.00000000  0.00000000  0.00500000    0.3703D-01  0.197441163635929E+01 -0.175247042598109E-15    0.506479997172195E+00  0.449547196769936E-16
  0.00000000  0.00000000  0.00500000    0.3818D-01  0.197447147406599E+01 -0.175256796030753E-15    0.506464647949924E+00  0.449544967695900E-16
  0.00000000  0.00000000  0.00500000    0.3936D-01  0.197453505694245E+01 -0.175267159050463E-15    0.506448339057850E+00  0.449542596270461E-16
  0.00000000  0.00000000  0.00500000    0.4058D-01  0.197460261910990E+01 -0.175278169998202E-15    0.506431010635837E+00  0.449540074116802E-16
  0.00000000  0.00000000  0.00500000    0.4184D-01  0.197467440939356E+01 -0.175289868754003E-15    0.506412599081137E+00  0.449537390093429E-16
  0.00000000  0.00000000  0.00500000    0.4313D-01  0.197475069225801E+01 -0.175302298973259E-15    0.506393036812439E+00  0.449534535601379E-16
  0.00000000  0.00000000  0.00500000    0.4447D-01  0.197483174880383E+01 -0.175315505890574E-15    0.506372252018788E+00  0.449531498495477E-16
  0.00000000  0.00000000  0.00500000    0.4584D-01  0.197491787782947E+01 -0.175329538437986E-15    0.506350168392342E+00  0.449528268030048E-16
  0.00000000  0.00000000  0.00500000    0.4726D-01  0.197500939696300E+01 -0.175344447363242E-15    0.506326704843893E+00  0.449524829515367E-16
  0.00000000  0.00000000  0.00500000    0.4872D-01  0.197510664386867E+01 -0.175360287928094E-15    0.506301775199988E+00  0.449521170683068E-16
  0.00000000  0.00000000  0.00500000    0.5022D-01  0.197520997753335E+01 -0.175377118071573E-15    0.506275287880433E+00  0.449517276387022E-16
  0.00000000  0.00000000  0.00500000    0.5177D-01  0.197531977963854E+01 -0.175394999993090E-15    0.506247145554827E+00  0.449513132032419E-16
  0.00000000  0.00000000  0.00500000    0.5337D-01  0.197543645602421E+01 -0.175413999381658E-15    0.506217244776689E+00  0.449508720928224E-16
  0.00000000  0.00000000  0.00500000    0.5501D-01  0.197556043825071E+01 -0.175434185067241E-15    0.506185475593683E+00  0.449504022677650E-16
  0.00000000  0.00000000  0.00500000    0.5671D-01  0.197569218526614E+01 -0.175455633188531E-15    0.506151721132253E+00  0.449499023091803E-16
  0.00000000  0.00000000  0.00500000    0.5846D-01  0.197583218518665E+01 -0.175478420901118E-15    0.506115857154909E+00  0.449493697250251E-16
  0.00000000  0.00000000  0.00500000    0.6026D-01  0.197598095719800E+01 -0.175502632988613E-15    0.506077751588269E+00  0.449488025566020E-16
  0.00000000  0.00000000  0.00500000    0.6211D-01  0.197613905358732E+01 -0.175528358320061E-15    0.506037264019797E+00  0.449481983775010E-16
  0.00000000  0.00000000  0.00500000    0.6403D-01  0.197630706191502E+01 -0.175555692017776E-15    0.505994245160978E+00  0.449475547489934E-16
  0.00000000  0.00000000  0.00500000    0.6600D-01  0.197648560733684E+01 -0.175584734676083E-15    0.505948536274657E+00  0.449468689130700E-16
  0.00000000  0.00000000  0.00500000    0.6803D-01  0.197667535508817E+01 -0.175615593663796E-15    0.505899968563829E+00  0.449461380115551E-16
  0.00000000  0.00000000  0.00500000    0.7012D-01  0.197687701314259E+01 -0.175648382870689E-15    0.505848362519188E+00  0.449453588986988E-16
  0.00000000  0.00000000  0.00500000    0.7227D-01  0.197709133505836E+01 -0.175683223973009E-15    0.505793527222395E+00  0.449445283338351E-16
  0.00000000  0.00000000  0.00500000    0.7450D-01  0.197731912302755E+01 -0.175720244980567E-15    0.505735259601831E+00  0.449436424690394E-16
  0.00000000  0.00000000  0.00500000    0.7678D-01  0.197756123114403E+01 -0.175759584181195E-15    0.505673343637251E+00  0.449426977074088E-16
  0.00000000  0.00000000  0.00500000    0.7914D-01  0.197781856890777E+01 -0.175801387095503E-15    0.505607549509578E+00  0.449416897621850E-16
  0.00000000  0.00000000  0.00500000    0.8157D-01  0.197809210498458E+01 -0.175845808766382E-15    0.505537632691677E+00  0.449406140687283E-16
  0.00000000  0.00000000  0.00500000    0.8408D-01  0.197838287124261E+01 -0.175893014655307E-15    0.505463332975536E+00  0.449394658269275E-16
  0.00000000  0.00000000  0.00500000    0.8666D-01  0.197869196708848E+01 -0.175943180791544E-15    0.505384373431018E+00  0.449382398386310E-16
  0.00000000  0.00000000  0.00500000    0.8932D-01  0.197902056412828E+01 -0.175996493969800E-15    0.505300459290822E+00  0.449369303424530E-16
  0.00000000  0.00000000  0.00500000    0.9206D-01  0.197936991118152E+01 -0.176053153709522E-15    0.505211276755785E+00  0.449355312819614E-16
  0.00000000  0.00000000  0.00500000    0.9488D-01  0.197974133967853E+01 -0.176113371521669E-15    0.505116491714206E+00  0.449340358682569E-16
  0.00000000  0.00000000  0.00500000    0.9779D-01  0.198013626947509E+01 -0.176177373959309E-15    0.505015748368210E+00  0.449324370888838E-16
  0.00000000  0.00000000  0.00500000    0.1008D+00  0.198055621512166E+01 -0.176245401317903E-15    0.504908667759563E+00  0.449307270850203E-16
  0.00000000  0.00000000  0.00500000    0.1039D+00  0.198100279262844E+01 -0.176317709816665E-15    0.504794846186551E+00  0.449288973938170E-16
  0.00000000  0.00000000  0.00500000    0.1071D+00  0.198147772677214E+01 -0.176394572551672E-15    0.504673853502768E+00  0.449269388516639E-16
  0.00000000  0.00000000  0.00500000    0.1103D+00  0.198198285899486E+01 -0.176476280188468E-15    0.504545231287791E+00  0.449248414033485E-16
  0.00000000  0.00000000  0.00500000    0.1137D+00  0.198252015595190E+01 -0.176563143371050E-15    0.504408490878548E+00  0.449225943177371E-16
  0.00000000  0.00000000  0.00500000    0.1172D+00  0.198309171877096E+01 -0.176655491163669E-15    0.504263111249216E+00  0.449201853601904E-16
  0.00000000  0.00000000  0.00500000    0.1208D+00  0.198369979309287E+01 -0.176753677485816E-15    0.504108536726143E+00  0.449176019620463E-16
  0.00000000  0.00000000  0.00500000    0.1245D+00  0.198434677997232E+01 -0.176858077330270E-15    0.503944174522737E+00  0.449148297502339E-16
  0.00000000  0.00000000  0.00500000    0.1283D+00  0.198503524772579E+01 -0.176969092331349E-15    0.503769392077887E+00  0.449118534104007E-16
  0.00000000  0.00000000  0.00500000    0.1322D+00  0.198576794482559E+01 -0.177087149879374E-15    0.503583514179362E+00  0.449086558601362E-16
  0.00000000  0.00000000  0.00500000    0.1363D+00  0.198654781394982E+01 -0.177212708005769E-15    0.503385819851833E+00  0.449052188330065E-16
  0.00000000  0.00000000  0.00500000    0.1405D+00  0.198737800731343E+01 -0.177346252818910E-15    0.503175538986574E+00  0.449015215127771E-16
  0.00000000  0.00000000  0.00500000    0.1448D+00  0.198826190342016E+01 -0.177488306824676E-15    0.502951848687450E+00  0.448975418602143E-16
  0.00000000  0.00000000  0.00500000    0.1492D+00  0.198920312539485E+01 -0.177639426964543E-15    0.502713869304575E+00  0.448932552590207E-16
  0.00000000  0.00000000  0.00500000    0.1537D+00  0.199020556107576E+01 -0.177800207569520E-15    0.502460660123708E+00  0.448886343264081E-16
  0.00000000  0.00000000  0.00500000    0.1585D+00  0.199127338507196E+01 -0.177971286202737E-15    0.502191214675357E+00  0.448836493600089E-16
  0.00000000  0.00000000  0.00500000    0.1633D+00  0.199241108301857E+01 -0.178153343844168E-15    0.501904455623168E+00  0.448782672520000E-16
  0.00000000  0.00000000  0.00500000    0.1683D+00  0.199362347829613E+01 -0.178347109502409E-15    0.501599229185774E+00  0.448724514071113E-16
  0.00000000  0.00000000  0.00500000    0.1734D+00  0.199491576151874E+01 -0.178553364019346E-15    0.501274299040423E+00  0.448661613270162E-16
  0.00000000  0.00000000  0.00500000    0.1787D+00  0.199629352314044E+01 -0.178772944776311E-15    0.500928339649604E+00  0.448593522761070E-16
  0.00000000  0.00000000  0.00500000    0.1842D+00  0.199776278958202E+01 -0.179006747942970E-15    0.500559928943929E+00  0.448519741673456E-16
  0.00000000  0.00000000  0.00500000    0.1898D+00  0.199933006334255E+01 -0.179255736227440E-15    0.500167540285052E+00  0.448439716456679E-16
  0.00000000  0.00000000  0.00500000    0.1956D+00  0.200100236763267E+01 -0.179520941611940E-15    0.499749533621528E+00  0.448352827048399E-16
  0.00000000  0.00000000  0.00500000    0.2016D+00  0.200278729615309E+01 -0.179803474105632E-15    0.499304145737683E+00  0.448258385757795E-16
  0.00000000  0.00000000  0.00500000    0.2078D+00  0.200469306874444E+01 -0.180104524885131E-15    0.498829479480522E+00  0.448155619437568E-16
  0.00000000  0.00000000  0.00500000    0.2141D+00  0.200672859375653E+01 -0.180425376638055E-15    0.498323491832063E+00  0.448043666598091E-16
  0.00000000  0.00000000  0.00500000    0.2207D+00  0.200890353813131E+01 -0.180767408502432E-15    0.497783980673458E+00  0.447921557568006E-16
  0.00000000  0.00000000  0.00500000    0.2274D+00  0.201122840636936E+01 -0.181132107970037E-15    0.497208570062504E+00  0.447788207997541E-16
  0.00000000  0.00000000  0.00500000    0.2343D+00  0.201371462976099E+01 -0.181521076732380E-15    0.496594693816517E+00  0.447642392764758E-16
  0.00000000  0.00000000  0.00500000    0.2415D+00  0.201637466751964E+01 -0.181936044879036E-15    0.495939577157110E+00  0.447482735328834E-16
  0.00000000  0.00000000  0.00500000    0.2489D+00  0.201922212176667E+01 -0.182378879611147E-15    0.495240216130890E+00  0.447307677460018E-16
  0.00000000  0.00000000  0.00500000    0.2565D+00  0.202227186869796E+01 -0.182851601579369E-15    0.494493354468631E+00  0.447115460757311E-16
  0.00000000  0.00000000  0.00500000    0.2643D+00  0.202554020873117E+01 -0.183356396365514E-15    0.493695457483126E+00  0.446904088084406E-16
  0.00000000  0.00000000  0.00500000    0.2724D+00  0.202904503901077E+01 -0.183895633207379E-15    0.492842682529875E+00  0.446671293307717E-16
  0.00000000  0.00000000  0.00500000    0.2807D+00  0.203280605236772E+01 -0.184471882552582E-15    0.491930845461252E+00  0.446414497055546E-16
  0.00000000  0.00000000  0.00500000    0.2893D+00  0.203684496772839E+01 -0.185087936533097E-15    0.490955382389882E+00  0.446130756616710E-16
  0.00000000  0.00000000  0.00500000    0.2981D+00  0.204118579809900E+01 -0.185746832417941E-15    0.489911305933699E+00  0.445816707757183E-16
  0.00000000  0.00000000  0.00500000    0.3072D+00  0.204585516368321E+01 -0.186451878109858E-15    0.488793154936574E+00  0.445468493385873E-16
  0.00000000  0.00000000  0.00500000    0.3166D+00  0.205088265951789E+01 -0.187206684407075E-15    0.487594936433406E+00  0.445081686949531E-16
  0.00000000  0.00000000  0.00500000    0.3262D+00  0.205630128936027E+01 -0.188015194274474E-15    0.486310058343205E+00  0.444651183025199E-16
  0.00000000  0.00000000  0.00500000    0.3362D+00  0.206214798060488E+01 -0.188881725093634E-15    0.484931251008801E+00  0.444171088126707E-16
  0.00000000  0.00000000  0.00500000    0.3464D+00  0.206846419898922E+01 -0.189811010764084E-15    0.483450475231170E+00  0.443634573916469E-16
  0.00000000  0.00000000  0.00500000    0.3570D+00  0.207529668710338E+01 -0.190808251361705E-15    0.481858813833390E+00  0.443033703287525E-16
  0.00000000  0.00000000  0.00500000    0.3679D+00  0.208269835772915E+01 -0.191879169971290E-15    0.480146342982832E+00  0.442359218339948E-16
  0.00000000  0.00000000  0.00500000    0.3791D+00  0.209072938248774E+01 -0.193030080937791E-15    0.478301978427312E+00  0.441600287353645E-16
  0.00000000  0.00000000  0.00500000    0.3907D+00  0.209945852917955E+01 -0.194267964259278E-15    0.476313290356248E+00  0.440744182278788E-16
  0.00000000  0.00000000  0.00500000    0.4026D+00  0.210896481904469E+01 -0.195600554134852E-15    0.474166278626200E+00  0.439775884423512E-16
  0.00000000  0.00000000  0.00500000    0.4149D+00  0.211933960021048E+01 -0.197036444604729E-15    0.471845097359896E+00  0.438677597392757E-16
  0.00000000  0.00000000  0.00500000    0.4276D+00  0.213068916927800E+01 -0.198585206214820E-15    0.469331714085193E+00  0.437428117477807E-16
  0.00000000  0.00000000  0.00500000    0.4406D+00  0.214313812476583E+01 -0.200257529839098E-15    0.466605483073688E+00  0.436002049377594E-16
  0.00000000  0.00000000  0.00500000    0.4540D+00  0.215683371269890E+01 -0.202065393542030E-15    0.463642604486497E+00  0.434368791561515E-16
  0.00000000  0.00000000  0.00500000    0.4679D+00  0.217195154039871E+01 -0.204022260715355E-15    0.460415428889554E+00  0.432491217796843E-16
  0.00000000  0.00000000  0.00500000    0.4822D+00  0.218870321396116E+01 -0.206143312263801E-15    0.456891548210494E+00  0.430323931050427E-16
  0.00000000  0.00000000  0.00500000    0.4969D+00  0.220734674098730E+01 -0.208445730487303E-15    0.453032584972455E+00  0.427810938606305E-16
  0.00000000  0.00000000  0.00500000    0.5120D+00  0.222820101139410E+01 -0.210949037798044E-15    0.448792543799421E+00  0.424882471560282E-16
  0.00000000  0.00000000  0.00500000    0.5276D+00  0.225166647561746E+01 -0.213675504325820E-15    0.444115507704477E+00  0.421450539479426E-16
  0.00000000  0.00000000  0.00500000    0.5437D+00  0.227825558345033E+01 -0.216650646262874E-15    0.438932316138797E+00  0.417402554164327E-16
  0.00000000  0.00000000  0.00500000    0.5603D+00  0.230863927653690E+01 -0.219903838946883E-15    0.433155586567019E+00  0.412591855797677E-16
  0.00000000  0.00000000  0.00500000    0.5774D+00  0.234372134538672E+01 -0.223469065015377E-15    0.426671883143599E+00  0.406822965461015E-16
  0.00000000  0.00000000  0.00500000    0.5950D+00  0.238476459808523E+01 -0.227385855448082E-15    0.419328599897414E+00  0.399827272167986E-16
  0.00000000  0.00000000  0.00500000    0.6131D+00  0.243362259343876E+01 -0.231700461733847E-15    0.410910057580860E+00  0.391219453374798E-16
  0.00000000  0.00000000  0.00500000    0.6318D+00  0.249321583778916E+01 -0.236467334068640E-15    0.401088419559673E+00  0.380409541209969E-16
  0.00000000  0.00000000  0.00500000    0.6511D+00  0.256869574717828E+01 -0.241751016194266E-15    0.389302626088942E+00  0.366389462697103E-16
  0.00000000  0.00000000  0.00500000    0.6709D+00  0.267137618818399E+01 -0.247628574769607E-15    0.374338891101595E+00  0.347000944660433E-16
  0.00000000  0.00000000  0.00500000    0.6914D+00  0.285641799529212E+01  0.484134557236878E-03    0.350088808053052E+00 -0.593365853175900E-04
  0.00000000  0.00000000  0.00500000    0.7125D+00  0.302367335149699E+01  0.207688636202830E+00    0.329170536331820E+00 -0.226099091474491E-01
  0.00000000  0.00000000  0.00500000    0.7342D+00  0.308644638935104E+01  0.393509743838816E+00    0.318814791478697E+00 -0.406476287291633E-01
  0.00000000  0.00000000  0.00500000    0.7565D+00  0.313329489843645E+01  0.532812558609531E+00    0.310183419056321E+00 -0.527462707797219E-01
  0.00000000  0.00000000  0.00500000    0.7796D+00  0.321924495461014E+01  0.671317461184058E+00    0.297686690020885E+00 -0.620773739776840E-01
  0.00000000  0.00000000  0.00500000    0.8034D+00  0.339881281287959E+01  0.848903137656994E+00    0.276943963413757E+00 -0.691707994645101E-01
  0.00000000  0.00000000  0.00500000    0.8279D+00  0.357700759378895E+01  0.136841295479843E+01    0.243872404116434E+00 -0.932953448827532E-01
  0.00000000  0.00000000  0.00500000    0.8531D+00  0.328114484569818E+01  0.231028164734381E+01    0.203755891026365E+00 -0.143466234413139E+00
  0.00000000  0.00000000  0.00500000    0.8791D+00  0.245620354257445E+01  0.233737546843357E+01    0.213652401653038E+00 -0.203316164047340E+00
  0.00000000  0.00000000  0.00500000    0.9059D+00  0.199793644825169E+01  0.221755664624474E+01    0.224252720135571E+00 -0.248903367477107E+00
  0.00000000  0.00000000  0.00500000    0.9335D+00  0.167193185754021E+01  0.203916557291177E+01    0.240442836779651E+00 -0.293255226164332E+00
  0.00000000  0.00000000  0.00500000    0.9619D+00  0.143424372074265E+01  0.185654007768997E+01    0.260591724680918E+00 -0.337319922540058E+00
  0.00000000  0.00000000  0.00500000    0.9913D+00  0.125645534861698E+01  0.162773838754573E+01    0.297159948239444E+00 -0.384970827274417E+00
  0.00000000  0.00000000  0.00500000    0.1021D+01  0.114865195460988E+01  0.140796542766483E+01    0.347889969588105E+00 -0.426427733697435E+00
  0.00000000  0.00000000  0.00500000    0.1053D+01  0.110509595756010E+01  0.116824727202143E+01    0.427331551616133E+00 -0.451751647455541E+00
  0.00000000  0.00000000  0.00500000    0.1085D+01  0.112892571551045E+01  0.937985046145442E+00    0.524036283574544E+00 -0.435403491015618E+00
  0.00000000  0.00000000  0.00500000    0.1118D+01  0.123525869228231E+01  0.695261364632882E+00    0.614785226110209E+00 -0.346029878544527E+00
  0.00000000  0.00000000  0.00500000    0.1152D+01  0.155996420106628E+01  0.440166607858309E+00    0.593766537821509E+00 -0.167539872154773E+00
  0.00000000  0.00000000  0.00500000    0.1187D+01  0.193426688006104E+01  0.634087199195989E+00    0.466824644725430E+00 -0.153033448766010E+00
  0.00000000  0.00000000  0.00500000    0.1223D+01  0.227579791217289E+01  0.837447126649177E+00    0.387002693806891E+00 -0.142409083073915E+00
  0.00000000  0.00000000  0.00500000    0.1260D+01  0.210078910973776E+01  0.207683578618988E+01    0.240735030127038E+00 -0.237990154861256E+00
  0.00000000  0.00000000  0.00500000    0.1299D+01  0.101920743930277E+01  0.150211582354825E+01    0.309306661730660E+00 -0.455858555381375E+00
  0.00000000  0.00000000  0.00500000    0.1338D+01  0.121719630340664E+01  0.680206995699709E+00    0.626049791087756E+00 -0.349856014483776E+00
  0.00000000  0.00000000  0.00500000    0.1379D+01  0.186640208097821E+01  0.740518099025183E+00    0.462917573161535E+00 -0.183668269970672E+00
  0.00000000  0.00000000  0.00500000    0.1421D+01  0.223203253305666E+01  0.134654652922476E+01    0.328474029961360E+00 -0.198162687341848E+00
  0.00000000  0.00000000  0.00500000    0.1464D+01  0.207537974262433E+01  0.240106557986402E+01    0.206047897785040E+00 -0.238382646324477E+00
  0.00000000  0.00000000  0.00500000    0.1509D+01  0.912274935044045E+00  0.191498747428822E+01    0.202753779636215E+00 -0.425607383753451E+00
  0.00000000  0.00000000  0.00500000    0.1555D+01  0.138306514655805E+01  0.213913218118900E+01    0.213147976748222E+00 -0.329667548598233E+00
  0.00000000  0.00000000  0.00500000    0.1602D+01  0.643298200754822E+00  0.282694554369881E+01    0.765334299708590E-01 -0.336322779305524E+00
  0.00000000  0.00000000  0.00500000    0.1651D+01 -0.190990523621297E+01  0.114560127427821E+01   -0.385050648607846E+00 -0.230961466225130E+00
  0.00000000  0.00000000  0.00500000    0.1701D+01 -0.436182122273004E+00  0.342711834837897E+00   -0.141752768626384E+01 -0.111376301202216E+01
  0.00000000  0.00000000  0.00500000    0.1753D+01  0.763238284501220E-01  0.259451515824451E+00    0.104352467182626E+01 -0.354730709142123E+01
  0.00000000  0.00000000  0.00500000    0.1807D+01  0.324564244901825E+00  0.250738213741545E+00    0.192949976795428E+01 -0.149061189835598E+01
  0.00000000  0.00000000  0.00500000    0.1862D+01  0.472542183619855E+00  0.253853742311369E+00    0.164226640213992E+01 -0.882239695220153E+00
  0.00000000  0.00000000  0.00500000    0.1919D+01  0.568982331788103E+00  0.242842418848843E+00    0.148670631729999E+01 -0.634528241107916E+00
  0.00000000  0.00000000  0.00500000    0.1977D+01  0.646187590676343E+00  0.234035856976061E+00    0.136808157414830E+01 -0.495491012577067E+00
  0.00000000  0.00000000  0.00500000    0.2037D+01  0.709118068136228E+00  0.229320099663837E+00    0.127668693782006E+01 -0.412864921902075E+00
  0.00000000  0.00000000  0.00500000    0.2099D+01  0.754958824815249E+00  0.233764588584810E+00    0.120869083744237E+01 -0.374257650952144E+00
  0.00000000  0.00000000  0.00500000    0.2163D+01  0.787649477937058E+00  0.225282935963947E+00    0.117359219335302E+01 -0.335669993250557E+00
  0.00000000  0.00000000  0.00500000    0.2229D+01  0.824518893802200E+00  0.212904814557089E+00    0.113701672158305E+01 -0.293597073489285E+00
  0.00000000  0.00000000  0.00500000    0.2297D+01  0.857352680074138E+00  0.219438002197398E+00    0.109466981003975E+01 -0.280178929586078E+00
  0.00000000  0.00000000  0.00500000    0.2367D+01  0.869502347495118E+00  0.226622854810478E+00    0.107692679342079E+01 -0.280684951627787E+00
  0.00000000  0.00000000  0.00500000    0.2439D+01  0.879568721821700E+00  0.199729495480691E+00    0.108117152398096E+01 -0.245508779081597E+00
  0.00000000  0.00000000  0.00500000    0.2513D+01  0.915846764568607E+00  0.171598374754689E+00    0.105485406343720E+01 -0.197643590491325E+00
  0.00000000  0.00000000  0.00500000    0.2590D+01  0.973249029693547E+00  0.179243700396864E+00    0.993778528465905E+00 -0.183024627184337E+00
  0.00000000  0.00000000  0.00500000    0.2669D+01  0.988169935075468E+00  0.201682459624884E+00    0.971503180996614E+00 -0.198280826123122E+00
  0.00000000  0.00000000  0.00500000    0.2750D+01  0.104067157410454E+01  0.178624210237374E+00    0.933418156230046E+00 -0.160214889237543E+00
  0.00000000  0.00000000  0.00500000    0.2834D+01  0.109228263578828E+01  0.291220541536038E+00    0.854754310586373E+00 -0.227891577741309E+00
  0.00000000  0.00000000  0.00500000    0.2920D+01  0.104600913767251E+01  0.423103578590586E+00    0.821590304636512E+00 -0.332327687691647E+00
  0.00000000  0.00000000  0.00500000    0.3009D+01  0.890951451695960E+00  0.359433784219024E+00    0.965291300795925E+00 -0.389424479255671E+00
  0.00000000  0.00000000  0.00500000    0.3101D+01  0.832670812469991E+00  0.277456274916009E+00    0.108093770150794E+01 -0.360181891313111E+00
  0.00000000  0.00000000  0.00500000    0.3195D+01  0.862224814427372E+00  0.230191250967231E+00    0.108262625413580E+01 -0.289032613767901E+00
  0.00000000  0.00000000  0.00500000    0.3293D+01  0.874046842742233E+00  0.181313043977774E+00    0.109690186907039E+01 -0.227542286180094E+00
  0.00000000  0.00000000  0.00500000    0.3393D+01  0.913214494160725E+00  0.131185685687094E+00    0.107289268746104E+01 -0.154123881928307E+00
  0.00000000  0.00000000  0.00500000    0.3496D+01  0.981899405360899E+00  0.115733816422034E+00    0.100447933899211E+01 -0.118395251880116E+00
  0.00000000  0.00000000  0.00500000    0.3603D+01  0.105422924785547E+01  0.181411680819774E+00    0.921279813962119E+00 -0.158533753352202E+00
  0.00000000  0.00000000  0.00500000    0.3713D+01  0.103796371108669E+01  0.245131512832371E+00    0.912529164001583E+00 -0.215508164771172E+00
  0.00000000  0.00000000  0.00500000    0.3826D+01  0.945790347708287E+00  0.268303828291982E+00    0.978566122303904E+00 -0.277601730116152E+00
  0.00000000  0.00000000  0.00500000    0.3942D+01  0.912122525022106E+00  0.201556035075712E+00    0.104530201271126E+01 -0.230985337341205E+00
  0.00000000  0.00000000  0.00500000    0.4062D+01  0.960300533252651E+00  0.125964230086910E+00    0.102372642372793E+01 -0.134283910420976E+00
  0.00000000  0.00000000  0.00500000    0.4186D+01  0.102795110774110E+01  0.168598451873861E+00    0.947325278414476E+00 -0.155374680915156E+00
  0.00000000  0.00000000  0.00500000    0.4313D+01  0.106225108336189E+01  0.183662300130394E+00    0.914071654508751E+00 -0.158042204127250E+00
  0.00000000  0.00000000  0.00500000    0.4445D+01  0.110360920997084E+01  0.330203730460245E+00    0.831664930658838E+00 -0.248837052205975E+00
  0.00000000  0.00000000  0.00500000    0.4580D+01  0.845391876916975E+00  0.315441420313794E+00    0.103832168695545E+01 -0.387429400043794E+00
  0.00000000  0.00000000  0.00500000    0.4720D+01  0.839583248710871E+00  0.198169948652949E+00    0.112821225562554E+01 -0.266296123833141E+00
  0.00000000  0.00000000  0.00500000    0.4863D+01  0.911095539963869E+00  0.153919487267728E+00    0.106712364561415E+01 -0.180278705338314E+00
  0.00000000  0.00000000  0.00500000    0.5012D+01  0.947709868398698E+00  0.191600081603010E+00    0.101374025999215E+01 -0.204949555782235E+00
  0.00000000  0.00000000  0.00500000    0.5164D+01  0.944300583861223E+00  0.193378937052622E+00    0.101636163399938E+01 -0.208135985302696E+00
  0.00000000  0.00000000  0.00500000    0.5322D+01  0.946098407887512E+00  0.250078849518040E+00    0.987946200171432E+00 -0.261140328600961E+00
  0.00000000  0.00000000  0.00500000    0.5484D+01  0.817314852832606E+00  0.203132995019288E+00    0.115233802522027E+01 -0.286398654724493E+00
  0.00000000  0.00000000  0.00500000    0.5651D+01  0.865201495434115E+00  0.925394433592819E-01    0.114272753015058E+01 -0.122222823364866E+00
  0.00000000  0.00000000  0.00500000    0.5823D+01  0.920720015800995E+00  0.158966884017124E+00    0.105466715546868E+01 -0.182093523006778E+00
  0.00000000  0.00000000  0.00500000    0.6000D+01  0.896219490787829E+00  0.146550184714209E+00    0.108673983753300E+01 -0.177704151230577E+00
  0.00000000  0.00000000  0.00500000    0.6183D+01  0.886921020514361E+00  0.140729735508972E+00    0.109980641921301E+01 -0.174508736298928E+00
  0.00000000  0.00000000  0.00500000    0.6371D+01  0.881681319860563E+00  0.125109476856106E+00    0.111181007127522E+01 -0.157764458934653E+00
  0.00000000  0.00000000  0.00500000    0.6565D+01  0.881610799234972E+00  0.115112900770953E+00    0.111527328812146E+01 -0.145622471343846E+00
  0.00000000  0.00000000  0.00500000    0.6765D+01  0.875342103965098E+00  0.104519442682838E+00    0.112635170756491E+01 -0.134491020375093E+00
  0.00000000  0.00000000  0.00500000    0.6971D+01  0.882112089108373E+00  0.548925133297131E-01    0.112926980987048E+01 -0.702727678903200E-01
  0.00000000  0.00000000  0.00500000    0.7184D+01  0.918859264874653E+00  0.743516295834052E-01    0.108122649200402E+01 -0.874899505314498E-01
  0.00000000  0.00000000  0.00500000    0.7402D+01  0.914685223851922E+00  0.988358541856132E-01    0.108065479766935E+01 -0.116769613438866E+00
  0.00000000  0.00000000  0.00500000    0.7628D+01  0.889288116602396E+00  0.733377356087081E-01    0.111689897261477E+01 -0.921083280278242E-01
  0.00000000  0.00000000  0.00500000    0.7860D+01  0.892487648245865E+00  0.650625541055885E-01    0.111454052338321E+01 -0.812502595952054E-01
  0.00000000  0.00000000  0.00500000    0.8100D+01  0.900130059978774E+00  0.443307600108446E-01    0.110826248478927E+01 -0.545811326902846E-01
  0.00000000  0.00000000  0.00500000    0.8346D+01  0.911027598869261E+00  0.415562271871247E-01    0.109538242644402E+01 -0.499655125998264E-01
  0.00000000  0.00000000  0.00500000    0.8600D+01  0.919039758234096E+00  0.360100041250180E-01    0.108642428060121E+01 -0.425684987787046E-01
  0.00000000  0.00000000  0.00500000    0.8862D+01  0.925837539732982E+00  0.382920980925508E-01    0.107825863306608E+01 -0.445961451923994E-01
  0.00000000  0.00000000  0.00500000    0.9132D+01  0.926312745489305E+00  0.385874787777963E-01    0.107767889313867E+01 -0.448929496228631E-01
  0.00000000  0.00000000  0.00500000    0.9410D+01  0.929702687851632E+00  0.310385628322091E-01    0.107441514825627E+01 -0.358698565926395E-01
  0.00000000  0.00000000  0.00500000    0.9697D+01  0.931615550558249E+00  0.372092404248761E-01    0.107169453362719E+01 -0.428040724952093E-01
  0.00000000  0.00000000  0.00500000    0.9992D+01  0.926607093217762E+00  0.327544211379337E-01    0.107785924708676E+01 -0.381009987565453E-01
  0.00000000  0.00000000  0.00500000    0.1030D+02  0.925095045879547E+00  0.234156664240618E-01    0.108027789780664E+01 -0.273435978421839E-01
  0.00000000  0.00000000  0.00500000    0.1061D+02  0.928886619581782E+00  0.134123787751519E-01    0.107633324876697E+01 -0.155413900000542E-01
  0.00000000  0.00000000  0.00500000    0.1093D+02  0.935680812636685E+00  0.636350036289469E-02    0.106869109206487E+01 -0.726809405550748E-02
  0.00000000  0.00000000  0.00500000    0.1127D+02  0.943485264356874E+00  0.347003249959873E-02    0.105988562949036E+01 -0.389813992770327E-02
  0.00000000  0.00000000  0.00500000    0.1161D+02  0.949337948638086E+00  0.302632196534200E-02    0.105335496102122E+01 -0.335790985751037E-02
  0.00000000  0.00000000  0.00500000    0.1196D+02  0.953457230042258E+00  0.221812942391781E-02    0.104880906699525E+01 -0.243995658984183E-02
  0.00000000  0.00000000  0.00500000    0.1233D+02  0.957439930000058E+00  0.960357652637369E-03    0.104445089719292E+01 -0.104763377888691E-02
  0.00000000  0.00000000  0.00500000    0.1270D+02  0.961238038480799E+00  0.688339847121580E-03    0.104032450566101E+01 -0.744973443118518E-03
  0.00000000  0.00000000  0.00500000    0.1309D+02  0.964384628481739E+00  0.452799792661977E-03    0.103693044249728E+01 -0.486861647833234E-03
  0.00000000  0.00000000  0.00500000    0.1349D+02  0.967150010263005E+00  0.284485928889591E-03    0.103396567529850E+01 -0.304139670636262E-03
  0.00000000  0.00000000  0.00500000    0.1390D+02  0.969676538864503E+00  0.616585328273788E-04    0.103127172399957E+01 -0.655751674910434E-04
  0.00000000  0.00000000  0.00500000    0.1432D+02  0.972012343865220E+00  0.784963150598178E-06    0.102879351924980E+01 -0.830817640621742E-06
  0.00000000  0.00000000  0.00500000    0.1476D+02  0.974084536799490E+00  0.602401453181846E-17    0.102660494261172E+01 -0.634881558950631E-17
  0.00000000  0.00000000  0.00500000    0.1521D+02  0.975938225533748E+00  0.531312414344745E-17    0.102465501794757E+01 -0.557834417397102E-17
  0.00000000  0.00000000  0.00500000    0.1567D+02  0.977620515817799E+00  0.474164097521656E-17    0.102289179064893E+01 -0.496121506175260E-17
