 q(1:3)   w(Ry)   eps  epsi --- LFC included. 
  0.00000000  0.00000000  0.01000000    0.0000D+00  0.195422498333969E+01 -0.917959099061819E-17    0.511711808274523E+00  0.240366648931192E-17
  0.00000000  0.00000000  0.01000000    0.1015D-04  0.195422498341073E+01 -0.917959103672176E-17    0.511711808255919E+00  0.240366650120932E-17
  0.00000000  0.00000000  0.01000000    0.3076D-04  0.195422498399214E+01 -0.917959095550184E-17    0.511711808103678E+00  0.240366647851172E-17
  0.00000000  0.00000000  0.01000000    0.5200D-04  0.195422498520408E+01 -0.917959109382130E-17    0.511711807786333E+00  0.240366651174920E-17
  0.00000000  0.00000000  0.01000000    0.7389D-04  0.195422498710366E+01 -0.917959112578441E-17    0.511711807288931E+00  0.240366651544580E-17
  0.00000000  0.00000000  0.01000000    0.9644D-04  0.195422498975204E+01 -0.917959120479637E-17    0.511711806595454E+00  0.240366652962006E-17
  0.00000000  0.00000000  0.01000000    0.1197D-03  0.195422499321478E+01 -0.917959118046926E-17    0.511711805688740E+00  0.240366651473180E-17
  0.00000000  0.00000000  0.01000000    0.1436D-03  0.195422499756203E+01 -0.917959142661800E-17    0.511711804550417E+00  0.240366656849150E-17
  0.00000000  0.00000000  0.01000000    0.1683D-03  0.195422500286890E+01 -0.917959134374815E-17    0.511711803160819E+00  0.240366653373738E-17
  0.00000000  0.00000000  0.01000000    0.1937D-03  0.195422500921579E+01 -0.917959163037722E-17    0.511711801498893E+00  0.240366659317776E-17
  0.00000000  0.00000000  0.01000000    0.2199D-03  0.195422501668866E+01 -0.917959179711566E-17    0.511711799542129E+00  0.240366661845502E-17
  0.00000000  0.00000000  0.01000000    0.2469D-03  0.195422502537950E+01 -0.917959198999462E-17    0.511711797266440E+00  0.240366664758096E-17
  0.00000000  0.00000000  0.01000000    0.2748D-03  0.195422503538664E+01 -0.917959221993450E-17    0.511711794646082E+00  0.240366668317323E-17
  0.00000000  0.00000000  0.01000000    0.3034D-03  0.195422504681518E+01 -0.917959241850215E-17    0.511711791653530E+00  0.240366670705410E-17
  0.00000000  0.00000000  0.01000000    0.3330D-03  0.195422505977748E+01 -0.917959261253064E-17    0.511711788259367E+00  0.240366672597341E-17
  0.00000000  0.00000000  0.01000000    0.3634D-03  0.195422507439355E+01 -0.917959304366577E-17    0.511711784432163E+00  0.240366680291061E-17
  0.00000000  0.00000000  0.01000000    0.3948D-03  0.195422509079162E+01 -0.917959328962105E-17    0.511711780138346E+00  0.240366682697499E-17
  0.00000000  0.00000000  0.01000000    0.4271D-03  0.195422510910863E+01 -0.917959362726590E-17    0.511711775342057E+00  0.240366687032766E-17
  0.00000000  0.00000000  0.01000000    0.4604D-03  0.195422512949079E+01 -0.917959404959055E-17    0.511711770005010E+00  0.240366693077343E-17
  0.00000000  0.00000000  0.01000000    0.4948D-03  0.195422515209421E+01 -0.917959461420864E-17    0.511711764086328E+00  0.240366702301436E-17
  0.00000000  0.00000000  0.01000000    0.5301D-03  0.195422517708551E+01 -0.917959522326758E-17    0.511711757542383E+00  0.240366712101795E-17
  0.00000000  0.00000000  0.01000000    0.5666D-03  0.195422520464249E+01 -0.917959578879879E-17    0.511711750326618E+00  0.240366720131236E-17
  0.00000000  0.00000000  0.01000000    0.6041D-03  0.195422523495488E+01 -0.917959626113717E-17    0.511711742389351E+00  0.240366725042609E-17
  0.00000000  0.00000000  0.01000000    0.6428D-03  0.195422526822510E+01 -0.917959699389732E-17    0.511711733677580E+00  0.240366736045480E-17
  0.00000000  0.00000000  0.01000000    0.6827D-03  0.195422530466904E+01 -0.917959771512613E-17    0.511711724134775E+00  0.240366745965678E-17
  0.00000000  0.00000000  0.01000000    0.7238D-03  0.195422534451695E+01 -0.917959848894465E-17    0.511711713700644E+00  0.240366756425565E-17
  0.00000000  0.00000000  0.01000000    0.7662D-03  0.195422538801434E+01 -0.917959954077801E-17    0.511711702310901E+00  0.240366773267476E-17
  0.00000000  0.00000000  0.01000000    0.8098D-03  0.195422543542302E+01 -0.917960065415339E-17    0.511711689896993E+00  0.240366790758691E-17
  0.00000000  0.00000000  0.01000000    0.8548D-03  0.195422548702202E+01 -0.917960151149821E-17    0.511711676385855E+00  0.240366800514968E-17
  0.00000000  0.00000000  0.01000000    0.9011D-03  0.195422554310881E+01 -0.917960297202186E-17    0.511711661699594E+00  0.240366824961427E-17
  0.00000000  0.00000000  0.01000000    0.9488D-03  0.195422560400038E+01 -0.917960417706421E-17    0.511711645755208E+00  0.240366841536172E-17
  0.00000000  0.00000000  0.01000000    0.9980D-03  0.195422567003459E+01 -0.917960553278290E-17    0.511711628464230E+00  0.240366860791285E-17
  0.00000000  0.00000000  0.01000000    0.1049D-02  0.195422574157134E+01 -0.917960706044974E-17    0.511711609732419E+00  0.240366883195225E-17
  0.00000000  0.00000000  0.01000000    0.1101D-02  0.195422581899415E+01 -0.917960859692889E-17    0.511711589459353E+00  0.240366904381959E-17
  0.00000000  0.00000000  0.01000000    0.1155D-02  0.195422590271151E+01 -0.917961056983653E-17    0.511711567538067E+00  0.240366935448071E-17
  0.00000000  0.00000000  0.01000000    0.1210D-02  0.195422599315857E+01 -0.917961249504203E-17    0.511711543854619E+00  0.240366963609615E-17
  0.00000000  0.00000000  0.01000000    0.1267D-02  0.195422609079878E+01 -0.917961447003368E-17    0.511711518287660E+00  0.240366991305306E-17
  0.00000000  0.00000000  0.01000000    0.1326D-02  0.195422619612563E+01 -0.917961661301115E-17    0.511711490707964E+00  0.240367021508781E-17
  0.00000000  0.00000000  0.01000000    0.1387D-02  0.195422630966469E+01 -0.917961910567123E-17    0.511711460977915E+00  0.240367058848459E-17
  0.00000000  0.00000000  0.01000000    0.1450D-02  0.195422643197554E+01 -0.917962166953324E-17    0.511711428950992E+00  0.240367095894707E-17
  0.00000000  0.00000000  0.01000000    0.1514D-02  0.195422656365389E+01 -0.917962435940657E-17    0.511711394471203E+00  0.240367133936149E-17
  0.00000000  0.00000000  0.01000000    0.1580D-02  0.195422670533398E+01 -0.917962738387890E-17    0.511711357372479E+00  0.240367178278606E-17
  0.00000000  0.00000000  0.01000000    0.1649D-02  0.195422685769090E+01 -0.917963068095168E-17    0.511711317478051E+00  0.240367227132578E-17
  0.00000000  0.00000000  0.01000000    0.1719D-02  0.195422702144321E+01 -0.917963415031061E-17    0.511711274599761E+00  0.240367277694581E-17
  0.00000000  0.00000000  0.01000000    0.1792D-02  0.195422719735572E+01 -0.917963769578132E-17    0.511711228537352E+00  0.240367327258163E-17
  0.00000000  0.00000000  0.01000000    0.1867D-02  0.195422738624231E+01 -0.917964174415443E-17    0.511711179077707E+00  0.240367386798548E-17
  0.00000000  0.00000000  0.01000000    0.1944D-02  0.195422758896914E+01 -0.917964609328670E-17    0.511711125994032E+00  0.240367450809571E-17
  0.00000000  0.00000000  0.01000000    0.2024D-02  0.195422780645783E+01 -0.917965080313645E-17    0.511711069045000E+00  0.240367520634505E-17
  0.00000000  0.00000000  0.01000000    0.2106D-02  0.195422803968901E+01 -0.917965557977353E-17    0.511711007973837E+00  0.240367588335601E-17
  0.00000000  0.00000000  0.01000000    0.2190D-02  0.195422828970601E+01 -0.917966098707120E-17    0.511710942507357E+00  0.240367668421118E-17
  0.00000000  0.00000000  0.01000000    0.2277D-02  0.195422855761881E+01 -0.917966654241683E-17    0.511710872354910E+00  0.240367747980865E-17
  0.00000000  0.00000000  0.01000000    0.2367D-02  0.195422884460825E+01 -0.917967267907281E-17    0.511710797207305E+00  0.240367838069246E-17
  0.00000000  0.00000000  0.01000000    0.2459D-02  0.195422915193042E+01 -0.917967922086860E-17    0.511710716735642E+00  0.240367933764259E-17
  0.00000000  0.00000000  0.01000000    0.2554D-02  0.195422948092140E+01 -0.917968603750120E-17    0.511710630590071E+00  0.240368031325259E-17
  0.00000000  0.00000000  0.01000000    0.2652D-02  0.195422983300235E+01 -0.917969354048387E-17    0.511710538398477E+00  0.240368141178017E-17
  0.00000000  0.00000000  0.01000000    0.2753D-02  0.195423020968474E+01 -0.917970157363780E-17    0.511710439765089E+00  0.240368258861184E-17
  0.00000000  0.00000000  0.01000000    0.2858D-02  0.195423061257606E+01 -0.917971015378136E-17    0.511710334268995E+00  0.240368384419683E-17
  0.00000000  0.00000000  0.01000000    0.2965D-02  0.195423104338588E+01 -0.917971924938469E-17    0.511710221462562E+00  0.240368516607340E-17
  0.00000000  0.00000000  0.01000000    0.3075D-02  0.195423150393214E+01 -0.917972894407443E-17    0.511710100869772E+00  0.240368657166660E-17
  0.00000000  0.00000000  0.01000000    0.3189D-02  0.195423199614803E+01 -0.917973932708421E-17    0.511709971984438E+00  0.240368807958607E-17
  0.00000000  0.00000000  0.01000000    0.3307D-02  0.195423252208915E+01 -0.917975061629598E-17    0.511709834268320E+00  0.240368974182645E-17
  0.00000000  0.00000000  0.01000000    0.3428D-02  0.195423308394118E+01 -0.917976238371865E-17    0.511709687149120E+00  0.240369144094242E-17
  0.00000000  0.00000000  0.01000000    0.3553D-02  0.195423368402807E+01 -0.917977508830573E-17    0.511709530018334E+00  0.240369329139221E-17
  0.00000000  0.00000000  0.01000000    0.3681D-02  0.195423432482055E+01 -0.917978852236140E-17    0.511709362229028E+00  0.240369523271281E-17
  0.00000000  0.00000000  0.01000000    0.3813D-02  0.195423500894546E+01 -0.917980301143093E-17    0.511709183093398E+00  0.240369734368460E-17
  0.00000000  0.00000000  0.01000000    0.3950D-02  0.195423573919540E+01 -0.917981852781774E-17    0.511708991880233E+00  0.240369961018475E-17
  0.00000000  0.00000000  0.01000000    0.4090D-02  0.195423651853913E+01 -0.917983494081689E-17    0.511708787812203E+00  0.240370199068483E-17
  0.00000000  0.00000000  0.01000000    0.4235D-02  0.195423735013257E+01 -0.917985244742885E-17    0.511708570062977E+00  0.240370452900425E-17
  0.00000000  0.00000000  0.01000000    0.4385D-02  0.195423823733046E+01 -0.917987140014282E-17    0.511708337754166E+00  0.240370730918708E-17
  0.00000000  0.00000000  0.01000000    0.4538D-02  0.195423918369879E+01 -0.917989146715532E-17    0.511708089952070E+00  0.240371023557850E-17
  0.00000000  0.00000000  0.01000000    0.4697D-02  0.195424019302799E+01 -0.917991277726404E-17    0.511707825664230E+00  0.240371333257794E-17
  0.00000000  0.00000000  0.01000000    0.4860D-02  0.195424126934689E+01 -0.917993548967463E-17    0.511707543835773E+00  0.240371663196026E-17
  0.00000000  0.00000000  0.01000000    0.5029D-02  0.195424241693766E+01 -0.917995986383232E-17    0.511707243345490E+00  0.240372019112393E-17
  0.00000000  0.00000000  0.01000000    0.5202D-02  0.195424364035157E+01 -0.917998578345673E-17    0.511706923001730E+00  0.240372396842351E-17
  0.00000000  0.00000000  0.01000000    0.5381D-02  0.195424494442572E+01 -0.918001318544833E-17    0.511706581537999E+00  0.240372793543541E-17
  0.00000000  0.00000000  0.01000000    0.5565D-02  0.195424633430094E+01 -0.918004252628454E-17    0.511706217608289E+00  0.240373219903654E-17
  0.00000000  0.00000000  0.01000000    0.5755D-02  0.195424781544070E+01 -0.918007388523833E-17    0.511705829782131E+00  0.240373676654095E-17
  0.00000000  0.00000000  0.01000000    0.5950D-02  0.195424939365117E+01 -0.918010730234854E-17    0.511705416539327E+00  0.240374163414604E-17
  0.00000000  0.00000000  0.01000000    0.6152D-02  0.195425107510260E+01 -0.918014300987066E-17    0.511704976264373E+00  0.240374684748366E-17
  0.00000000  0.00000000  0.01000000    0.6360D-02  0.195425286635201E+01 -0.918018098249736E-17    0.511704507240505E+00  0.240375238379275E-17
  0.00000000  0.00000000  0.01000000    0.6574D-02  0.195425477436726E+01 -0.918022114160032E-17    0.511704007643413E+00  0.240375820533975E-17
  0.00000000  0.00000000  0.01000000    0.6794D-02  0.195425680655266E+01 -0.918026427732655E-17    0.511703475534526E+00  0.240376450079764E-17
  0.00000000  0.00000000  0.01000000    0.7021D-02  0.195425897077609E+01 -0.918030992467937E-17    0.511702908853923E+00  0.240377112905023E-17
  0.00000000  0.00000000  0.01000000    0.7255D-02  0.195426127539792E+01 -0.918035876678899E-17    0.511702305412761E+00  0.240377824839499E-17
  0.00000000  0.00000000  0.01000000    0.7497D-02  0.195426372930166E+01 -0.918041054337211E-17    0.511701662885255E+00  0.240378576881816E-17
  0.00000000  0.00000000  0.01000000    0.7745D-02  0.195426634192647E+01 -0.918046589545355E-17    0.511700978800169E+00  0.240379383493568E-17
  0.00000000  0.00000000  0.01000000    0.8001D-02  0.195426912330179E+01 -0.918052465641747E-17    0.511700250531756E+00  0.240380237843851E-17
  0.00000000  0.00000000  0.01000000    0.8265D-02  0.195427208408405E+01 -0.918058738143323E-17    0.511699475290151E+00  0.240381151846444E-17
  0.00000000  0.00000000  0.01000000    0.8537D-02  0.195427523559571E+01 -0.918065407884780E-17    0.511698650111162E+00  0.240382122933261E-17
  0.00000000  0.00000000  0.01000000    0.8818D-02  0.195427858986666E+01 -0.918072502900684E-17    0.511697771845430E+00  0.240383155483932E-17
  0.00000000  0.00000000  0.01000000    0.9107D-02  0.195428215967827E+01 -0.918080030870649E-17    0.511696837146908E+00  0.240384248363392E-17
  0.00000000  0.00000000  0.01000000    0.9404D-02  0.195428595861011E+01 -0.918088076561825E-17    0.511695842460639E+00  0.240385420424082E-17
  0.00000000  0.00000000  0.01000000    0.9711D-02  0.195429000108963E+01 -0.918096632865104E-17    0.511694784009765E+00  0.240386666253253E-17
  0.00000000  0.00000000  0.01000000    0.1003D-01  0.195429430244491E+01 -0.918105724912931E-17    0.511693657781715E+00  0.240387988658262E-17
  0.00000000  0.00000000  0.01000000    0.1035D-01  0.195429887896060E+01 -0.918115414807093E-17    0.511692459513590E+00  0.240389399890482E-17
  0.00000000  0.00000000  0.01000000    0.1069D-01  0.195430374793759E+01 -0.918125695385964E-17    0.511691184676545E+00  0.240390893815664E-17
  0.00000000  0.00000000  0.01000000    0.1103D-01  0.195430892775605E+01 -0.918136668443301E-17    0.511689828459315E+00  0.240392492561240E-17
  0.00000000  0.00000000  0.01000000    0.1139D-01  0.195431443794264E+01 -0.918148330278491E-17    0.511688385750619E+00  0.240394190350660E-17
  0.00000000  0.00000000  0.01000000    0.1176D-01  0.195432029924187E+01 -0.918160724254704E-17    0.511686851120528E+00  0.240395993429882E-17
  0.00000000  0.00000000  0.01000000    0.1214D-01  0.195432653369176E+01 -0.918173904104534E-17    0.511685218800659E+00  0.240397910440940E-17
  0.00000000  0.00000000  0.01000000    0.1253D-01  0.195433316470437E+01 -0.918187927297139E-17    0.511683482663137E+00  0.240399950665381E-17
  0.00000000  0.00000000  0.01000000    0.1293D-01  0.195434021715129E+01 -0.918202831347717E-17    0.511681636198241E+00  0.240402117800499E-17
  0.00000000  0.00000000  0.01000000    0.1334D-01  0.195434771745439E+01 -0.918218699454422E-17    0.511679672490695E+00  0.240404427121928E-17
  0.00000000  0.00000000  0.01000000    0.1377D-01  0.195435569368235E+01 -0.918235579322383E-17    0.511677584194422E+00  0.240406884206313E-17
  0.00000000  0.00000000  0.01000000    0.1421D-01  0.195436417565306E+01 -0.918253514456372E-17    0.511675363505805E+00  0.240409493099179E-17
  0.00000000  0.00000000  0.01000000    0.1466D-01  0.195437319504253E+01 -0.918272597722930E-17    0.511673002135213E+00  0.240412270311130E-17
  0.00000000  0.00000000  0.01000000    0.1513D-01  0.195438278550050E+01 -0.918292877680492E-17    0.511670491276818E+00  0.240415220265283E-17
  0.00000000  0.00000000  0.01000000    0.1561D-01  0.195439298277338E+01 -0.918314437478118E-17    0.511667821576474E+00  0.240418355923425E-17
  0.00000000  0.00000000  0.01000000    0.1610D-01  0.195440382483463E+01 -0.918337365644997E-17    0.511664983097652E+00  0.240421691105955E-17
  0.00000000  0.00000000  0.01000000    0.1662D-01  0.195441535202362E+01 -0.918361767038078E-17    0.511661965285213E+00  0.240425243323521E-17
  0.00000000  0.00000000  0.01000000    0.1714D-01  0.195442760719283E+01 -0.918387671948046E-17    0.511658756926951E+00  0.240429009944706E-17
  0.00000000  0.00000000  0.01000000    0.1768D-01  0.195444063586447E+01 -0.918415232987381E-17    0.511655346112721E+00  0.240433019702083E-17
  0.00000000  0.00000000  0.01000000    0.1824D-01  0.195445448639679E+01 -0.918444526794688E-17    0.511651720191033E+00  0.240437280737546E-17
  0.00000000  0.00000000  0.01000000    0.1882D-01  0.195446921016087E+01 -0.918475665026829E-17    0.511647865722936E+00  0.240441809615795E-17
  0.00000000  0.00000000  0.01000000    0.1941D-01  0.195448486172837E+01 -0.918508767324984E-17    0.511643768433023E+00  0.240446624200171E-17
  0.00000000  0.00000000  0.01000000    0.2002D-01  0.195450149907119E+01 -0.918543961485623E-17    0.511639413157379E+00  0.240451743647724E-17
  0.00000000  0.00000000  0.01000000    0.2065D-01  0.195451918377347E+01 -0.918581357122538E-17    0.511634783788289E+00  0.240457181461880E-17
  0.00000000  0.00000000  0.01000000    0.2130D-01  0.195453798125704E+01 -0.918621124527434E-17    0.511629863215479E+00  0.240462966079865E-17
  0.00000000  0.00000000  0.01000000    0.2197D-01  0.195455796102097E+01 -0.918663363512727E-17    0.511624633263701E+00  0.240469106479956E-17
  0.00000000  0.00000000  0.01000000    0.2266D-01  0.195457919689618E+01 -0.918708274709059E-17    0.511619074626382E+00  0.240475636957890E-17
  0.00000000  0.00000000  0.01000000    0.2337D-01  0.195460176731600E+01 -0.918755991310583E-17    0.511613166795183E+00  0.240482573016349E-17
  0.00000000  0.00000000  0.01000000    0.2410D-01  0.195462575560390E+01 -0.918806727679607E-17    0.511606887985081E+00  0.240489950191354E-17
  0.00000000  0.00000000  0.01000000    0.2486D-01  0.195465125027923E+01 -0.918860631606720E-17    0.511600215054805E+00  0.240497785304789E-17
  0.00000000  0.00000000  0.01000000    0.2564D-01  0.195467834538227E+01 -0.918917924755643E-17    0.511593123422275E+00  0.240506113143907E-17
  0.00000000  0.00000000  0.01000000    0.2644D-01  0.195470714081990E+01 -0.918978809572209E-17    0.511585586974707E+00  0.240514962008640E-17
  0.00000000  0.00000000  0.01000000    0.2726D-01  0.195473774273301E+01 -0.919043523625333E-17    0.511577577973121E+00  0.240524367842192E-17
  0.00000000  0.00000000  0.01000000    0.2811D-01  0.195477026388727E+01 -0.919112289424898E-17    0.511569066950810E+00  0.240534360999075E-17
  0.00000000  0.00000000  0.01000000    0.2899D-01  0.195480482408857E+01 -0.919185365059462E-17    0.511560022605455E+00  0.240544979393359E-17
  0.00000000  0.00000000  0.01000000    0.2989D-01  0.195484155062496E+01 -0.919263009897983E-17    0.511550411684415E+00  0.240556259411014E-17
  0.00000000  0.00000000  0.01000000    0.3082D-01  0.195488057873664E+01 -0.919345534597922E-17    0.511540198862817E+00  0.240568248877784E-17
  0.00000000  0.00000000  0.01000000    0.3178D-01  0.195492205211589E+01 -0.919433212421168E-17    0.511529346613928E+00  0.240580983725619E-17
  0.00000000  0.00000000  0.01000000    0.3277D-01  0.195496612343882E+01 -0.919526374415235E-17    0.511517815071386E+00  0.240594512765282E-17
  0.00000000  0.00000000  0.01000000    0.3379D-01  0.195501295493134E+01 -0.919625390554763E-17    0.511505561882643E+00  0.240608892606433E-17
  0.00000000  0.00000000  0.01000000    0.3484D-01  0.195506271897110E+01 -0.919730564518054E-17    0.511492542053216E+00  0.240624159974242E-17
  0.00000000  0.00000000  0.01000000    0.3592D-01  0.195511559872829E+01 -0.919842360889336E-17    0.511478707780990E+00  0.240640390990649E-17
  0.00000000  0.00000000  0.01000000    0.3703D-01  0.195517178884753E+01 -0.919961118583463E-17    0.511464008280034E+00  0.240657626023662E-17
  0.00000000  0.00000000  0.01000000    0.3818D-01  0.195523149617377E+01 -0.920087339683941E-17    0.511448389593212E+00  0.240675945067035E-17
  0.00000000  0.00000000  0.01000000    0.3936D-01  0.195529494052509E+01 -0.920221419535112E-17    0.511431794392846E+00  0.240695396933409E-17
  0.00000000  0.00000000  0.01000000    0.4058D-01  0.195536235551561E+01 -0.920363895149132E-17    0.511414161768655E+00  0.240716064023699E-17
  0.00000000  0.00000000  0.01000000    0.4184D-01  0.195543398943182E+01 -0.920515295109942E-17    0.511395427002149E+00  0.240738022837345E-17
  0.00000000  0.00000000  0.01000000    0.4313D-01  0.195551010616603E+01 -0.920676143524997E-17    0.511375521326555E+00  0.240761344768036E-17
  0.00000000  0.00000000  0.01000000    0.4447D-01  0.195559098621087E+01 -0.920847048906108E-17    0.511354371671343E+00  0.240786119090866E-17
  0.00000000  0.00000000  0.01000000    0.4584D-01  0.195567692771891E+01 -0.921028626456557E-17    0.511331900390313E+00  0.240812432362857E-17
  0.00000000  0.00000000  0.01000000    0.4726D-01  0.195576824763212E+01 -0.921221552129968E-17    0.511308024972138E+00  0.240840382264935E-17
  0.00000000  0.00000000  0.01000000    0.4872D-01  0.195586528288580E+01 -0.921426576384073E-17    0.511282657732202E+00  0.240870080879818E-17
  0.00000000  0.00000000  0.01000000    0.5022D-01  0.195596839169238E+01 -0.921644367877059E-17    0.511255705484464E+00  0.240901613495436E-17
  0.00000000  0.00000000  0.01000000    0.5177D-01  0.195607795491057E+01 -0.921875793299828E-17    0.511227069191993E+00  0.240935111397061E-17
  0.00000000  0.00000000  0.01000000    0.5337D-01  0.195619437750616E+01 -0.922121698750669E-17    0.511196643594715E+00  0.240970694327494E-17
  0.00000000  0.00000000  0.01000000    0.5501D-01  0.195631809011067E+01 -0.922382960326479E-17    0.511164316812830E+00  0.241008483302635E-17
  0.00000000  0.00000000  0.01000000    0.5671D-01  0.195644955068531E+01 -0.922660542591131E-17    0.511129969924202E+00  0.241048615447130E-17
  0.00000000  0.00000000  0.01000000    0.5846D-01  0.195658924629758E+01 -0.922955490307266E-17    0.511093476513929E+00  0.241091241353482E-17
  0.00000000  0.00000000  0.01000000    0.6026D-01  0.195673769501897E+01 -0.923268894305088E-17    0.511054702194157E+00  0.241136515653234E-17
  0.00000000  0.00000000  0.01000000    0.6211D-01  0.195689544795253E+01 -0.923601877631939E-17    0.511013504092048E+00  0.241184592855234E-17
  0.00000000  0.00000000  0.01000000    0.6403D-01  0.195706309140036E+01 -0.923955706461703E-17    0.510969730303613E+00  0.241235655721964E-17
  0.00000000  0.00000000  0.01000000    0.6600D-01  0.195724124918100E+01 -0.924331686789658E-17    0.510923219311081E+00  0.241289887653568E-17
  0.00000000  0.00000000  0.01000000    0.6803D-01  0.195743058510867E+01 -0.924731189798862E-17    0.510873799361055E+00  0.241347478635615E-17
  0.00000000  0.00000000  0.01000000    0.7012D-01  0.195763180564651E+01 -0.925155689170907E-17    0.510821287800721E+00  0.241408634246405E-17
  0.00000000  0.00000000  0.01000000    0.7227D-01  0.195784566274736E+01 -0.925606791352400E-17    0.510765490369013E+00  0.241473582759625E-17
  0.00000000  0.00000000  0.01000000    0.7450D-01  0.195807295689685E+01 -0.926086135694118E-17    0.510706200439436E+00  0.241542548235551E-17
  0.00000000  0.00000000  0.01000000    0.7678D-01  0.195831454037489E+01 -0.926595497166271E-17    0.510643198210928E+00  0.241615776406506E-17
  0.00000000  0.00000000  0.01000000    0.7914D-01  0.195857132075312E+01 -0.927136833996224E-17    0.510576249842909E+00  0.241693546095118E-17
  0.00000000  0.00000000  0.01000000    0.8157D-01  0.195884426464724E+01 -0.927712099295443E-17    0.510505106530297E+00  0.241776119024732E-17
  0.00000000  0.00000000  0.01000000    0.8408D-01  0.195913440174576E+01 -0.928323455797322E-17    0.510429503513855E+00  0.241863794653730E-17
  0.00000000  0.00000000  0.01000000    0.8666D-01  0.195944282913765E+01 -0.928973209225645E-17    0.510349159020934E+00  0.241956891536323E-17
  0.00000000  0.00000000  0.01000000    0.8932D-01  0.195977071596453E+01 -0.929663756558900E-17    0.510263773131151E+00  0.242055732489886E-17
  0.00000000  0.00000000  0.01000000    0.9206D-01  0.196011930842501E+01 -0.930397716428161E-17    0.510173026561080E+00  0.242160677085046E-17
  0.00000000  0.00000000  0.01000000    0.9488D-01  0.196048993516193E+01 -0.931177845112155E-17    0.510076579361478E+00  0.242272098159366E-17
  0.00000000  0.00000000  0.01000000    0.9779D-01  0.196088401306610E+01 -0.932007074346106E-17    0.509974069519985E+00  0.242390389925463E-17
  0.00000000  0.00000000  0.01000000    0.1008D+00  0.196130305353395E+01 -0.932888536931336E-17    0.509865111461567E+00  0.242515972738978E-17
  0.00000000  0.00000000  0.01000000    0.1039D+00  0.196174866922012E+01 -0.933825527330359E-17    0.509749294438182E+00  0.242649280794084E-17
  0.00000000  0.00000000  0.01000000    0.1071D+00  0.196222258133095E+01 -0.934821696355173E-17    0.509626180798365E+00  0.242790810468501E-17
  0.00000000  0.00000000  0.01000000    0.1103D+00  0.196272662750913E+01 -0.935880738875011E-17    0.509495304126529E+00  0.242941036717079E-17
  0.00000000  0.00000000  0.01000000    0.1137D+00  0.196326277036626E+01 -0.937006738553050E-17    0.509356167240641E+00  0.243100499959563E-17
  0.00000000  0.00000000  0.01000000    0.1172D+00  0.196383310672580E+01 -0.938204027146756E-17    0.509208240035861E+00  0.243269766571188E-17
  0.00000000  0.00000000  0.01000000    0.1208D+00  0.196443987764622E+01 -0.939477148782195E-17    0.509050957160468E+00  0.243449416426524E-17
  0.00000000  0.00000000  0.01000000    0.1245D+00  0.196508547930304E+01 -0.940831039834395E-17    0.508883715508738E+00  0.243640086021440E-17
  0.00000000  0.00000000  0.01000000    0.1283D+00  0.196577247481665E+01 -0.942270956149585E-17    0.508705871514082E+00  0.243842445700736E-17
  0.00000000  0.00000000  0.01000000    0.1322D+00  0.196650360712470E+01 -0.943802454468828E-17    0.508516738223603E+00  0.244057190607271E-17
  0.00000000  0.00000000  0.01000000    0.1363D+00  0.196728181300886E+01 -0.945431518474208E-17    0.508315582133375E+00  0.244285068617312E-17
  0.00000000  0.00000000  0.01000000    0.1405D+00  0.196811023840095E+01 -0.947164553428385E-17    0.508101619761136E+00  0.244526873742756E-17
  0.00000000  0.00000000  0.01000000    0.1448D+00  0.196899225510804E+01 -0.949008359907496E-17    0.507874013930607E+00  0.244783433631879E-17
  0.00000000  0.00000000  0.01000000    0.1492D+00  0.196993147911579E+01 -0.950970250520672E-17    0.507631869738359E+00  0.245055633383778E-17
  0.00000000  0.00000000  0.01000000    0.1537D+00  0.197093179064966E+01 -0.953058007901152E-17    0.507374230170786E+00  0.245344397690983E-17
  0.00000000  0.00000000  0.01000000    0.1585D+00  0.197199735619866E+01 -0.955280007146011E-17    0.507100071334608E+00  0.245650714614582E-17
  0.00000000  0.00000000  0.01000000    0.1633D+00  0.197313265273429E+01 -0.957645179135523E-17    0.506808297259811E+00  0.245975617475172E-17
  0.00000000  0.00000000  0.01000000    0.1683D+00  0.197434249439071E+01 -0.960163132036618E-17    0.506497734228530E+00  0.246320206472787E-17
  0.00000000  0.00000000  0.01000000    0.1734D+00  0.197563206191040E+01 -0.962844122976577E-17    0.506167124577347E+00  0.246685630659377E-17
  0.00000000  0.00000000  0.01000000    0.1787D+00  0.197700693520454E+01 -0.965699154486359E-17    0.505815119913345E+00  0.247073100720407E-17
  0.00000000  0.00000000  0.01000000    0.1842D+00  0.197847312943002E+01 -0.968740065441352E-17    0.505440273676142E+00  0.247483898827973E-17
  0.00000000  0.00000000  0.01000000    0.1898D+00  0.198003713504675E+01 -0.971979568544856E-17    0.505041032968500E+00  0.247919373143768E-17
  0.00000000  0.00000000  0.01000000    0.1956D+00  0.198170596239208E+01 -0.975431278814767E-17    0.504615729567123E+00  0.248380928221842E-17
  0.00000000  0.00000000  0.01000000    0.2016D+00  0.198348719139521E+01 -0.979109865135579E-17    0.504162570012156E+00  0.248870044673081E-17
  0.00000000  0.00000000  0.01000000    0.2078D+00  0.198538902715702E+01 -0.983031116610540E-17    0.503679624658726E+00  0.249388274574707E-17
  0.00000000  0.00000000  0.01000000    0.2141D+00  0.198742036224301E+01 -0.987212072860291E-17    0.503164815555879E+00  0.249937250313101E-17
  0.00000000  0.00000000  0.01000000    0.2207D+00  0.198959084668262E+01 -0.991670999118327E-17    0.502615902997024E+00  0.250518650871803E-17
  0.00000000  0.00000000  0.01000000    0.2274D+00  0.199191096684409E+01 -0.996427685525780E-17    0.502030470560822E+00  0.251134246545615E-17
  0.00000000  0.00000000  0.01000000    0.2343D+00  0.199439213456488E+01 -0.100150344329610E-16    0.501405908431430E+00  0.251785862509251E-17
  0.00000000  0.00000000  0.01000000    0.2415D+00  0.199704678817429E+01 -0.100692138188648E-16    0.500739394751088E+00  0.252475408344694E-17
  0.00000000  0.00000000  0.01000000    0.2489D+00  0.199988850735607E+01 -0.101270643220538E-16    0.500027874714896E+00  0.253204837741290E-17
  0.00000000  0.00000000  0.01000000    0.2565D+00  0.200293214417986E+01 -0.101888558689523E-16    0.499268037065464E+00  0.253976156127732E-17
  0.00000000  0.00000000  0.01000000    0.2643D+00  0.200619397309879E+01 -0.102548819371943E-16    0.498456287581897E+00  0.254791433358213E-17
  0.00000000  0.00000000  0.01000000    0.2724D+00  0.200969186328806E+01 -0.103254605003520E-16    0.497588719080495E+00  0.255652757427219E-17
  0.00000000  0.00000000  0.01000000    0.2807D+00  0.201344547741924E+01 -0.104009370615550E-16    0.496661077349739E+00  0.256562229490314E-17
  0.00000000  0.00000000  0.01000000    0.2893D+00  0.201747650186197E+01 -0.104816883619001E-16    0.495668722325677E+00  0.257521962380427E-17
  0.00000000  0.00000000  0.01000000    0.2981D+00  0.202180891443602E+01 -0.105681245849551E-16    0.494606583668640E+00  0.258534026604947E-17
  0.00000000  0.00000000  0.01000000    0.3072D+00  0.202646929726753E+01 -0.106606933010491E-16    0.493469109721224E+00  0.259600421253518E-17
  0.00000000  0.00000000  0.01000000    0.3166D+00  0.203148720412956E+01 -0.107598845983319E-16    0.492250208599505E+00  0.260723051923182E-17
  0.00000000  0.00000000  0.01000000    0.3262D+00  0.203689559399465E+01 -0.108662344336508E-16    0.490943179880345E+00  0.261903639141350E-17
  0.00000000  0.00000000  0.01000000    0.3362D+00  0.204273134557083E+01 -0.109803313194390E-16    0.489540634977899E+00  0.263143676628890E-17
  0.00000000  0.00000000  0.01000000    0.3464D+00  0.204903587157149E+01 -0.111028219067990E-16    0.488034403825764E+00  0.264444324535547E-17
  0.00000000  0.00000000  0.01000000    0.3570D+00  0.205585585672445E+01 -0.112344180288683E-16    0.486415424860222E+00  0.265806291851409E-17
  0.00000000  0.00000000  0.01000000    0.3679D+00  0.206324415053227E+01 -0.113759061588834E-16    0.484673614483299E+00  0.267229719499092E-17
  0.00000000  0.00000000  0.01000000    0.3791D+00  0.207126085524754E+01 -0.115281548285177E-16    0.482797711097808E+00  0.268713945435150E-17
  0.00000000  0.00000000  0.01000000    0.3907D+00  0.207997466242574E+01 -0.116921283775145E-16    0.480775087343498E+00  0.270257332624197E-17
  0.00000000  0.00000000  0.01000000    0.4026D+00  0.208946450925901E+01 -0.118688965780351E-16    0.478591522166907E+00  0.271856892258860E-17
  0.00000000  0.00000000  0.01000000    0.4149D+00  0.209982165092286E+01 -0.120596527737179E-16    0.476230921593034E+00  0.273507969212318E-17
  0.00000000  0.00000000  0.01000000    0.4276D+00  0.211115228084443E+01 -0.122657287583601E-16    0.473674973176267E+00  0.275203678736035E-17
  0.00000000  0.00000000  0.01000000    0.4406D+00  0.212358088255141E+01 -0.124886174228499E-16    0.470902713532877E+00  0.276934299089576E-17
  0.00000000  0.00000000  0.01000000    0.4540D+00  0.213725457330998E+01 -0.127299959747231E-16    0.467889980205444E+00  0.278686387621298E-17
  0.00000000  0.00000000  0.01000000    0.4679D+00  0.215234881549779E+01 -0.129917545603672E-16    0.464608706915714E+00  0.280441638613421E-17
  0.00000000  0.00000000  0.01000000    0.4822D+00  0.216907505104163E+01 -0.132760317774236E-16    0.461026002544164E+00  0.282175384252182E-17
  0.00000000  0.00000000  0.01000000    0.4969D+00  0.218769110025637E+01 -0.135852547658978E-16    0.457102924577795E+00  0.283854502306044E-17
  0.00000000  0.00000000  0.01000000    0.5120D+00  0.220851563756701E+01 -0.139221903039419E-16    0.452792809337606E+00  0.285434594739806E-17
  0.00000000  0.00000000  0.01000000    0.5276D+00  0.223194886288038E+01 -0.142900035164274E-16    0.448038938808605E+00  0.286855945382584E-17
  0.00000000  0.00000000  0.01000000    0.5437D+00  0.225850293094263E+01 -0.146923316463331E-16    0.442771176561028E+00  0.288037747498367E-17
  0.00000000  0.00000000  0.01000000    0.5603D+00  0.228884843008736E+01 -0.151333747256319E-16    0.436900926620918E+00  0.288869518558632E-17
  0.00000000  0.00000000  0.01000000    0.5774D+00  0.232388871809150E+01 -0.156180055837379E-16    0.430313203990788E+00  0.289197755915076E-17
  0.00000000  0.00000000  0.01000000    0.5950D+00  0.236488605541183E+01 -0.161519089106003E-16    0.422853353848313E+00  0.288804140828274E-17
  0.00000000  0.00000000  0.01000000    0.6131D+00  0.241369327071173E+01 -0.167417525318868E-16    0.414302849551852E+00  0.287366910477708E-17
  0.00000000  0.00000000  0.01000000    0.6318D+00  0.247322979977846E+01 -0.173954089400822E-16    0.404329593671229E+00  0.284384355595194E-17
  0.00000000  0.00000000  0.01000000    0.6511D+00  0.254864512391680E+01 -0.181222291372091E-16    0.392365335846829E+00  0.278992726566289E-17
  0.00000000  0.00000000  0.01000000    0.6709D+00  0.265124517531296E+01 -0.189334002334756E-16    0.377181261586627E+00  0.269357351507255E-17
  0.00000000  0.00000000  0.01000000    0.6914D+00  0.283619362140509E+01  0.458138426756216E-03    0.352585227736225E+00 -0.569540952047310E-04
  0.00000000  0.00000000  0.01000000    0.7125D+00  0.300345248716505E+01  0.207563752463827E+00    0.331367563415022E+00 -0.229002773312183E-01
  0.00000000  0.00000000  0.01000000    0.7342D+00  0.306610578538432E+01  0.393646509013269E+00    0.320857879255700E+00 -0.411938115966132E-01
  0.00000000  0.00000000  0.01000000    0.7565D+00  0.311276661331838E+01  0.532757797271148E+00    0.312114787554736E+00 -0.534192271280333E-01
  0.00000000  0.00000000  0.01000000    0.7796D+00  0.319847815831022E+01  0.671502615212008E+00    0.299449936237678E+00 -0.628678406904936E-01
  0.00000000  0.00000000  0.01000000    0.8034D+00  0.337716842674602E+01  0.848969519693723E+00    0.278506021652524E+00 -0.700122391177188E-01
  0.00000000  0.00000000  0.01000000    0.8279D+00  0.355572394299217E+01  0.136611958257727E+01    0.245062535233662E+00 -0.941537458211712E-01
  0.00000000  0.00000000  0.01000000    0.8531D+00  0.326243803589771E+01  0.230793627671208E+01    0.204284494001468E+00 -0.144516336950451E+00
  0.00000000  0.00000000  0.01000000    0.8791D+00  0.243739351374009E+01  0.234080756453593E+01    0.213427012881529E+00 -0.204969596994941E+00
  0.00000000  0.00000000  0.01000000    0.9059D+00  0.197501123584309E+01  0.221901898051822E+01    0.223804544557471E+00 -0.251455041513860E+00
  0.00000000  0.00000000  0.01000000    0.9335D+00  0.164804753877656E+01  0.203912145485175E+01    0.239748193004963E+00 -0.296639309616808E+00
  0.00000000  0.00000000  0.01000000    0.9619D+00  0.141111032166959E+01  0.185270720701869E+01    0.260172145381903E+00 -0.341591157978526E+00
  0.00000000  0.00000000  0.01000000    0.9913D+00  0.123573269093465E+01  0.162533218034624E+01    0.296428344509087E+00 -0.389885718029338E+00
  0.00000000  0.00000000  0.01000000    0.1021D+01  0.112816770902129E+01  0.140604991146858E+01    0.347156433681592E+00 -0.432665523876058E+00
  0.00000000  0.00000000  0.01000000    0.1053D+01  0.108479704096362E+01  0.116712549396807E+01    0.427259290111061E+00 -0.459685260185039E+00
  0.00000000  0.00000000  0.01000000    0.1085D+01  0.110792319193215E+01  0.938050419926609E+00    0.525721820272029E+00 -0.445115309311948E+00
  0.00000000  0.00000000  0.01000000    0.1118D+01  0.121292375147911E+01  0.695525591371230E+00    0.620440437526642E+00 -0.355778507672149E+00
  0.00000000  0.00000000  0.01000000    0.1152D+01  0.153560549186832E+01  0.440435697292066E+00    0.601710296941819E+00 -0.172579933846779E+00
  0.00000000  0.00000000  0.01000000    0.1187D+01  0.190835950086180E+01  0.631882856189667E+00    0.472236239589021E+00 -0.156363611642893E+00
  0.00000000  0.00000000  0.01000000    0.1223D+01  0.224726506643466E+01  0.834575222775513E+00    0.391052043401253E+00 -0.145226458201569E+00
  0.00000000  0.00000000  0.01000000    0.1260D+01  0.207519748011428E+01  0.206007777005067E+01    0.242702794568750E+00 -0.240934482916161E+00
  0.00000000  0.00000000  0.01000000    0.1299D+01  0.100268479388058E+01  0.149133116763255E+01    0.310482034826759E+00 -0.461791719943315E+00
  0.00000000  0.00000000  0.01000000    0.1338D+01  0.120314988219469E+01  0.674763909178588E+00    0.632279717543592E+00 -0.354602149090358E+00
  0.00000000  0.00000000  0.01000000    0.1379D+01  0.185166817526009E+01  0.736772551902728E+00    0.466237960704857E+00 -0.185514519659652E+00
  0.00000000  0.00000000  0.01000000    0.1421D+01  0.221758050404842E+01  0.134441439489733E+01    0.329746189585505E+00 -0.199909551482789E+00
  0.00000000  0.00000000  0.01000000    0.1464D+01  0.205900032189813E+01  0.240662186750853E+01    0.205257348059423E+00 -0.239910998096025E+00
  0.00000000  0.00000000  0.01000000    0.1509D+01  0.887271390037311E+00  0.191189255863638E+01    0.199719680005314E+00 -0.430356004152619E+00
  0.00000000  0.00000000  0.01000000    0.1555D+01  0.136207425061717E+01  0.213719696301022E+01    0.212066721173358E+00 -0.332748638513557E+00
  0.00000000  0.00000000  0.01000000    0.1602D+01  0.619028460016188E+00  0.282215680286174E+01    0.741549913255067E-01 -0.338073330634846E+00
  0.00000000  0.00000000  0.01000000    0.1651D+01 -0.192457837475293E+01  0.113763889449449E+01   -0.385052432110477E+00 -0.227608617521130E+00
  0.00000000  0.00000000  0.01000000    0.1701D+01 -0.455732862765357E+00  0.344270146517444E+00   -0.139703488353588E+01 -0.105534940167900E+01
  0.00000000  0.00000000  0.01000000    0.1753D+01  0.517410445899715E-01  0.254037731595268E+00    0.769815062398829E+00 -0.377963131106889E+01
  0.00000000  0.00000000  0.01000000    0.1807D+01  0.306482229260212E+00  0.246098292251316E+00    0.198375862295672E+01 -0.159291326784881E+01
  0.00000000  0.00000000  0.01000000    0.1862D+01  0.453156369477075E+00  0.248799622600803E+00    0.169561484538834E+01 -0.930955321439615E+00
  0.00000000  0.00000000  0.01000000    0.1919D+01  0.551295963201607E+00  0.236820350630423E+00    0.153133038503589E+01 -0.657813992703953E+00
  0.00000000  0.00000000  0.01000000    0.1977D+01  0.630664039439179E+00  0.230410198435405E+00    0.139890790054203E+01 -0.511084550251781E+00
  0.00000000  0.00000000  0.01000000    0.2037D+01  0.694127919561850E+00  0.228686932066704E+00    0.129959419217875E+01 -0.428163455705203E+00
  0.00000000  0.00000000  0.01000000    0.2099D+01  0.736724898860091E+00  0.238866245659444E+00    0.122824195312554E+01 -0.398229440267955E+00
  0.00000000  0.00000000  0.01000000    0.2163D+01  0.763290147436906E+00  0.228428025216696E+00    0.120242708650292E+01 -0.359847491493568E+00
  0.00000000  0.00000000  0.01000000    0.2229D+01  0.797385289143098E+00  0.211946800665801E+00    0.117134255421494E+01 -0.311345481575609E+00
  0.00000000  0.00000000  0.01000000    0.2297D+01  0.830697807963721E+00  0.213083491481639E+00    0.112948894880802E+01 -0.289726837478847E+00
  0.00000000  0.00000000  0.01000000    0.2367D+01  0.846978116962100E+00  0.217308603291949E+00    0.110774745012641E+01 -0.284214014938899E+00
  0.00000000  0.00000000  0.01000000    0.2439D+01  0.860409455954485E+00  0.193296299537182E+00    0.110639704373595E+01 -0.248558930742795E+00
  0.00000000  0.00000000  0.01000000    0.2513D+01  0.898997140077072E+00  0.167206029383085E+00    0.107515774299195E+01 -0.199970443900135E+00
  0.00000000  0.00000000  0.01000000    0.2590D+01  0.952107015421380E+00  0.181313217653246E+00    0.101354588474269E+01 -0.193013246016858E+00
  0.00000000  0.00000000  0.01000000    0.2669D+01  0.963567358833785E+00  0.198454004690919E+00    0.995579164509365E+00 -0.205047078828876E+00
  0.00000000  0.00000000  0.01000000    0.2750D+01  0.101632121059825E+01  0.174328272529116E+00    0.955818699630081E+00 -0.163950354494180E+00
  0.00000000  0.00000000  0.01000000    0.2834D+01  0.106783314154809E+01  0.285510219498016E+00    0.873995240220303E+00 -0.233683113181669E+00
  0.00000000  0.00000000  0.01000000    0.2920D+01  0.102308472413763E+01  0.416647092477755E+00    0.838389831605395E+00 -0.341430848745927E+00
  0.00000000  0.00000000  0.01000000    0.3009D+01  0.866997349110690E+00  0.352514481952260E+00    0.989778519989020E+00 -0.402436365669739E+00
  0.00000000  0.00000000  0.01000000    0.3101D+01  0.810640389950265E+00  0.270029913502591E+00    0.111038415567386E+01 -0.369876632386470E+00
  0.00000000  0.00000000  0.01000000    0.3195D+01  0.840109280614754E+00  0.224397342635486E+00    0.111105318779908E+01 -0.296767799882368E+00
  0.00000000  0.00000000  0.01000000    0.3293D+01  0.850643674560857E+00  0.175375087644927E+00    0.112764957108954E+01 -0.232484703380280E+00
  0.00000000  0.00000000  0.01000000    0.3393D+01  0.889558411483506E+00  0.124929964120082E+00    0.110240987676754E+01 -0.154822915024221E+00
  0.00000000  0.00000000  0.01000000    0.3496D+01  0.958206394647922E+00  0.109102600437944E+00    0.103025980643209E+01 -0.117306693668784E+00
  0.00000000  0.00000000  0.01000000    0.3603D+01  0.102894119096781E+01  0.176654541798228E+00    0.944046140942303E+00 -0.162079271321314E+00
  0.00000000  0.00000000  0.01000000    0.3713D+01  0.101075705032005E+01  0.239075530350044E+00    0.936938544441601E+00 -0.221615154053931E+00
  0.00000000  0.00000000  0.01000000    0.3826D+01  0.917122366622228E+00  0.258012695279512E+00    0.101039831095480E+01 -0.284253880401433E+00
  0.00000000  0.00000000  0.01000000    0.3942D+01  0.886315629922863E+00  0.194001205594354E+00    0.107668171795070E+01 -0.235669488692211E+00
  0.00000000  0.00000000  0.01000000    0.4062D+01  0.928634868970407E+00  0.119139142371852E+00    0.105941202051397E+01 -0.135917187432779E+00
  0.00000000  0.00000000  0.01000000    0.4186D+01  0.990922878298610E+00  0.154137729168125E+00    0.985319768471946E+00 -0.153266167269741E+00
  0.00000000  0.00000000  0.01000000    0.4313D+01  0.103454969788988E+01  0.164605962541265E+00    0.942738128220575E+00 -0.149997933725767E+00
  0.00000000  0.00000000  0.01000000    0.4445D+01  0.107411646339757E+01  0.314725522690876E+00    0.857387485340205E+00 -0.251222035661541E+00
  0.00000000  0.00000000  0.01000000    0.4580D+01  0.814536570123762E+00  0.296609634556240E+00    0.108395730157878E+01 -0.394717918002133E+00
  0.00000000  0.00000000  0.01000000    0.4720D+01  0.807738678252656E+00  0.180070308783234E+00    0.117940939471918E+01 -0.262927379370214E+00
  0.00000000  0.00000000  0.01000000    0.4863D+01  0.875282398699479E+00  0.130486495443572E+00    0.111764906592671E+01 -0.166618350791983E+00
  0.00000000  0.00000000  0.01000000    0.5012D+01  0.912806390360040E+00  0.155319620627668E+00    0.106469629263522E+01 -0.181164621547578E+00
  0.00000000  0.00000000  0.01000000    0.5164D+01  0.917633353484308E+00  0.157555353765639E+00    0.105855366968848E+01 -0.181751019919238E+00
  0.00000000  0.00000000  0.01000000    0.5322D+01  0.924610683675681E+00  0.203118649427790E+00    0.103174490585580E+01 -0.226653915568362E+00
  0.00000000  0.00000000  0.01000000    0.5484D+01  0.807960643454662E+00  0.152337200374283E+00    0.119519563374708E+01 -0.225348546639715E+00
  0.00000000  0.00000000  0.01000000    0.5651D+01  0.868095722567600E+00  0.727279892740791E-01    0.114391767372341E+01 -0.958360122532541E-01
  0.00000000  0.00000000  0.01000000    0.5823D+01  0.912184320964303E+00  0.126506575583725E+00    0.107558232512055E+01 -0.149167480280235E+00
  0.00000000  0.00000000  0.01000000    0.6000D+01  0.892201791287090E+00  0.120624034253783E+00    0.110070342465156E+01 -0.148813069974775E+00
  0.00000000  0.00000000  0.01000000    0.6183D+01  0.879504535068726E+00  0.112859860335336E+00    0.111858456317891E+01 -0.143539109282445E+00
  0.00000000  0.00000000  0.01000000    0.6371D+01  0.876328437358730E+00  0.100097432501772E+00    0.112642811613770E+01 -0.128664730615191E+00
  0.00000000  0.00000000  0.01000000    0.6565D+01  0.872622575728893E+00  0.870346270278616E-01    0.113468310008879E+01 -0.113172318890048E+00
  0.00000000  0.00000000  0.01000000    0.6765D+01  0.871113086466775E+00  0.668538527263387E-01    0.114123488490396E+01 -0.875844366326590E-01
  0.00000000  0.00000000  0.01000000    0.6971D+01  0.886481287702022E+00  0.364156192466329E-01    0.112615504225548E+01 -0.462611380526240E-01
  0.00000000  0.00000000  0.01000000    0.7184D+01  0.912609184153643E+00  0.450501996156959E-01    0.109309561989759E+01 -0.539597636430743E-01
  0.00000000  0.00000000  0.01000000    0.7402D+01  0.913597007917113E+00  0.670061074190125E-01    0.108871805721278E+01 -0.798500416030663E-01
  0.00000000  0.00000000  0.01000000    0.7628D+01  0.893419945897151E+00  0.403663697475786E-01    0.111701419187767E+01 -0.504687723726033E-01
  0.00000000  0.00000000  0.01000000    0.7860D+01  0.905901942708545E+00  0.325648882637825E-01    0.110244762658276E+01 -0.396302095003789E-01
  0.00000000  0.00000000  0.01000000    0.8100D+01  0.913344025623001E+00  0.274653200275748E-01    0.109388851725847E+01 -0.328945034490150E-01
  0.00000000  0.00000000  0.01000000    0.8346D+01  0.917886350192839E+00  0.216372099049172E-01    0.108885444095730E+01 -0.256674174204079E-01
  0.00000000  0.00000000  0.01000000    0.8600D+01  0.927015386382379E+00  0.139639329363999E-01    0.107848603425144E+01 -0.162455843520584E-01
  0.00000000  0.00000000  0.01000000    0.8862D+01  0.935101130730237E+00  0.178165029151222E-01    0.106901497732732E+01 -0.203679664519152E-01
  0.00000000  0.00000000  0.01000000    0.9132D+01  0.936257515683594E+00  0.176543653301055E-01    0.106770258082869E+01 -0.201329347002181E-01
  0.00000000  0.00000000  0.01000000    0.9410D+01  0.940070520448150E+00  0.108417202740550E-01    0.106360851513191E+01 -0.122664691119831E-01
  0.00000000  0.00000000  0.01000000    0.9697D+01  0.946648427905442E+00  0.117293817652815E-01    0.105619623010876E+01 -0.130867262193714E-01
  0.00000000  0.00000000  0.01000000    0.9992D+01  0.949036202393961E+00  0.135759034936652E-01    0.105348500732481E+01 -0.150700371127969E-01
  0.00000000  0.00000000  0.01000000    0.1030D+02  0.949606495037282E+00  0.119407428851836E-01    0.105290129584825E+01 -0.132396142222121E-01
  0.00000000  0.00000000  0.01000000    0.1061D+02  0.950759665445084E+00  0.997788372195498E-02    0.105167468807076E+01 -0.110369509059694E-01
  0.00000000  0.00000000  0.01000000    0.1093D+02  0.952731679750090E+00  0.540099473218445E-02    0.104957973500355E+01 -0.595002217334547E-02
  0.00000000  0.00000000  0.01000000    0.1127D+02  0.957255050039096E+00  0.295111132313518E-02    0.104464374028973E+01 -0.322052097869361E-02
  0.00000000  0.00000000  0.01000000    0.1161D+02  0.961068475914209E+00  0.262699823778361E-02    0.104050081088269E+01 -0.284411971165856E-02
  0.00000000  0.00000000  0.01000000    0.1196D+02  0.963731620159348E+00  0.196605773652848E-02    0.103762895946123E+01 -0.211681177697317E-02
  0.00000000  0.00000000  0.01000000    0.1233D+02  0.966492036406890E+00  0.880950089657570E-03    0.103466881413745E+01 -0.943092700451945E-03
  0.00000000  0.00000000  0.01000000    0.1270D+02  0.969251774545650E+00  0.623974010939792E-03    0.103172324449003E+01 -0.664191191546732E-03
  0.00000000  0.00000000  0.01000000    0.1309D+02  0.971586235817324E+00  0.369275894002216E-03    0.102924456798381E+01 -0.391190399758407E-03
  0.00000000  0.00000000  0.01000000    0.1349D+02  0.973688665495566E+00  0.228367394919430E-03    0.102702227152123E+01 -0.240876174266823E-03
  0.00000000  0.00000000  0.01000000    0.1390D+02  0.975613562734936E+00  0.580172219492843E-04    0.102499599704244E+01 -0.609538679339743E-04
  0.00000000  0.00000000  0.01000000    0.1432D+02  0.977406444735854E+00  0.650754009646645E-06    0.102311582390866E+01 -0.681187164589880E-06
  0.00000000  0.00000000  0.01000000    0.1476D+02  0.979013061611486E+00 -0.466215770069251E-18    0.102143683185796E+01  0.486418391964964E-18
  0.00000000  0.00000000  0.01000000    0.1521D+02  0.980457593146129E+00 -0.426766329911132E-18    0.101993192463446E+01  0.443948424978510E-18
  0.00000000  0.00000000  0.01000000    0.1567D+02  0.981776253225376E+00 -0.392340368413010E-18    0.101856201625855E+01  0.407040805272603E-18
