 q(1:3)   w(Ry)   eps  epsi --- LFC included. 
  0.00000000  0.00000000  0.02500000    0.0000D+00  0.194753445440920E+01  0.111339097317121E-16    0.513469734892755E+00 -0.293546831241880E-17
  0.00000000  0.00000000  0.02500000    0.1015D-04  0.194753445448011E+01  0.111339096659790E-16    0.513469734874060E+00 -0.293546829487446E-17
  0.00000000  0.00000000  0.02500000    0.3076D-04  0.194753445506041E+01  0.111339097853813E-16    0.513469734721064E+00 -0.293546832460567E-17
  0.00000000  0.00000000  0.02500000    0.5200D-04  0.194753445627003E+01  0.111339096795430E-16    0.513469734402147E+00 -0.293546829305483E-17
  0.00000000  0.00000000  0.02500000    0.7389D-04  0.194753445816597E+01  0.111339097456592E-16    0.513469733902280E+00 -0.293546830477103E-17
  0.00000000  0.00000000  0.02500000    0.9644D-04  0.194753446080928E+01  0.111339097620907E-16    0.513469733205368E+00 -0.293546830113482E-17
  0.00000000  0.00000000  0.02500000    0.1197D-03  0.194753446426538E+01  0.111339098954017E-16    0.513469732294162E+00 -0.293546832586385E-17
  0.00000000  0.00000000  0.02500000    0.1436D-03  0.194753446860431E+01  0.111339098756390E-16    0.513469731150200E+00 -0.293546830757349E-17
  0.00000000  0.00000000  0.02500000    0.1683D-03  0.194753447390101E+01  0.111339098826886E-16    0.513469729753717E+00 -0.293546829346494E-17
  0.00000000  0.00000000  0.02500000    0.1937D-03  0.194753448023574E+01  0.111339099467224E-16    0.513469728083558E+00 -0.293546829125117E-17
  0.00000000  0.00000000  0.02500000    0.2199D-03  0.194753448769430E+01  0.111339100077143E-16    0.513469726117100E+00 -0.293546828484758E-17
  0.00000000  0.00000000  0.02500000    0.2469D-03  0.194753449636851E+01  0.111339101449381E-16    0.513469723830136E+00 -0.293546829487800E-17
  0.00000000  0.00000000  0.02500000    0.2748D-03  0.194753450635648E+01  0.111339102382144E-16    0.513469721196796E+00 -0.293546828936117E-17
  0.00000000  0.00000000  0.02500000    0.3034D-03  0.194753451776313E+01  0.111339102674914E-16    0.513469718189419E+00 -0.293546826269418E-17
  0.00000000  0.00000000  0.02500000    0.3330D-03  0.194753453070060E+01  0.111339103917665E-16    0.513469714778440E+00 -0.293546825645882E-17
  0.00000000  0.00000000  0.02500000    0.3634D-03  0.194753454528868E+01  0.111339105463394E-16    0.513469710932275E+00 -0.293546825323567E-17
  0.00000000  0.00000000  0.02500000    0.3948D-03  0.194753456165535E+01  0.111339106906576E-16    0.513469706617185E+00 -0.293546824194723E-17
  0.00000000  0.00000000  0.02500000    0.4271D-03  0.194753457993727E+01  0.111339108529667E-16    0.513469701797134E+00 -0.293546822962848E-17
  0.00000000  0.00000000  0.02500000    0.4604D-03  0.194753460028040E+01  0.111339111256290E-16    0.513469696433646E+00 -0.293546824019087E-17
  0.00000000  0.00000000  0.02500000    0.4948D-03  0.194753462284053E+01  0.111339113219589E-16    0.513469690485642E+00 -0.293546822394487E-17
  0.00000000  0.00000000  0.02500000    0.5301D-03  0.194753464778397E+01  0.111339115504801E-16    0.513469683909277E+00 -0.293546820900155E-17
  0.00000000  0.00000000  0.02500000    0.5666D-03  0.194753467528817E+01  0.111339118219596E-16    0.513469676657763E+00 -0.293546819766468E-17
  0.00000000  0.00000000  0.02500000    0.6041D-03  0.194753470554251E+01  0.111339120485111E-16    0.513469668681173E+00 -0.293546816619207E-17
  0.00000000  0.00000000  0.02500000    0.6428D-03  0.194753473874902E+01  0.111339123650106E-16    0.513469659926242E+00 -0.293546814953494E-17
  0.00000000  0.00000000  0.02500000    0.6827D-03  0.194753477512316E+01  0.111339127726219E-16    0.513469650336159E+00 -0.293546814735050E-17
  0.00000000  0.00000000  0.02500000    0.7238D-03  0.194753481489475E+01  0.111339131123787E-16    0.513469639850336E+00 -0.293546811703439E-17
  0.00000000  0.00000000  0.02500000    0.7662D-03  0.194753485830884E+01  0.111339135667698E-16    0.513469628404165E+00 -0.293546810596125E-17
  0.00000000  0.00000000  0.02500000    0.8098D-03  0.194753490562673E+01  0.111339139884651E-16    0.513469615928756E+00 -0.293546807449967E-17
  0.00000000  0.00000000  0.02500000    0.8548D-03  0.194753495712690E+01  0.111339144298513E-16    0.513469602350681E+00 -0.293546803562188E-17
  0.00000000  0.00000000  0.02500000    0.9011D-03  0.194753501310628E+01  0.111339150216243E-16    0.513469587591661E+00 -0.293546802289097E-17
  0.00000000  0.00000000  0.02500000    0.9488D-03  0.194753507388124E+01  0.111339155521533E-16    0.513469571568282E+00 -0.293546797955650E-17
  0.00000000  0.00000000  0.02500000    0.9980D-03  0.194753513978898E+01  0.111339161304833E-16    0.513469554191641E+00 -0.293546793335182E-17
  0.00000000  0.00000000  0.02500000    0.1049D-02  0.194753521118873E+01  0.111339168591212E-16    0.513469535367027E+00 -0.293546791022003E-17
  0.00000000  0.00000000  0.02500000    0.1101D-02  0.194753528846325E+01  0.111339175525812E-16    0.513469514993524E+00 -0.293546786010374E-17
  0.00000000  0.00000000  0.02500000    0.1155D-02  0.194753537202028E+01  0.111339183779611E-16    0.513469492963635E+00 -0.293546782582938E-17
  0.00000000  0.00000000  0.02500000    0.1210D-02  0.194753546229413E+01  0.111339191369068E-16    0.513469469162854E+00 -0.293546775379142E-17
  0.00000000  0.00000000  0.02500000    0.1267D-02  0.194753555974734E+01  0.111339200772680E-16    0.513469443469230E+00 -0.293546770794131E-17
  0.00000000  0.00000000  0.02500000    0.1326D-02  0.194753566487248E+01  0.111339210696943E-16    0.513469415752897E+00 -0.293546765269079E-17
  0.00000000  0.00000000  0.02500000    0.1387D-02  0.194753577819409E+01  0.111339221025122E-16    0.513469385875559E+00 -0.293546758338089E-17
  0.00000000  0.00000000  0.02500000    0.1450D-02  0.194753590027069E+01  0.111339232908577E-16    0.513469353689967E+00 -0.293546752868368E-17
  0.00000000  0.00000000  0.02500000    0.1514D-02  0.194753603169686E+01  0.111339245382978E-16    0.513469319039357E+00 -0.293546746138210E-17
  0.00000000  0.00000000  0.02500000    0.1580D-02  0.194753617310561E+01  0.111339259022738E-16    0.513469281756838E+00 -0.293546739471233E-17
  0.00000000  0.00000000  0.02500000    0.1649D-02  0.194753632517074E+01  0.111339273323756E-16    0.513469241664764E+00 -0.293546731335257E-17
  0.00000000  0.00000000  0.02500000    0.1719D-02  0.194753648860944E+01  0.111339288285120E-16    0.513469198574045E+00 -0.293546721511668E-17
  0.00000000  0.00000000  0.02500000    0.1792D-02  0.194753666418505E+01  0.111339305038703E-16    0.513469152283432E+00 -0.293546712754556E-17
  0.00000000  0.00000000  0.02500000    0.1867D-02  0.194753685270990E+01  0.111339323163051E-16    0.513469102578753E+00 -0.293546703707862E-17
  0.00000000  0.00000000  0.02500000    0.1944D-02  0.194753705504847E+01  0.111339341609218E-16    0.513469049232088E+00 -0.293546691345440E-17
  0.00000000  0.00000000  0.02500000    0.2024D-02  0.194753727212064E+01  0.111339362219414E-16    0.513468992000917E+00 -0.293546680246983E-17
  0.00000000  0.00000000  0.02500000    0.2106D-02  0.194753750490515E+01  0.111339383630557E-16    0.513468930627194E+00 -0.293546666523670E-17
  0.00000000  0.00000000  0.02500000    0.2190D-02  0.194753775444332E+01  0.111339407084612E-16    0.513468864836378E+00 -0.293546653136037E-17
  0.00000000  0.00000000  0.02500000    0.2277D-02  0.194753802184303E+01  0.111339431739874E-16    0.513468794336379E+00 -0.293546637530953E-17
  0.00000000  0.00000000  0.02500000    0.2367D-02  0.194753830828285E+01  0.111339459678137E-16    0.513468718816476E+00 -0.293546624841790E-17
  0.00000000  0.00000000  0.02500000    0.2459D-02  0.194753861501644E+01  0.111339487943017E-16    0.513468637946139E+00 -0.293546606896105E-17
  0.00000000  0.00000000  0.02500000    0.2554D-02  0.194753894337736E+01  0.111339518687288E-16    0.513468551373782E+00 -0.293546588967687E-17
  0.00000000  0.00000000  0.02500000    0.2652D-02  0.194753929478402E+01  0.111339551407811E-16    0.513468458725450E+00 -0.293546569302427E-17
  0.00000000  0.00000000  0.02500000    0.2753D-02  0.194753967074500E+01  0.111339587115099E-16    0.513468359603410E+00 -0.293546550109767E-17
  0.00000000  0.00000000  0.02500000    0.2858D-02  0.194754007286472E+01  0.111339624405623E-16    0.513468253584664E+00 -0.293546527205649E-17
  0.00000000  0.00000000  0.02500000    0.2965D-02  0.194754050284947E+01  0.111339664675522E-16    0.513468140219362E+00 -0.293546503756622E-17
  0.00000000  0.00000000  0.02500000    0.3075D-02  0.194754096251372E+01  0.111339708040769E-16    0.513468019029128E+00 -0.293546479521466E-17
  0.00000000  0.00000000  0.02500000    0.3189D-02  0.194754145378694E+01  0.111339753754550E-16    0.513467889505267E+00 -0.293546451949561E-17
  0.00000000  0.00000000  0.02500000    0.3307D-02  0.194754197872081E+01  0.111339804263437E-16    0.513467751106872E+00 -0.293546426872793E-17
  0.00000000  0.00000000  0.02500000    0.3428D-02  0.194754253949681E+01  0.111339856114346E-16    0.513467603258810E+00 -0.293546394529513E-17
  0.00000000  0.00000000  0.02500000    0.3553D-02  0.194754313843444E+01  0.111339912318640E-16    0.513467445349563E+00 -0.293546362159930E-17
  0.00000000  0.00000000  0.02500000    0.3681D-02  0.194754377799971E+01  0.111339972941365E-16    0.513467276728990E+00 -0.293546329192146E-17
  0.00000000  0.00000000  0.02500000    0.3813D-02  0.194754446081441E+01  0.111340036477397E-16    0.513467096705883E+00 -0.293546290867575E-17
  0.00000000  0.00000000  0.02500000    0.3950D-02  0.194754518966582E+01  0.111340104641159E-16    0.513466904545405E+00 -0.293546250866033E-17
  0.00000000  0.00000000  0.02500000    0.4090D-02  0.194754596751699E+01  0.111340178378025E-16    0.513466699466377E+00 -0.293546210786747E-17
  0.00000000  0.00000000  0.02500000    0.4235D-02  0.194754679751780E+01  0.111340256263633E-16    0.513466480638373E+00 -0.293546165924876E-17
  0.00000000  0.00000000  0.02500000    0.4385D-02  0.194754768301657E+01  0.111340338662220E-16    0.513466247178653E+00 -0.293546116231363E-17
  0.00000000  0.00000000  0.02500000    0.4538D-02  0.194754862757247E+01  0.111340427648822E-16    0.513465998148890E+00 -0.293546066104064E-17
  0.00000000  0.00000000  0.02500000    0.4697D-02  0.194754963496866E+01  0.111340521984364E-16    0.513465732551711E+00 -0.293546011135738E-17
  0.00000000  0.00000000  0.02500000    0.4860D-02  0.194755070922625E+01  0.111340623585858E-16    0.513465449327014E+00 -0.293545955168355E-17
  0.00000000  0.00000000  0.02500000    0.5029D-02  0.194755185461922E+01  0.111340730704079E-16    0.513465147348038E+00 -0.293545892301728E-17
  0.00000000  0.00000000  0.02500000    0.5202D-02  0.194755307569010E+01  0.111340845283310E-16    0.513464825417226E+00 -0.293545826292531E-17
  0.00000000  0.00000000  0.02500000    0.5381D-02  0.194755437726676E+01  0.111340967148031E-16    0.513464482261810E+00 -0.293545755222640E-17
  0.00000000  0.00000000  0.02500000    0.5565D-02  0.194755576448018E+01  0.111341098016094E-16    0.513464116529115E+00 -0.293545682074345E-17
  0.00000000  0.00000000  0.02500000    0.5755D-02  0.194755724278334E+01  0.111341236897216E-16    0.513463726781584E+00 -0.293545602592979E-17
  0.00000000  0.00000000  0.02500000    0.5950D-02  0.194755881797131E+01  0.111341384239967E-16    0.513463311491489E+00 -0.293545516214246E-17
  0.00000000  0.00000000  0.02500000    0.6152D-02  0.194756049620252E+01  0.111341541876814E-16    0.513462869035322E+00 -0.293545425912873E-17
  0.00000000  0.00000000  0.02500000    0.6360D-02  0.194756228402144E+01  0.111341710138026E-16    0.513462397687813E+00 -0.293545330586732E-17
  0.00000000  0.00000000  0.02500000    0.6574D-02  0.194756418838257E+01  0.111341888419590E-16    0.513461895615615E+00 -0.293545226546930E-17
  0.00000000  0.00000000  0.02500000    0.6794D-02  0.194756621667605E+01  0.111342078994991E-16    0.513461360870553E+00 -0.293545117559586E-17
  0.00000000  0.00000000  0.02500000    0.7021D-02  0.194756837675469E+01  0.111342281166589E-16    0.513460791382502E+00 -0.293544999418167E-17
  0.00000000  0.00000000  0.02500000    0.7255D-02  0.194757067696286E+01  0.111342496885100E-16    0.513460184951773E+00 -0.293544874750164E-17
  0.00000000  0.00000000  0.02500000    0.7497D-02  0.194757312616704E+01  0.111342727648066E-16    0.513459539241061E+00 -0.293544744830883E-17
  0.00000000  0.00000000  0.02500000    0.7745D-02  0.194757573378832E+01  0.111342972256214E-16    0.513458851766885E+00 -0.293544603658538E-17
  0.00000000  0.00000000  0.02500000    0.8001D-02  0.194757850983694E+01  0.111343233008244E-16    0.513458119890492E+00 -0.293544454275830E-17
  0.00000000  0.00000000  0.02500000    0.8265D-02  0.194758146494891E+01  0.111343510245609E-16    0.513457340808196E+00 -0.293544294376719E-17
  0.00000000  0.00000000  0.02500000    0.8537D-02  0.194758461042502E+01  0.111343805236842E-16    0.513456511541120E+00 -0.293544123898920E-17
  0.00000000  0.00000000  0.02500000    0.8818D-02  0.194758795827211E+01  0.111344119671851E-16    0.513455628924301E+00 -0.293543943678181E-17
  0.00000000  0.00000000  0.02500000    0.9107D-02  0.194759152124707E+01  0.111344453908616E-16    0.513454689595119E+00 -0.293543750812692E-17
  0.00000000  0.00000000  0.02500000    0.9404D-02  0.194759531290349E+01  0.111344810406611E-16    0.513453689981003E+00 -0.293543547700779E-17
  0.00000000  0.00000000  0.02500000    0.9711D-02  0.194759934764115E+01  0.111345188613411E-16    0.513452626286385E+00 -0.293543328545221E-17
  0.00000000  0.00000000  0.02500000    0.1003D-01  0.194760364075882E+01  0.111345591915590E-16    0.513451494478817E+00 -0.293543097662384E-17
  0.00000000  0.00000000  0.02500000    0.1035D-01  0.194760820850994E+01  0.111346020639493E-16    0.513450290274280E+00 -0.293542851013005E-17
  0.00000000  0.00000000  0.02500000    0.1069D-01  0.194761306816228E+01  0.111346476872443E-16    0.513449009121497E+00 -0.293542588894570E-17
  0.00000000  0.00000000  0.02500000    0.1103D-01  0.194761823806079E+01  0.111346962108880E-16    0.513447646185364E+00 -0.293542309716814E-17
  0.00000000  0.00000000  0.02500000    0.1139D-01  0.194762373769477E+01  0.111347478020032E-16    0.513446196329283E+00 -0.293542012010555E-17
  0.00000000  0.00000000  0.02500000    0.1176D-01  0.194762958776897E+01  0.111348026984404E-16    0.513444654096423E+00 -0.293541695804778E-17
  0.00000000  0.00000000  0.02500000    0.1214D-01  0.194763581027924E+01  0.111348611210390E-16    0.513443013689827E+00 -0.293541360290777E-17
  0.00000000  0.00000000  0.02500000    0.1253D-01  0.194764242859278E+01  0.111349232415770E-16    0.513441268951264E+00 -0.293541002953041E-17
  0.00000000  0.00000000  0.02500000    0.1293D-01  0.194764946753358E+01  0.111349892943028E-16    0.513439413338765E+00 -0.293540622483790E-17
  0.00000000  0.00000000  0.02500000    0.1334D-01  0.194765695347289E+01  0.111350595039688E-16    0.513437439902796E+00 -0.293540216858453E-17
  0.00000000  0.00000000  0.02500000    0.1377D-01  0.194766491442565E+01  0.111351342838915E-16    0.513435341260892E+00 -0.293539788527825E-17
  0.00000000  0.00000000  0.02500000    0.1421D-01  0.194767338015265E+01  0.111352136631002E-16    0.513433109570777E+00 -0.293539329285923E-17
  0.00000000  0.00000000  0.02500000    0.1466D-01  0.194768238226925E+01  0.111352982891288E-16    0.513430736501758E+00 -0.293538846672373E-17
  0.00000000  0.00000000  0.02500000    0.1513D-01  0.194769195436076E+01  0.111353880614640E-16    0.513428213204385E+00 -0.293538327913425E-17
  0.00000000  0.00000000  0.02500000    0.1561D-01  0.194770213210511E+01  0.111354836245356E-16    0.513425530278175E+00 -0.293537779242035E-17
  0.00000000  0.00000000  0.02500000    0.1610D-01  0.194771295340310E+01  0.111355851459606E-16    0.513422677737380E+00 -0.293537193651782E-17
  0.00000000  0.00000000  0.02500000    0.1662D-01  0.194772445851681E+01  0.111356930873989E-16    0.513419644974575E+00 -0.293536571175569E-17
  0.00000000  0.00000000  0.02500000    0.1714D-01  0.194773669021670E+01  0.111358079345642E-16    0.513416420722014E+00 -0.293535911724068E-17
  0.00000000  0.00000000  0.02500000    0.1768D-01  0.194774969393779E+01  0.111359300025933E-16    0.513412993010559E+00 -0.293535209908246E-17
  0.00000000  0.00000000  0.02500000    0.1824D-01  0.194776351794576E+01  0.111360596832527E-16    0.513409349126052E+00 -0.293534461505756E-17
  0.00000000  0.00000000  0.02500000    0.1882D-01  0.194777821351331E+01  0.111361975935215E-16    0.513405475562973E+00 -0.293533667324083E-17
  0.00000000  0.00000000  0.02500000    0.1941D-01  0.194779383510764E+01  0.111363441718978E-16    0.513401357975207E+00 -0.293532822503037E-17
  0.00000000  0.00000000  0.02500000    0.2002D-01  0.194781044058963E+01  0.111365000089287E-16    0.513396981123730E+00 -0.293531925167093E-17
  0.00000000  0.00000000  0.02500000    0.2065D-01  0.194782809142552E+01  0.111366656915080E-16    0.513392328821045E+00 -0.293530972257434E-17
  0.00000000  0.00000000  0.02500000    0.2130D-01  0.194784685291190E+01  0.111368416518285E-16    0.513387383872129E+00 -0.293529955483056E-17
  0.00000000  0.00000000  0.02500000    0.2197D-01  0.194786679441475E+01  0.111370288478600E-16    0.513382128011714E+00 -0.293528879183964E-17
  0.00000000  0.00000000  0.02500000    0.2266D-01  0.194788798962367E+01  0.111372277466428E-16    0.513376541837604E+00 -0.293527733457298E-17
  0.00000000  0.00000000  0.02500000    0.2337D-01  0.194791051682182E+01  0.111374390511027E-16    0.513370604739886E+00 -0.293526513232601E-17
  0.00000000  0.00000000  0.02500000    0.2410D-01  0.194793445917315E+01  0.111376636570288E-16    0.513364294825645E+00 -0.293525217050824E-17
  0.00000000  0.00000000  0.02500000    0.2486D-01  0.194795990502757E+01  0.111379024453120E-16    0.513357588839000E+00 -0.293523841496545E-17
  0.00000000  0.00000000  0.02500000    0.2564D-01  0.194798694824532E+01  0.111381561178007E-16    0.513350462076127E+00 -0.293522376774619E-17
  0.00000000  0.00000000  0.02500000    0.2644D-01  0.194801568854205E+01  0.111384257435032E-16    0.513342888294924E+00 -0.293520821000568E-17
  0.00000000  0.00000000  0.02500000    0.2726D-01  0.194804623185546E+01  0.111387122956540E-16    0.513334839619041E+00 -0.293519167889874E-17
  0.00000000  0.00000000  0.02500000    0.2811D-01  0.194807869073538E+01  0.111390167625673E-16    0.513326286435848E+00 -0.293517409561975E-17
  0.00000000  0.00000000  0.02500000    0.2899D-01  0.194811318475837E+01  0.111393403879952E-16    0.513317197288017E+00 -0.293515542748720E-17
  0.00000000  0.00000000  0.02500000    0.2989D-01  0.194814984096888E+01  0.111396841875190E-16    0.513307538758244E+00 -0.293513555918044E-17
  0.00000000  0.00000000  0.02500000    0.3082D-01  0.194818879434824E+01  0.111400495090919E-16    0.513297275346739E+00 -0.293511443902830E-17
  0.00000000  0.00000000  0.02500000    0.3178D-01  0.194823018831372E+01  0.111404377807624E-16    0.513286369340957E+00 -0.293509201102450E-17
  0.00000000  0.00000000  0.02500000    0.3277D-01  0.194827417524927E+01  0.111408503133232E-16    0.513274780677138E+00 -0.293506816123360E-17
  0.00000000  0.00000000  0.02500000    0.3379D-01  0.194832091707033E+01  0.111412885878446E-16    0.513262466793043E+00 -0.293504279184613E-17
  0.00000000  0.00000000  0.02500000    0.3484D-01  0.194837058582469E+01  0.111417543295921E-16    0.513249382471419E+00 -0.293501583883278E-17
  0.00000000  0.00000000  0.02500000    0.3592D-01  0.194842336433204E+01  0.111422493059868E-16    0.513235479673494E+00 -0.293498721678500E-17
  0.00000000  0.00000000  0.02500000    0.3703D-01  0.194847944686458E+01  0.111427750649114E-16    0.513220707361918E+00 -0.293495674793535E-17
  0.00000000  0.00000000  0.02500000    0.3818D-01  0.194853903987150E+01  0.111433337521214E-16    0.513205011312448E+00 -0.293492437528632E-17
  0.00000000  0.00000000  0.02500000    0.3936D-01  0.194860236275032E+01  0.111439273772243E-16    0.513188333913630E+00 -0.293488996693011E-17
  0.00000000  0.00000000  0.02500000    0.4058D-01  0.194866964866825E+01  0.111445580984123E-16    0.513170613953686E+00 -0.293485338857372E-17
  0.00000000  0.00000000  0.02500000    0.4184D-01  0.194874114543682E+01  0.111452282610620E-16    0.513151786393798E+00 -0.293481451106152E-17
  0.00000000  0.00000000  0.02500000    0.4313D-01  0.194881711644358E+01  0.111459401665432E-16    0.513131782126849E+00 -0.293477314668441E-17
  0.00000000  0.00000000  0.02500000    0.4447D-01  0.194889784164467E+01  0.111466966433729E-16    0.513110527720686E+00 -0.293472919657853E-17
  0.00000000  0.00000000  0.02500000    0.4584D-01  0.194898361862245E+01  0.111475003259605E-16    0.513087945144866E+00 -0.293468245761423E-17
  0.00000000  0.00000000  0.02500000    0.4726D-01  0.194907476371280E+01  0.111483543228826E-16    0.513063951479777E+00 -0.293463279494681E-17
  0.00000000  0.00000000  0.02500000    0.4872D-01  0.194917161320674E+01  0.111492615958938E-16    0.513038458606947E+00 -0.293457997490153E-17
  0.00000000  0.00000000  0.02500000    0.5022D-01  0.194927452463180E+01  0.111502254654411E-16    0.513011372879297E+00 -0.293452379418959E-17
  0.00000000  0.00000000  0.02500000    0.5177D-01  0.194938387811860E+01  0.111512495358347E-16    0.512982594769956E+00 -0.293446405606917E-17
  0.00000000  0.00000000  0.02500000    0.5337D-01  0.194950007785879E+01  0.111523376058301E-16    0.512952018498166E+00 -0.293440054240302E-17
  0.00000000  0.00000000  0.02500000    0.5501D-01  0.194962355366083E+01  0.111534935161329E-16    0.512919531630755E+00 -0.293433296884389E-17
  0.00000000  0.00000000  0.02500000    0.5671D-01  0.194975476261069E+01  0.111547217430092E-16    0.512885014657442E+00 -0.293426113600179E-17
  0.00000000  0.00000000  0.02500000    0.5846D-01  0.194989419084516E+01  0.111560266456184E-16    0.512848340538191E+00 -0.293418472605705E-17
  0.00000000  0.00000000  0.02500000    0.6026D-01  0.195004235544590E+01  0.111574131001519E-16    0.512809374220664E+00 -0.293410346387171E-17
  0.00000000  0.00000000  0.02500000    0.6211D-01  0.195019980646316E+01  0.111588860385690E-16    0.512767972125676E+00 -0.293401698954923E-17
  0.00000000  0.00000000  0.02500000    0.6403D-01  0.195036712907919E+01  0.111604510386851E-16    0.512723981598338E+00 -0.293392500707778E-17
  0.00000000  0.00000000  0.02500000    0.6600D-01  0.195054494592119E+01  0.111621137660615E-16    0.512677240322564E+00 -0.293382713057571E-17
  0.00000000  0.00000000  0.02500000    0.6803D-01  0.195073391953590E+01  0.111638804778059E-16    0.512627575696182E+00 -0.293372300926674E-17
  0.00000000  0.00000000  0.02500000    0.7012D-01  0.195093475503777E+01  0.111657574995149E-16    0.512574804163884E+00 -0.293361218199451E-17
  0.00000000  0.00000000  0.02500000    0.7227D-01  0.195114820294441E+01  0.111677519198251E-16    0.512518730504908E+00 -0.293349425118253E-17
  0.00000000  0.00000000  0.02500000    0.7450D-01  0.195137506221384E+01  0.111698709907344E-16    0.512459147072166E+00 -0.293336871607034E-17
  0.00000000  0.00000000  0.02500000    0.7678D-01  0.195161618349993E+01  0.111721226344412E-16    0.512395832979130E+00 -0.293323509602866E-17
  0.00000000  0.00000000  0.02500000    0.7914D-01  0.195187247264313E+01  0.111745150509048E-16    0.512328553230658E+00 -0.293309281693578E-17
  0.00000000  0.00000000  0.02500000    0.8157D-01  0.195214489441579E+01  0.111770572289990E-16    0.512257057793482E+00 -0.293294133406519E-17
  0.00000000  0.00000000  0.02500000    0.8408D-01  0.195243447654327E+01  0.111797585934689E-16    0.512181080601728E+00 -0.293278002722387E-17
  0.00000000  0.00000000  0.02500000    0.8666D-01  0.195274231402345E+01  0.111826289737165E-16    0.512100338492481E+00 -0.293260817955894E-17
  0.00000000  0.00000000  0.02500000    0.8932D-01  0.195306957377014E+01  0.111856792346911E-16    0.512014530065937E+00 -0.293242512900500E-17
  0.00000000  0.00000000  0.02500000    0.9206D-01  0.195341749960800E+01  0.111889206813200E-16    0.511923334464175E+00 -0.293223009693827E-17
  0.00000000  0.00000000  0.02500000    0.9488D-01  0.195378741764967E+01  0.111923652888191E-16    0.511826410062033E+00 -0.293202223237287E-17
  0.00000000  0.00000000  0.02500000    0.9779D-01  0.195418074208859E+01  0.111960260956758E-16    0.511723393063029E+00 -0.293180069740025E-17
  0.00000000  0.00000000  0.02500000    0.1008D+00  0.195459898144485E+01  0.111999166354335E-16    0.511613895992514E+00 -0.293156449944010E-17
  0.00000000  0.00000000  0.02500000    0.1039D+00  0.195504374530521E+01  0.112040515214667E-16    0.511497506079530E+00 -0.293131262406719E-17
  0.00000000  0.00000000  0.02500000    0.1071D+00  0.195551675160284E+01  0.112084463386069E-16    0.511373783518015E+00 -0.293104398458059E-17
  0.00000000  0.00000000  0.02500000    0.1103D+00  0.195601983448722E+01  0.112131175015940E-16    0.511242259597103E+00 -0.293075736123379E-17
  0.00000000  0.00000000  0.02500000    0.1137D+00  0.195655495284078E+01  0.112180825812460E-16    0.511102434689130E+00 -0.293045146086684E-17
  0.00000000  0.00000000  0.02500000    0.1172D+00  0.195712419950450E+01  0.112233605686410E-16    0.510953776082875E+00 -0.293012495800657E-17
  0.00000000  0.00000000  0.02500000    0.1208D+00  0.195772981128241E+01  0.112289713200803E-16    0.510795715648296E+00 -0.292977631968399E-17
  0.00000000  0.00000000  0.02500000    0.1245D+00  0.195837417980328E+01  0.112349361448899E-16    0.510627647317354E+00 -0.292940392627221E-17
  0.00000000  0.00000000  0.02500000    0.1283D+00  0.195905986332642E+01  0.112412776354571E-16    0.510448924364175E+00 -0.292900599155506E-17
  0.00000000  0.00000000  0.02500000    0.1322D+00  0.195978959959009E+01  0.112480201561670E-16    0.510258856465592E+00 -0.292858065150880E-17
  0.00000000  0.00000000  0.02500000    0.1363D+00  0.196056631981220E+01  0.112551896333642E-16    0.510056706521303E+00 -0.292812586733428E-17
  0.00000000  0.00000000  0.02500000    0.1405D+00  0.196139316396791E+01  0.112628135382137E-16    0.509841687210224E+00 -0.292763937518798E-17
  0.00000000  0.00000000  0.02500000    0.1448D+00  0.196227349748376E+01  0.112709213616437E-16    0.509612957257134E+00 -0.292711875968623E-17
  0.00000000  0.00000000  0.02500000    0.1492D+00  0.196321092950699E+01  0.112795444985478E-16    0.509369617380402E+00 -0.292656136897798E-17
  0.00000000  0.00000000  0.02500000    0.1537D+00  0.196420933292958E+01  0.112887164736094E-16    0.509110705888215E+00 -0.292596431352831E-17
  0.00000000  0.00000000  0.02500000    0.1585D+00  0.196527286637121E+01  0.112984732966907E-16    0.508835193886566E+00 -0.292532449255213E-17
  0.00000000  0.00000000  0.02500000    0.1633D+00  0.196640599835330E+01  0.113088532101257E-16    0.508541980057737E+00 -0.292463845638978E-17
  0.00000000  0.00000000  0.02500000    0.1683D+00  0.196761353392992E+01  0.113198970530251E-16    0.508229884962570E+00 -0.292390242181164E-17
  0.00000000  0.00000000  0.02500000    0.1734D+00  0.196890064407889E+01  0.113316488828312E-16    0.507897644813780E+00 -0.292311234533584E-17
  0.00000000  0.00000000  0.02500000    0.1787D+00  0.197027289820203E+01  0.113441556971833E-16    0.507543904660389E+00 -0.292226375487272E-17
  0.00000000  0.00000000  0.02500000    0.1842D+00  0.197173630013547E+01  0.113574674858885E-16    0.507167210915218E+00 -0.292135165715749E-17
  0.00000000  0.00000000  0.02500000    0.1898D+00  0.197329732813299E+01  0.113716381799289E-16    0.506766003147706E+00 -0.292037066463613E-17
  0.00000000  0.00000000  0.02500000    0.1956D+00  0.197496297935798E+01  0.113867254846902E-16    0.506338605053286E+00 -0.291931482174769E-17
  0.00000000  0.00000000  0.02500000    0.2016D+00  0.197674081950603E+01  0.114027911163416E-16    0.505883214497433E+00 -0.291817752092515E-17
  0.00000000  0.00000000  0.02500000    0.2078D+00  0.197863903828204E+01  0.114199016644468E-16    0.505397892517199E+00 -0.291695156231037E-17
  0.00000000  0.00000000  0.02500000    0.2141D+00  0.198066651157781E+01  0.114381282112276E-16    0.504880551145076E+00 -0.291562887623738E-17
  0.00000000  0.00000000  0.02500000    0.2207D+00  0.198283287134184E+01  0.114575472502057E-16    0.504328939898635E+00 -0.291420055721809E-17
  0.00000000  0.00000000  0.02500000    0.2274D+00  0.198514858430793E+01  0.114782413966594E-16    0.503740630754158E+00 -0.291265681914559E-17
  0.00000000  0.00000000  0.02500000    0.2343D+00  0.198762504096017E+01  0.115002989321932E-16    0.503113001392318E+00 -0.291098662647636E-17
  0.00000000  0.00000000  0.02500000    0.2415D+00  0.199027465636775E+01  0.115238152934861E-16    0.502443216467921E+00 -0.290917778785780E-17
  0.00000000  0.00000000  0.02500000    0.2489D+00  0.199311098483348E+01  0.115488933738144E-16    0.501728206612412E+00 -0.290721671040610E-17
  0.00000000  0.00000000  0.02500000    0.2565D+00  0.199614885068054E+01  0.115756440822104E-16    0.500964644825497E+00 -0.290508817731397E-17
  0.00000000  0.00000000  0.02500000    0.2643D+00  0.199940449796905E+01  0.116041868797167E-16    0.500148919848773E+00 -0.290277507103189E-17
  0.00000000  0.00000000  0.02500000    0.2724D+00  0.200289576251078E+01  0.116346513758064E-16    0.499277106036924E+00 -0.290025830469542E-17
  0.00000000  0.00000000  0.02500000    0.2807D+00  0.200664227026835E+01  0.116671775157052E-16    0.498344929146873E+00 -0.289751633290897E-17
  0.00000000  0.00000000  0.02500000    0.2893D+00  0.201066566712073E+01  0.117019167959156E-16    0.497347727348424E+00 -0.289452484281143E-17
  0.00000000  0.00000000  0.02500000    0.2981D+00  0.201498988610533E+01  0.117390339772713E-16    0.496280406614272E+00 -0.289125647511782E-17
  0.00000000  0.00000000  0.02500000    0.3072D+00  0.201964145967502E+01  0.117787073501448E-16    0.495137389465609E+00 -0.288768007840783E-17
  0.00000000  0.00000000  0.02500000    0.3166D+00  0.202464988633059E+01  0.118211312189334E-16    0.493912555820881E+00 -0.288376038368742E-17
  0.00000000  0.00000000  0.02500000    0.3262D+00  0.203004806333170E+01  0.118665166425216E-16    0.492599174405164E+00 -0.287945709599494E-17
  0.00000000  0.00000000  0.02500000    0.3362D+00  0.203587280022592E+01  0.119150945432486E-16    0.491189822806724E+00 -0.287472438198210E-17
  0.00000000  0.00000000  0.02500000    0.3464D+00  0.204216543190586E+01  0.119671163065374E-16    0.489676293789159E+00 -0.286950952590563E-17
  0.00000000  0.00000000  0.02500000    0.3570D+00  0.204897255514644E+01  0.120228573697526E-16    0.488049484844627E+00 -0.286375204535074E-17
  0.00000000  0.00000000  0.02500000    0.3679D+00  0.205634691956516E+01  0.120826195879592E-16    0.486299267154523E+00 -0.285738218343718E-17
  0.00000000  0.00000000  0.02500000    0.3791D+00  0.206434851337635E+01  0.121467342247359E-16    0.484414329034222E+00 -0.285031915459314E-17
  0.00000000  0.00000000  0.02500000    0.3907D+00  0.207304589717798E+01  0.122155660087655E-16    0.482381987471331E+00 -0.284246915006418E-17
  0.00000000  0.00000000  0.02500000    0.4026D+00  0.208251785680465E+01  0.122895164987635E-16    0.480187959364904E+00 -0.283372256801547E-17
  0.00000000  0.00000000  0.02500000    0.4149D+00  0.209285547124474E+01  0.123690301617753E-16    0.477816081301230E+00 -0.282395110536759E-17
  0.00000000  0.00000000  0.02500000    0.4276D+00  0.210416472720034E+01  0.124545984623284E-16    0.475247962801150E+00 -0.281300340710652E-17
  0.00000000  0.00000000  0.02500000    0.4406D+00  0.211656986347759E+01  0.125467678069841E-16    0.472462552385098E+00 -0.280070034283263E-17
  0.00000000  0.00000000  0.02500000    0.4540D+00  0.213021770472620E+01  0.126461461527882E-16    0.469435587630952E+00 -0.278682833089309E-17
  0.00000000  0.00000000  0.02500000    0.4679D+00  0.214528335944420E+01  0.127534122760309E-16    0.466138888178894E+00 -0.277113109215386E-17
  0.00000000  0.00000000  0.02500000    0.4822D+00  0.216197783599739E+01  0.128693267770943E-16    0.462539431880285E+00 -0.275329885304436E-17
  0.00000000  0.00000000  0.02500000    0.4969D+00  0.218055841549409E+01  0.129947437625444E-16    0.458598124633782E+00 -0.273295366785626E-17
  0.00000000  0.00000000  0.02500000    0.5120D+00  0.220134308991464E+01  0.131306264406799E-16    0.454268125937050E+00 -0.270962990408662E-17
  0.00000000  0.00000000  0.02500000    0.5276D+00  0.222473117731112E+01  0.132780642011165E-16    0.449492509566317E+00 -0.268274677894169E-17
  0.00000000  0.00000000  0.02500000    0.5437D+00  0.225123366398825E+01  0.134382956810869E-16    0.444200891269731E+00 -0.265156967673888E-17
  0.00000000  0.00000000  0.02500000    0.5603D+00  0.228151954151671E+01  0.136127324932532E-16    0.438304376448698E+00 -0.261515192775945E-17
  0.00000000  0.00000000  0.02500000    0.5774D+00  0.231648989824859E+01  0.138029927679903E-16    0.431687615282097E+00 -0.257224563606982E-17
  0.00000000  0.00000000  0.02500000    0.5950D+00  0.235740359794066E+01  0.140109393668075E-16    0.424195500877985E+00 -0.252115397111717E-17
  0.00000000  0.00000000  0.02500000    0.6131D+00  0.240610800680412E+01  0.142387270350491E-16    0.415608940734226E+00 -0.245946659239986E-17
  0.00000000  0.00000000  0.02500000    0.6318D+00  0.246551277790209E+01  0.144888624855607E-16    0.405595139868187E+00 -0.238352534979046E-17
  0.00000000  0.00000000  0.02500000    0.6511D+00  0.254074632110706E+01  0.147642741531853E-16    0.393585141378569E+00 -0.228712283538855E-17
  0.00000000  0.00000000  0.02500000    0.6709D+00  0.264303482419578E+01  0.150683941614889E-16    0.378352941416229E+00 -0.215705491324853E-17
  0.00000000  0.00000000  0.02500000    0.6914D+00  0.282734738619508E+01  0.289244697275748E-03    0.353688405753336E+00 -0.361832070411906E-04
  0.00000000  0.00000000  0.02500000    0.7125D+00  0.299490697614141E+01  0.205804024425319E+00    0.332330866407067E+00 -0.228371132366344E-01
  0.00000000  0.00000000  0.02500000    0.7342D+00  0.305817678697103E+01  0.392764611854164E+00    0.321686157664248E+00 -0.413144653350784E-01
  0.00000000  0.00000000  0.02500000    0.7565D+00  0.310426026243536E+01  0.532039900970704E+00    0.312945291129550E+00 -0.536357675020430E-01
  0.00000000  0.00000000  0.02500000    0.7796D+00  0.318946189574322E+01  0.670151020178487E+00    0.300275944930783E+00 -0.630922197562521E-01
  0.00000000  0.00000000  0.02500000    0.8034D+00  0.336681665190073E+01  0.847539570076258E+00    0.279316305509188E+00 -0.703131907562888E-01
  0.00000000  0.00000000  0.02500000    0.8279D+00  0.354717275031945E+01  0.135784781513149E+01    0.245884320682552E+00 -0.941238307561493E-01
  0.00000000  0.00000000  0.02500000    0.8531D+00  0.325885440638181E+01  0.230571466930887E+01    0.204490583595977E+00 -0.144681805179588E+00
  0.00000000  0.00000000  0.02500000    0.8791D+00  0.243180882454270E+01  0.233930498119852E+01    0.213578066401652E+00 -0.205453746842986E+00
  0.00000000  0.00000000  0.02500000    0.9059D+00  0.196915065660044E+01  0.221669859872359E+01    0.223988385315439E+00 -0.252146649213869E+00
  0.00000000  0.00000000  0.02500000    0.9335D+00  0.164155498712158E+01  0.204004145309673E+01    0.239416861850177E+00 -0.297535158174095E+00
  0.00000000  0.00000000  0.02500000    0.9619D+00  0.140426639914541E+01  0.184745399244528E+01    0.260771265192443E+00 -0.343070884048761E+00
  0.00000000  0.00000000  0.02500000    0.9913D+00  0.123185799965018E+01  0.162658573594226E+01    0.295888172723302E+00 -0.390700455184297E+00
  0.00000000  0.00000000  0.02500000    0.1021D+01  0.112113925466235E+01  0.140607352518246E+01    0.346673050715057E+00 -0.434778995095914E+00
  0.00000000  0.00000000  0.02500000    0.1053D+01  0.107688556319406E+01  0.116779014281159E+01    0.426756991600033E+00 -0.462781399620861E+00
  0.00000000  0.00000000  0.02500000    0.1085D+01  0.109961093953357E+01  0.935714782869608E+00    0.527465619934643E+00 -0.448847278872730E+00
  0.00000000  0.00000000  0.02500000    0.1118D+01  0.120446029403536E+01  0.695229299435118E+00    0.622759933050794E+00 -0.359464694780927E+00
  0.00000000  0.00000000  0.02500000    0.1152D+01  0.152945743449715E+01  0.434721141015540E+00    0.604953648579275E+00 -0.171947341874447E+00
  0.00000000  0.00000000  0.02500000    0.1187D+01  0.190020033492622E+01  0.637187687829781E+00    0.473066814694017E+00 -0.158631879125305E+00
  0.00000000  0.00000000  0.02500000    0.1223D+01  0.222990376390805E+01  0.830814329255321E+00    0.393786464045936E+00 -0.146716393008267E+00
  0.00000000  0.00000000  0.02500000    0.1260D+01  0.207602761959313E+01  0.203026277194819E+01    0.246212367186662E+00 -0.240784755643226E+00
  0.00000000  0.00000000  0.02500000    0.1299D+01  0.100492559334213E+01  0.149758956094861E+01    0.308955962524006E+00 -0.460421375805540E+00
  0.00000000  0.00000000  0.02500000    0.1338D+01  0.119734506984990E+01  0.676741809930485E+00    0.632975137008487E+00 -0.357758803745539E+00
  0.00000000  0.00000000  0.02500000    0.1379D+01  0.184603392062708E+01  0.737723837866693E+00    0.467104662947081E+00 -0.186667341690933E+00
  0.00000000  0.00000000  0.02500000    0.1421D+01  0.220891687058847E+01  0.134784851029181E+01    0.329885571514678E+00 -0.201291312522035E+00
  0.00000000  0.00000000  0.02500000    0.1464D+01  0.204402344466007E+01  0.239714129978873E+01    0.205961093997041E+00 -0.241542163256393E+00
  0.00000000  0.00000000  0.02500000    0.1509D+01  0.891519792714162E+00  0.192082899449045E+01    0.198805072977865E+00 -0.428336590559697E+00
  0.00000000  0.00000000  0.02500000    0.1555D+01  0.134208595164537E+01  0.213928971385246E+01    0.210432340764610E+00 -0.335429889201745E+00
  0.00000000  0.00000000  0.02500000    0.1602D+01  0.610828879811220E+00  0.280924260098608E+01    0.739058848400432E-01 -0.339898074597236E+00
  0.00000000  0.00000000  0.02500000    0.1651D+01 -0.191827152441597E+01  0.113917166104235E+01   -0.385390278845041E+00 -0.228865245880739E+00
  0.00000000  0.00000000  0.02500000    0.1701D+01 -0.461915867964700E+00  0.346786164017345E+00   -0.138452819744483E+01 -0.103944301519954E+01
  0.00000000  0.00000000  0.02500000    0.1753D+01  0.450623761154829E-01  0.248604058009581E+00    0.705924050009409E+00 -0.389450354391319E+01
  0.00000000  0.00000000  0.02500000    0.1807D+01  0.303178514972316E+00  0.246570515513339E+00    0.198526694509927E+01 -0.161458767660175E+01
  0.00000000  0.00000000  0.02500000    0.1862D+01  0.445817372935236E+00  0.249026171302036E+00    0.170963769398516E+01 -0.954975187359096E+00
  0.00000000  0.00000000  0.02500000    0.1919D+01  0.544839860721160E+00  0.231990962372027E+00    0.155370982684191E+01 -0.661564367737038E+00
  0.00000000  0.00000000  0.02500000    0.1977D+01  0.626701145917922E+00  0.229163514763370E+00    0.140746244794200E+01 -0.514661643063420E+00
  0.00000000  0.00000000  0.02500000    0.2037D+01  0.688068918183064E+00  0.229329856779772E+00    0.130803867611026E+01 -0.435962611197269E+00
  0.00000000  0.00000000  0.02500000    0.2099D+01  0.728388378780996E+00  0.237481584726643E+00    0.124097782798182E+01 -0.404604727072890E+00
  0.00000000  0.00000000  0.02500000    0.2163D+01  0.756157201146193E+00  0.222891864379211E+00    0.121675393122155E+01 -0.358661600801539E+00
  0.00000000  0.00000000  0.02500000    0.2229D+01  0.793869706560771E+00  0.207451161568870E+00    0.117913391314662E+01 -0.308127011153042E+00
  0.00000000  0.00000000  0.02500000    0.2297D+01  0.828112920962023E+00  0.211642373647177E+00    0.113352626597913E+01 -0.289697435519482E+00
  0.00000000  0.00000000  0.02500000    0.2367D+01  0.844843693639078E+00  0.216406202695406E+00    0.111077046006436E+01 -0.284523183564708E+00
  0.00000000  0.00000000  0.02500000    0.2439D+01  0.855136395342850E+00  0.199618289178117E+00    0.110897426589291E+01 -0.258872791411650E+00
  0.00000000  0.00000000  0.02500000    0.2513D+01  0.888160950078527E+00  0.168264922666764E+00    0.108691012017798E+01 -0.205918586379305E+00
  0.00000000  0.00000000  0.02500000    0.2590D+01  0.941908725720676E+00  0.177663754534778E+00    0.102519957086939E+01 -0.193374156045468E+00
  0.00000000  0.00000000  0.02500000    0.2669D+01  0.957115409759148E+00  0.193373010291704E+00    0.100383064779806E+01 -0.202811230713159E+00
  0.00000000  0.00000000  0.02500000    0.2750D+01  0.100925726348724E+01  0.174634006634929E+00    0.962024496488312E+00 -0.166461216956927E+00
  0.00000000  0.00000000  0.02500000    0.2834D+01  0.105929296316651E+01  0.278002994761533E+00    0.883195119753999E+00 -0.231787519400133E+00
  0.00000000  0.00000000  0.02500000    0.2920D+01  0.101915426196487E+01  0.412082112355199E+00    0.843330707756717E+00 -0.340990086031128E+00
  0.00000000  0.00000000  0.02500000    0.3009D+01  0.863845452438759E+00  0.351819779217388E+00    0.992918819594649E+00 -0.404387704889080E+00
  0.00000000  0.00000000  0.02500000    0.3101D+01  0.803489538649664E+00  0.267426653989788E+00    0.112045124050797E+01 -0.372921502763212E+00
  0.00000000  0.00000000  0.02500000    0.3195D+01  0.835280421693119E+00  0.220371571566380E+00    0.111929322980315E+01 -0.295302513610157E+00
  0.00000000  0.00000000  0.02500000    0.3293D+01  0.847009100028888E+00  0.176238887224105E+00    0.113163202592777E+01 -0.235460951942390E+00
  0.00000000  0.00000000  0.02500000    0.3393D+01  0.882545995468203E+00  0.123804417377808E+00    0.111121803436273E+01 -0.155882755154315E+00
  0.00000000  0.00000000  0.02500000    0.3496D+01  0.951596784152977E+00  0.108268163522785E+00    0.103743585014399E+01 -0.118034524851582E+00
  0.00000000  0.00000000  0.02500000    0.3603D+01  0.102138088235275E+01  0.175906948166386E+00    0.950862839150114E+00 -0.163762004017962E+00
  0.00000000  0.00000000  0.02500000    0.3713D+01  0.100252019696633E+01  0.238299184595676E+00    0.944140899786165E+00 -0.224422417865789E+00
  0.00000000  0.00000000  0.02500000    0.3826D+01  0.906874089001302E+00  0.254455035068586E+00    0.102221237839104E+01 -0.286817199593251E+00
  0.00000000  0.00000000  0.02500000    0.3942D+01  0.878758289530770E+00  0.190117284890713E+00    0.108708683503249E+01 -0.235188674723255E+00
  0.00000000  0.00000000  0.02500000    0.4062D+01  0.920281930349693E+00  0.117551974709599E+00    0.106917863603192E+01 -0.136571256957214E+00
  0.00000000  0.00000000  0.02500000    0.4186D+01  0.979827787243225E+00  0.150412158796384E+00    0.997091113517161E+00 -0.153062230785232E+00
  0.00000000  0.00000000  0.02500000    0.4313D+01  0.102535450351298E+01  0.159275223300163E+00    0.952294069553774E+00 -0.147926253852629E+00
  0.00000000  0.00000000  0.02500000    0.4445D+01  0.106440512193971E+01  0.307283613477267E+00    0.867216213477627E+00 -0.250357055082429E+00
  0.00000000  0.00000000  0.02500000    0.4580D+01  0.808034555865508E+00  0.291038230651884E+00    0.109545723439581E+01 -0.394562253481677E+00
  0.00000000  0.00000000  0.02500000    0.4720D+01  0.798703837199915E+00  0.174980689915499E+00    0.119468782080019E+01 -0.261733184918875E+00
  0.00000000  0.00000000  0.02500000    0.4863D+01  0.865216337719788E+00  0.123533936815456E+00    0.113268976051648E+01 -0.161723281458045E+00
  0.00000000  0.00000000  0.02500000    0.5012D+01  0.902983676640416E+00  0.144912847944577E+00    0.107963423597736E+01 -0.173262126349876E+00
  0.00000000  0.00000000  0.02500000    0.5164D+01  0.910249382688735E+00  0.146895288239087E+00    0.107071514385020E+01 -0.172791119301000E+00
  0.00000000  0.00000000  0.02500000    0.5322D+01  0.918080417413677E+00  0.190068211957836E+00    0.104446296594550E+01 -0.216232918846789E+00
  0.00000000  0.00000000  0.02500000    0.5484D+01  0.805082919458107E+00  0.137730710545445E+00    0.120678881822479E+01 -0.206453121032891E+00
  0.00000000  0.00000000  0.02500000    0.5651D+01  0.868471707197426E+00  0.660511425955425E-01    0.114482599384203E+01 -0.870691173237657E-01
  0.00000000  0.00000000  0.02500000    0.5823D+01  0.909604888761137E+00  0.116585568282160E+00    0.108160977831662E+01 -0.138631720456483E+00
  0.00000000  0.00000000  0.02500000    0.6000D+01  0.891339660903614E+00  0.111148398209120E+00    0.110472865244207E+01 -0.137757608642901E+00
  0.00000000  0.00000000  0.02500000    0.6183D+01  0.878985364856068E+00  0.104500842207427E+00    0.112181916853148E+01 -0.133370875788327E+00
  0.00000000  0.00000000  0.02500000    0.6371D+01  0.875811887324750E+00  0.927310825316854E-01    0.112913936799387E+01 -0.119553430866358E+00
  0.00000000  0.00000000  0.02500000    0.6565D+01  0.871030575986859E+00  0.800621249947902E-01    0.113844698107013E+01 -0.104642118211650E+00
  0.00000000  0.00000000  0.02500000    0.6765D+01  0.869668893525808E+00  0.558687618546922E-01    0.114513697060839E+01 -0.735652214057548E-01
  0.00000000  0.00000000  0.02500000    0.6971D+01  0.888129755608750E+00  0.307584446450023E-01    0.112461270199026E+01 -0.389485177394198E-01
  0.00000000  0.00000000  0.02500000    0.7184D+01  0.911580942844186E+00  0.366390809126881E-01    0.109522598538909E+01 -0.440203075890854E-01
  0.00000000  0.00000000  0.02500000    0.7402D+01  0.913764009648039E+00  0.585959108391838E-01    0.108989268869918E+01 -0.698903153735442E-01
  0.00000000  0.00000000  0.02500000    0.7628D+01  0.894423275605587E+00  0.314608293677642E-01    0.111665730929647E+01 -0.392777849461227E-01
  0.00000000  0.00000000  0.02500000    0.7860D+01  0.909694528564822E+00  0.227387748814743E-01    0.109858370691007E+01 -0.274602592579005E-01
  0.00000000  0.00000000  0.02500000    0.8100D+01  0.917481397565385E+00  0.228791855519350E-01    0.108926299514541E+01 -0.271628942525913E-01
  0.00000000  0.00000000  0.02500000    0.8346D+01  0.919990526785426E+00  0.160108064041275E-01    0.108663860137245E+01 -0.189110211152033E-01
  0.00000000  0.00000000  0.02500000    0.8600D+01  0.929393110075754E+00  0.786149403465880E-02    0.107589398286679E+01 -0.910070672628851E-02
  0.00000000  0.00000000  0.02500000    0.8862D+01  0.937772138351354E+00  0.119974865331013E-01    0.106618261468991E+01 -0.136403194746829E-01
  0.00000000  0.00000000  0.02500000    0.9132D+01  0.939194483609717E+00  0.116869907917651E-01    0.106457735584844E+01 -0.132472091478898E-01
  0.00000000  0.00000000  0.02500000    0.9410D+01  0.943133399306900E+00  0.515423971878266E-02    0.106026372856692E+01 -0.579435891696792E-02
  0.00000000  0.00000000  0.02500000    0.9697D+01  0.950994898861327E+00  0.453135817154629E-02    0.105150647791672E+01 -0.501028183941563E-02
  0.00000000  0.00000000  0.02500000    0.9992D+01  0.955476578518548E+00  0.814759829610837E-02    0.104652203265393E+01 -0.892396665893315E-02
  0.00000000  0.00000000  0.02500000    0.1030D+02  0.956664261709867E+00  0.866990275634105E-02    0.104521295018791E+01 -0.947238754544987E-02
  0.00000000  0.00000000  0.02500000    0.1061D+02  0.957059409994412E+00  0.915882776162234E-02    0.104477153420132E+01 -0.999821163876517E-02
  0.00000000  0.00000000  0.02500000    0.1093D+02  0.957541991376742E+00  0.510758594864620E-02    0.104431091025166E+01 -0.557041652403179E-02
  0.00000000  0.00000000  0.02500000    0.1127D+02  0.961182836666110E+00  0.280880110444347E-02    0.104037590193583E+01 -0.304022176730651E-02
  0.00000000  0.00000000  0.02500000    0.1161D+02  0.964439505060873E+00  0.245803165799415E-02    0.103686493461713E+01 -0.264261969877735E-02
  0.00000000  0.00000000  0.02500000    0.1196D+02  0.966724820436403E+00  0.189903718015563E-02    0.103441653715289E+01 -0.203201099453968E-02
  0.00000000  0.00000000  0.02500000    0.1233D+02  0.969116178668569E+00  0.878814149698274E-03    0.103186717928042E+01 -0.935718026095411E-03
  0.00000000  0.00000000  0.02500000    0.1270D+02  0.971563062013129E+00  0.625144918837579E-03    0.102926884016147E+01 -0.662275266220545E-03
  0.00000000  0.00000000  0.02500000    0.1309D+02  0.973658770150818E+00  0.354487676282437E-03    0.102705372570349E+01 -0.373927601540994E-03
  0.00000000  0.00000000  0.02500000    0.1349D+02  0.975572351358260E+00  0.215725879023780E-03    0.102503924973925E+01 -0.226664370793214E-03
  0.00000000  0.00000000  0.02500000    0.1390D+02  0.977325891996805E+00  0.600629685062719E-04    0.102320014686194E+01 -0.628822368258533E-04
  0.00000000  0.00000000  0.02500000    0.1432D+02  0.978963337323027E+00  0.120612993849617E-05    0.102148871349256E+01 -0.125852324822331E-05
  0.00000000  0.00000000  0.02500000    0.1476D+02  0.980437482703089E+00 -0.111421752124503E-18    0.101995284517578E+01  0.115912472848892E-18
  0.00000000  0.00000000  0.02500000    0.1521D+02  0.981765062370717E+00 -0.103632939003009E-18    0.101857362655099E+01  0.107518369268038E-18
  0.00000000  0.00000000  0.02500000    0.1567D+02  0.982979391118554E+00 -0.966411866625532E-19    0.101731532627767E+01  0.100016909031636E-18
