 q(1:3)   w(Ry)   eps    epsi  --- NO LFC
  0.00000000  0.00000000  0.05000000    0.0000D+00  0.203905717919965E+01 -0.119709432985529E-17    0.490422735664780E+00  0.287918495903516E-18
  0.00000000  0.00000000  0.05000000    0.1015D-04  0.203905717927861E+01 -0.119709432992415E-17    0.490422735645789E+00  0.287918495897779E-18
  0.00000000  0.00000000  0.05000000    0.3076D-04  0.203905717992481E+01 -0.119709433049240E-17    0.490422735490368E+00  0.287918495851963E-18
  0.00000000  0.00000000  0.05000000    0.5200D-04  0.203905718127180E+01 -0.119709433167718E-17    0.490422735166396E+00  0.287918495756522E-18
  0.00000000  0.00000000  0.05000000    0.7389D-04  0.203905718338307E+01 -0.119709433353416E-17    0.490422734658606E+00  0.287918495606924E-18
  0.00000000  0.00000000  0.05000000    0.9644D-04  0.203905718632659E+01 -0.119709433612302E-17    0.490422733950647E+00  0.287918495398321E-18
  0.00000000  0.00000000  0.05000000    0.1197D-03  0.203905719017521E+01 -0.119709433950751E-17    0.490422733024998E+00  0.287918495125476E-18
  0.00000000  0.00000000  0.05000000    0.1436D-03  0.203905719500691E+01 -0.119709434375673E-17    0.490422731862904E+00  0.287918494782985E-18
  0.00000000  0.00000000  0.05000000    0.1683D-03  0.203905720090518E+01 -0.119709434894455E-17    0.490422730444286E+00  0.287918494365039E-18
  0.00000000  0.00000000  0.05000000    0.1937D-03  0.203905720795936E+01 -0.119709435514856E-17    0.490422728747653E+00  0.287918493865069E-18
  0.00000000  0.00000000  0.05000000    0.2199D-03  0.203905721626500E+01 -0.119709436245318E-17    0.490422726750026E+00  0.287918493276393E-18
  0.00000000  0.00000000  0.05000000    0.2469D-03  0.203905722592435E+01 -0.119709437094784E-17    0.490422724426814E+00  0.287918492591647E-18
  0.00000000  0.00000000  0.05000000    0.2748D-03  0.203905723704667E+01 -0.119709438072980E-17    0.490422721751734E+00  0.287918491803365E-18
  0.00000000  0.00000000  0.05000000    0.3034D-03  0.203905724974881E+01 -0.119709439190118E-17    0.490422718696687E+00  0.287918490903116E-18
  0.00000000  0.00000000  0.05000000    0.3330D-03  0.203905726415561E+01 -0.119709440457140E-17    0.490422715231643E+00  0.287918489881955E-18
  0.00000000  0.00000000  0.05000000    0.3634D-03  0.203905728040049E+01 -0.119709441885845E-17    0.490422711324516E+00  0.287918488730585E-18
  0.00000000  0.00000000  0.05000000    0.3948D-03  0.203905729862595E+01 -0.119709443488777E-17    0.490422706941029E+00  0.287918487438934E-18
  0.00000000  0.00000000  0.05000000    0.4271D-03  0.203905731898419E+01 -0.119709445279248E-17    0.490422702044578E+00  0.287918485996034E-18
  0.00000000  0.00000000  0.05000000    0.4604D-03  0.203905734163773E+01 -0.119709447271562E-17    0.490422696596076E+00  0.287918484390399E-18
  0.00000000  0.00000000  0.05000000    0.4948D-03  0.203905736676006E+01 -0.119709449480994E-17    0.490422690553793E+00  0.287918482609768E-18
  0.00000000  0.00000000  0.05000000    0.5301D-03  0.203905739453637E+01 -0.119709451923848E-17    0.490422683873190E+00  0.287918480641054E-18
  0.00000000  0.00000000  0.05000000    0.5666D-03  0.203905742516428E+01 -0.119709454617476E-17    0.490422676506736E+00  0.287918478470190E-18
  0.00000000  0.00000000  0.05000000    0.6041D-03  0.203905745885467E+01 -0.119709457580481E-17    0.490422668403713E+00  0.287918476082361E-18
  0.00000000  0.00000000  0.05000000    0.6428D-03  0.203905749583250E+01 -0.119709460832586E-17    0.490422659510012E+00  0.287918473461471E-18
  0.00000000  0.00000000  0.05000000    0.6827D-03  0.203905753633773E+01 -0.119709464394915E-17    0.490422649767922E+00  0.287918470590569E-18
  0.00000000  0.00000000  0.05000000    0.7238D-03  0.203905758062626E+01 -0.119709468289932E-17    0.490422639115894E+00  0.287918467451407E-18
  0.00000000  0.00000000  0.05000000    0.7662D-03  0.203905762897097E+01 -0.119709472541786E-17    0.490422627488296E+00  0.287918464025012E-18
  0.00000000  0.00000000  0.05000000    0.8098D-03  0.203905768166284E+01 -0.119709477175896E-17    0.490422614815145E+00  0.287918460290345E-18
  0.00000000  0.00000000  0.05000000    0.8548D-03  0.203905773901200E+01 -0.119709482219602E-17    0.490422601021852E+00  0.287918456225584E-18
  0.00000000  0.00000000  0.05000000    0.9011D-03  0.203905780134907E+01 -0.119709487701982E-17    0.490422586028894E+00  0.287918451807290E-18
  0.00000000  0.00000000  0.05000000    0.9488D-03  0.203905786902636E+01 -0.119709493654005E-17    0.490422569751538E+00  0.287918447010460E-18
  0.00000000  0.00000000  0.05000000    0.9980D-03  0.203905794241937E+01 -0.119709500108726E-17    0.490422552099469E+00  0.287918441808548E-18
  0.00000000  0.00000000  0.05000000    0.1049D-02  0.203905802192813E+01 -0.119709507101330E-17    0.490422532976477E+00  0.287918436173215E-18
  0.00000000  0.00000000  0.05000000    0.1101D-02  0.203905810797889E+01 -0.119709514669308E-17    0.490422512280044E+00  0.287918430074257E-18
  0.00000000  0.00000000  0.05000000    0.1155D-02  0.203905820102566E+01 -0.119709522852571E-17    0.490422489900972E+00  0.287918423479450E-18
  0.00000000  0.00000000  0.05000000    0.1210D-02  0.203905830155209E+01 -0.119709531693540E-17    0.490422465722937E+00  0.287918416354237E-18
  0.00000000  0.00000000  0.05000000    0.1267D-02  0.203905841007325E+01 -0.119709541237709E-17    0.490422439622058E+00  0.287918408662581E-18
  0.00000000  0.00000000  0.05000000    0.1326D-02  0.203905852713767E+01 -0.119709551533251E-17    0.490422411466409E+00  0.287918400365442E-18
  0.00000000  0.00000000  0.05000000    0.1387D-02  0.203905865332945E+01 -0.119709562631505E-17    0.490422381115502E+00  0.287918391421340E-18
  0.00000000  0.00000000  0.05000000    0.1450D-02  0.203905878927054E+01 -0.119709574587110E-17    0.490422348419754E+00  0.287918381786051E-18
  0.00000000  0.00000000  0.05000000    0.1514D-02  0.203905893562306E+01 -0.119709587458471E-17    0.490422313219916E+00  0.287918371413066E-18
  0.00000000  0.00000000  0.05000000    0.1580D-02  0.203905909309189E+01 -0.119709601307416E-17    0.490422275346453E+00  0.287918360252025E-18
  0.00000000  0.00000000  0.05000000    0.1649D-02  0.203905926242737E+01 -0.119709616199988E-17    0.490422234618902E+00  0.287918348249874E-18
  0.00000000  0.00000000  0.05000000    0.1719D-02  0.203905944442814E+01 -0.119709632206485E-17    0.490422190845177E+00  0.287918335350146E-18
  0.00000000  0.00000000  0.05000000    0.1792D-02  0.203905963994424E+01 -0.119709649401606E-17    0.490422143820839E+00  0.287918321492462E-18
  0.00000000  0.00000000  0.05000000    0.1867D-02  0.203905984988025E+01 -0.119709667864860E-17    0.490422093328319E+00  0.287918306612581E-18
  0.00000000  0.00000000  0.05000000    0.1944D-02  0.203906007519884E+01 -0.119709687681043E-17    0.490422039136088E+00  0.287918290642597E-18
  0.00000000  0.00000000  0.05000000    0.2024D-02  0.203906031692435E+01 -0.119709708940121E-17    0.490421980997780E+00  0.287918273509610E-18
  0.00000000  0.00000000  0.05000000    0.2106D-02  0.203906057614669E+01 -0.119709731737986E-17    0.490421918651258E+00  0.287918255136461E-18
  0.00000000  0.00000000  0.05000000    0.2190D-02  0.203906085402545E+01 -0.119709756176620E-17    0.490421851817631E+00  0.287918235440965E-18
  0.00000000  0.00000000  0.05000000    0.2277D-02  0.203906115179432E+01 -0.119709782364547E-17    0.490421780200179E+00  0.287918214335726E-18
  0.00000000  0.00000000  0.05000000    0.2367D-02  0.203906147076572E+01 -0.119709810417137E-17    0.490421703483256E+00  0.287918191727607E-18
  0.00000000  0.00000000  0.05000000    0.2459D-02  0.203906181233572E+01 -0.119709840457164E-17    0.490421621331093E+00  0.287918167517636E-18
  0.00000000  0.00000000  0.05000000    0.2554D-02  0.203906217798931E+01 -0.119709872615317E-17    0.490421533386533E+00  0.287918141600771E-18
  0.00000000  0.00000000  0.05000000    0.2652D-02  0.203906256930599E+01 -0.119709907030438E-17    0.490421439269691E+00  0.287918113864892E-18
  0.00000000  0.00000000  0.05000000    0.2753D-02  0.203906298796570E+01 -0.119709943850251E-17    0.490421338576531E+00  0.287918084190878E-18
  0.00000000  0.00000000  0.05000000    0.2858D-02  0.203906343575507E+01 -0.119709983231889E-17    0.490421230877351E+00  0.287918052452108E-18
  0.00000000  0.00000000  0.05000000    0.2965D-02  0.203906391457416E+01 -0.119710025342519E-17    0.490421115715170E+00  0.287918018514050E-18
  0.00000000  0.00000000  0.05000000    0.3075D-02  0.203906442644352E+01 -0.119710070359802E-17    0.490420992604031E+00  0.287917982233401E-18
  0.00000000  0.00000000  0.05000000    0.3189D-02  0.203906497351177E+01 -0.119710118472577E-17    0.490420861027177E+00  0.287917943457566E-18
  0.00000000  0.00000000  0.05000000    0.3307D-02  0.203906555806360E+01 -0.119710169881933E-17    0.490420720435124E+00  0.287917902024990E-18
  0.00000000  0.00000000  0.05000000    0.3428D-02  0.203906618252825E+01 -0.119710224801448E-17    0.490420570243627E+00  0.287917857763331E-18
  0.00000000  0.00000000  0.05000000    0.3553D-02  0.203906684948866E+01 -0.119710283458265E-17    0.490420409831475E+00  0.287917810489474E-18
  0.00000000  0.00000000  0.05000000    0.3681D-02  0.203906756169090E+01 -0.119710346093846E-17    0.490420238538221E+00  0.287917760008664E-18
  0.00000000  0.00000000  0.05000000    0.3813D-02  0.203906832205454E+01 -0.119710412965016E-17    0.490420055661702E+00  0.287917706114107E-18
  0.00000000  0.00000000  0.05000000    0.3950D-02  0.203906913368340E+01 -0.119710484344714E-17    0.490419860455436E+00  0.287917648585734E-18
  0.00000000  0.00000000  0.05000000    0.4090D-02  0.203906999987709E+01 -0.119710560523062E-17    0.490419652125860E+00  0.287917587189507E-18
  0.00000000  0.00000000  0.05000000    0.4235D-02  0.203907092414321E+01 -0.119710641808583E-17    0.490419429829390E+00  0.287917521676908E-18
  0.00000000  0.00000000  0.05000000    0.4385D-02  0.203907191021037E+01 -0.119710728529142E-17    0.490419192669291E+00  0.287917451783530E-18
  0.00000000  0.00000000  0.05000000    0.4538D-02  0.203907296204197E+01 -0.119710821033320E-17    0.490418939692368E+00  0.287917377228482E-18
  0.00000000  0.00000000  0.05000000    0.4697D-02  0.203907408385085E+01 -0.119710919691498E-17    0.490418669885438E+00  0.287917297712864E-18
  0.00000000  0.00000000  0.05000000    0.4860D-02  0.203907528011480E+01 -0.119711024897518E-17    0.490418382171598E+00  0.287917212919374E-18
  0.00000000  0.00000000  0.05000000    0.5029D-02  0.203907655559324E+01 -0.119711137069915E-17    0.490418075406229E+00  0.287917122510579E-18
  0.00000000  0.00000000  0.05000000    0.5202D-02  0.203907791534462E+01 -0.119711256653543E-17    0.490417748372796E+00  0.287917026127892E-18
  0.00000000  0.00000000  0.05000000    0.5381D-02  0.203907936474511E+01 -0.119711384121213E-17    0.490417399778356E+00  0.287916923390237E-18
  0.00000000  0.00000000  0.05000000    0.5565D-02  0.203908090950847E+01 -0.119711519975189E-17    0.490417028248799E+00  0.287916813892054E-18
  0.00000000  0.00000000  0.05000000    0.5755D-02  0.203908255570700E+01 -0.119711664749610E-17    0.490416632323783E+00  0.287916697203178E-18
  0.00000000  0.00000000  0.05000000    0.5950D-02  0.203908430979396E+01 -0.119711819011878E-17    0.490416210451369E+00  0.287916572865874E-18
  0.00000000  0.00000000  0.05000000    0.6152D-02  0.203908617862723E+01 -0.119711983365084E-17    0.490415760982319E+00  0.287916440393976E-18
  0.00000000  0.00000000  0.05000000    0.6360D-02  0.203908816949457E+01 -0.119712158449976E-17    0.490415282164022E+00  0.287916299270477E-18
  0.00000000  0.00000000  0.05000000    0.6574D-02  0.203909029014038E+01 -0.119712344947662E-17    0.490414772134075E+00  0.287916148946509E-18
  0.00000000  0.00000000  0.05000000    0.6794D-02  0.203909254879414E+01 -0.119712543581743E-17    0.490414228913430E+00  0.287915988838390E-18
  0.00000000  0.00000000  0.05000000    0.7021D-02  0.203909495420057E+01 -0.119712755121065E-17    0.490413650399155E+00  0.287915818325774E-18
  0.00000000  0.00000000  0.05000000    0.7255D-02  0.203909751565178E+01 -0.119712980382768E-17    0.490413034356702E+00  0.287915636749878E-18
  0.00000000  0.00000000  0.05000000    0.7497D-02  0.203910024302129E+01 -0.119713220235044E-17    0.490412378411727E+00  0.287915443410507E-18
  0.00000000  0.00000000  0.05000000    0.7745D-02  0.203910314680024E+01 -0.119713475600175E-17    0.490411680041394E+00  0.287915237563152E-18
  0.00000000  0.00000000  0.05000000    0.8001D-02  0.203910623813583E+01 -0.119713747458483E-17    0.490410936565133E+00  0.287915018417620E-18
  0.00000000  0.00000000  0.05000000    0.8265D-02  0.203910952887213E+01 -0.119714036851241E-17    0.490410145134831E+00  0.287914785133521E-18
  0.00000000  0.00000000  0.05000000    0.8537D-02  0.203911303159345E+01 -0.119714344884929E-17    0.490409302724408E+00  0.287914536818243E-18
  0.00000000  0.00000000  0.05000000    0.8818D-02  0.203911675967042E+01 -0.119714672735062E-17    0.490408406118749E+00  0.287914272523162E-18
  0.00000000  0.00000000  0.05000000    0.9107D-02  0.203912072730888E+01 -0.119715021650725E-17    0.490407451901952E+00  0.287913991240726E-18
  0.00000000  0.00000000  0.05000000    0.9404D-02  0.203912494960185E+01 -0.119715392958742E-17    0.490406436444837E+00  0.287913691899819E-18
  0.00000000  0.00000000  0.05000000    0.9711D-02  0.203912944258473E+01 -0.119715788068909E-17    0.490405355891697E+00  0.287913373362756E-18
  0.00000000  0.00000000  0.05000000    0.1003D-01  0.203913422329395E+01 -0.119716208478966E-17    0.490404206146192E+00  0.287913034420669E-18
  0.00000000  0.00000000  0.05000000    0.1035D-01  0.203913930982913E+01 -0.119716655780139E-17    0.490402982856426E+00  0.287912673789295E-18
  0.00000000  0.00000000  0.05000000    0.1069D-01  0.203914472141941E+01 -0.119717131662764E-17    0.490401681399013E+00  0.287912290103765E-18
  0.00000000  0.00000000  0.05000000    0.1103D-01  0.203915047849348E+01 -0.119717637922670E-17    0.490400296862249E+00  0.287911881914174E-18
  0.00000000  0.00000000  0.05000000    0.1139D-01  0.203915660275440E+01 -0.119718176467705E-17    0.490398824028152E+00  0.287911447680157E-18
  0.00000000  0.00000000  0.05000000    0.1176D-01  0.203916311725875E+01 -0.119718749324477E-17    0.490397257353448E+00  0.287910985764749E-18
  0.00000000  0.00000000  0.05000000    0.1214D-01  0.203917004650088E+01 -0.119719358645973E-17    0.490395590949344E+00  0.287910494428906E-18
  0.00000000  0.00000000  0.05000000    0.1253D-01  0.203917741650232E+01 -0.119720006719500E-17    0.490393818560056E+00  0.287909971825370E-18
  0.00000000  0.00000000  0.05000000    0.1293D-01  0.203918525490685E+01 -0.119720695974619E-17    0.490391933539986E+00  0.287909415990888E-18
  0.00000000  0.00000000  0.05000000    0.1334D-01  0.203919359108135E+01 -0.119721428992349E-17    0.490389928829522E+00  0.287908824839890E-18
  0.00000000  0.00000000  0.05000000    0.1377D-01  0.203920245622312E+01 -0.119722208514397E-17    0.490387796929264E+00  0.287908196156356E-18
  0.00000000  0.00000000  0.05000000    0.1421D-01  0.203921188347367E+01 -0.119723037453282E-17    0.490385529872728E+00  0.287907527586052E-18
  0.00000000  0.00000000  0.05000000    0.1466D-01  0.203922190803983E+01 -0.119723918902769E-17    0.490383119197281E+00  0.287906816627411E-18
  0.00000000  0.00000000  0.05000000    0.1513D-01  0.203923256732217E+01 -0.119724856149403E-17    0.490380555913325E+00  0.287906060623010E-18
  0.00000000  0.00000000  0.05000000    0.1561D-01  0.203924390105172E+01 -0.119725852684155E-17    0.490377830471510E+00  0.287905256748976E-18
  0.00000000  0.00000000  0.05000000    0.1610D-01  0.203925595143492E+01 -0.119726912215272E-17    0.490374932727964E+00  0.287904402004952E-18
  0.00000000  0.00000000  0.05000000    0.1662D-01  0.203926876330789E+01 -0.119728038681924E-17    0.490371851907300E+00  0.287903493203362E-18
  0.00000000  0.00000000  0.05000000    0.1714D-01  0.203928238430011E+01 -0.119729236268298E-17    0.490368576563371E+00  0.287902526957074E-18
  0.00000000  0.00000000  0.05000000    0.1768D-01  0.203929686500849E+01 -0.119730509419062E-17    0.490365094537541E+00  0.287901499667443E-18
  0.00000000  0.00000000  0.05000000    0.1824D-01  0.203931225918231E+01 -0.119731862855384E-17    0.490361392914376E+00  0.287900407510620E-18
  0.00000000  0.00000000  0.05000000    0.1882D-01  0.203932862391961E+01 -0.119733301592094E-17    0.490357457974572E+00  0.287899246423349E-18
  0.00000000  0.00000000  0.05000000    0.1941D-01  0.203934601987603E+01 -0.119734830956252E-17    0.490353275144936E+00  0.287898012088662E-18
  0.00000000  0.00000000  0.05000000    0.2002D-01  0.203936451148665E+01 -0.119736456606037E-17    0.490348828945260E+00  0.287896699918669E-18
  0.00000000  0.00000000  0.05000000    0.2065D-01  0.203938416720173E+01 -0.119738184551928E-17    0.490344102931873E+00  0.287895305038909E-18
  0.00000000  0.00000000  0.05000000    0.2130D-01  0.203940505973734E+01 -0.119740021178072E-17    0.490339079637663E+00  0.287893822268990E-18
  0.00000000  0.00000000  0.05000000    0.2197D-01  0.203942726634155E+01 -0.119741973266046E-17    0.490333740508363E+00  0.287892246104547E-18
  0.00000000  0.00000000  0.05000000    0.2266D-01  0.203945086907763E+01 -0.119744048018993E-17    0.490328065834832E+00  0.287890570695336E-18
  0.00000000  0.00000000  0.05000000    0.2337D-01  0.203947595512470E+01 -0.119746253088429E-17    0.490322034681137E+00  0.287888789824790E-18
  0.00000000  0.00000000  0.05000000    0.2410D-01  0.203950261709767E+01 -0.119748596601788E-17    0.490315624808099E+00  0.287886896885933E-18
  0.00000000  0.00000000  0.05000000    0.2486D-01  0.203953095338714E+01 -0.119751087192132E-17    0.490308812592059E+00  0.287884884856842E-18
  0.00000000  0.00000000  0.05000000    0.2564D-01  0.203956106852072E+01 -0.119753734029746E-17    0.490301572938580E+00  0.287882746274612E-18
  0.00000000  0.00000000  0.05000000    0.2644D-01  0.203959307354740E+01 -0.119756546855505E-17    0.490293879190681E+00  0.287880473207057E-18
  0.00000000  0.00000000  0.05000000    0.2726D-01  0.203962708644600E+01 -0.119759536016317E-17    0.490285703031369E+00  0.287878057222621E-18
  0.00000000  0.00000000  0.05000000    0.2811D-01  0.203966323255960E+01 -0.119762712503174E-17    0.490277014380011E+00  0.287875489359208E-18
  0.00000000  0.00000000  0.05000000    0.2899D-01  0.203970164505749E+01 -0.119766087990992E-17    0.490267781282206E+00  0.287872760089567E-18
  0.00000000  0.00000000  0.05000000    0.2989D-01  0.203974246542654E+01 -0.119769674881541E-17    0.490257969792714E+00  0.287869859285785E-18
  0.00000000  0.00000000  0.05000000    0.3082D-01  0.203978584399370E+01 -0.119773486348573E-17    0.490247543851025E+00  0.287866776180272E-18
  0.00000000  0.00000000  0.05000000    0.3178D-01  0.203983194048195E+01 -0.119777536386142E-17    0.490236465149050E+00  0.287863499325000E-18
  0.00000000  0.00000000  0.05000000    0.3277D-01  0.203988092460158E+01 -0.119781839859877E-17    0.490224692990506E+00  0.287860016547853E-18
  0.00000000  0.00000000  0.05000000    0.3379D-01  0.203993297667945E+01 -0.119786412561298E-17    0.490212184141350E+00  0.287856314905574E-18
  0.00000000  0.00000000  0.05000000    0.3484D-01  0.203998828832841E+01 -0.119791271265660E-17    0.490198892670807E+00  0.287852380633871E-18
  0.00000000  0.00000000  0.05000000    0.3592D-01  0.204004706315984E+01 -0.119796433793710E-17    0.490184769782269E+00  0.287848199094737E-18
  0.00000000  0.00000000  0.05000000    0.3703D-01  0.204010951754204E+01 -0.119801919076832E-17    0.490169763633483E+00  0.287843754719009E-18
  0.00000000  0.00000000  0.05000000    0.3818D-01  0.204017588140741E+01 -0.119807747226889E-17    0.490153819145314E+00  0.287839030946417E-18
  0.00000000  0.00000000  0.05000000    0.3936D-01  0.204024639911198E+01 -0.119813939609862E-17    0.490136877798314E+00  0.287834010160015E-18
  0.00000000  0.00000000  0.05000000    0.4058D-01  0.204032133035063E+01 -0.119820518924855E-17    0.490118877416309E+00  0.287828673617784E-18
  0.00000000  0.00000000  0.05000000    0.4184D-01  0.204040095113174E+01 -0.119827509287369E-17    0.490099751936175E+00  0.287823001377720E-18
  0.00000000  0.00000000  0.05000000    0.4313D-01  0.204048555481552E+01 -0.119834936318606E-17    0.490079431162848E+00  0.287816972219479E-18
  0.00000000  0.00000000  0.05000000    0.4447D-01  0.204057545322018E+01 -0.119842827239820E-17    0.490057840508629E+00  0.287810563558993E-18
  0.00000000  0.00000000  0.05000000    0.4584D-01  0.204067097780067E+01 -0.119851210973201E-17    0.490034900715719E+00  0.287803751358334E-18
  0.00000000  0.00000000  0.05000000    0.4726D-01  0.204077248090508E+01 -0.119860118248943E-17    0.490010527560868E+00  0.287796510028520E-18
  0.00000000  0.00000000  0.05000000    0.4872D-01  0.204088033711415E+01 -0.119869581719043E-17    0.489984631540927E+00  0.287788812325088E-18
  0.00000000  0.00000000  0.05000000    0.5022D-01  0.204099494466947E+01 -0.119879636078859E-17    0.489957117538056E+00  0.287780629237281E-18
  0.00000000  0.00000000  0.05000000    0.5177D-01  0.204111672699697E+01 -0.119890318196027E-17    0.489927884463162E+00  0.287771929868086E-18
  0.00000000  0.00000000  0.05000000    0.5337D-01  0.204124613433227E+01 -0.119901667247842E-17    0.489896824876103E+00  0.287762681305867E-18
  0.00000000  0.00000000  0.05000000    0.5501D-01  0.204138364545526E+01 -0.119913724867804E-17    0.489863824581089E+00  0.287752848487264E-18
  0.00000000  0.00000000  0.05000000    0.5671D-01  0.204152976954178E+01 -0.119926535301189E-17    0.489828762195543E+00  0.287742394048784E-18
  0.00000000  0.00000000  0.05000000    0.5846D-01  0.204168504814097E+01 -0.119940145571006E-17    0.489791508690596E+00  0.287731278167917E-18
  0.00000000  0.00000000  0.05000000    0.6026D-01  0.204185005728753E+01 -0.119954605654773E-17    0.489751926901253E+00  0.287719458392298E-18
  0.00000000  0.00000000  0.05000000    0.6211D-01  0.204202540975868E+01 -0.119969968672594E-17    0.489709871004091E+00  0.287706889455227E-18
  0.00000000  0.00000000  0.05000000    0.6403D-01  0.204221175748720E+01 -0.119986291088351E-17    0.489665185960162E+00  0.287693523078818E-18
  0.00000000  0.00000000  0.05000000    0.6600D-01  0.204240979414146E+01 -0.120003632922842E-17    0.489617706920739E+00  0.287679307758796E-18
  0.00000000  0.00000000  0.05000000    0.6803D-01  0.204262025788608E+01 -0.120022057982145E-17    0.489567258593092E+00  0.287664188535122E-18
  0.00000000  0.00000000  0.05000000    0.7012D-01  0.204284393433655E+01 -0.120041634100854E-17    0.489513654563518E+00  0.287648106743749E-18
  0.00000000  0.00000000  0.05000000    0.7227D-01  0.204308165972315E+01 -0.120062433400820E-17    0.489456696574482E+00  0.287630999746835E-18
  0.00000000  0.00000000  0.05000000    0.7450D-01  0.204333432428048E+01 -0.120084532568293E-17    0.489396173752491E+00  0.287612800643739E-18
  0.00000000  0.00000000  0.05000000    0.7678D-01  0.204360287588094E+01 -0.120108013148822E-17    0.489331861783043E+00  0.287593437956188E-18
  0.00000000  0.00000000  0.05000000    0.7914D-01  0.204388832393130E+01 -0.120132961862314E-17    0.489263522028718E+00  0.287572835288007E-18
  0.00000000  0.00000000  0.05000000    0.8157D-01  0.204419174355419E+01 -0.120159470939637E-17    0.489190900586127E+00  0.287550910956681E-18
  0.00000000  0.00000000  0.05000000    0.8408D-01  0.204451428007805E+01 -0.120187638481938E-17    0.489113727276988E+00  0.287527577593031E-18
  0.00000000  0.00000000  0.05000000    0.8666D-01  0.204485715386107E+01 -0.120217568844639E-17    0.489031714568332E+00  0.287502741706546E-18
  0.00000000  0.00000000  0.05000000    0.8932D-01  0.204522166547779E+01 -0.120249373048023E-17    0.488944556416279E+00  0.287476303213158E-18
  0.00000000  0.00000000  0.05000000    0.9206D-01  0.204560920129922E+01 -0.120283169215932E-17    0.488851927027349E+00  0.287448154920398E-18
  0.00000000  0.00000000  0.05000000    0.9488D-01  0.204602123950118E+01 -0.120319083045412E-17    0.488753479530739E+00  0.287418181967308E-18
  0.00000000  0.00000000  0.05000000    0.9779D-01  0.204645935653835E+01 -0.120357248309321E-17    0.488648844554396E+00  0.287386261213510E-18
  0.00000000  0.00000000  0.05000000    0.1008D+00  0.204692523412607E+01 -0.120397807394336E-17    0.488537628696999E+00  0.287352260571742E-18
  0.00000000  0.00000000  0.05000000    0.1039D+00  0.204742066677621E+01 -0.120440911877058E-17    0.488419412887222E+00  0.287316038277658E-18
  0.00000000  0.00000000  0.05000000    0.1071D+00  0.204794756993841E+01 -0.120486723142095E-17    0.488293750620811E+00  0.287277442092105E-18
  0.00000000  0.00000000  0.05000000    0.1103D+00  0.204850798880345E+01 -0.120535413044114E-17    0.488160166065113E+00  0.287236308425192E-18
  0.00000000  0.00000000  0.05000000    0.1137D+00  0.204910410783246E+01 -0.120587164618657E-17    0.488018152019518E+00  0.287192461376307E-18
  0.00000000  0.00000000  0.05000000    0.1172D+00  0.204973826108232E+01 -0.120642172844866E-17    0.487867167719244E+00  0.287145711678535E-18
  0.00000000  0.00000000  0.05000000    0.1208D+00  0.205041294340585E+01 -0.120700645465120E-17    0.487706636468528E+00  0.287095855538219E-18
  0.00000000  0.00000000  0.05000000    0.1245D+00  0.205113082261542E+01 -0.120762803866028E-17    0.487535943087672E+00  0.287042673356457E-18
  0.00000000  0.00000000  0.05000000    0.1283D+00  0.205189475270795E+01 -0.120828884025407E-17    0.487354431156992E+00  0.286985928317337E-18
  0.00000000  0.00000000  0.05000000    0.1322D+00  0.205270778826267E+01 -0.120899137532623E-17    0.487161400038511E+00  0.286925364830859E-18
  0.00000000  0.00000000  0.05000000    0.1363D+00  0.205357320013565E+01 -0.120973832686861E-17    0.486956101654398E+00  0.286860706808474E-18
  0.00000000  0.00000000  0.05000000    0.1405D+00  0.205449449259196E+01 -0.121053255681076E-17    0.486737736998456E+00  0.286791655752590E-18
  0.00000000  0.00000000  0.05000000    0.1448D+00  0.205547542203366E+01 -0.121137711880136E-17    0.486505452354480E+00  0.286717888638743E-18
  0.00000000  0.00000000  0.05000000    0.1492D+00  0.205652001750323E+01 -0.121227527199932E-17    0.486258335191930E+00  0.286639055559694E-18
  0.00000000  0.00000000  0.05000000    0.1537D+00  0.205763260316597E+01 -0.121323049598541E-17    0.485995409705965E+00  0.286554777104998E-18
  0.00000000  0.00000000  0.05000000    0.1585D+00  0.205881782300296E+01 -0.121424650689278E-17    0.485715631964667E+00  0.286464641439754E-18
  0.00000000  0.00000000  0.05000000    0.1633D+00  0.206008066797816E+01 -0.121532727487163E-17    0.485417884621691E+00  0.286368201042448E-18
  0.00000000  0.00000000  0.05000000    0.1683D+00  0.206142650598159E+01 -0.121647704302123E-17    0.485100971147080E+00  0.286264969056821E-18
  0.00000000  0.00000000  0.05000000    0.1734D+00  0.206286111489338E+01 -0.121770034793350E-17    0.484763609522828E+00  0.286154415204999E-18
  0.00000000  0.00000000  0.05000000    0.1787D+00  0.206439071916591E+01 -0.121900204201060E-17    0.484404425342522E+00  0.286035961201223E-18
  0.00000000  0.00000000  0.05000000    0.1842D+00  0.206602203038044E+01 -0.122038731773359E-17    0.484021944246093E+00  0.285908975594959E-18
  0.00000000  0.00000000  0.05000000    0.1898D+00  0.206776229230618E+01 -0.122186173409022E-17    0.483614583610914E+00  0.285772767963143E-18
  0.00000000  0.00000000  0.05000000    0.1956D+00  0.206961933107294E+01 -0.122343124539219E-17    0.483180643409227E+00  0.285626582357581E-18
  0.00000000  0.00000000  0.05000000    0.2016D+00  0.207160161116769E+01 -0.122510223272478E-17    0.482718296128537E+00  0.285469589894185E-18
  0.00000000  0.00000000  0.05000000    0.2078D+00  0.207371829808284E+01 -0.122688153833729E-17    0.482225575636046E+00  0.285300880360127E-18
  0.00000000  0.00000000  0.05000000    0.2141D+00  0.207597932858474E+01 -0.122877650328144E-17    0.481700364849842E+00  0.285119452684097E-18
  0.00000000  0.00000000  0.05000000    0.2207D+00  0.207839548973877E+01 -0.123079500868306E-17    0.481140382057742E+00  0.284924204096959E-18
  0.00000000  0.00000000  0.05000000    0.2274D+00  0.208097850802976E+01 -0.123294552105224E-17    0.480543165698903E+00  0.284713917772117E-18
  0.00000000  0.00000000  0.05000000    0.2343D+00  0.208374115016059E+01 -0.123523714211948E-17    0.479906057392460E+00  0.284487248703420E-18
  0.00000000  0.00000000  0.05000000    0.2415D+00  0.208669733740805E+01 -0.123767966372651E-17    0.479226182960548E+00  0.284242707527624E-18
  0.00000000  0.00000000  0.05000000    0.2489D+00  0.208986227577578E+01 -0.124028362839661E-17    0.478500431148646E+00  0.283978641948584E-18
  0.00000000  0.00000000  0.05000000    0.2565D+00  0.209325260462660E+01 -0.124306039629202E-17    0.477725429692411E+00  0.283693215352837E-18
  0.00000000  0.00000000  0.05000000    0.2643D+00  0.209688656702039E+01 -0.124602221936101E-17    0.476897518314960E+00  0.283384382123703E-18
  0.00000000  0.00000000  0.05000000    0.2724D+00  0.210078420565706E+01 -0.124918232360383E-17    0.476012718158851E+00  0.283049859063780E-18
  0.00000000  0.00000000  0.05000000    0.2807D+00  0.210496758916370E+01 -0.125255500053506E-17    0.475066697058883E+00  0.282687092215603E-18
  0.00000000  0.00000000  0.05000000    0.2893D+00  0.210946107451411E+01 -0.125615570906534E-17    0.474054729941077E+00  0.282293218215499E-18
  0.00000000  0.00000000  0.05000000    0.2981D+00  0.211429161269443E+01 -0.126000118924474E-17    0.472971653482375E+00  0.281865019133940E-18
  0.00000000  0.00000000  0.05000000    0.3072D+00  0.211948910640932E+01 -0.126410958951490E-17    0.471811813977248E+00  0.281398869516001E-18
  0.00000000  0.00000000  0.05000000    0.3166D+00  0.212508683077315E+01 -0.126850060940045E-17    0.470569007119666E+00  0.280890674043230E-18
  0.00000000  0.00000000  0.05000000    0.3262D+00  0.213112193070153E+01 -0.127319565991000E-17    0.469236408106793E+00  0.280335793868285E-18
  0.00000000  0.00000000  0.05000000    0.3362D+00  0.213763601232047E+01 -0.127821804425027E-17    0.467806490083628E+00  0.279728959184767E-18
  0.00000000  0.00000000  0.05000000    0.3464D+00  0.214467585043243E+01 -0.128359316198601E-17    0.466270928447472E+00  0.279064164996014E-18
  0.00000000  0.00000000  0.05000000    0.3570D+00  0.215229424033225E+01 -0.128934874026074E-17    0.464620487877916E+00  0.278334546233903E-18
  0.00000000  0.00000000  0.05000000    0.3679D+00  0.216055103063153E+01 -0.129551509640564E-17    0.462844888096764E+00  0.277532227344923E-18
  0.00000000  0.00000000  0.05000000    0.3791D+00  0.216951438506913E+01 -0.130212543704433E-17    0.460932643213673E+00  0.276648140073741E-18
  0.00000000  0.00000000  0.05000000    0.3907D+00  0.217926233678722E+01 -0.130921619977190E-17    0.458870867962712E+00  0.275671801324226E-18
  0.00000000  0.00000000  0.05000000    0.4026D+00  0.218988472006743E+01 -0.131682744468291E-17    0.456645042013540E+00  0.274591040474174E-18
  0.00000000  0.00000000  0.05000000    0.4149D+00  0.220148559481866E+01 -0.132500330445284E-17    0.454238720595567E+00  0.273391662074052E-18
  0.00000000  0.00000000  0.05000000    0.4276D+00  0.221418632246065E+01 -0.133379250347759E-17    0.451633175517356E+00  0.272057025064354E-18
  0.00000000  0.00000000  0.05000000    0.4406D+00  0.222812951498630E+01 -0.134324895877687E-17    0.448806944692418E+00  0.270567512837613E-18
  0.00000000  0.00000000  0.05000000    0.4540D+00  0.224348417277182E+01 -0.135343247805445E-17    0.445735259529156E+00  0.268899858613866E-18
  0.00000000  0.00000000  0.05000000    0.4679D+00  0.226045246911336E+01 -0.136440957376541E-17    0.442389306417152E+00  0.267026276046300E-18
  0.00000000  0.00000000  0.05000000    0.4822D+00  0.227927886116801E+01 -0.137625441625129E-17    0.438735258347261E+00  0.264913322872721E-18
  0.00000000  0.00000000  0.05000000    0.4969D+00  0.230026256203632E+01 -0.138904995440349E-17    0.434732980705796E+00  0.262520390929853E-18
  0.00000000  0.00000000  0.05000000    0.5120D+00  0.232377499624483E+01 -0.140288923909997E-17    0.430334262833526E+00  0.259797660066381E-18
  0.00000000  0.00000000  0.05000000    0.5276D+00  0.235028487076516E+01 -0.141787699330630E-17    0.425480337485405E+00  0.256683259603485E-18
  0.00000000  0.00000000  0.05000000    0.5437D+00  0.238039530939891E+01 -0.143413148386509E-17    0.420098290419046E+00  0.253099215171950E-18
  0.00000000  0.00000000  0.05000000    0.5603D+00  0.241490094412131E+01 -0.145178676422947E-17    0.414095659879690E+00  0.248945448301586E-18
  0.00000000  0.00000000  0.05000000    0.5774D+00  0.245487984452950E+01 -0.147099537583328E-17    0.407351912652026E+00  0.244090471956608E-18
  0.00000000  0.00000000  0.05000000    0.5950D+00  0.250185057036785E+01 -0.149193161950369E-17    0.399704127754109E+00  0.238356052797677E-18
  0.00000000  0.00000000  0.05000000    0.6131D+00  0.255806249316810E+01 -0.151479553826441E-17    0.390920864001849E+00  0.231489724033711E-18
  0.00000000  0.00000000  0.05000000    0.6318D+00  0.262709552860623E+01 -0.153981778720374E-17    0.380648510536097E+00  0.223109262991688E-18
  0.00000000  0.00000000  0.05000000    0.6511D+00  0.271532920611732E+01 -0.156726558420132E-17    0.368279469666925E+00  0.212567867231914E-18
  0.00000000  0.00000000  0.05000000    0.6709D+00  0.283682884526819E+01 -0.159744973946908E-17    0.352506285907235E+00  0.198500193454741E-18
  0.00000000  0.00000000  0.05000000    0.6914D+00  0.306108441607903E+01 -0.163072533582649E-17    0.326681614772620E+00  0.174032438687462E-18
  0.00000000  0.00000000  0.05000000    0.7125D+00  0.326981627894942E+01  0.261111853062590E+00    0.303889719751364E+00 -0.242671762208134E-01
  0.00000000  0.00000000  0.05000000    0.7342D+00  0.333329541357998E+01  0.514895786642166E+00    0.293011818756357E+00 -0.452616801677262E-01
  0.00000000  0.00000000  0.05000000    0.7565D+00  0.336505792523877E+01  0.699411841084182E+00    0.284865592534230E+00 -0.592080056160592E-01
  0.00000000  0.00000000  0.05000000    0.7796D+00  0.343814975712075E+01  0.886392953348904E+00    0.272726902558851E+00 -0.703120054954455E-01
  0.00000000  0.00000000  0.05000000    0.8034D+00  0.360693719847365E+01  0.113491188236998E+01    0.252268283492022E+00 -0.793754525588442E-01
  0.00000000  0.00000000  0.05000000    0.8279D+00  0.370608504746792E+01  0.177593074497000E+01    0.219437849466496E+00 -0.105153124789704E+00
  0.00000000  0.00000000  0.05000000    0.8531D+00  0.304287585797520E+01  0.281378478239286E+01    0.177153652037138E+00 -0.163816163890141E+00
  0.00000000  0.00000000  0.05000000    0.8791D+00  0.213400175398803E+01  0.251771826487997E+01    0.195908149036523E+00 -0.231134545295621E+00
  0.00000000  0.00000000  0.05000000    0.9059D+00  0.172532632356655E+01  0.221410738369816E+01    0.218977206758813E+00 -0.281012956055779E+00
  0.00000000  0.00000000  0.05000000    0.9335D+00  0.148725091092474E+01  0.193308868285387E+01    0.250010780247893E+00 -0.324957279460107E+00
  0.00000000  0.00000000  0.05000000    0.9619D+00  0.135512078727674E+01  0.167026787474790E+01    0.292926435688064E+00 -0.361049450195072E+00
  0.00000000  0.00000000  0.05000000    0.9913D+00  0.129321713293530E+01  0.144862935635497E+01    0.342943130359570E+00 -0.384156282457787E+00
  0.00000000  0.00000000  0.05000000    0.1021D+01  0.126621017883896E+01  0.125308447594446E+01    0.398993735458119E+00 -0.394857713401186E+00
  0.00000000  0.00000000  0.05000000    0.1053D+01  0.128202540786657E+01  0.104559241395517E+01    0.468430557035257E+00 -0.382041911100590E+00
  0.00000000  0.00000000  0.05000000    0.1085D+01  0.136429780586181E+01  0.844963943654172E+00    0.529768313537967E+00 -0.328106606568421E+00
  0.00000000  0.00000000  0.05000000    0.1118D+01  0.152987492478928E+01  0.656188291049430E+00    0.552082106996154E+00 -0.236797014212566E+00
  0.00000000  0.00000000  0.05000000    0.1152D+01  0.191878293211343E+01  0.465037643057662E+00    0.492249580222136E+00 -0.119301970406047E+00
  0.00000000  0.00000000  0.05000000    0.1187D+01  0.232285951269546E+01  0.795405367492261E+00    0.385322857573875E+00 -0.131944212491812E+00
  0.00000000  0.00000000  0.05000000    0.1223D+01  0.269713490604262E+01  0.113315810219917E+01    0.315137984328133E+00 -0.132400184896978E+00
  0.00000000  0.00000000  0.05000000    0.1260D+01  0.207252618581605E+01  0.261167705005227E+01    0.186441600593709E+00 -0.234942869613914E+00
  0.00000000  0.00000000  0.05000000    0.1299D+01  0.105943534536376E+01  0.172361214917091E+01    0.258825479072553E+00 -0.421087272759679E+00
  0.00000000  0.00000000  0.05000000    0.1338D+01  0.143209385671578E+01  0.766879830013545E+00    0.542665865791882E+00 -0.290595134502575E+00
  0.00000000  0.00000000  0.05000000    0.1379D+01  0.236451331046945E+01  0.987018565415158E+00    0.360162514202649E+00 -0.150342603913715E+00
  0.00000000  0.00000000  0.05000000    0.1421D+01  0.275140500530453E+01  0.220623222726902E+01    0.221215110963658E+00 -0.177382793891114E+00
  0.00000000  0.00000000  0.05000000    0.1464D+01  0.150329373532570E+01  0.385518444921213E+01    0.877972173345244E-01 -0.225155243448695E+00
  0.00000000  0.00000000  0.05000000    0.1509D+01  0.440418998285054E+00  0.256460106996529E+01    0.650434797861935E-01 -0.378754273779016E+00
  0.00000000  0.00000000  0.05000000    0.1555D+01 -0.168605289254494E+00  0.310753842060982E+01   -0.174085091380445E-01 -0.320853581944010E+00
  0.00000000  0.00000000  0.05000000    0.1602D+01 -0.116265935646089E+01  0.194732775843642E+01   -0.226028481370746E+00 -0.378573082067902E+00
  0.00000000  0.00000000  0.05000000    0.1651D+01 -0.910149164738470E+00  0.468407095115597E+00   -0.868648021156969E+00 -0.447048585036019E+00
  0.00000000  0.00000000  0.05000000    0.1701D+01 -0.209534696434610E+00  0.279873780033941E+00   -0.171420789397318E+01 -0.228965346175981E+01
  0.00000000  0.00000000  0.05000000    0.1753D+01  0.137750714011978E+00  0.241852938148862E+00    0.177816041508276E+01 -0.312196799829561E+01
  0.00000000  0.00000000  0.05000000    0.1807D+01  0.343917829843682E+00  0.249761814664544E+00    0.190366985782281E+01 -0.138249313339797E+01
  0.00000000  0.00000000  0.05000000    0.1862D+01  0.465750835230991E+00  0.262220571496627E+00    0.163030376751361E+01 -0.917871001602180E+00
  0.00000000  0.00000000  0.05000000    0.1919D+01  0.552913837569071E+00  0.248311093540682E+00    0.150505120309263E+01 -0.675911660517929E+00
  0.00000000  0.00000000  0.05000000    0.1977D+01  0.632514768787410E+00  0.242640128128465E+00    0.137818045591046E+01 -0.528686283558786E+00
  0.00000000  0.00000000  0.05000000    0.2037D+01  0.695652924379563E+00  0.250922772077754E+00    0.127200401066928E+01 -0.458813240432824E+00
  0.00000000  0.00000000  0.05000000    0.2099D+01  0.729629167724787E+00  0.266601378658443E+00    0.120912632937812E+01 -0.441806277275938E+00
  0.00000000  0.00000000  0.05000000    0.2163D+01  0.754691349253100E+00  0.248520298300417E+00    0.119541549447840E+01 -0.393651014517035E+00
  0.00000000  0.00000000  0.05000000    0.2229D+01  0.790958590187674E+00  0.236686424108929E+00    0.116038273021963E+01 -0.347232892367061E+00
  0.00000000  0.00000000  0.05000000    0.2297D+01  0.823473869696671E+00  0.236472670270449E+00    0.112185538739357E+01 -0.322157325055093E+00
  0.00000000  0.00000000  0.05000000    0.2367D+01  0.838364217232362E+00  0.240780133658856E+00    0.110190794406263E+01 -0.316470498856728E+00
  0.00000000  0.00000000  0.05000000    0.2439D+01  0.857367184836720E+00  0.210292126569296E+00    0.110017424569574E+01 -0.269847022157943E+00
  0.00000000  0.00000000  0.05000000    0.2513D+01  0.901910106601318E+00  0.190324557270201E+00    0.106148871855276E+01 -0.223999452858080E+00
  0.00000000  0.00000000  0.05000000    0.2590D+01  0.954609127014081E+00  0.193945766138755E+00    0.100602341691432E+01 -0.204391490533170E+00
  0.00000000  0.00000000  0.05000000    0.2669D+01  0.101001507627047E+01  0.212908669982752E+00    0.947961020741411E+00 -0.199827829171431E+00
  0.00000000  0.00000000  0.05000000    0.2750D+01  0.107561570071997E+01  0.262226846632308E+00    0.877543544235496E+00 -0.213938376162959E+00
  0.00000000  0.00000000  0.05000000    0.2834D+01  0.108187137562788E+01  0.414082035999747E+00    0.806217774161849E+00 -0.308576698584315E+00
  0.00000000  0.00000000  0.05000000    0.2920D+01  0.926294050578097E+00  0.555624287350901E+00    0.793917094753854E+00 -0.476219856656756E+00
  0.00000000  0.00000000  0.05000000    0.3009D+01  0.759776597558361E+00  0.430314180468393E+00    0.996518799282144E+00 -0.564397708237524E+00
  0.00000000  0.00000000  0.05000000    0.3101D+01  0.750391974824501E+00  0.276409384705930E+00    0.117342204762428E+01 -0.432233921824733E+00
  0.00000000  0.00000000  0.05000000    0.3195D+01  0.792272471415059E+00  0.235063221918150E+00    0.116007324425554E+01 -0.344187844831592E+00
  0.00000000  0.00000000  0.05000000    0.3293D+01  0.818676789609124E+00  0.190152301926042E+00    0.115895931709097E+01 -0.269188994705349E+00
  0.00000000  0.00000000  0.05000000    0.3393D+01  0.875434044340606E+00  0.142561068999681E+00    0.111278081841452E+01 -0.181212078809437E+00
  0.00000000  0.00000000  0.05000000    0.3496D+01  0.960238846324997E+00  0.158063269874528E+00    0.101393412134021E+01 -0.166901957018043E+00
  0.00000000  0.00000000  0.05000000    0.3603D+01  0.950524558730391E+00  0.289691840005284E+00    0.962636159138036E+00 -0.293383098453341E+00
  0.00000000  0.00000000  0.05000000    0.3713D+01  0.872856605260944E+00  0.264880219521797E+00    0.104905582927631E+01 -0.318350272741829E+00
  0.00000000  0.00000000  0.05000000    0.3826D+01  0.852899524148078E+00  0.208070641552465E+00    0.110661117176836E+01 -0.269965324097181E+00
  0.00000000  0.00000000  0.05000000    0.3942D+01  0.868804222512305E+00  0.165445825978273E+00    0.111072857111864E+01 -0.211515323158766E+00
  0.00000000  0.00000000  0.05000000    0.4062D+01  0.927479514739049E+00  0.121518252263801E+00    0.105999483727293E+01 -0.138880393568908E+00
  0.00000000  0.00000000  0.05000000    0.4186D+01  0.978750313836253E+00  0.179087616715254E+00    0.988612163764717E+00 -0.180892096545426E+00
  0.00000000  0.00000000  0.05000000    0.4313D+01  0.105422543026397E+01  0.191275264005399E+00    0.918332845859161E+00 -0.166619351510577E+00
  0.00000000  0.00000000  0.05000000    0.4445D+01  0.901458972935254E+00  0.528070281074784E+00    0.825900248496773E+00 -0.483808347864489E+00
  0.00000000  0.00000000  0.05000000    0.4580D+01  0.699318779199502E+00  0.232325357214799E+00    0.128782812220933E+01 -0.427837972356512E+00
  0.00000000  0.00000000  0.05000000    0.4720D+01  0.769923487980990E+00  0.119477244546879E+00    0.126828864758968E+01 -0.196813885106262E+00
  0.00000000  0.00000000  0.05000000    0.4863D+01  0.844044954512400E+00  0.105551534425749E+00    0.116652814778411E+01 -0.145879476313640E+00
  0.00000000  0.00000000  0.05000000    0.5012D+01  0.869428938874227E+00  0.141418022309958E+00    0.112053423200039E+01 -0.182261859405426E+00
  0.00000000  0.00000000  0.05000000    0.5164D+01  0.859880858645211E+00  0.148383338081141E+00    0.112932297001851E+01 -0.194878988616022E+00
  0.00000000  0.00000000  0.05000000    0.5322D+01  0.822330737792379E+00  0.159137273850818E+00    0.117215849290372E+01 -0.226835868476167E+00
  0.00000000  0.00000000  0.05000000    0.5484D+01  0.815873185041387E+00  0.702101732439843E-01    0.121667061749001E+01 -0.104700897640735E+00
  0.00000000  0.00000000  0.05000000    0.5651D+01  0.873806349547504E+00  0.491576571051539E-01    0.114080785024920E+01 -0.641783401487736E-01
  0.00000000  0.00000000  0.05000000    0.5823D+01  0.884638200617632E+00  0.104954110127160E+00    0.111471531833907E+01 -0.132250624266178E+00
  0.00000000  0.00000000  0.05000000    0.6000D+01  0.862478842241321E+00  0.830809893337840E-01    0.114878899022671E+01 -0.110660715566967E+00
  0.00000000  0.00000000  0.05000000    0.6183D+01  0.865251216321354E+00  0.646924280666144E-01    0.114930891741820E+01 -0.859306327039955E-01
  0.00000000  0.00000000  0.05000000    0.6371D+01  0.873350738714870E+00  0.522798865250148E-01    0.114092698224742E+01 -0.682973409434494E-01
  0.00000000  0.00000000  0.05000000    0.6565D+01  0.883451742731281E+00  0.425821957218622E-01    0.112930012590418E+01 -0.544320381793649E-01
  0.00000000  0.00000000  0.05000000    0.6765D+01  0.888695478724714E+00  0.408890958516159E-01    0.112286779139960E+01 -0.516634211047365E-01
  0.00000000  0.00000000  0.05000000    0.6971D+01  0.899827172413861E+00  0.228074334876552E-01    0.111061101516814E+01 -0.281500577395925E-01
  0.00000000  0.00000000  0.05000000    0.7184D+01  0.918250208498500E+00  0.283970440589583E-01    0.108798728098194E+01 -0.336461919286142E-01
  0.00000000  0.00000000  0.05000000    0.7402D+01  0.911045332636260E+00  0.490584023474917E-01    0.109446664141379E+01 -0.589353602142023E-01
  0.00000000  0.00000000  0.05000000    0.7628D+01  0.904855455454628E+00  0.213533568639321E-01    0.110453377740325E+01 -0.260654934166347E-01
  0.00000000  0.00000000  0.05000000    0.7860D+01  0.918005207903664E+00  0.167454847672240E-01    0.108895609955148E+01 -0.198638282443475E-01
  0.00000000  0.00000000  0.05000000    0.8100D+01  0.922917976515417E+00  0.189408209359702E-01    0.108306373829560E+01 -0.222274534154734E-01
  0.00000000  0.00000000  0.05000000    0.8346D+01  0.925575606789848E+00  0.118484830220397E-01    0.108023174840278E+01 -0.138282679847295E-01
  0.00000000  0.00000000  0.05000000    0.8600D+01  0.934364316727616E+00  0.588066986110032E-02    0.107020395811721E+01 -0.673561270380237E-02
  0.00000000  0.00000000  0.05000000    0.8862D+01  0.941086887363680E+00  0.980822460157299E-02    0.106248573041644E+01 -0.110734713444834E-01
  0.00000000  0.00000000  0.05000000    0.9132D+01  0.942354971893110E+00  0.916563716623605E-02    0.106107086782980E+01 -0.103203048450560E-01
  0.00000000  0.00000000  0.05000000    0.9410D+01  0.946449960413812E+00  0.376243220871504E-02    0.105656319824991E+01 -0.420016648941521E-02
  0.00000000  0.00000000  0.05000000    0.9697D+01  0.953581669245898E+00  0.326918111687770E-02    0.104866555117952E+01 -0.359515889241805E-02
  0.00000000  0.00000000  0.05000000    0.9992D+01  0.957484451986299E+00  0.695328961343695E-02    0.104434830611974E+01 -0.758409832628466E-02
  0.00000000  0.00000000  0.05000000    0.1030D+02  0.958432637475202E+00  0.755139902874664E-02    0.104330537966079E+01 -0.822010324211283E-02
  0.00000000  0.00000000  0.05000000    0.1061D+02  0.958608999198890E+00  0.751674187239909E-02    0.104311405235275E+01 -0.817937144504213E-02
  0.00000000  0.00000000  0.05000000    0.1093D+02  0.959897276183804E+00  0.396415582264035E-02    0.104176037383800E+01 -0.430223165979181E-02
  0.00000000  0.00000000  0.05000000    0.1127D+02  0.963239399177591E+00  0.230646909775427E-02    0.103815756217449E+01 -0.248586004455357E-02
  0.00000000  0.00000000  0.05000000    0.1161D+02  0.966093249292742E+00  0.208951370071423E-02    0.103509192600061E+01 -0.223874741124661E-02
  0.00000000  0.00000000  0.05000000    0.1196D+02  0.968178328518165E+00  0.160975013277167E-02    0.103286471729251E+01 -0.171730152062126E-02
  0.00000000  0.00000000  0.05000000    0.1233D+02  0.970403761649838E+00  0.718378633622872E-03    0.103049832605064E+01 -0.762865941657433E-03
  0.00000000  0.00000000  0.05000000    0.1270D+02  0.972671785179344E+00  0.522239203509491E-03    0.102809573276678E+01 -0.551996988904775E-03
  0.00000000  0.00000000  0.05000000    0.1309D+02  0.974610886102560E+00  0.316384927020027E-03    0.102605040522002E+01 -0.333083579512002E-03
  0.00000000  0.00000000  0.05000000    0.1349D+02  0.976391820485459E+00  0.178122811095754E-03    0.102417896764255E+01 -0.186840603284585E-03
  0.00000000  0.00000000  0.05000000    0.1390D+02  0.978043767254578E+00  0.511410954340021E-04    0.102244912829709E+01 -0.534630148438368E-04
  0.00000000  0.00000000  0.05000000    0.1432D+02  0.979583727850827E+00  0.704856546589021E-06    0.102084178367626E+01 -0.734543657472230E-06
  0.00000000  0.00000000  0.05000000    0.1476D+02  0.980978776712135E+00  0.799066129558764E-20    0.101939004567624E+01 -0.830354415045894E-20
  0.00000000  0.00000000  0.05000000    0.1521D+02  0.982241878049904E+00  0.744763406522916E-20    0.101807917412904E+01 -0.771936251933920E-20
  0.00000000  0.00000000  0.05000000    0.1567D+02  0.983401841648149E+00  0.696917895160622E-20    0.101687830716692E+01 -0.720642019825325E-20
