 q(1:3)   w(Ry)   eps    epsi  --- NO LFC
  0.00000000  0.00000000  0.04000000    0.0000D+00  0.204019282982031E+01  0.373195397550760E-17    0.490149747309951E+00 -0.896589906272988E-18
  0.00000000  0.00000000  0.04000000    0.1015D-04  0.204019282989940E+01  0.373195397578664E-17    0.490149747290951E+00 -0.896589906270516E-18
  0.00000000  0.00000000  0.04000000    0.3076D-04  0.204019283054662E+01  0.373195397807734E-17    0.490149747135459E+00 -0.896589906251991E-18
  0.00000000  0.00000000  0.04000000    0.5200D-04  0.204019283189573E+01  0.373195398285294E-17    0.490149746811338E+00 -0.896589906213542E-18
  0.00000000  0.00000000  0.04000000    0.7389D-04  0.204019283401032E+01  0.373195399033771E-17    0.490149746303316E+00 -0.896589906153169E-18
  0.00000000  0.00000000  0.04000000    0.9644D-04  0.204019283695846E+01  0.373195400077307E-17    0.490149745595033E+00 -0.896589906069024E-18
  0.00000000  0.00000000  0.04000000    0.1197D-03  0.204019284081314E+01  0.373195401441631E-17    0.490149744668960E+00 -0.896589905958795E-18
  0.00000000  0.00000000  0.04000000    0.1436D-03  0.204019284565244E+01  0.373195403154535E-17    0.490149743506334E+00 -0.896589905820603E-18
  0.00000000  0.00000000  0.04000000    0.1683D-03  0.204019285155997E+01  0.373195405245585E-17    0.490149742087068E+00 -0.896589905651992E-18
  0.00000000  0.00000000  0.04000000    0.1937D-03  0.204019285862524E+01  0.373195407746333E-17    0.490149740389659E+00 -0.896589905450103E-18
  0.00000000  0.00000000  0.04000000    0.2199D-03  0.204019286694395E+01  0.373195410690832E-17    0.490149738391118E+00 -0.896589905212638E-18
  0.00000000  0.00000000  0.04000000    0.2469D-03  0.204019287661848E+01  0.373195414115112E-17    0.490149736066843E+00 -0.896589904936154E-18
  0.00000000  0.00000000  0.04000000    0.2748D-03  0.204019288775829E+01  0.373195418058105E-17    0.490149733390539E+00 -0.896589904617991E-18
  0.00000000  0.00000000  0.04000000    0.3034D-03  0.204019290048039E+01  0.373195422561193E-17    0.490149730334095E+00 -0.896589904254719E-18
  0.00000000  0.00000000  0.04000000    0.3330D-03  0.204019291490985E+01  0.373195427668554E-17    0.490149726867465E+00 -0.896589903842557E-18
  0.00000000  0.00000000  0.04000000    0.3634D-03  0.204019293118027E+01  0.373195433427537E-17    0.490149722958550E+00 -0.896589903377821E-18
  0.00000000  0.00000000  0.04000000    0.3948D-03  0.204019294943438E+01  0.373195439888734E-17    0.490149718573058E+00 -0.896589902856610E-18
  0.00000000  0.00000000  0.04000000    0.4271D-03  0.204019296982464E+01  0.373195447105977E-17    0.490149713674366E+00 -0.896589902274268E-18
  0.00000000  0.00000000  0.04000000    0.4604D-03  0.204019299251379E+01  0.373195455136894E-17    0.490149708223371E+00 -0.896589901626184E-18
  0.00000000  0.00000000  0.04000000    0.4948D-03  0.204019301767562E+01  0.373195464043038E-17    0.490149702178324E+00 -0.896589900907505E-18
  0.00000000  0.00000000  0.04000000    0.5301D-03  0.204019304549560E+01  0.373195473890057E-17    0.490149695494664E+00 -0.896589900112923E-18
  0.00000000  0.00000000  0.04000000    0.5666D-03  0.204019307617166E+01  0.373195484747952E-17    0.490149688124841E+00 -0.896589899236655E-18
  0.00000000  0.00000000  0.04000000    0.6041D-03  0.204019310991502E+01  0.373195496691590E-17    0.490149680018110E+00 -0.896589898272924E-18
  0.00000000  0.00000000  0.04000000    0.6428D-03  0.204019314695099E+01  0.373195509800642E-17    0.490149671120340E+00 -0.896589897215093E-18
  0.00000000  0.00000000  0.04000000    0.6827D-03  0.204019318751990E+01  0.373195524160211E-17    0.490149661373793E+00 -0.896589896056390E-18
  0.00000000  0.00000000  0.04000000    0.7238D-03  0.204019323187807E+01  0.373195539860941E-17    0.490149650716891E+00 -0.896589894789308E-18
  0.00000000  0.00000000  0.04000000    0.7662D-03  0.204019328029879E+01  0.373195556999746E-17    0.490149639083973E+00 -0.896589893406464E-18
  0.00000000  0.00000000  0.04000000    0.8098D-03  0.204019333307351E+01  0.373195575679596E-17    0.490149626405024E+00 -0.896589891899089E-18
  0.00000000  0.00000000  0.04000000    0.8548D-03  0.204019339051283E+01  0.373195596010506E-17    0.490149612605419E+00 -0.896589890258483E-18
  0.00000000  0.00000000  0.04000000    0.9011D-03  0.204019345294791E+01  0.373195618109687E-17    0.490149597605602E+00 -0.896589888475188E-18
  0.00000000  0.00000000  0.04000000    0.9488D-03  0.204019352073160E+01  0.373195642102012E-17    0.490149581320798E+00 -0.896589886539063E-18
  0.00000000  0.00000000  0.04000000    0.9980D-03  0.204019359424001E+01  0.373195668120636E-17    0.490149563660653E+00 -0.896589884439452E-18
  0.00000000  0.00000000  0.04000000    0.1049D-02  0.204019367387378E+01  0.373195696307370E-17    0.490149544528912E+00 -0.896589882164903E-18
  0.00000000  0.00000000  0.04000000    0.1101D-02  0.204019376005983E+01  0.373195726813367E-17    0.490149523823010E+00 -0.896589879703338E-18
  0.00000000  0.00000000  0.04000000    0.1155D-02  0.204019385325289E+01  0.373195759799527E-17    0.490149501433699E+00 -0.896589877041625E-18
  0.00000000  0.00000000  0.04000000    0.1210D-02  0.204019395393737E+01  0.373195795437155E-17    0.490149477244602E+00 -0.896589874165562E-18
  0.00000000  0.00000000  0.04000000    0.1267D-02  0.204019406262916E+01  0.373195833909110E-17    0.490149451131781E+00 -0.896589871061039E-18
  0.00000000  0.00000000  0.04000000    0.1326D-02  0.204019417987763E+01  0.373195875409759E-17    0.490149422963250E+00 -0.896589867712150E-18
  0.00000000  0.00000000  0.04000000    0.1387D-02  0.204019430626782E+01  0.373195920146128E-17    0.490149392598456E+00 -0.896589864102064E-18
  0.00000000  0.00000000  0.04000000    0.1450D-02  0.204019444242264E+01  0.373195968338630E-17    0.490149359887749E+00 -0.896589860212815E-18
  0.00000000  0.00000000  0.04000000    0.1514D-02  0.204019458900526E+01  0.373196020222216E-17    0.490149324671806E+00 -0.896589856026001E-18
  0.00000000  0.00000000  0.04000000    0.1580D-02  0.204019474672167E+01  0.373196076046582E-17    0.490149286781015E+00 -0.896589851520976E-18
  0.00000000  0.00000000  0.04000000    0.1649D-02  0.204019491632338E+01  0.373196136077786E-17    0.490149246034830E+00 -0.896589846676417E-18
  0.00000000  0.00000000  0.04000000    0.1719D-02  0.204019509861031E+01  0.373196200598978E-17    0.490149202241077E+00 -0.896589841469514E-18
  0.00000000  0.00000000  0.04000000    0.1792D-02  0.204019529443381E+01  0.373196269911543E-17    0.490149155195224E+00 -0.896589835876059E-18
  0.00000000  0.00000000  0.04000000    0.1867D-02  0.204019550469989E+01  0.373196344335969E-17    0.490149104679602E+00 -0.896589829869681E-18
  0.00000000  0.00000000  0.04000000    0.1944D-02  0.204019573037274E+01  0.373196424213746E-17    0.490149050462577E+00 -0.896589823423352E-18
  0.00000000  0.00000000  0.04000000    0.2024D-02  0.204019597247830E+01  0.373196509907927E-17    0.490148992297668E+00 -0.896589816507555E-18
  0.00000000  0.00000000  0.04000000    0.2106D-02  0.204019623210820E+01  0.373196601804862E-17    0.490148929922621E+00 -0.896589809091023E-18
  0.00000000  0.00000000  0.04000000    0.2190D-02  0.204019651042386E+01  0.373196700315629E-17    0.490148863058416E+00 -0.896589801140556E-18
  0.00000000  0.00000000  0.04000000    0.2277D-02  0.204019680866090E+01  0.373196805877625E-17    0.490148791408197E+00 -0.896589792620938E-18
  0.00000000  0.00000000  0.04000000    0.2367D-02  0.204019712813380E+01  0.373196918956084E-17    0.490148714656174E+00 -0.896589783494552E-18
  0.00000000  0.00000000  0.04000000    0.2459D-02  0.204019747024083E+01  0.373197040045867E-17    0.490148632466424E+00 -0.896589773721296E-18
  0.00000000  0.00000000  0.04000000    0.2554D-02  0.204019783646932E+01  0.373197169673562E-17    0.490148544481626E+00 -0.896589763259018E-18
  0.00000000  0.00000000  0.04000000    0.2652D-02  0.204019822840125E+01  0.373197308399024E-17    0.490148450321723E+00 -0.896589752062286E-18
  0.00000000  0.00000000  0.04000000    0.2753D-02  0.204019864771920E+01  0.373197456817680E-17    0.490148349582492E+00 -0.896589740082726E-18
  0.00000000  0.00000000  0.04000000    0.2858D-02  0.204019909621260E+01  0.373197615563021E-17    0.490148241834037E+00 -0.896589727269479E-18
  0.00000000  0.00000000  0.04000000    0.2965D-02  0.204019957578452E+01  0.373197785308617E-17    0.490148126619166E+00 -0.896589713568100E-18
  0.00000000  0.00000000  0.04000000    0.3075D-02  0.204020008845867E+01  0.373197966770766E-17    0.490148003451700E+00 -0.896589698920752E-18
  0.00000000  0.00000000  0.04000000    0.3189D-02  0.204020063638706E+01  0.373198160710976E-17    0.490147871814645E+00 -0.896589683265453E-18
  0.00000000  0.00000000  0.04000000    0.3307D-02  0.204020122185795E+01  0.373198367939372E-17    0.490147731158267E+00 -0.896589666537251E-18
  0.00000000  0.00000000  0.04000000    0.3428D-02  0.204020184730442E+01  0.373198589317041E-17    0.490147580898053E+00 -0.896589648666363E-18
  0.00000000  0.00000000  0.04000000    0.3553D-02  0.204020251531346E+01  0.373198825759623E-17    0.490147420412506E+00 -0.896589629578764E-18
  0.00000000  0.00000000  0.04000000    0.3681D-02  0.204020322863547E+01  0.373199078240542E-17    0.490147249040881E+00 -0.896589609195632E-18
  0.00000000  0.00000000  0.04000000    0.3813D-02  0.204020399019460E+01  0.373199347794829E-17    0.490147066080690E+00 -0.896589587433436E-18
  0.00000000  0.00000000  0.04000000    0.3950D-02  0.204020480309956E+01  0.373199635522785E-17    0.490146870785111E+00 -0.896589564203230E-18
  0.00000000  0.00000000  0.04000000    0.4090D-02  0.204020567065513E+01  0.373199942593972E-17    0.490146662360218E+00 -0.896589539410124E-18
  0.00000000  0.00000000  0.04000000    0.4235D-02  0.204020659637444E+01  0.373200270251929E-17    0.490146439962039E+00 -0.896589512953825E-18
  0.00000000  0.00000000  0.04000000    0.4385D-02  0.204020758399196E+01  0.373200619818342E-17    0.490146202693432E+00 -0.896589484727237E-18
  0.00000000  0.00000000  0.04000000    0.4538D-02  0.204020863747732E+01  0.373200992698270E-17    0.490145949600763E+00 -0.896589454616865E-18
  0.00000000  0.00000000  0.04000000    0.4697D-02  0.204020976104998E+01  0.373201390384891E-17    0.490145679670387E+00 -0.896589422501318E-18
  0.00000000  0.00000000  0.04000000    0.4860D-02  0.204021095919479E+01  0.373201814465656E-17    0.490145391824908E+00 -0.896589388252429E-18
  0.00000000  0.00000000  0.04000000    0.5029D-02  0.204021223667862E+01  0.373202266627670E-17    0.490145084919183E+00 -0.896589351733533E-18
  0.00000000  0.00000000  0.04000000    0.5202D-02  0.204021359856790E+01  0.373202748664102E-17    0.490144757736120E+00 -0.896589312799508E-18
  0.00000000  0.00000000  0.04000000    0.5381D-02  0.204021505024725E+01  0.373203262480677E-17    0.490144408982186E+00 -0.896589271295919E-18
  0.00000000  0.00000000  0.04000000    0.5565D-02  0.204021659743940E+01  0.373203810102601E-17    0.490144037282640E+00 -0.896589227058212E-18
  0.00000000  0.00000000  0.04000000    0.5755D-02  0.204021824622622E+01  0.373204393682532E-17    0.490143641176474E+00 -0.896589179912332E-18
  0.00000000  0.00000000  0.04000000    0.5950D-02  0.204022000307110E+01  0.373205015507853E-17    0.490143219111037E+00 -0.896589129672544E-18
  0.00000000  0.00000000  0.04000000    0.6152D-02  0.204022187484270E+01  0.373205678009494E-17    0.490142769436338E+00 -0.896589076141745E-18
  0.00000000  0.00000000  0.04000000    0.6360D-02  0.204022386884027E+01  0.373206383770633E-17    0.490142290398962E+00 -0.896589019110107E-18
  0.00000000  0.00000000  0.04000000    0.6574D-02  0.204022599282034E+01  0.373207135536408E-17    0.490141780135656E+00 -0.896588958354929E-18
  0.00000000  0.00000000  0.04000000    0.6794D-02  0.204022825502537E+01  0.373207936223929E-17    0.490141236666465E+00 -0.896588893639555E-18
  0.00000000  0.00000000  0.04000000    0.7021D-02  0.204023066421381E+01  0.373208788932550E-17    0.490140657887495E+00 -0.896588824711563E-18
  0.00000000  0.00000000  0.04000000    0.7255D-02  0.204023322969239E+01  0.373209696956027E-17    0.490140041563177E+00 -0.896588751303634E-18
  0.00000000  0.00000000  0.04000000    0.7497D-02  0.204023596135015E+01  0.373210663794014E-17    0.490139385318078E+00 -0.896588673131204E-18
  0.00000000  0.00000000  0.04000000    0.7745D-02  0.204023886969474E+01  0.373211693164765E-17    0.490138686628209E+00 -0.896588589891130E-18
  0.00000000  0.00000000  0.04000000    0.8001D-02  0.204024196589087E+01  0.373212789019548E-17    0.490137942811774E+00 -0.896588501262457E-18
  0.00000000  0.00000000  0.04000000    0.8265D-02  0.204024526180124E+01  0.373213955556058E-17    0.490137151019355E+00 -0.896588406902674E-18
  0.00000000  0.00000000  0.04000000    0.8537D-02  0.204024877002997E+01  0.373215197234620E-17    0.490136308223488E+00 -0.896588306448489E-18
  0.00000000  0.00000000  0.04000000    0.8818D-02  0.204025250396868E+01  0.373216518793955E-17    0.490135411207587E+00 -0.896588199513109E-18
  0.00000000  0.00000000  0.04000000    0.9107D-02  0.204025647784558E+01  0.373217925268981E-17    0.490134456554186E+00 -0.896588085685953E-18
  0.00000000  0.00000000  0.04000000    0.9404D-02  0.204026070677741E+01  0.373219422008649E-17    0.490133440632446E+00 -0.896587964529716E-18
  0.00000000  0.00000000  0.04000000    0.9711D-02  0.204026520682480E+01  0.373221014695936E-17    0.490132359584894E+00 -0.896587835579829E-18
  0.00000000  0.00000000  0.04000000    0.1003D-01  0.204026999505096E+01  0.373222709368478E-17    0.490131209313316E+00 -0.896587698342323E-18
  0.00000000  0.00000000  0.04000000    0.1035D-01  0.204027508958398E+01  0.373224512440670E-17    0.490129985463824E+00 -0.896587552292215E-18
  0.00000000  0.00000000  0.04000000    0.1069D-01  0.204028050968324E+01  0.373226430726748E-17    0.490128683410916E+00 -0.896587396870524E-18
  0.00000000  0.00000000  0.04000000    0.1103D-01  0.204028627580957E+01  0.373228471466111E-17    0.490127298240639E+00 -0.896587231483402E-18
  0.00000000  0.00000000  0.04000000    0.1139D-01  0.204029240970015E+01  0.373230642349478E-17    0.490125824732626E+00 -0.896587055499118E-18
  0.00000000  0.00000000  0.04000000    0.1176D-01  0.204029893444782E+01  0.373232951546932E-17    0.490124257341063E+00 -0.896586868245660E-18
  0.00000000  0.00000000  0.04000000    0.1214D-01  0.204030587458546E+01  0.373235407737718E-17    0.490122590174463E+00 -0.896586669008141E-18
  0.00000000  0.00000000  0.04000000    0.1253D-01  0.204031325617553E+01  0.373238020142353E-17    0.490120816974179E+00 -0.896586457027151E-18
  0.00000000  0.00000000  0.04000000    0.1293D-01  0.204032110690531E+01  0.373240798555329E-17    0.490118931091571E+00 -0.896586231493571E-18
  0.00000000  0.00000000  0.04000000    0.1334D-01  0.204032945618784E+01  0.373243753381585E-17    0.490116925463794E+00 -0.896585991547374E-18
  0.00000000  0.00000000  0.04000000    0.1377D-01  0.204033833526951E+01  0.373246895674043E-17    0.490114792588018E+00 -0.896585736273201E-18
  0.00000000  0.00000000  0.04000000    0.1421D-01  0.204034777734396E+01  0.373250237174041E-17    0.490112524494112E+00 -0.896585464697259E-18
  0.00000000  0.00000000  0.04000000    0.1466D-01  0.204035781767340E+01  0.373253790354009E-17    0.490110112715567E+00 -0.896585175783116E-18
  0.00000000  0.00000000  0.04000000    0.1513D-01  0.204036849371725E+01  0.373257568463235E-17    0.490107548258672E+00 -0.896584868428480E-18
  0.00000000  0.00000000  0.04000000    0.1561D-01  0.204037984526903E+01  0.373261585575583E-17    0.490104821569704E+00 -0.896584541459363E-18
  0.00000000  0.00000000  0.04000000    0.1610D-01  0.204039191460160E+01  0.373265856641103E-17    0.490101922500148E+00 -0.896584193626300E-18
  0.00000000  0.00000000  0.04000000    0.1662D-01  0.204040474662159E+01  0.373270397540563E-17    0.490098840269683E+00 -0.896583823599390E-18
  0.00000000  0.00000000  0.04000000    0.1714D-01  0.204041838903345E+01  0.373275225143064E-17    0.490095563426921E+00 -0.896583429962420E-18
  0.00000000  0.00000000  0.04000000    0.1768D-01  0.204043289251370E+01  0.373280357367630E-17    0.490092079807659E+00 -0.896583011207360E-18
  0.00000000  0.00000000  0.04000000    0.1824D-01  0.204044831089619E+01  0.373285813248543E-17    0.490088376490552E+00 -0.896582565728329E-18
  0.00000000  0.00000000  0.04000000    0.1882D-01  0.204046470136880E+01  0.373291613004444E-17    0.490084439750010E+00 -0.896582091814360E-18
  0.00000000  0.00000000  0.04000000    0.1941D-01  0.204048212468265E+01  0.373297778112423E-17    0.490080255006168E+00 -0.896581587643290E-18
  0.00000000  0.00000000  0.04000000    0.2002D-01  0.204050064537421E+01  0.373304331385722E-17    0.490075806771730E+00 -0.896581051272779E-18
  0.00000000  0.00000000  0.04000000    0.2065D-01  0.204052033200149E+01  0.373311297057502E-17    0.490071078595492E+00 -0.896580480633598E-18
  0.00000000  0.00000000  0.04000000    0.2130D-01  0.204054125739500E+01  0.373318700868575E-17    0.490066053002341E+00 -0.896579873519361E-18
  0.00000000  0.00000000  0.04000000    0.2197D-01  0.204056349892442E+01  0.373326570161817E-17    0.490060711429515E+00 -0.896579227578438E-18
  0.00000000  0.00000000  0.04000000    0.2266D-01  0.204058713878220E+01  0.373334933981309E-17    0.490055034158840E+00 -0.896578540302301E-18
  0.00000000  0.00000000  0.04000000    0.2337D-01  0.204061226428472E+01  0.373343823178774E-17    0.490049000244797E+00 -0.896577809015857E-18
  0.00000000  0.00000000  0.04000000    0.2410D-01  0.204063896819272E+01  0.373353270525819E-17    0.490042587438013E+00 -0.896577030864764E-18
  0.00000000  0.00000000  0.04000000    0.2486D-01  0.204066734905172E+01  0.373363310833686E-17    0.490035772104008E+00 -0.896576202803042E-18
  0.00000000  0.00000000  0.04000000    0.2564D-01  0.204069751155395E+01  0.373373981080322E-17    0.490028529136844E+00 -0.896575321579310E-18
  0.00000000  0.00000000  0.04000000    0.2644D-01  0.204072956692330E+01  0.373385320545466E-17    0.490020831867325E+00 -0.896574383721930E-18
  0.00000000  0.00000000  0.04000000    0.2726D-01  0.204076363332440E+01  0.373397370954018E-17    0.490012651965480E+00 -0.896573385522650E-18
  0.00000000  0.00000000  0.04000000    0.2811D-01  0.204079983629782E+01  0.373410176628847E-17    0.490003959336885E+00 -0.896572323019917E-18
  0.00000000  0.00000000  0.04000000    0.2899D-01  0.204083830922265E+01  0.373423784652453E-17    0.489994722012493E+00 -0.896571191979076E-18
  0.00000000  0.00000000  0.04000000    0.2989D-01  0.204087919380870E+01  0.373438245039903E-17    0.489984906031499E+00 -0.896569987873548E-18
  0.00000000  0.00000000  0.04000000    0.3082D-01  0.204092264061983E+01  0.373453610921262E-17    0.489974475316858E+00 -0.896568705861184E-18
  0.00000000  0.00000000  0.04000000    0.3178D-01  0.204096880963079E+01  0.373469938736811E-17    0.489963391542911E+00 -0.896567340761633E-18
  0.00000000  0.00000000  0.04000000    0.3277D-01  0.204101787081937E+01  0.373487288443695E-17    0.489951613994711E+00 -0.896565887029859E-18
  0.00000000  0.00000000  0.04000000    0.3379D-01  0.204107000479678E+01  0.373505723736048E-17    0.489939099418379E+00 -0.896564338728155E-18
  0.00000000  0.00000000  0.04000000    0.3484D-01  0.204112540347802E+01  0.373525312278713E-17    0.489925801862066E+00 -0.896562689495222E-18
  0.00000000  0.00000000  0.04000000    0.3592D-01  0.204118427079563E+01  0.373546125956090E-17    0.489911672506771E+00 -0.896560932513161E-18
  0.00000000  0.00000000  0.04000000    0.3703D-01  0.204124682345924E+01  0.373568241136443E-17    0.489896659486445E+00 -0.896559060470838E-18
  0.00000000  0.00000000  0.04000000    0.3818D-01  0.204131329176409E+01  0.373591738953348E-17    0.489880707696665E+00 -0.896557065524879E-18
  0.00000000  0.00000000  0.04000000    0.3936D-01  0.204138392045184E+01  0.373616705604355E-17    0.489863758591114E+00 -0.896554939255470E-18
  0.00000000  0.00000000  0.04000000    0.4058D-01  0.204145896962734E+01  0.373643232669666E-17    0.489845749965059E+00 -0.896552672620468E-18
  0.00000000  0.00000000  0.04000000    0.4184D-01  0.204153871573481E+01  0.373671417449729E-17    0.489826615725026E+00 -0.896550255901929E-18
  0.00000000  0.00000000  0.04000000    0.4313D-01  0.204162345259783E+01  0.373701363326033E-17    0.489806285643694E+00 -0.896547678651520E-18
  0.00000000  0.00000000  0.04000000    0.4447D-01  0.204171349252725E+01  0.373733180143462E-17    0.489784685099080E+00 -0.896544929627047E-18
  0.00000000  0.00000000  0.04000000    0.4584D-01  0.204180916750183E+01  0.373766984618088E-17    0.489761734796944E+00 -0.896541996725133E-18
  0.00000000  0.00000000  0.04000000    0.4726D-01  0.204191083042673E+01  0.373802900771179E-17    0.489737350475297E+00 -0.896538866907323E-18
  0.00000000  0.00000000  0.04000000    0.4872D-01  0.204201885647506E+01  0.373841060390010E-17    0.489711442589812E+00 -0.896535526116153E-18
  0.00000000  0.00000000  0.04000000    0.5022D-01  0.204213364451845E+01  0.373881603520241E-17    0.489683915978872E+00 -0.896531959187345E-18
  0.00000000  0.00000000  0.04000000    0.5177D-01  0.204225561865295E+01  0.373924678988318E-17    0.489654669506841E+00 -0.896528149748675E-18
  0.00000000  0.00000000  0.04000000    0.5337D-01  0.204238522982706E+01  0.373970444958983E-17    0.489623595684090E+00 -0.896524080111474E-18
  0.00000000  0.00000000  0.04000000    0.5501D-01  0.204252295757903E+01  0.374019069528520E-17    0.489590580262208E+00 -0.896519731149774E-18
  0.00000000  0.00000000  0.04000000    0.5671D-01  0.204266931189162E+01  0.374070731356822E-17    0.489555501802663E+00 -0.896515082167126E-18
  0.00000000  0.00000000  0.04000000    0.5846D-01  0.204282483517259E+01  0.374125620340650E-17    0.489518231217074E+00 -0.896510110749033E-18
  0.00000000  0.00000000  0.04000000    0.6026D-01  0.204299010437042E+01  0.374183938331125E-17    0.489478631277152E+00 -0.896504792599843E-18
  0.00000000  0.00000000  0.04000000    0.6211D-01  0.204316573323495E+01  0.374245899898484E-17    0.489436556092148E+00 -0.896499101362218E-18
  0.00000000  0.00000000  0.04000000    0.6403D-01  0.204335237473429E+01  0.374311733148150E-17    0.489391850551492E+00 -0.896493008418725E-18
  0.00000000  0.00000000  0.04000000    0.6600D-01  0.204355072363917E+01  0.374381680588984E-17    0.489344349730255E+00 -0.896486482667238E-18
  0.00000000  0.00000000  0.04000000    0.6803D-01  0.204376151928800E+01  0.374456000061350E-17    0.489293878254630E+00 -0.896479490276160E-18
  0.00000000  0.00000000  0.04000000    0.7012D-01  0.204398554854644E+01  0.374534965726722E-17    0.489240249624631E+00 -0.896471994411123E-18
  0.00000000  0.00000000  0.04000000    0.7227D-01  0.204422364897645E+01  0.374618869122675E-17    0.489183265490888E+00 -0.896463954928272E-18
  0.00000000  0.00000000  0.04000000    0.7450D-01  0.204447671223146E+01  0.374708020290864E-17    0.489122714882159E+00 -0.896455328037200E-18
  0.00000000  0.00000000  0.04000000    0.7678D-01  0.204474568769577E+01  0.374802748980151E-17    0.489058373379872E+00 -0.896446065921771E-18
  0.00000000  0.00000000  0.04000000    0.7914D-01  0.204503158638770E+01  0.374903405932294E-17    0.488990002235799E+00 -0.896436116318676E-18
  0.00000000  0.00000000  0.04000000    0.8157D-01  0.204533548514796E+01  0.375010364255914E-17    0.488917347428538E+00 -0.896425422047319E-18
  0.00000000  0.00000000  0.04000000    0.8408D-01  0.204565853113705E+01  0.375124020894860E-17    0.488840138654110E+00 -0.896413920483608E-18
  0.00000000  0.00000000  0.04000000    0.8666D-01  0.204600194666741E+01  0.375244798198780E-17    0.488758088245631E+00 -0.896401542972563E-18
  0.00000000  0.00000000  0.04000000    0.8932D-01  0.204636703439852E+01  0.375373145603187E-17    0.488670890016523E+00 -0.896388214170617E-18
  0.00000000  0.00000000  0.04000000    0.9206D-01  0.204675518292665E+01  0.375509541427187E-17    0.488578218021220E+00 -0.896373851308013E-18
  0.00000000  0.00000000  0.04000000    0.9488D-01  0.204716787280318E+01  0.375654494799080E-17    0.488479725226784E+00 -0.896358363363701E-18
  0.00000000  0.00000000  0.04000000    0.9779D-01  0.204760668301974E+01  0.375808547718895E-17    0.488375042088276E+00 -0.896341650138971E-18
  0.00000000  0.00000000  0.04000000    0.1008D+00  0.204807329800187E+01  0.375972277269061E-17    0.488263775019974E+00 -0.896323601217523E-18
  0.00000000  0.00000000  0.04000000    0.1039D+00  0.204856951515783E+01  0.376146297984473E-17    0.488145504753818E+00 -0.896304094795457E-18
  0.00000000  0.00000000  0.04000000    0.1071D+00  0.204909725303381E+01  0.376331264396924E-17    0.488019784575594E+00 -0.896282996368928E-18
  0.00000000  0.00000000  0.04000000    0.1103D+00  0.204965856013254E+01  0.376527873765264E-17    0.487886138428507E+00 -0.896260157253468E-18
  0.00000000  0.00000000  0.04000000    0.1137D+00  0.205025562445904E+01  0.376736869009285E-17    0.487744058872585E+00 -0.896235412918428E-18
  0.00000000  0.00000000  0.04000000    0.1172D+00  0.205089078386402E+01  0.376959041863043E-17    0.487593004887336E+00 -0.896208581108136E-18
  0.00000000  0.00000000  0.04000000    0.1208D+00  0.205156653726375E+01  0.377195236267046E-17    0.487432399503716E+00 -0.896179459722688E-18
  0.00000000  0.00000000  0.04000000    0.1245D+00  0.205228555682516E+01  0.377446352020278E-17    0.487261627249854E+00 -0.896147824425733E-18
  0.00000000  0.00000000  0.04000000    0.1283D+00  0.205305070121426E+01  0.377713348712822E-17    0.487080031393553E+00 -0.896113425937283E-18
  0.00000000  0.00000000  0.04000000    0.1322D+00  0.205386503001966E+01  0.377997249967878E-17    0.486886910962415E+00 -0.896075986976545E-18
  0.00000000  0.00000000  0.04000000    0.1363D+00  0.205473181947524E+01  0.378299148016844E-17    0.486681517520565E+00 -0.896035198795894E-18
  0.00000000  0.00000000  0.04000000    0.1405D+00  0.205565457962339E+01  0.378620208640882E-17    0.486463051678268E+00 -0.895990717254888E-18
  0.00000000  0.00000000  0.04000000    0.1448D+00  0.205663707307701E+01  0.378961676512719E-17    0.486230659308238E+00 -0.895942158368526E-18
  0.00000000  0.00000000  0.04000000    0.1492D+00  0.205768333556061E+01  0.379324880974680E-17    0.485983427439069E+00 -0.895889093249460E-18
  0.00000000  0.00000000  0.04000000    0.1537D+00  0.205879769843417E+01  0.379711242297204E-17    0.485720379792806E+00 -0.895831042362581E-18
  0.00000000  0.00000000  0.04000000    0.1585D+00  0.205998481343211E+01  0.380122278463074E-17    0.485440471929457E+00 -0.895767468987198E-18
  0.00000000  0.00000000  0.04000000    0.1633D+00  0.206124967988138E+01  0.380559612529893E-17    0.485142585956665E+00 -0.895697771771362E-18
  0.00000000  0.00000000  0.04000000    0.1683D+00  0.206259767470113E+01  0.381024980629186E-17    0.484825524757220E+00 -0.895621276242939E-18
  0.00000000  0.00000000  0.04000000    0.1734D+00  0.206403458552998E+01  0.381520240667066E-17    0.484488005680985E+00 -0.895537225119966E-18
  0.00000000  0.00000000  0.04000000    0.1787D+00  0.206556664737839E+01  0.382047381799820E-17    0.484128653640489E+00 -0.895444767237944E-18
  0.00000000  0.00000000  0.04000000    0.1842D+00  0.206720058326408E+01  0.382608534765537E-17    0.483745993541186E+00 -0.895342944878843E-18
  0.00000000  0.00000000  0.04000000    0.1898D+00  0.206894364935934E+01  0.383205983165145E-17    0.483338441967550E+00 -0.895230679255272E-18
  0.00000000  0.00000000  0.04000000    0.1956D+00  0.207080368526294E+01  0.383842175796771E-17    0.482904298034908E+00 -0.895106753858204E-18
  0.00000000  0.00000000  0.04000000    0.2016D+00  0.207278917010850E+01  0.384519740159398E-17    0.482441733303564E+00 -0.894969795322820E-18
  0.00000000  0.00000000  0.04000000    0.2078D+00  0.207490928533926E+01  0.385241497260980E-17    0.481948780636207E+00 -0.894818251415935E-18
  0.00000000  0.00000000  0.04000000    0.2141D+00  0.207717398511985E+01  0.386010477879640E-17    0.481423321861168E+00 -0.894650365666458E-18
  0.00000000  0.00000000  0.04000000    0.2207D+00  0.207959407552441E+01  0.386829940450727E-17    0.480863074082297E+00 -0.894464148082853E-18
  0.00000000  0.00000000  0.04000000    0.2274D+00  0.208218130384282E+01  0.387703390773529E-17    0.480265574450423E+00 -0.894257341291937E-18
  0.00000000  0.00000000  0.04000000    0.2343D+00  0.208494845959206E+01  0.388634603761568E-17    0.479628163180428E+00 -0.894027381314671E-18
  0.00000000  0.00000000  0.04000000    0.2415D+00  0.208790948911632E+01  0.389627647488779E-17    0.478947964561067E+00 -0.893771352035228E-18
  0.00000000  0.00000000  0.04000000    0.2489D+00  0.209107962602153E+01  0.390686909825208E-17    0.478221865660177E+00 -0.893485932245877E-18
  0.00000000  0.00000000  0.04000000    0.2565D+00  0.209447554013334E+01  0.391817127996841E-17    0.477446492374094E+00 -0.893167333920134E-18
  0.00000000  0.00000000  0.04000000    0.2643D+00  0.209811550821344E+01  0.393023421455316E-17    0.476618182404793E+00 -0.892811230093104E-18
  0.00000000  0.00000000  0.04000000    0.2724D+00  0.210201961034384E+01  0.394311328502990E-17    0.475732954668498E+00 -0.892412670390374E-18
  0.00000000  0.00000000  0.04000000    0.2807D+00  0.210620995673127E+01  0.395686847191295E-17    0.474786474541193E+00 -0.891965981833238E-18
  0.00000000  0.00000000  0.04000000    0.2893D+00  0.211071095073557E+01  0.397156481089582E-17    0.473774014225637E+00 -0.891464652021474E-18
  0.00000000  0.00000000  0.04000000    0.2981D+00  0.211554959525578E+01  0.398727290624032E-17    0.472690407373359E+00 -0.890901191154355E-18
  0.00000000  0.00000000  0.04000000    0.3072D+00  0.212075585129340E+01  0.400406950800869E-17    0.471529996906585E+00 -0.890266968530874E-18
  0.00000000  0.00000000  0.04000000    0.3166D+00  0.212636305966867E+01  0.402203816267072E-17    0.470286574746939E+00 -0.889552018138717E-18
  0.00000000  0.00000000  0.04000000    0.3262D+00  0.213240843964609E+01  0.404126994833236E-17    0.468953311855194E+00 -0.888744806640264E-18
  0.00000000  0.00000000  0.04000000    0.3362D+00  0.213893368183806E+01  0.406186430775861E-17    0.467522676598680E+00 -0.887831955365750E-18
  0.00000000  0.00000000  0.04000000    0.3464D+00  0.214598565749391E+01  0.408392999486744E-17    0.465986338961745E+00 -0.886797905772926E-18
  0.00000000  0.00000000  0.04000000    0.3570D+00  0.215361727255571E+01  0.410758615322200E-17    0.464335057460463E+00 -0.885624514989493E-18
  0.00000000  0.00000000  0.04000000    0.3679D+00  0.216188850325723E+01  0.413296354864377E-17    0.462558544759981E+00 -0.884290564349813E-18
  0.00000000  0.00000000  0.04000000    0.3791D+00  0.217086766140113E+01  0.416020598239360E-17    0.460645306842230E+00 -0.882771158905973E-18
  0.00000000  0.00000000  0.04000000    0.3907D+00  0.218063295300733E+01  0.418947191666696E-17    0.458582449018251E+00 -0.881036989278162E-18
  0.00000000  0.00000000  0.04000000    0.4026D+00  0.219127441562075E+01  0.422093635071195E-17    0.456355439953748E+00 -0.879053418236641E-18
  0.00000000  0.00000000  0.04000000    0.4149D+00  0.220289634997943E+01  0.425479299394574E-17    0.453947821925138E+00 -0.876779342052130E-18
  0.00000000  0.00000000  0.04000000    0.4276D+00  0.221562040526651E+01  0.429125679253126E-17    0.451340851358388E+00 -0.874165759412001E-18
  0.00000000  0.00000000  0.04000000    0.4406D+00  0.222958954056549E+01  0.433056687849271E-17    0.448513047718357E+00 -0.871153956224743E-18
  0.00000000  0.00000000  0.04000000    0.4540D+00  0.224497317931682E+01  0.437299002618687E-17    0.445439620042283E+00 -0.867673179198583E-18
  0.00000000  0.00000000  0.04000000    0.4679D+00  0.226197401660234E+01  0.441882472110249E-17    0.442091727252498E+00 -0.863637618752395E-18
  0.00000000  0.00000000  0.04000000    0.4822D+00  0.228083716178386E+01  0.446840597135632E-17    0.438435508135045E+00 -0.858942442463994E-18
  0.00000000  0.00000000  0.04000000    0.4969D+00  0.230186265575018E+01  0.452211102500425E-17    0.434430784782899E+00 -0.853458496561668E-18
  0.00000000  0.00000000  0.04000000    0.5120D+00  0.232542299243669E+01  0.458036619844885E-17    0.430029290693540E+00 -0.847025093431148E-18
  0.00000000  0.00000000  0.04000000    0.5276D+00  0.235198828937278E+01  0.464365507603800E-17    0.425172184962994E+00 -0.839439968223690E-18
  0.00000000  0.00000000  0.04000000    0.5437D+00  0.238216357760115E+01  0.471252841293059E-17    0.419786453542793E+00 -0.830444898194562E-18
  0.00000000  0.00000000  0.04000000    0.5603D+00  0.241674614703071E+01  0.478761616822232E-17    0.413779494891770E+00 -0.819704379070446E-18
  0.00000000  0.00000000  0.04000000    0.5774D+00  0.245681791418602E+01  0.486964222208340E-17    0.407030571629202E+00 -0.806772551534816E-18
  0.00000000  0.00000000  0.04000000    0.5950D+00  0.250390328659241E+01  0.495944250118852E-17    0.399376447706538E+00 -0.791038751111284E-18
  0.00000000  0.00000000  0.04000000    0.6131D+00  0.256026113833486E+01  0.505798746872225E-17    0.390585157516541E+00 -0.771630207015697E-18
  0.00000000  0.00000000  0.04000000    0.6318D+00  0.262948840040959E+01  0.516641025404032E-17    0.380302114983368E+00 -0.747216358200036E-18
  0.00000000  0.00000000  0.04000000    0.6511D+00  0.271800026335739E+01  0.528604214103704E-17    0.367917550811698E+00 -0.715536236047099E-18
  0.00000000  0.00000000  0.04000000    0.6709D+00  0.283996941673310E+01  0.541845776654219E-17    0.352116467912648E+00 -0.671812942437753E-18
  0.00000000  0.00000000  0.04000000    0.6914D+00  0.306551160816197E+01  0.772952222527606E-04    0.326209823085228E+00 -0.822520479429031E-05
  0.00000000  0.00000000  0.04000000    0.7125D+00  0.327366417309971E+01  0.264527552074021E+00    0.303486521376389E+00 -0.245231466461453E-01
  0.00000000  0.00000000  0.04000000    0.7342D+00  0.333587267097796E+01  0.516720685778051E+00    0.292747607438163E+00 -0.453460786412403E-01
  0.00000000  0.00000000  0.04000000    0.7565D+00  0.336838640419612E+01  0.701134678537713E+00    0.284549369992569E+00 -0.592293778437400E-01
  0.00000000  0.00000000  0.04000000    0.7796D+00  0.344267636755358E+01  0.888569470531503E+00    0.272329675704973E+00 -0.702894521343407E-01
  0.00000000  0.00000000  0.04000000    0.8034D+00  0.361456851911074E+01  0.113887350950571E+01    0.251673421175708E+00 -0.792969315447372E-01
  0.00000000  0.00000000  0.04000000    0.8279D+00  0.370557196469209E+01  0.179417599614084E+01    0.218613544766587E+00 -0.105849023629490E+00
  0.00000000  0.00000000  0.04000000    0.8531D+00  0.303377552697790E+01  0.281685895330012E+01    0.177015351176130E+00 -0.164358658838795E+00
  0.00000000  0.00000000  0.04000000    0.8791D+00  0.212953865214541E+01  0.251623792671341E+01    0.195974837074343E+00 -0.231561571907206E+00
  0.00000000  0.00000000  0.04000000    0.9059D+00  0.172340048726760E+01  0.221411289392504E+01    0.218916640490844E+00 -0.281249866172440E+00
  0.00000000  0.00000000  0.04000000    0.9335D+00  0.148645873980148E+01  0.193208772540806E+01    0.250139351401936E+00 -0.325129219900016E+00
  0.00000000  0.00000000  0.04000000    0.9619D+00  0.135346688837333E+01  0.167197775628554E+01    0.292490833804141E+00 -0.361322594766755E+00
  0.00000000  0.00000000  0.04000000    0.9913D+00  0.129252328430344E+01  0.144492210763303E+01    0.343901039215664E+00 -0.384449719734434E+00
  0.00000000  0.00000000  0.04000000    0.1021D+01  0.126758263318382E+01  0.125338758521982E+01    0.398893607317816E+00 -0.394426589752114E+00
  0.00000000  0.00000000  0.04000000    0.1053D+01  0.128318401692484E+01  0.104490262023320E+01    0.468591922383911E+00 -0.381576547915919E+00
  0.00000000  0.00000000  0.04000000    0.1085D+01  0.136454143204895E+01  0.846726043677882E+00    0.529113863461821E+00 -0.328326042538278E+00
  0.00000000  0.00000000  0.04000000    0.1118D+01  0.152752115001780E+01  0.655037232904063E+00    0.552969922459670E+00 -0.237126594209799E+00
  0.00000000  0.00000000  0.04000000    0.1152D+01  0.192484384250839E+01  0.454068667798948E+00    0.492136115012775E+00 -0.116094399547961E+00
  0.00000000  0.00000000  0.04000000    0.1187D+01  0.233257704191388E+01  0.802061876645353E+00    0.383381511456567E+00 -0.131826597374758E+00
  0.00000000  0.00000000  0.04000000    0.1223D+01  0.271317223495935E+01  0.113238737667399E+01    0.313893602755717E+00 -0.131008694840421E+00
  0.00000000  0.00000000  0.04000000    0.1260D+01  0.205837851057634E+01  0.266299177723937E+01    0.181699967908093E+00 -0.235071206766742E+00
  0.00000000  0.00000000  0.04000000    0.1299D+01  0.103581498466712E+01  0.168965155773487E+01    0.263711425369598E+00 -0.430173754255373E+00
  0.00000000  0.00000000  0.04000000    0.1338D+01  0.143887878206241E+01  0.762537329088659E+00    0.542597335143681E+00 -0.287550784589400E+00
  0.00000000  0.00000000  0.04000000    0.1379D+01  0.237125761832530E+01  0.981511522938129E+00    0.360032749545604E+00 -0.149024842169481E+00
  0.00000000  0.00000000  0.04000000    0.1421D+01  0.276086227602229E+01  0.221072687021961E+01    0.220698182842202E+00 -0.176721384204953E+00
  0.00000000  0.00000000  0.04000000    0.1464D+01  0.149622283398678E+01  0.387195849700819E+01    0.868344811398462E-01 -0.224712188215205E+00
  0.00000000  0.00000000  0.04000000    0.1509D+01  0.449393789319865E+00  0.253718521631751E+01    0.676872943160137E-01 -0.382148588949204E+00
  0.00000000  0.00000000  0.04000000    0.1555D+01 -0.163689041092311E+00  0.314953114075520E+01   -0.164572126751681E-01 -0.316652253960256E+00
  0.00000000  0.00000000  0.04000000    0.1602D+01 -0.117941559184934E+01  0.193754879228512E+01   -0.229230106031436E+00 -0.376580162383789E+00
  0.00000000  0.00000000  0.04000000    0.1651D+01 -0.911318503777946E+00  0.466494824594081E+00   -0.869480131323889E+00 -0.445078180316206E+00
  0.00000000  0.00000000  0.04000000    0.1701D+01 -0.210696757630902E+00  0.279602116737364E+00   -0.171898469646642E+01 -0.228115403946136E+01
  0.00000000  0.00000000  0.04000000    0.1753D+01  0.136863955556214E+00  0.240861132748588E+00    0.178334066928790E+01 -0.313842641720875E+01
  0.00000000  0.00000000  0.04000000    0.1807D+01  0.343460213468748E+00  0.249262352171790E+00    0.190708841892864E+01 -0.138404777747274E+01
  0.00000000  0.00000000  0.04000000    0.1862D+01  0.467249008333685E+00  0.259889581883547E+00    0.163451372498642E+01 -0.909136415472658E+00
  0.00000000  0.00000000  0.04000000    0.1919D+01  0.557544807680926E+00  0.249386763775118E+00    0.149455797277363E+01 -0.668507662468667E+00
  0.00000000  0.00000000  0.04000000    0.1977D+01  0.632975733477298E+00  0.251860278984406E+00    0.136390176537964E+01 -0.542694863274978E+00
  0.00000000  0.00000000  0.04000000    0.2037D+01  0.689620363194581E+00  0.255101385022319E+00    0.127553238713063E+01 -0.471839429291966E+00
  0.00000000  0.00000000  0.04000000    0.2099D+01  0.724812672894158E+00  0.264352979599271E+00    0.121768976368638E+01 -0.444114637196791E+00
  0.00000000  0.00000000  0.04000000    0.2163D+01  0.752817550537241E+00  0.247129965895964E+00    0.119912165623191E+01 -0.393639725585867E+00
  0.00000000  0.00000000  0.04000000    0.2229D+01  0.790396604418834E+00  0.235248192824174E+00    0.116223086230917E+01 -0.345918376260929E+00
  0.00000000  0.00000000  0.04000000    0.2297D+01  0.822655288587751E+00  0.237333425912424E+00    0.112217674045993E+01 -0.323744409094847E+00
  0.00000000  0.00000000  0.04000000    0.2367D+01  0.838243403022382E+00  0.239409616398011E+00    0.110299688444272E+01 -0.315025516503328E+00
  0.00000000  0.00000000  0.04000000    0.2439D+01  0.855504763352282E+00  0.214423349841368E+00    0.109981026671178E+01 -0.275655977243413E+00
  0.00000000  0.00000000  0.04000000    0.2513D+01  0.896949046919466E+00  0.188974759824587E+00    0.106750539525153E+01 -0.224908623708278E+00
  0.00000000  0.00000000  0.04000000    0.2590D+01  0.952081522103094E+00  0.189423655498332E+00    0.101033700200212E+01 -0.201014013780790E+00
  0.00000000  0.00000000  0.04000000    0.2669D+01  0.101091900779806E+01  0.208611912999112E+00    0.948795511076340E+00 -0.195792190159455E+00
  0.00000000  0.00000000  0.04000000    0.2750D+01  0.107792186519764E+01  0.260970106580172E+00    0.876344317920791E+00 -0.212167205650647E+00
  0.00000000  0.00000000  0.04000000    0.2834D+01  0.108311035631953E+01  0.414700674836182E+00    0.805223832324429E+00 -0.308303641185575E+00
  0.00000000  0.00000000  0.04000000    0.2920D+01  0.925485071203755E+00  0.556418327739804E+00    0.793642093856289E+00 -0.477151950288144E+00
  0.00000000  0.00000000  0.04000000    0.3009D+01  0.759266346499059E+00  0.427850275801231E+00    0.999638075045249E+00 -0.563300912889930E+00
  0.00000000  0.00000000  0.04000000    0.3101D+01  0.751705029586025E+00  0.275063230366966E+00    0.117321881189746E+01 -0.429303175616014E+00
  0.00000000  0.00000000  0.04000000    0.3195D+01  0.793622592207495E+00  0.234954838456725E+00    0.115850447116184E+01 -0.342979438269392E+00
  0.00000000  0.00000000  0.04000000    0.3293D+01  0.819906721115480E+00  0.190193940508193E+00    0.115737251090995E+01 -0.268475953199098E+00
  0.00000000  0.00000000  0.04000000    0.3393D+01  0.875587618158116E+00  0.144138387591009E+00    0.111195676629351E+01 -0.183049248345488E+00
  0.00000000  0.00000000  0.04000000    0.3496D+01  0.959645027640642E+00  0.157551299256554E+00    0.101470173842576E+01 -0.166590325216304E+00
  0.00000000  0.00000000  0.04000000    0.3603D+01  0.950678845367782E+00  0.289107780092392E+00    0.962836021662897E+00 -0.292804858520084E+00
  0.00000000  0.00000000  0.04000000    0.3713D+01  0.873322453499643E+00  0.264469452956879E+00    0.104886438302616E+01 -0.317629059568197E+00
  0.00000000  0.00000000  0.04000000    0.3826D+01  0.853412212839945E+00  0.207905341758956E+00    0.110611956762511E+01 -0.269469036502408E+00
  0.00000000  0.00000000  0.04000000    0.3942D+01  0.869417274178285E+00  0.165225778341208E+00    0.111010325098181E+01 -0.210966217408009E+00
  0.00000000  0.00000000  0.04000000    0.4062D+01  0.927946646085276E+00  0.121815051840574E+00    0.105939187428277E+01 -0.139070362105041E+00
  0.00000000  0.00000000  0.04000000    0.4186D+01  0.978912418469145E+00  0.178984101917797E+00    0.988496054005012E+00 -0.180736371443785E+00
  0.00000000  0.00000000  0.04000000    0.4313D+01  0.105513936755919E+01  0.190503422583170E+00    0.917823245344188E+00 -0.165711255726275E+00
  0.00000000  0.00000000  0.04000000    0.4445D+01  0.902426523595217E+00  0.529050212551953E+00    0.824685290313027E+00 -0.483474185122996E+00
  0.00000000  0.00000000  0.04000000    0.4580D+01  0.699516393703505E+00  0.232772842971465E+00    0.128704357029310E+01 -0.428279871039379E+00
  0.00000000  0.00000000  0.04000000    0.4720D+01  0.770302080224698E+00  0.119561216762234E+00    0.126765272170036E+01 -0.196756708477591E+00
  0.00000000  0.00000000  0.04000000    0.4863D+01  0.844504519387365E+00  0.106062431399159E+00    0.116573887921859E+01 -0.146406676421517E+00
  0.00000000  0.00000000  0.04000000    0.5012D+01  0.869619462414369E+00  0.141913867503704E+00    0.112009866409735E+01 -0.182789760668955E+00
  0.00000000  0.00000000  0.04000000    0.5164D+01  0.860298766295270E+00  0.148495774876158E+00    0.112875664545795E+01 -0.194834166083603E+00
  0.00000000  0.00000000  0.04000000    0.5322D+01  0.822507783765335E+00  0.160239086804022E+00    0.117133710488238E+01 -0.228197217984711E+00
  0.00000000  0.00000000  0.04000000    0.5484D+01  0.815503439635340E+00  0.705367806615377E-01    0.121713062360653E+01 -0.105275430686306E+00
  0.00000000  0.00000000  0.04000000    0.5651D+01  0.873863202819534E+00  0.489911303765051E-01    0.114075843695145E+01 -0.639539977567042E-01
  0.00000000  0.00000000  0.04000000    0.5823D+01  0.884938613638731E+00  0.105360939429627E+00    0.111422735156532E+01 -0.132660094937425E+00
  0.00000000  0.00000000  0.04000000    0.6000D+01  0.862535817417301E+00  0.835568510442554E-01    0.114859320311099E+01 -0.111268227063500E+00
  0.00000000  0.00000000  0.04000000    0.6183D+01  0.865190788128138E+00  0.650304386009022E-01    0.114932134807593E+01 -0.863865778326901E-01
  0.00000000  0.00000000  0.04000000    0.6371D+01  0.873347609062053E+00  0.525121600870785E-01    0.114089476335924E+01 -0.685990868176441E-01
  0.00000000  0.00000000  0.04000000    0.6565D+01  0.883375898803236E+00  0.429786061366312E-01    0.112934766252852E+01 -0.549457919837924E-01
  0.00000000  0.00000000  0.04000000    0.6765D+01  0.888650713453080E+00  0.409509611782155E-01    0.112291693199660E+01 -0.517464589769686E-01
  0.00000000  0.00000000  0.04000000    0.6971D+01  0.899899880577740E+00  0.231054174231514E-01    0.111050264857240E+01 -0.285127576951200E-01
  0.00000000  0.00000000  0.04000000    0.7184D+01  0.918290523528869E+00  0.286893572094729E-01    0.108791809905572E+01 -0.339888849538792E-01
  0.00000000  0.00000000  0.04000000    0.7402D+01  0.910878767670540E+00  0.495842447633310E-01    0.109459738679771E+01 -0.595850805514781E-01
  0.00000000  0.00000000  0.04000000    0.7628D+01  0.904657024327447E+00  0.213882441343320E-01    0.110477376874127E+01 -0.261194800279268E-01
  0.00000000  0.00000000  0.04000000    0.7860D+01  0.917872412489072E+00  0.170539183626243E-01    0.108910007016536E+01 -0.202353000619786E-01
  0.00000000  0.00000000  0.04000000    0.8100D+01  0.922769880864213E+00  0.189653932581785E-01    0.108323622873575E+01 -0.222634066147015E-01
  0.00000000  0.00000000  0.04000000    0.8346D+01  0.925511842917042E+00  0.120269261370215E-01    0.108030077513709E+01 -0.140383915427708E-01
  0.00000000  0.00000000  0.04000000    0.8600D+01  0.934292266282693E+00  0.599544046274085E-02    0.107028481204310E+01 -0.686811729086775E-02
  0.00000000  0.00000000  0.04000000    0.8862D+01  0.941002132388786E+00  0.100162579920179E-01    0.106257645806667E+01 -0.113103249970565E-01
  0.00000000  0.00000000  0.04000000    0.9132D+01  0.942224468279187E+00  0.930318444693533E-02    0.106121476825813E+01 -0.104780517374463E-01
  0.00000000  0.00000000  0.04000000    0.9410D+01  0.946360382554297E+00  0.386839288434614E-02    0.105666225024432E+01 -0.431926864792206E-02
  0.00000000  0.00000000  0.04000000    0.9697D+01  0.953465280349847E+00  0.346841907141808E-02    0.104879200945728E+01 -0.381518895603392E-02
  0.00000000  0.00000000  0.04000000    0.9992D+01  0.957325032202922E+00  0.706744097812611E-02    0.104452037521022E+01 -0.771115958940430E-02
  0.00000000  0.00000000  0.04000000    0.1030D+02  0.958235731101261E+00  0.769746397760832E-02    0.104351720912902E+01 -0.838252620579449E-02
  0.00000000  0.00000000  0.04000000    0.1061D+02  0.958411915312283E+00  0.750873413722511E-02    0.104332866431019E+01 -0.817401936775670E-02
  0.00000000  0.00000000  0.04000000    0.1093D+02  0.959767983083488E+00  0.397347419989378E-02    0.104190062392089E+01 -0.431350630670366E-02
  0.00000000  0.00000000  0.04000000    0.1127D+02  0.963104078148194E+00  0.233065862893850E-02    0.103830330136758E+01 -0.251263659213300E-02
  0.00000000  0.00000000  0.04000000    0.1161D+02  0.965987074145388E+00  0.203966942574598E-02    0.103520592397783E+01 -0.218582414713647E-02
  0.00000000  0.00000000  0.04000000    0.1196D+02  0.968111665399432E+00  0.161173761439912E-02    0.103293583178650E+01 -0.171965858159974E-02
  0.00000000  0.00000000  0.04000000    0.1233D+02  0.970333568670764E+00  0.716735499969686E-03    0.103057287378862E+01 -0.761231176369520E-03
  0.00000000  0.00000000  0.04000000    0.1270D+02  0.972604300350369E+00  0.523491260283577E-03    0.102816706644334E+01 -0.553397176221201E-03
  0.00000000  0.00000000  0.04000000    0.1309D+02  0.974553600736314E+00  0.303718792908759E-03    0.102611072609991E+01 -0.319786526760901E-03
  0.00000000  0.00000000  0.04000000    0.1349D+02  0.976344787076551E+00  0.178960621643182E-03    0.102422830504033E+01 -0.187737504824911E-03
  0.00000000  0.00000000  0.04000000    0.1390D+02  0.977997910179564E+00  0.500202949738934E-04    0.102249706975399E+01 -0.522962314200094E-04
  0.00000000  0.00000000  0.04000000    0.1432D+02  0.979541632100199E+00  0.111288413458135E-05    0.102088565429797E+01 -0.115985621300647E-05
  0.00000000  0.00000000  0.04000000    0.1476D+02  0.980939406151795E+00  0.326768843121578E-19    0.101943095947484E+01 -0.339591082977009E-19
  0.00000000  0.00000000  0.04000000    0.1521D+02  0.982205527068909E+00  0.306660269144718E-19    0.101811685277744E+01 -0.317872359184554E-19
  0.00000000  0.00000000  0.04000000    0.1567D+02  0.983368202788590E+00  0.287463617687519E-19    0.101691309233332E+01 -0.297269644846125E-19
