 q(1:3)   w(Ry)   eps  epsi --- LFC included. 
  0.00000000  0.00000000  0.03000000    0.0000D+00  0.194680929028282E+01 -0.503498575136248E-17    0.513660996478360E+00  0.132846900372223E-17
  0.00000000  0.00000000  0.03000000    0.1015D-04  0.194680929035368E+01 -0.503498577846970E-17    0.513660996459662E+00  0.132846901077769E-17
  0.00000000  0.00000000  0.03000000    0.3076D-04  0.194680929093360E+01 -0.503498578143488E-17    0.513660996306652E+00  0.132846901076859E-17
  0.00000000  0.00000000  0.03000000    0.5200D-04  0.194680929214243E+01 -0.503498581250840E-17    0.513660995987704E+00  0.132846901731749E-17
  0.00000000  0.00000000  0.03000000    0.7389D-04  0.194680929403714E+01 -0.503498573334033E-17    0.513660995487790E+00  0.132846899384336E-17
  0.00000000  0.00000000  0.03000000    0.9644D-04  0.194680929667874E+01 -0.503498576178832E-17    0.513660994790811E+00  0.132846899774413E-17
  0.00000000  0.00000000  0.03000000    0.1197D-03  0.194680930013260E+01 -0.503498578526839E-17    0.513660993879518E+00  0.132846899922558E-17
  0.00000000  0.00000000  0.03000000    0.1436D-03  0.194680930446871E+01 -0.503498585216469E-17    0.513660992735447E+00  0.132846901095824E-17
  0.00000000  0.00000000  0.03000000    0.1683D-03  0.194680930976197E+01 -0.503498582243891E-17    0.513660991338831E+00  0.132846899589110E-17
  0.00000000  0.00000000  0.03000000    0.1937D-03  0.194680931609259E+01 -0.503498594208696E-17    0.513660989668512E+00  0.132846901882014E-17
  0.00000000  0.00000000  0.03000000    0.2199D-03  0.194680932354631E+01 -0.503498595687196E-17    0.513660987701866E+00  0.132846901254855E-17
  0.00000000  0.00000000  0.03000000    0.2469D-03  0.194680933221488E+01 -0.503498596369462E-17    0.513660985414684E+00  0.132846900251813E-17
  0.00000000  0.00000000  0.03000000    0.2748D-03  0.194680934219637E+01 -0.503498588246793E-17    0.513660982781093E+00  0.132846896746427E-17
  0.00000000  0.00000000  0.03000000    0.3034D-03  0.194680935359562E+01 -0.503498596980207E-17    0.513660979773428E+00  0.132846897494987E-17
  0.00000000  0.00000000  0.03000000    0.3330D-03  0.194680936652469E+01 -0.503498605346804E-17    0.513660976362123E+00  0.132846897937979E-17
  0.00000000  0.00000000  0.03000000    0.3634D-03  0.194680938110330E+01 -0.503498607612479E-17    0.513660972515592E+00  0.132846896546133E-17
  0.00000000  0.00000000  0.03000000    0.3948D-03  0.194680939745935E+01 -0.503498610132671E-17    0.513660968200089E+00  0.132846894978864E-17
  0.00000000  0.00000000  0.03000000    0.4271D-03  0.194680941572940E+01 -0.503498624336031E-17    0.513660963379578E+00  0.132846896232952E-17
  0.00000000  0.00000000  0.03000000    0.4604D-03  0.194680943605933E+01 -0.503498633151418E-17    0.513660958015578E+00  0.132846895784313E-17
  0.00000000  0.00000000  0.03000000    0.4948D-03  0.194680945860481E+01 -0.503498636406923E-17    0.513660952067006E+00  0.132846893566341E-17
  0.00000000  0.00000000  0.03000000    0.5301D-03  0.194680948353206E+01 -0.503498641870502E-17    0.513660945490013E+00  0.132846891605909E-17
  0.00000000  0.00000000  0.03000000    0.5666D-03  0.194680951101840E+01 -0.503498652787222E-17    0.513660938237807E+00  0.132846890735018E-17
  0.00000000  0.00000000  0.03000000    0.6041D-03  0.194680954125311E+01 -0.503498669083475E-17    0.513660930260455E+00  0.132846890908418E-17
  0.00000000  0.00000000  0.03000000    0.6428D-03  0.194680957443805E+01 -0.503498675228144E-17    0.513660921504688E+00  0.132846888000708E-17
  0.00000000  0.00000000  0.03000000    0.6827D-03  0.194680961078859E+01 -0.503498691930584E-17    0.513660911913689E+00  0.132846887446612E-17
  0.00000000  0.00000000  0.03000000    0.7238D-03  0.194680965053436E+01 -0.503498706379961E-17    0.513660901426865E+00  0.132846885834680E-17
  0.00000000  0.00000000  0.03000000    0.7662D-03  0.194680969392027E+01 -0.503498723696369E-17    0.513660889979601E+00  0.132846884482414E-17
  0.00000000  0.00000000  0.03000000    0.8098D-03  0.194680974120744E+01 -0.503498734603469E-17    0.513660877503000E+00  0.132846880906639E-17
  0.00000000  0.00000000  0.03000000    0.8548D-03  0.194680979267418E+01 -0.503498752736385E-17    0.513660863923629E+00  0.132846878666962E-17
  0.00000000  0.00000000  0.03000000    0.9011D-03  0.194680984861722E+01 -0.503498780853860E-17    0.513660849163199E+00  0.132846878450778E-17
  0.00000000  0.00000000  0.03000000    0.9488D-03  0.194680990935272E+01 -0.503498803443519E-17    0.513660833138291E+00  0.132846876122034E-17
  0.00000000  0.00000000  0.03000000    0.9980D-03  0.194680997521768E+01 -0.503498829459509E-17    0.513660815759990E+00  0.132846873997270E-17
  0.00000000  0.00000000  0.03000000    0.1049D-02  0.194681004657108E+01 -0.503498846615136E-17    0.513660796933579E+00  0.132846868785678E-17
  0.00000000  0.00000000  0.03000000    0.1101D-02  0.194681012379545E+01 -0.503498870585154E-17    0.513660776558131E+00  0.132846864570798E-17
  0.00000000  0.00000000  0.03000000    0.1155D-02  0.194681020729824E+01 -0.503498909137972E-17    0.513660754526138E+00  0.132846863346694E-17
  0.00000000  0.00000000  0.03000000    0.1210D-02  0.194681029751348E+01 -0.503498936422979E-17    0.513660730723084E+00  0.132846858233516E-17
  0.00000000  0.00000000  0.03000000    0.1267D-02  0.194681039490343E+01 -0.503498972729956E-17    0.513660705027007E+00  0.132846854521584E-17
  0.00000000  0.00000000  0.03000000    0.1326D-02  0.194681049996032E+01 -0.503499001744002E-17    0.513660677308028E+00  0.132846847839074E-17
  0.00000000  0.00000000  0.03000000    0.1387D-02  0.194681061320838E+01 -0.503499051821780E-17    0.513660647427837E+00  0.132846845596272E-17
  0.00000000  0.00000000  0.03000000    0.1450D-02  0.194681073520573E+01 -0.503499090930981E-17    0.513660615239171E+00  0.132846839265369E-17
  0.00000000  0.00000000  0.03000000    0.1514D-02  0.194681086654659E+01 -0.503499135291305E-17    0.513660580585253E+00  0.132846833044794E-17
  0.00000000  0.00000000  0.03000000    0.1580D-02  0.194681100786354E+01 -0.503499189492306E-17    0.513660543299174E+00  0.132846828059151E-17
  0.00000000  0.00000000  0.03000000    0.1649D-02  0.194681115982996E+01 -0.503499242991235E-17    0.513660503203271E+00  0.132846821434870E-17
  0.00000000  0.00000000  0.03000000    0.1719D-02  0.194681132316257E+01 -0.503499293732017E-17    0.513660460108437E+00  0.132846812531645E-17
  0.00000000  0.00000000  0.03000000    0.1792D-02  0.194681149862420E+01 -0.503499365398290E-17    0.513660413813405E+00  0.132846807494225E-17
  0.00000000  0.00000000  0.03000000    0.1867D-02  0.194681168702667E+01 -0.503499431758520E-17    0.513660364103979E+00  0.132846799290704E-17
  0.00000000  0.00000000  0.03000000    0.1944D-02  0.194681188923389E+01 -0.503499503333771E-17    0.513660310752221E+00  0.132846790579129E-17
  0.00000000  0.00000000  0.03000000    0.2024D-02  0.194681210616515E+01 -0.503499578126366E-17    0.513660253515585E+00  0.132846780706961E-17
  0.00000000  0.00000000  0.03000000    0.2106D-02  0.194681233879855E+01 -0.503499657354060E-17    0.513660192136002E+00  0.132846769862013E-17
  0.00000000  0.00000000  0.03000000    0.2190D-02  0.194681258817473E+01 -0.503499749019743E-17    0.513660126338903E+00  0.132846760013797E-17
  0.00000000  0.00000000  0.03000000    0.2277D-02  0.194681285540087E+01 -0.503499843258376E-17    0.513660055832172E+00  0.132846748408354E-17
  0.00000000  0.00000000  0.03000000    0.2367D-02  0.194681314165474E+01 -0.503499949620471E-17    0.513659980305058E+00  0.132846737404815E-17
  0.00000000  0.00000000  0.03000000    0.2459D-02  0.194681344818921E+01 -0.503500062830170E-17    0.513659899426999E+00  0.132846725440175E-17
  0.00000000  0.00000000  0.03000000    0.2554D-02  0.194681377633698E+01 -0.503500173796385E-17    0.513659812846376E+00  0.132846709933905E-17
  0.00000000  0.00000000  0.03000000    0.2652D-02  0.194681412751552E+01 -0.503500297087812E-17    0.513659720189197E+00  0.132846694536452E-17
  0.00000000  0.00000000  0.03000000    0.2753D-02  0.194681450323245E+01 -0.503500429460065E-17    0.513659621057692E+00  0.132846678186043E-17
  0.00000000  0.00000000  0.03000000    0.2858D-02  0.194681490509114E+01 -0.503500575899058E-17    0.513659515028823E+00  0.132846661979371E-17
  0.00000000  0.00000000  0.03000000    0.2965D-02  0.194681533479677E+01 -0.503500731142652E-17    0.513659401652696E+00  0.132846644295324E-17
  0.00000000  0.00000000  0.03000000    0.3075D-02  0.194681579416262E+01 -0.503500891438486E-17    0.513659280450890E+00  0.132846623896391E-17
  0.00000000  0.00000000  0.03000000    0.3189D-02  0.194681628511693E+01 -0.503501058466999E-17    0.513659150914661E+00  0.132846600962791E-17
  0.00000000  0.00000000  0.03000000    0.3307D-02  0.194681680971004E+01 -0.503501243478218E-17    0.513659012503051E+00  0.132846578182977E-17
  0.00000000  0.00000000  0.03000000    0.3428D-02  0.194681737012201E+01 -0.503501448044436E-17    0.513658864640872E+00  0.132846555674265E-17
  0.00000000  0.00000000  0.03000000    0.3553D-02  0.194681796867084E+01 -0.503501655506833E-17    0.513658706716547E+00  0.132846528724950E-17
  0.00000000  0.00000000  0.03000000    0.3681D-02  0.194681860782094E+01 -0.503501886337117E-17    0.513658538079874E+00  0.132846502400068E-17
  0.00000000  0.00000000  0.03000000    0.3813D-02  0.194681929019240E+01 -0.503502132547570E-17    0.513658358039576E+00  0.132846474234520E-17
  0.00000000  0.00000000  0.03000000    0.3950D-02  0.194682001857067E+01 -0.503502392595585E-17    0.513658165860750E+00  0.132846443441151E-17
  0.00000000  0.00000000  0.03000000    0.4090D-02  0.194682079591690E+01 -0.503502668176357E-17    0.513657960762140E+00  0.132846410063109E-17
  0.00000000  0.00000000  0.03000000    0.4235D-02  0.194682162537891E+01 -0.503502960576454E-17    0.513657741913242E+00  0.132846374010252E-17
  0.00000000  0.00000000  0.03000000    0.4385D-02  0.194682251030286E+01 -0.503503280109071E-17    0.513657508431229E+00  0.132846337546992E-17
  0.00000000  0.00000000  0.03000000    0.4538D-02  0.194682345424560E+01 -0.503503607682441E-17    0.513657259377689E+00  0.132846295150662E-17
  0.00000000  0.00000000  0.03000000    0.4697D-02  0.194682446098783E+01 -0.503503973679622E-17    0.513656993755150E+00  0.132846254321675E-17
  0.00000000  0.00000000  0.03000000    0.4860D-02  0.194682553454806E+01 -0.503504346948149E-17    0.513656710503410E+00  0.132846206292230E-17
  0.00000000  0.00000000  0.03000000    0.5029D-02  0.194682667919750E+01 -0.503504756130036E-17    0.513656408495599E+00  0.132846158036429E-17
  0.00000000  0.00000000  0.03000000    0.5202D-02  0.194682789947572E+01 -0.503505195306241E-17    0.513656086534049E+00  0.132846107373032E-17
  0.00000000  0.00000000  0.03000000    0.5381D-02  0.194682920020745E+01 -0.503505665069627E-17    0.513655743345867E+00  0.132846053800012E-17
  0.00000000  0.00000000  0.03000000    0.5565D-02  0.194683058652035E+01 -0.503506147273625E-17    0.513655377578252E+00  0.132845991829758E-17
  0.00000000  0.00000000  0.03000000    0.5755D-02  0.194683206386386E+01 -0.503506671644033E-17    0.513654987793507E+00  0.132845928561484E-17
  0.00000000  0.00000000  0.03000000    0.5950D-02  0.194683363802929E+01 -0.503507229875246E-17    0.513654572463759E+00  0.132845861013467E-17
  0.00000000  0.00000000  0.03000000    0.6152D-02  0.194683531517106E+01 -0.503507832716479E-17    0.513654129965345E+00  0.132845791181878E-17
  0.00000000  0.00000000  0.03000000    0.6360D-02  0.194683710182940E+01 -0.503508461875053E-17    0.513653658572832E+00  0.132845713347805E-17
  0.00000000  0.00000000  0.03000000    0.6574D-02  0.194683900495429E+01 -0.503509133162978E-17    0.513653156452696E+00  0.132845630734626E-17
  0.00000000  0.00000000  0.03000000    0.6794D-02  0.194684103193109E+01 -0.503509858043982E-17    0.513652621656577E+00  0.132845545359030E-17
  0.00000000  0.00000000  0.03000000    0.7021D-02  0.194684319060749E+01 -0.503510627992889E-17    0.513652052114152E+00  0.132845453900748E-17
  0.00000000  0.00000000  0.03000000    0.7255D-02  0.194684548932245E+01 -0.503511444873668E-17    0.513651445625521E+00  0.132845355713547E-17
  0.00000000  0.00000000  0.03000000    0.7497D-02  0.194684793693669E+01 -0.503512314021572E-17    0.513650799853159E+00  0.132845250995844E-17
  0.00000000  0.00000000  0.03000000    0.7745D-02  0.194685054286519E+01 -0.503513237822645E-17    0.513650112313344E+00  0.132845139092306E-17
  0.00000000  0.00000000  0.03000000    0.8001D-02  0.194685331711168E+01 -0.503514222789658E-17    0.513649380367075E+00  0.132845020356036E-17
  0.00000000  0.00000000  0.03000000    0.8265D-02  0.194685627030529E+01 -0.503515268844671E-17    0.513648601210395E+00  0.132844893315923E-17
  0.00000000  0.00000000  0.03000000    0.8537D-02  0.194685941373944E+01 -0.503516398181080E-17    0.513647771864145E+00  0.132844762286151E-17
  0.00000000  0.00000000  0.03000000    0.8818D-02  0.194686275941320E+01 -0.503517581118107E-17    0.513646889163058E+00  0.132844617798419E-17
  0.00000000  0.00000000  0.03000000    0.9107D-02  0.194686632007518E+01 -0.503518848945530E-17    0.513645949744195E+00  0.132844466368263E-17
  0.00000000  0.00000000  0.03000000    0.9404D-02  0.194687010927014E+01 -0.503520192037053E-17    0.513644950034644E+00  0.132844303607530E-17
  0.00000000  0.00000000  0.03000000    0.9711D-02  0.194687414138854E+01 -0.503521619018627E-17    0.513643886238473E+00  0.132844129828216E-17
  0.00000000  0.00000000  0.03000000    0.1003D-01  0.194687843171919E+01 -0.503523159354334E-17    0.513642754322852E+00  0.132843950717416E-17
  0.00000000  0.00000000  0.03000000    0.1035D-01  0.194688299650501E+01 -0.503524779397045E-17    0.513641550003351E+00  0.132843755181427E-17
  0.00000000  0.00000000  0.03000000    0.1069D-01  0.194688785300253E+01 -0.503526504176043E-17    0.513640268728258E+00  0.132843547468806E-17
  0.00000000  0.00000000  0.03000000    0.1103D-01  0.194689301954480E+01 -0.503528338900938E-17    0.513638905662011E+00  0.132843326452194E-17
  0.00000000  0.00000000  0.03000000    0.1139D-01  0.194689851560847E+01 -0.503530295874988E-17    0.513637455667517E+00  0.132843092719658E-17
  0.00000000  0.00000000  0.03000000    0.1176D-01  0.194690436188483E+01 -0.503532366072700E-17    0.513635913287431E+00  0.132842841066495E-17
  0.00000000  0.00000000  0.03000000    0.1214D-01  0.194691058035546E+01 -0.503534583297409E-17    0.513634272724238E+00  0.132842577411155E-17
  0.00000000  0.00000000  0.03000000    0.1253D-01  0.194691719437238E+01 -0.503536931960332E-17    0.513632527819121E+00  0.132842294454359E-17
  0.00000000  0.00000000  0.03000000    0.1293D-01  0.194692422874347E+01 -0.503539436665113E-17    0.513630672029487E+00  0.132841995301775E-17
  0.00000000  0.00000000  0.03000000    0.1334D-01  0.194693170982284E+01 -0.503542080899560E-17    0.513628698405140E+00  0.132841672001013E-17
  0.00000000  0.00000000  0.03000000    0.1377D-01  0.194693966560725E+01 -0.503544919002082E-17    0.513626599562910E+00  0.132841335067028E-17
  0.00000000  0.00000000  0.03000000    0.1421D-01  0.194694812583815E+01 -0.503547920444835E-17    0.513624367659774E+00  0.132840972387763E-17
  0.00000000  0.00000000  0.03000000    0.1466D-01  0.194695712211038E+01 -0.503551123358232E-17    0.513621994364243E+00  0.132840589711224E-17
  0.00000000  0.00000000  0.03000000    0.1513D-01  0.194696668798742E+01 -0.503554516836459E-17    0.513619470826026E+00  0.132840179580550E-17
  0.00000000  0.00000000  0.03000000    0.1561D-01  0.194697685912406E+01 -0.503558131531208E-17    0.513616787643741E+00  0.132839745216748E-17
  0.00000000  0.00000000  0.03000000    0.1610D-01  0.194698767339644E+01 -0.503561978048437E-17    0.513613934830692E+00  0.132839284249501E-17
  0.00000000  0.00000000  0.03000000    0.1662D-01  0.194699917104053E+01 -0.503566063853079E-17    0.513610901778439E+00  0.132838793157974E-17
  0.00000000  0.00000000  0.03000000    0.1714D-01  0.194701139479897E+01 -0.503570409907795E-17    0.513607677218165E+00  0.132838271640031E-17
  0.00000000  0.00000000  0.03000000    0.1768D-01  0.194702439007730E+01 -0.503575018513052E-17    0.513604249179589E+00  0.132837714107282E-17
  0.00000000  0.00000000  0.03000000    0.1824D-01  0.194703820510983E+01 -0.503579942008531E-17    0.513600604947343E+00  0.132837127785245E-17
  0.00000000  0.00000000  0.03000000    0.1882D-01  0.194705289113596E+01 -0.503585154165338E-17    0.513596731014623E+00  0.132836498763994E-17
  0.00000000  0.00000000  0.03000000    0.1941D-01  0.194706850258750E+01 -0.503590700123180E-17    0.513592613033944E+00  0.132835831524235E-17
  0.00000000  0.00000000  0.03000000    0.2002D-01  0.194708509728772E+01 -0.503596593196866E-17    0.513588235764833E+00  0.132835121689054E-17
  0.00000000  0.00000000  0.03000000    0.2065D-01  0.194710273666295E+01 -0.503602860935461E-17    0.513583583018251E+00  0.132834368144719E-17
  0.00000000  0.00000000  0.03000000    0.2130D-01  0.194712148596734E+01 -0.503609529159033E-17    0.513578637597539E+00  0.132833568799196E-17
  0.00000000  0.00000000  0.03000000    0.2197D-01  0.194714141452180E+01 -0.503616607212082E-17    0.513573381235689E+00  0.132832716660118E-17
  0.00000000  0.00000000  0.03000000    0.2266D-01  0.194716259596803E+01 -0.503624132705662E-17    0.513567794528660E+00  0.132831811601471E-17
  0.00000000  0.00000000  0.03000000    0.2337D-01  0.194718510853833E+01 -0.503632131578412E-17    0.513561856864579E+00  0.132830849792309E-17
  0.00000000  0.00000000  0.03000000    0.2410D-01  0.194720903534259E+01 -0.503640626439499E-17    0.513555546348448E+00  0.132829825858375E-17
  0.00000000  0.00000000  0.03000000    0.2486D-01  0.194723446467330E+01 -0.503649663806846E-17    0.513548839722174E+00  0.132828740024311E-17
  0.00000000  0.00000000  0.03000000    0.2564D-01  0.194726149032967E+01 -0.503659266482775E-17    0.513541712279586E+00  0.132827585508947E-17
  0.00000000  0.00000000  0.03000000    0.2644D-01  0.194729021196254E+01 -0.503669471705493E-17    0.513534137776090E+00  0.132826358540437E-17
  0.00000000  0.00000000  0.03000000    0.2726D-01  0.194732073544073E+01 -0.503680308648915E-17    0.513526088332683E+00  0.132825052372349E-17
  0.00000000  0.00000000  0.03000000    0.2811D-01  0.194735317324087E+01 -0.503691834722896E-17    0.513517534333926E+00  0.132823666803371E-17
  0.00000000  0.00000000  0.03000000    0.2899D-01  0.194738764486179E+01 -0.503704081790816E-17    0.513508444319503E+00  0.132822193937737E-17
  0.00000000  0.00000000  0.03000000    0.2989D-01  0.194742427726529E+01 -0.503717088686286E-17    0.513498784868940E+00  0.132820626700492E-17
  0.00000000  0.00000000  0.03000000    0.3082D-01  0.194746320534490E+01 -0.503730915852819E-17    0.513488520479079E+00  0.132818962633508E-17
  0.00000000  0.00000000  0.03000000    0.3178D-01  0.194750457242461E+01 -0.503745609552392E-17    0.513477613433798E+00  0.132817194389785E-17
  0.00000000  0.00000000  0.03000000    0.3277D-01  0.194754853078921E+01 -0.503761215666795E-17    0.513466023665539E+00  0.132815313300834E-17
  0.00000000  0.00000000  0.03000000    0.3379D-01  0.194759524224879E+01 -0.503777803947617E-17    0.513453708608032E+00  0.132813315693175E-17
  0.00000000  0.00000000  0.03000000    0.3484D-01  0.194764487873917E+01 -0.503795431055321E-17    0.513440623039741E+00  0.132811193061577E-17
  0.00000000  0.00000000  0.03000000    0.3592D-01  0.194769762296103E+01 -0.503814160446094E-17    0.513426718917349E+00  0.132808937225423E-17
  0.00000000  0.00000000  0.03000000    0.3703D-01  0.194775366906009E+01 -0.503834057552944E-17    0.513411945198677E+00  0.132806538965693E-17
  0.00000000  0.00000000  0.03000000    0.3818D-01  0.194781322335112E+01 -0.503855191140034E-17    0.513396247654356E+00  0.132803988283548E-17
  0.00000000  0.00000000  0.03000000    0.3936D-01  0.194787650508876E+01 -0.503877661560362E-17    0.513379568667487E+00  0.132801281743092E-17
  0.00000000  0.00000000  0.03000000    0.4058D-01  0.194794374728832E+01 -0.503901530208281E-17    0.513361847020517E+00  0.132798403765147E-17
  0.00000000  0.00000000  0.03000000    0.4184D-01  0.194801519759988E+01 -0.503926879617770E-17    0.513343017668489E+00  0.132795342349472E-17
  0.00000000  0.00000000  0.03000000    0.4313D-01  0.194809111923934E+01 -0.503953828069817E-17    0.513323011497771E+00  0.132792092795761E-17
  0.00000000  0.00000000  0.03000000    0.4447D-01  0.194817179198034E+01 -0.503982448978439E-17    0.513301755069293E+00  0.132788636325437E-17
  0.00000000  0.00000000  0.03000000    0.4584D-01  0.194825751321123E+01 -0.504012857369811E-17    0.513279170345270E+00  0.132784962726884E-17
  0.00000000  0.00000000  0.03000000    0.4726D-01  0.194834859906155E+01 -0.504045181977395E-17    0.513255174398290E+00  0.132781062847292E-17
  0.00000000  0.00000000  0.03000000    0.4872D-01  0.194844538560294E+01 -0.504079508776621E-17    0.513229679101605E+00  0.132776913555144E-17
  0.00000000  0.00000000  0.03000000    0.5022D-01  0.194854823012961E+01 -0.504115989505946E-17    0.513202590799348E+00  0.132772506154810E-17
  0.00000000  0.00000000  0.03000000    0.5177D-01  0.194865751252402E+01 -0.504154739181060E-17    0.513173809955317E+00  0.132767819203625E-17
  0.00000000  0.00000000  0.03000000    0.5337D-01  0.194877363671386E+01 -0.504195914478920E-17    0.513143230778851E+00  0.132762838960346E-17
  0.00000000  0.00000000  0.03000000    0.5501D-01  0.194889703222681E+01 -0.504239651802589E-17    0.513110740826262E+00  0.132757542862476E-17
  0.00000000  0.00000000  0.03000000    0.5671D-01  0.194902815585011E+01 -0.504286130178237E-17    0.513076220576110E+00  0.132751915863395E-17
  0.00000000  0.00000000  0.03000000    0.5846D-01  0.194916749340272E+01 -0.504335510685985E-17    0.513039542976510E+00  0.132745934243684E-17
  0.00000000  0.00000000  0.03000000    0.6026D-01  0.194931556162804E+01 -0.504387973853387E-17    0.513000572962551E+00  0.132739575200489E-17
  0.00000000  0.00000000  0.03000000    0.6211D-01  0.194947291021638E+01 -0.504443716428555E-17    0.512959166941696E+00  0.132732815722709E-17
  0.00000000  0.00000000  0.03000000    0.6403D-01  0.194964012396685E+01 -0.504502935102507E-17    0.512915172244888E+00  0.132725628014698E-17
  0.00000000  0.00000000  0.03000000    0.6600D-01  0.194981782509875E+01 -0.504565854153447E-17    0.512868426541004E+00  0.132717986457473E-17
  0.00000000  0.00000000  0.03000000    0.6803D-01  0.195000667572456E+01 -0.504632705719960E-17    0.512818757211912E+00  0.132709862082722E-17
  0.00000000  0.00000000  0.03000000    0.7012D-01  0.195020738049626E+01 -0.504703730754773E-17    0.512765980685365E+00  0.132701222467007E-17
  0.00000000  0.00000000  0.03000000    0.7227D-01  0.195042068943890E+01 -0.504779198056101E-17    0.512709901722628E+00  0.132692036353154E-17
  0.00000000  0.00000000  0.03000000    0.7450D-01  0.195064740098584E+01 -0.504859394371022E-17    0.512650312657537E+00  0.132682270635685E-17
  0.00000000  0.00000000  0.03000000    0.7678D-01  0.195088836523187E+01 -0.504944584387992E-17    0.512586992583322E+00  0.132671879409109E-17
  0.00000000  0.00000000  0.03000000    0.7914D-01  0.195114448742169E+01 -0.505035128719695E-17    0.512519706483364E+00  0.132660834501932E-17
  0.00000000  0.00000000  0.03000000    0.8157D-01  0.195141673169261E+01 -0.505131317655868E-17    0.512448204301612E+00  0.132649081288102E-17
  0.00000000  0.00000000  0.03000000    0.8408D-01  0.195170612509293E+01 -0.505233538435473E-17    0.512372219948013E+00  0.132636582092013E-17
  0.00000000  0.00000000  0.03000000    0.8666D-01  0.195201376189851E+01 -0.505342157695591E-17    0.512291470234006E+00  0.132623284727928E-17
  0.00000000  0.00000000  0.03000000    0.8932D-01  0.195234080825294E+01 -0.505457581408691E-17    0.512205653732585E+00  0.132609137618348E-17
  0.00000000  0.00000000  0.03000000    0.9206D-01  0.195268850715910E+01 -0.505580236169651E-17    0.512114449556968E+00  0.132594084209360E-17
  0.00000000  0.00000000  0.03000000    0.9488D-01  0.195305818385249E+01 -0.505710583948594E-17    0.512017516051394E+00  0.132578066119619E-17
  0.00000000  0.00000000  0.03000000    0.9779D-01  0.195345125159011E+01 -0.505849104815319E-17    0.511914489386925E+00  0.132561017833222E-17
  0.00000000  0.00000000  0.03000000    0.1008D+00  0.195386921789191E+01 -0.505996318056617E-17    0.511804982054496E+00  0.132542871401608E-17
  0.00000000  0.00000000  0.03000000    0.1039D+00  0.195431369127610E+01 -0.506152784004153E-17    0.511688581246664E+00  0.132523556017264E-17
  0.00000000  0.00000000  0.03000000    0.1071D+00  0.195478638853383E+01 -0.506319077006553E-17    0.511564847118687E+00  0.132502989964240E-17
  0.00000000  0.00000000  0.03000000    0.1103D+00  0.195528914259353E+01 -0.506495829858726E-17    0.511433310918701E+00  0.132481091204531E-17
  0.00000000  0.00000000  0.03000000    0.1137D+00  0.195582391103150E+01 -0.506683706165264E-17    0.511293472975592E+00  0.132457769006798E-17
  0.00000000  0.00000000  0.03000000    0.1172D+00  0.195639278529098E+01 -0.506883430541703E-17    0.511144800532100E+00  0.132432930618648E-17
  0.00000000  0.00000000  0.03000000    0.1208D+00  0.195699800067954E+01 -0.507095729283037E-17    0.510986725409409E+00  0.132406464434537E-17
  0.00000000  0.00000000  0.03000000    0.1245D+00  0.195764194722295E+01 -0.507321428796309E-17    0.510818641487821E+00  0.132378264280152E-17
  0.00000000  0.00000000  0.03000000    0.1283D+00  0.195832718146247E+01 -0.507561396529036E-17    0.510639901986758E+00  0.132348212407640E-17
  0.00000000  0.00000000  0.03000000    0.1322D+00  0.195905643929397E+01 -0.507816518864667E-17    0.510449816525139E+00  0.132316172052870E-17
  0.00000000  0.00000000  0.03000000    0.1363D+00  0.195983264995846E+01 -0.508087803477420E-17    0.510247647941368E+00  0.132282012281786E-17
  0.00000000  0.00000000  0.03000000    0.1405D+00  0.196065895130845E+01 -0.508376272671263E-17    0.510032608849512E+00  0.132245578179049E-17
  0.00000000  0.00000000  0.03000000    0.1448D+00  0.196153870648984E+01 -0.508683067315240E-17    0.509803857905763E+00  0.132206715733238E-17
  0.00000000  0.00000000  0.03000000    0.1492D+00  0.196247552219766E+01 -0.509009351692337E-17    0.509560495755973E+00  0.132165244691725E-17
  0.00000000  0.00000000  0.03000000    0.1537D+00  0.196347326868520E+01 -0.509356390286930E-17    0.509301560631702E+00  0.132120975940037E-17
  0.00000000  0.00000000  0.03000000    0.1585D+00  0.196453610173048E+01 -0.509725564219778E-17    0.509026023558000E+00  0.132073712889318E-17
  0.00000000  0.00000000  0.03000000    0.1633D+00  0.196566848679203E+01 -0.510118309630926E-17    0.508732783131707E+00  0.132023232365347E-17
  0.00000000  0.00000000  0.03000000    0.1683D+00  0.196687522561948E+01 -0.510536181086822E-17    0.508420659823524E+00  0.131969297630556E-17
  0.00000000  0.00000000  0.03000000    0.1734D+00  0.196816148562224E+01 -0.510980832559281E-17    0.508088389751133E+00  0.131911649681864E-17
  0.00000000  0.00000000  0.03000000    0.1787D+00  0.196953283234456E+01 -0.511454049676880E-17    0.507734617863459E+00  0.131850011435595E-17
  0.00000000  0.00000000  0.03000000    0.1842D+00  0.197099526544786E+01 -0.511957710657551E-17    0.507357890467978E+00  0.131784073072854E-17
  0.00000000  0.00000000  0.03000000    0.1898D+00  0.197255525866272E+01 -0.512493878436191E-17    0.506956647023387E+00  0.131713510732349E-17
  0.00000000  0.00000000  0.03000000    0.1956D+00  0.197421980424563E+01 -0.513064713901872E-17    0.506529211108846E+00  0.131637958560448E-17
  0.00000000  0.00000000  0.03000000    0.2016D+00  0.197599646256203E+01 -0.513672556475356E-17    0.506073780467919E+00  0.131557023255523E-17
  0.00000000  0.00000000  0.03000000    0.2078D+00  0.197789341751872E+01 -0.514319938273922E-17    0.505588416010052E+00  0.131470280759877E-17
  0.00000000  0.00000000  0.03000000    0.2141D+00  0.197991953869102E+01 -0.515009547622857E-17    0.505071029634430E+00  0.131377259230144E-17
  0.00000000  0.00000000  0.03000000    0.2207D+00  0.198208445113524E+01 -0.515744249120063E-17    0.504519370719672E+00  0.131277435665929E-17
  0.00000000  0.00000000  0.03000000    0.2274D+00  0.198439861405212E+01 -0.516527190037165E-17    0.503931011097619E+00  0.131170253441834E-17
  0.00000000  0.00000000  0.03000000    0.2343D+00  0.198687340967744E+01 -0.517361716850226E-17    0.503303328299283E+00  0.131055090252390E-17
  0.00000000  0.00000000  0.03000000    0.2415D+00  0.198952124403159E+01 -0.518251415943206E-17    0.502633486824996E+00  0.130931256466337E-17
  0.00000000  0.00000000  0.03000000    0.2489D+00  0.199235566147014E+01 -0.519200197474303E-17    0.501918417147523E+00  0.130798002755538E-17
  0.00000000  0.00000000  0.03000000    0.2565D+00  0.199539147535770E+01 -0.520212235873665E-17    0.501154792104510E+00  0.130654489677397E-17
  0.00000000  0.00000000  0.03000000    0.2643D+00  0.199864491765354E+01 -0.521292064826611E-17    0.500339000273257E+00  0.130499794266578E-17
  0.00000000  0.00000000  0.03000000    0.2724D+00  0.200213381077421E+01 -0.522444581102370E-17    0.499467115843424E+00  0.130332891191884E-17
  0.00000000  0.00000000  0.03000000    0.2807D+00  0.200587776581507E+01 -0.523675087131519E-17    0.498534864408180E+00  0.130152640906795E-17
  0.00000000  0.00000000  0.03000000    0.2893D+00  0.200989841210730E+01 -0.524989311085225E-17    0.497537583977461E+00  0.129957768948867E-17
  0.00000000  0.00000000  0.03000000    0.2981D+00  0.201421966421425E+01 -0.526393464062345E-17    0.496470180371366E+00  0.129746850699767E-17
  0.00000000  0.00000000  0.03000000    0.3072D+00  0.201886803389728E+01 -0.527894296232769E-17    0.495327075970176E+00  0.129518291331574E-17
  0.00000000  0.00000000  0.03000000    0.3166D+00  0.202387299640130E+01 -0.529499169521510E-17    0.494102150568797E+00  0.129270304436185E-17
  0.00000000  0.00000000  0.03000000    0.3262D+00  0.202926742274988E+01 -0.531216057928162E-17    0.492788672793500E+00  0.129000866627168E-17
  0.00000000  0.00000000  0.03000000    0.3362D+00  0.203508809277300E+01 -0.533053696570285E-17    0.491379220168010E+00  0.128707700987762E-17
  0.00000000  0.00000000  0.03000000    0.3464D+00  0.204137630755557E+01 -0.535021587602753E-17    0.489865585438014E+00  0.128388216451299E-17
  0.00000000  0.00000000  0.03000000    0.3570D+00  0.204817862523053E+01 -0.537130159170920E-17    0.488238666140483E+00  0.128039473328611E-17
  0.00000000  0.00000000  0.03000000    0.3679D+00  0.205554775102223E+01 -0.539390817924476E-17    0.486488333585390E+00  0.127658109636637E-17
  0.00000000  0.00000000  0.03000000    0.3791D+00  0.206354362186134E+01 -0.541816122493292E-17    0.484603276328119E+00  0.127240279946594E-17
  0.00000000  0.00000000  0.03000000    0.3907D+00  0.207223473874301E+01 -0.544419823083648E-17    0.482570811744324E+00  0.126781542188864E-17
  0.00000000  0.00000000  0.03000000    0.4026D+00  0.208169981777032E+01 -0.547217150468224E-17    0.480376657318003E+00  0.126276777912468E-17
  0.00000000  0.00000000  0.03000000    0.4149D+00  0.209202985575441E+01 -0.550224905590823E-17    0.478004650483054E+00  0.125720033564802E-17
  0.00000000  0.00000000  0.03000000    0.4276D+00  0.210333074177142E+01 -0.553461692822895E-17    0.475436401960162E+00  0.125104355027344E-17
  0.00000000  0.00000000  0.03000000    0.4406D+00  0.211572659760790E+01 -0.556948184464671E-17    0.472650861945313E+00  0.124421576844443E-17
  0.00000000  0.00000000  0.03000000    0.4540D+00  0.212936410623997E+01 -0.560707404499734E-17    0.469623770340433E+00  0.123662047550870E-17
  0.00000000  0.00000000  0.03000000    0.4679D+00  0.214441820270301E+01 -0.564765051307331E-17    0.466326950004207E+00  0.122814273593252E-17
  0.00000000  0.00000000  0.03000000    0.4822D+00  0.216109968024517E+01 -0.569149886671079E-17    0.462727383258208E+00  0.121864456391542E-17
  0.00000000  0.00000000  0.03000000    0.4969D+00  0.217966554925305E+01 -0.573894297231863E-17    0.458785982254338E+00  0.120795898690013E-17
  0.00000000  0.00000000  0.03000000    0.5120D+00  0.220043345514224E+01 -0.579034738085103E-17    0.454455915339352E+00  0.119588148096365E-17
  0.00000000  0.00000000  0.03000000    0.5276D+00  0.222380226327923E+01 -0.584612494246842E-17    0.449680269020589E+00  0.118215862995868E-17
  0.00000000  0.00000000  0.03000000    0.5437D+00  0.225028235416740E+01 -0.590674453189555E-17    0.444388677779947E+00  0.116647157084614E-17
  0.00000000  0.00000000  0.03000000    0.5603D+00  0.228054188414298E+01 -0.597274137269965E-17    0.438492275433826E+00  0.114841168816202E-17
  0.00000000  0.00000000  0.03000000    0.5774D+00  0.231548074567979E+01 -0.604472863296731E-17    0.431875757060728E+00  0.112744265287466E-17
  0.00000000  0.00000000  0.03000000    0.5950D+00  0.235635600301373E+01 -0.612341195350592E-17    0.424384090825419E+00  0.110283786122065E-17
  0.00000000  0.00000000  0.03000000    0.6131D+00  0.240501212117483E+01 -0.620960808777368E-17    0.415798320181233E+00  0.107356823242073E-17
  0.00000000  0.00000000  0.03000000    0.6318D+00  0.246435356727186E+01 -0.630426575351958E-17    0.405785928318330E+00  0.103807439205626E-17
  0.00000000  0.00000000  0.03000000    0.6511D+00  0.253949769100508E+01 -0.640849307076670E-17    0.393778660851714E+00  0.993711405378455E-18
  0.00000000  0.00000000  0.03000000    0.6709D+00  0.264163059226496E+01 -0.652358324771150E-17    0.378554065404955E+00  0.934850227227060E-18
  0.00000000  0.00000000  0.03000000    0.6914D+00  0.282561155177200E+01  0.211757449597240E-03    0.353905685923654E+00 -0.265224586168459E-04
  0.00000000  0.00000000  0.03000000    0.7125D+00  0.299327690305260E+01  0.204916282161332E+00    0.332523612264299E+00 -0.227641827211396E-01
  0.00000000  0.00000000  0.03000000    0.7342D+00  0.305689144385213E+01  0.392155902378134E+00    0.321833213972828E+00 -0.412866458488718E-01
  0.00000000  0.00000000  0.03000000    0.7565D+00  0.310290699839754E+01  0.531483303789705E+00    0.313092680740460E+00 -0.536282693739297E-01
  0.00000000  0.00000000  0.03000000    0.7796D+00  0.318780848236234E+01  0.669783139780286E+00    0.300432464964132E+00 -0.631231771886398E-01
  0.00000000  0.00000000  0.03000000    0.8034D+00  0.336414675674136E+01  0.847000698530267E+00    0.279532738133788E+00 -0.703787443240840E-01
  0.00000000  0.00000000  0.03000000    0.8279D+00  0.354453544413787E+01  0.135429380513018E+01    0.246185167365465E+00 -0.940622691837917E-01
  0.00000000  0.00000000  0.03000000    0.8531D+00  0.325942897925205E+01  0.230074553717174E+01    0.204772636370647E+00 -0.144543640086543E+00
  0.00000000  0.00000000  0.03000000    0.8791D+00  0.243422012475638E+01  0.233965114266866E+01    0.213539412097872E+00 -0.205243447146992E+00
  0.00000000  0.00000000  0.03000000    0.9059D+00  0.196922696841956E+01  0.221565893060178E+01    0.224106875396611E+00 -0.252151939743275E+00
  0.00000000  0.00000000  0.03000000    0.9335D+00  0.164174667124235E+01  0.204030338151482E+01    0.239385530859963E+00 -0.297499679246924E+00
  0.00000000  0.00000000  0.03000000    0.9619D+00  0.140435941272928E+01  0.184547818097005E+01    0.261129690552696E+00 -0.343152288474288E+00
  0.00000000  0.00000000  0.03000000    0.9913D+00  0.123296858696639E+01  0.162745824776023E+01    0.295758769142665E+00 -0.390387113894707E+00
  0.00000000  0.00000000  0.03000000    0.1021D+01  0.112084482754351E+01  0.140643010099449E+01    0.346545279253951E+00 -0.434843164837087E+00
  0.00000000  0.00000000  0.03000000    0.1053D+01  0.107609656399593E+01  0.116826971363302E+01    0.426542088744873E+00 -0.463077590379044E+00
  0.00000000  0.00000000  0.03000000    0.1085D+01  0.109878179554870E+01  0.934800119064286E+00    0.527962815013563E+00 -0.449169893727386E+00
  0.00000000  0.00000000  0.03000000    0.1118D+01  0.120451305351564E+01  0.694846913540180E+00    0.622917475594170E+00 -0.359342129206100E+00
  0.00000000  0.00000000  0.03000000    0.1152D+01  0.152891358210492E+01  0.435537653636558E+00    0.604966509151529E+00 -0.172335243148148E+00
  0.00000000  0.00000000  0.03000000    0.1187D+01  0.189843469487875E+01  0.637479061832948E+00    0.473373896255162E+00 -0.158955137142719E+00
  0.00000000  0.00000000  0.03000000    0.1223D+01  0.222569588338690E+01  0.830429537968956E+00    0.394393693160271E+00 -0.147152256889007E+00
  0.00000000  0.00000000  0.03000000    0.1260D+01  0.207978973435262E+01  0.201664629824975E+01    0.247818597723048E+00 -0.240294703585115E+00
  0.00000000  0.00000000  0.03000000    0.1299D+01  0.100871625742319E+01  0.150384245405946E+01    0.307624485247432E+00 -0.458621299516928E+00
  0.00000000  0.00000000  0.03000000    0.1338D+01  0.119561859356549E+01  0.678352831753933E+00    0.632714114331922E+00 -0.358980207783319E+00
  0.00000000  0.00000000  0.03000000    0.1379D+01  0.184367196255015E+01  0.739321191070643E+00    0.467258438948802E+00 -0.187372847577293E+00
  0.00000000  0.00000000  0.03000000    0.1421D+01  0.220628936851691E+01  0.134491152453335E+01    0.330455993272624E+00 -0.201439611705250E+00
  0.00000000  0.00000000  0.03000000    0.1464D+01  0.204347998437823E+01  0.239222448025025E+01    0.206442389291971E+00 -0.241674271928762E+00
  0.00000000  0.00000000  0.03000000    0.1509D+01  0.897329975622399E+00  0.192744538147662E+01    0.198513492416608E+00 -0.426402688546979E+00
  0.00000000  0.00000000  0.03000000    0.1555D+01  0.133440603992202E+01  0.214052069904404E+01    0.209730873005057E+00 -0.336429288735935E+00
  0.00000000  0.00000000  0.03000000    0.1602D+01  0.613338184407069E+00  0.280505590188551E+01    0.743934165046099E-01 -0.340232676413939E+00
  0.00000000  0.00000000  0.03000000    0.1651D+01 -0.191678656038050E+01  0.114110333764037E+01   -0.385191784465224E+00 -0.229312767509004E+00
  0.00000000  0.00000000  0.03000000    0.1701D+01 -0.461974566418961E+00  0.346550066211545E+00   -0.138515861350719E+01 -0.103907626981585E+01
  0.00000000  0.00000000  0.03000000    0.1753D+01  0.450276478606116E-01  0.248640311894643E+00    0.705215424607113E+00 -0.389416261915404E+01
  0.00000000  0.00000000  0.03000000    0.1807D+01  0.303557966849239E+00  0.245982947966513E+00    0.198852227287949E+01 -0.161136462948738E+01
  0.00000000  0.00000000  0.03000000    0.1862D+01  0.446525989005295E+00  0.249559265332534E+00    0.170647775340356E+01 -0.953734709584075E+00
  0.00000000  0.00000000  0.03000000    0.1919D+01  0.544977645048491E+00  0.232935164644370E+00    0.155149615067815E+01 -0.663142818034608E+00
  0.00000000  0.00000000  0.03000000    0.1977D+01  0.626317151736574E+00  0.230043947359890E+00    0.140684287458565E+01 -0.516728126137822E+00
  0.00000000  0.00000000  0.03000000    0.2037D+01  0.687539746754967E+00  0.229850644410098E+00    0.130824835348701E+01 -0.437359045083114E+00
  0.00000000  0.00000000  0.03000000    0.2099D+01  0.727958268164939E+00  0.238309904715314E+00    0.124073605275058E+01 -0.406176704680069E+00
  0.00000000  0.00000000  0.03000000    0.2163D+01  0.755057197871466E+00  0.224339541746615E+00    0.121697131417529E+01 -0.361581596348593E+00
  0.00000000  0.00000000  0.03000000    0.2229D+01  0.791424268386499E+00  0.208560266856213E+00    0.118149519279904E+01 -0.311353799147289E+00
  0.00000000  0.00000000  0.03000000    0.2297D+01  0.825443887801041E+00  0.210453204570210E+00    0.113752632423951E+01 -0.290020998104332E+00
  0.00000000  0.00000000  0.03000000    0.2367D+01  0.842655198436690E+00  0.215241116256846E+00    0.111403896553709E+01 -0.284561219037968E+00
  0.00000000  0.00000000  0.03000000    0.2439D+01  0.854339914612868E+00  0.195626732701148E+00    0.111218063458840E+01 -0.254667094439345E+00
  0.00000000  0.00000000  0.03000000    0.2513D+01  0.889854923601423E+00  0.166625162310986E+00    0.108571095988804E+01 -0.203299167219297E+00
  0.00000000  0.00000000  0.03000000    0.2590D+01  0.943164279571794E+00  0.178070086941350E+00    0.102376775256080E+01 -0.193288079982227E+00
  0.00000000  0.00000000  0.03000000    0.2669D+01  0.957127463212639E+00  0.194128233325785E+00    0.100351099392415E+01 -0.203535917483352E+00
  0.00000000  0.00000000  0.03000000    0.2750D+01  0.100875291692011E+01  0.174885459059038E+00    0.962396793347565E+00 -0.166848791392257E+00
  0.00000000  0.00000000  0.03000000    0.2834D+01  0.105831961631552E+01  0.278336066491379E+00    0.883765814137252E+00 -0.232428745167639E+00
  0.00000000  0.00000000  0.03000000    0.2920D+01  0.101785043518249E+01  0.410582336524638E+00    0.844971495083464E+00 -0.340846119190276E+00
  0.00000000  0.00000000  0.03000000    0.3009D+01  0.864354856324579E+00  0.350794122513969E+00    0.993321988188555E+00 -0.403134792002124E+00
  0.00000000  0.00000000  0.03000000    0.3101D+01  0.803873952086920E+00  0.267268868163803E+00    0.112015391419834E+01 -0.372424393202222E+00
  0.00000000  0.00000000  0.03000000    0.3195D+01  0.835497877498700E+00  0.219772957780194E+00    0.111943485274210E+01 -0.294460961846967E+00
  0.00000000  0.00000000  0.03000000    0.3293D+01  0.847715614118587E+00  0.177278705854942E+00    0.113021288847203E+01 -0.236356007689236E+00
  0.00000000  0.00000000  0.03000000    0.3393D+01  0.881747970028264E+00  0.124644869368525E+00    0.111189202156884E+01 -0.157178287323883E+00
  0.00000000  0.00000000  0.03000000    0.3496D+01  0.950482810825144E+00  0.108330954122106E+00    0.103860516765438E+01 -0.118374669680215E+00
  0.00000000  0.00000000  0.03000000    0.3603D+01  0.102024608832262E+01  0.175527598051439E+00    0.951977836201934E+00 -0.163782429454307E+00
  0.00000000  0.00000000  0.03000000    0.3713D+01  0.100130282228183E+01  0.237164346009529E+00    0.945647433896506E+00 -0.223982046414854E+00
  0.00000000  0.00000000  0.03000000    0.3826D+01  0.908327035658009E+00  0.254012098978289E+00    0.102107385773002E+01 -0.285541554563519E+00
  0.00000000  0.00000000  0.03000000    0.3942D+01  0.878484307192122E+00  0.190532383719562E+00    0.108718290952725E+01 -0.235796529995490E+00
  0.00000000  0.00000000  0.03000000    0.4062D+01  0.919632132601954E+00  0.117909001881076E+00    0.106980518862869E+01 -0.137163173758960E+00
  0.00000000  0.00000000  0.03000000    0.4186D+01  0.978631092229425E+00  0.150419150160430E+00    0.998251999402031E+00 -0.153434954793774E+00
  0.00000000  0.00000000  0.03000000    0.4313D+01  0.102446076460235E+01  0.158116020937056E+00    0.953411993454847E+00 -0.147150301824650E+00
  0.00000000  0.00000000  0.03000000    0.4445D+01  0.106419335418642E+01  0.306846628615705E+00    0.867551983976646E+00 -0.250147588673504E+00
  0.00000000  0.00000000  0.03000000    0.4580D+01  0.807793094732932E+00  0.290703771643084E+00    0.109599870397469E+01 -0.394421491145218E+00
  0.00000000  0.00000000  0.03000000    0.4720D+01  0.797991224537022E+00  0.174517348744670E+00    0.119594702165248E+01 -0.261548619884845E+00
  0.00000000  0.00000000  0.03000000    0.4863D+01  0.864558801502994E+00  0.123268585093518E+00    0.113361409840479E+01 -0.161630424338394E+00
  0.00000000  0.00000000  0.03000000    0.5012D+01  0.902322951721127E+00  0.143758751149162E+00    0.108081619247078E+01 -0.172196424522972E+00
  0.00000000  0.00000000  0.03000000    0.5164D+01  0.909986368415333E+00  0.146287206958971E+00    0.107123366901964E+01 -0.172208932881256E+00
  0.00000000  0.00000000  0.03000000    0.5322D+01  0.917766942531721E+00  0.188953464279984E+00    0.104529315424669E+01 -0.215209061832423E+00
  0.00000000  0.00000000  0.03000000    0.5484D+01  0.805328997131541E+00  0.136713654967116E+00    0.120694571520839E+01 -0.204892609928073E+00
  0.00000000  0.00000000  0.03000000    0.5651D+01  0.868729584292803E+00  0.660483336885633E-01    0.114449062573880E+01 -0.870140721796243E-01
  0.00000000  0.00000000  0.03000000    0.5823D+01  0.909410111724664E+00  0.115845020718027E+00    0.108205550897508E+01 -0.137837419266815E+00
  0.00000000  0.00000000  0.03000000    0.6000D+01  0.891786029674686E+00  0.110895981685518E+00    0.110426925260548E+01 -0.137318839652029E+00
  0.00000000  0.00000000  0.03000000    0.6183D+01  0.878704896885203E+00  0.104369805986739E+00    0.112220647322325E+01 -0.133292157927595E+00
  0.00000000  0.00000000  0.03000000    0.6371D+01  0.875497231453371E+00  0.921387036245249E-01    0.112969579522113E+01 -0.118890959699506E+00
  0.00000000  0.00000000  0.03000000    0.6565D+01  0.871053432409719E+00  0.796948123094715E-01    0.113850492346995E+01 -0.104164604389813E+00
  0.00000000  0.00000000  0.03000000    0.6765D+01  0.869540418725908E+00  0.551160411158431E-01    0.114543081063479E+01 -0.726034239406653E-01
  0.00000000  0.00000000  0.03000000    0.6971D+01  0.888213557843132E+00  0.306036599970647E-01    0.112452037185692E+01 -0.387456809414744E-01
  0.00000000  0.00000000  0.03000000    0.7184D+01  0.911408225399086E+00  0.359600043891314E-01    0.109549778110551E+01 -0.432233371600175E-01
  0.00000000  0.00000000  0.03000000    0.7402D+01  0.913842426767302E+00  0.580914080637258E-01    0.108987644439735E+01 -0.692815910227494E-01
  0.00000000  0.00000000  0.03000000    0.7628D+01  0.894446808455592E+00  0.309078648803383E-01    0.111667608056216E+01 -0.385870608367593E-01
  0.00000000  0.00000000  0.03000000    0.7860D+01  0.909950195007610E+00  0.220013378749260E-01    0.109831916240492E+01 -0.265558391208151E-01
  0.00000000  0.00000000  0.03000000    0.8100D+01  0.917837670208241E+00  0.226138573888802E-01    0.108885629821962E+01 -0.268274465563567E-01
  0.00000000  0.00000000  0.03000000    0.8346D+01  0.920160594639443E+00  0.156862383440674E-01    0.108645108297988E+01 -0.185210394099418E-01
  0.00000000  0.00000000  0.03000000    0.8600D+01  0.929591881089549E+00  0.749888460051341E-02    0.107567089428913E+01 -0.867728308357310E-02
  0.00000000  0.00000000  0.03000000    0.8862D+01  0.937958471197504E+00  0.117295695981395E-01    0.106597857953577E+01 -0.133305155001452E-01
  0.00000000  0.00000000  0.03000000    0.9132D+01  0.939345608970470E+00  0.113291649126130E-01    0.106441606916577E+01 -0.128376021222168E-01
  0.00000000  0.00000000  0.03000000    0.9410D+01  0.943329192659885E+00  0.480523774056560E-02    0.106004781840184E+01 -0.539979237727808E-02
  0.00000000  0.00000000  0.03000000    0.9697D+01  0.951270636923987E+00  0.411100535549826E-02    0.105120591907338E+01 -0.454288505846885E-02
  0.00000000  0.00000000  0.03000000    0.9992D+01  0.955886292163143E+00  0.781537659826198E-02    0.104607960677990E+01 -0.855280188216302E-02
  0.00000000  0.00000000  0.03000000    0.1030D+02  0.957097104204200E+00  0.855127094907560E-02    0.104474266515630E+01 -0.933434816861054E-02
  0.00000000  0.00000000  0.03000000    0.1061D+02  0.957382988956561E+00  0.910153553982540E-02    0.104441967603389E+01 -0.992896563816710E-02
  0.00000000  0.00000000  0.03000000    0.1093D+02  0.957835747205700E+00  0.502510622241705E-02    0.104399160281257E+01 -0.547710681580772E-02
  0.00000000  0.00000000  0.03000000    0.1127D+02  0.961466266853317E+00  0.281132988801246E-02    0.104006919926012E+01 -0.304116506869321E-02
  0.00000000  0.00000000  0.03000000    0.1161D+02  0.964646466355989E+00  0.249556559772269E-02    0.103664227488255E+01 -0.268182063436615E-02
  0.00000000  0.00000000  0.03000000    0.1196D+02  0.966881528354571E+00  0.189289938460344E-02    0.103424891049864E+01 -0.202478697627134E-02
  0.00000000  0.00000000  0.03000000    0.1233D+02  0.969274606954511E+00  0.859548312261020E-03    0.103169855727106E+01 -0.914905587438020E-03
  0.00000000  0.00000000  0.03000000    0.1270D+02  0.971714434817758E+00  0.628204274185573E-03    0.102910849753672E+01 -0.665308997776190E-03
  0.00000000  0.00000000  0.03000000    0.1309D+02  0.973783991605973E+00  0.364438401183221E-03    0.102692164644024E+01 -0.384325154444064E-03
  0.00000000  0.00000000  0.03000000    0.1349D+02  0.975683209865193E+00  0.210547618548585E-03    0.102492278571716E+01 -0.221173275861481E-03
  0.00000000  0.00000000  0.03000000    0.1390D+02  0.977431618881328E+00  0.594783063632119E-04    0.102308946936010E+01 -0.622566609470037E-04
  0.00000000  0.00000000  0.03000000    0.1432D+02  0.979059345695281E+00  0.121579668835417E-05    0.102138854441791E+01 -0.126836112160731E-05
  0.00000000  0.00000000  0.03000000    0.1476D+02  0.980525281539017E+00  0.106232000686256E-18    0.101986151589117E+01 -0.110493764205636E-18
  0.00000000  0.00000000  0.03000000    0.1521D+02  0.981845733756595E+00  0.980541616957391E-19    0.101848993749145E+01 -0.101713714876748E-18
  0.00000000  0.00000000  0.03000000    0.1567D+02  0.983053711702195E+00  0.908247373924349E-19    0.101723841545592E+01 -0.939830762546056E-19
