 q(1:3)   w(Ry)   eps  epsi --- LFC included. 
  0.00000000  0.00000000  0.03500000    0.0000D+00  0.194625997648269E+01 -0.492792371154023E-17    0.513805972523369E+00  0.130095499353830E-17
  0.00000000  0.00000000  0.03500000    0.1015D-04  0.194625997655351E+01 -0.492792362328154E-17    0.513805972504674E+00  0.130095497014364E-17
  0.00000000  0.00000000  0.03500000    0.3076D-04  0.194625997713305E+01 -0.492792359872768E-17    0.513805972351677E+00  0.130095496288672E-17
  0.00000000  0.00000000  0.03500000    0.5200D-04  0.194625997834110E+01 -0.492792373054681E-17    0.513805972032756E+00  0.130095499607151E-17
  0.00000000  0.00000000  0.03500000    0.7389D-04  0.194625998023458E+01 -0.492792375268541E-17    0.513805971532885E+00  0.130095499938469E-17
  0.00000000  0.00000000  0.03500000    0.9644D-04  0.194625998287445E+01 -0.492792372888127E-17    0.513805970835966E+00  0.130095498957128E-17
  0.00000000  0.00000000  0.03500000    0.1197D-03  0.194625998632607E+01 -0.492792372006813E-17    0.513805969924751E+00  0.130095498263025E-17
  0.00000000  0.00000000  0.03500000    0.1436D-03  0.194625999065936E+01 -0.492792378391001E-17    0.513805968780778E+00  0.130095499369122E-17
  0.00000000  0.00000000  0.03500000    0.1683D-03  0.194625999594918E+01 -0.492792382467822E-17    0.513805967384282E+00  0.130095499738204E-17
  0.00000000  0.00000000  0.03500000    0.1937D-03  0.194626000227569E+01 -0.492792376126473E-17    0.513805965714107E+00  0.130095497218334E-17
  0.00000000  0.00000000  0.03500000    0.2199D-03  0.194626000972456E+01 -0.492792388706568E-17    0.513805963747630E+00  0.130095499543613E-17
  0.00000000  0.00000000  0.03500000    0.2469D-03  0.194626001838750E+01 -0.492792387274515E-17    0.513805961460645E+00  0.130095498007429E-17
  0.00000000  0.00000000  0.03500000    0.2748D-03  0.194626002836249E+01 -0.492792398751977E-17    0.513805958827280E+00  0.130095499703905E-17
  0.00000000  0.00000000  0.03500000    0.3034D-03  0.194626003975433E+01 -0.492792399157014E-17    0.513805955819873E+00  0.130095498287885E-17
  0.00000000  0.00000000  0.03500000    0.3330D-03  0.194626005267500E+01 -0.492792416128206E-17    0.513805952408862E+00  0.130095501040887E-17
  0.00000000  0.00000000  0.03500000    0.3634D-03  0.194626006724413E+01 -0.492792415890846E-17    0.513805948562661E+00  0.130095499030511E-17
  0.00000000  0.00000000  0.03500000    0.3948D-03  0.194626008358954E+01 -0.492792423671319E-17    0.513805944247530E+00  0.130095498899349E-17
  0.00000000  0.00000000  0.03500000    0.4271D-03  0.194626010184772E+01 -0.492792446231621E-17    0.513805939427433E+00  0.130095502414297E-17
  0.00000000  0.00000000  0.03500000    0.4604D-03  0.194626012216443E+01 -0.492792441536559E-17    0.513805934063893E+00  0.130095498458724E-17
  0.00000000  0.00000000  0.03500000    0.4948D-03  0.194626014469525E+01 -0.492792457641690E-17    0.513805928115833E+00  0.130095499698329E-17
  0.00000000  0.00000000  0.03500000    0.5301D-03  0.194626016960629E+01 -0.492792464145940E-17    0.513805921539405E+00  0.130095498085129E-17
  0.00000000  0.00000000  0.03500000    0.5666D-03  0.194626019707477E+01 -0.492792484202513E-17    0.513805914287822E+00  0.130095499707798E-17
  0.00000000  0.00000000  0.03500000    0.6041D-03  0.194626022728982E+01 -0.492792498818375E-17    0.513805906311156E+00  0.130095499526955E-17
  0.00000000  0.00000000  0.03500000    0.6428D-03  0.194626026045319E+01 -0.492792523124328E-17    0.513805897556141E+00  0.130095501510108E-17
  0.00000000  0.00000000  0.03500000    0.6827D-03  0.194626029678009E+01 -0.492792538940102E-17    0.513805887965966E+00  0.130095500828958E-17
  0.00000000  0.00000000  0.03500000    0.7238D-03  0.194626033650003E+01 -0.492792565716641E-17    0.513805877480043E+00  0.130095502587805E-17
  0.00000000  0.00000000  0.03500000    0.7662D-03  0.194626037985773E+01 -0.492792586339112E-17    0.513805866033763E+00  0.130095502235674E-17
  0.00000000  0.00000000  0.03500000    0.8098D-03  0.194626042711415E+01 -0.492792607786231E-17    0.513805853558234E+00  0.130095501580037E-17
  0.00000000  0.00000000  0.03500000    0.8548D-03  0.194626047854743E+01 -0.492792642686208E-17    0.513805839980030E+00  0.130095503917512E-17
  0.00000000  0.00000000  0.03500000    0.9011D-03  0.194626053445410E+01 -0.492792662509574E-17    0.513805825220869E+00  0.130095501676778E-17
  0.00000000  0.00000000  0.03500000    0.9488D-03  0.194626059515012E+01 -0.492792699465619E-17    0.513805809197337E+00  0.130095503318733E-17
  0.00000000  0.00000000  0.03500000    0.9980D-03  0.194626066097226E+01 -0.492792736872020E-17    0.513805791820531E+00  0.130095504394282E-17
  0.00000000  0.00000000  0.03500000    0.1049D-02  0.194626073227927E+01 -0.492792769932020E-17    0.513805772995737E+00  0.130095503589136E-17
  0.00000000  0.00000000  0.03500000    0.1101D-02  0.194626080945343E+01 -0.492792816408358E-17    0.513805752622040E+00  0.130095505541489E-17
  0.00000000  0.00000000  0.03500000    0.1155D-02  0.194626089290193E+01 -0.492792857035783E-17    0.513805730591941E+00  0.130095505110947E-17
  0.00000000  0.00000000  0.03500000    0.1210D-02  0.194626098305852E+01 -0.492792907759745E-17    0.513805706790932E+00  0.130095506449065E-17
  0.00000000  0.00000000  0.03500000    0.1267D-02  0.194626108038515E+01 -0.492792955127898E-17    0.513805681097063E+00  0.130095505942716E-17
  0.00000000  0.00000000  0.03500000    0.1326D-02  0.194626118537375E+01 -0.492793012805629E-17    0.513805653380466E+00  0.130095507133746E-17
  0.00000000  0.00000000  0.03500000    0.1387D-02  0.194626129854818E+01 -0.492793068876438E-17    0.513805623502842E+00  0.130095506806210E-17
  0.00000000  0.00000000  0.03500000    0.1450D-02  0.194626142046622E+01 -0.492793129369568E-17    0.513805591316943E+00  0.130095506477236E-17
  0.00000000  0.00000000  0.03500000    0.1514D-02  0.194626155172169E+01 -0.492793209019114E-17    0.513805556666002E+00  0.130095509957183E-17
  0.00000000  0.00000000  0.03500000    0.1580D-02  0.194626169294677E+01 -0.492793281391503E-17    0.513805519383128E+00  0.130095510183174E-17
  0.00000000  0.00000000  0.03500000    0.1649D-02  0.194626184481438E+01 -0.492793361070463E-17    0.513805479290671E+00  0.130095510915294E-17
  0.00000000  0.00000000  0.03500000    0.1719D-02  0.194626200804081E+01 -0.492793449400401E-17    0.513805436199541E+00  0.130095512412705E-17
  0.00000000  0.00000000  0.03500000    0.1792D-02  0.194626218338836E+01 -0.492793545091326E-17    0.513805389908486E+00  0.130095514232940E-17
  0.00000000  0.00000000  0.03500000    0.1867D-02  0.194626237166835E+01 -0.492793640767245E-17    0.513805340203333E+00  0.130095514320307E-17
  0.00000000  0.00000000  0.03500000    0.1944D-02  0.194626257374411E+01 -0.492793744989342E-17    0.513805286856159E+00  0.130095514819502E-17
  0.00000000  0.00000000  0.03500000    0.2024D-02  0.194626279053433E+01 -0.492793867294591E-17    0.513805229624442E+00  0.130095518125433E-17
  0.00000000  0.00000000  0.03500000    0.2106D-02  0.194626302301649E+01 -0.492793984418851E-17    0.513805168250133E+00  0.130095517965783E-17
  0.00000000  0.00000000  0.03500000    0.2190D-02  0.194626327223055E+01 -0.492794117670417E-17    0.513805102458689E+00  0.130095519826824E-17
  0.00000000  0.00000000  0.03500000    0.2277D-02  0.194626353928295E+01 -0.492794260859164E-17    0.513805031958018E+00  0.130095521926468E-17
  0.00000000  0.00000000  0.03500000    0.2367D-02  0.194626382535072E+01 -0.492794405469858E-17    0.513804956437394E+00  0.130095521859379E-17
  0.00000000  0.00000000  0.03500000    0.2459D-02  0.194626413168591E+01 -0.492794578687958E-17    0.513804875566285E+00  0.130095526635009E-17
  0.00000000  0.00000000  0.03500000    0.2554D-02  0.194626445962033E+01 -0.492794757722104E-17    0.513804788993103E+00  0.130095530058493E-17
  0.00000000  0.00000000  0.03500000    0.2652D-02  0.194626481057056E+01 -0.492794943257024E-17    0.513804696343887E+00  0.130095532121218E-17
  0.00000000  0.00000000  0.03500000    0.2753D-02  0.194626518604323E+01 -0.492795136894361E-17    0.513804597220900E+00  0.130095533044592E-17
  0.00000000  0.00000000  0.03500000    0.2858D-02  0.194626558764066E+01 -0.492795344187982E-17    0.513804491201143E+00  0.130095534080597E-17
  0.00000000  0.00000000  0.03500000    0.2965D-02  0.194626601706691E+01 -0.492795577475549E-17    0.513804377834759E+00  0.130095538258499E-17
  0.00000000  0.00000000  0.03500000    0.3075D-02  0.194626647613412E+01 -0.492795822343375E-17    0.513804256643369E+00  0.130095541530895E-17
  0.00000000  0.00000000  0.03500000    0.3189D-02  0.194626696676925E+01 -0.492796085551490E-17    0.513804127118272E+00  0.130095545424784E-17
  0.00000000  0.00000000  0.03500000    0.3307D-02  0.194626749102130E+01 -0.492796359526938E-17    0.513803988718557E+00  0.130095547667016E-17
  0.00000000  0.00000000  0.03500000    0.3428D-02  0.194626805106892E+01 -0.492796652519868E-17    0.513803840869084E+00  0.130095550144325E-17
  0.00000000  0.00000000  0.03500000    0.3553D-02  0.194626864922862E+01 -0.492796979383607E-17    0.513803682958331E+00  0.130095556468215E-17
  0.00000000  0.00000000  0.03500000    0.3681D-02  0.194626928796319E+01 -0.492797315481165E-17    0.513803514336150E+00  0.130095559805408E-17
  0.00000000  0.00000000  0.03500000    0.3813D-02  0.194626996989100E+01 -0.492797676880868E-17    0.513803334311325E+00  0.130095564047800E-17
  0.00000000  0.00000000  0.03500000    0.3950D-02  0.194627069779573E+01 -0.492798065333070E-17    0.513803142149014E+00  0.130095569285327E-17
  0.00000000  0.00000000  0.03500000    0.4090D-02  0.194627147463658E+01 -0.492798468697156E-17    0.513802937068030E+00  0.130095571917327E-17
  0.00000000  0.00000000  0.03500000    0.4235D-02  0.194627230355933E+01 -0.492798910332515E-17    0.513802718237939E+00  0.130095577689970E-17
  0.00000000  0.00000000  0.03500000    0.4385D-02  0.194627318790796E+01 -0.492799387994967E-17    0.513802484775992E+00  0.130095585563745E-17
  0.00000000  0.00000000  0.03500000    0.4538D-02  0.194627413123700E+01 -0.492799883531154E-17    0.513802235743855E+00  0.130095590271084E-17
  0.00000000  0.00000000  0.03500000    0.4697D-02  0.194627513732471E+01 -0.492800417281479E-17    0.513801970144143E+00  0.130095596676594E-17
  0.00000000  0.00000000  0.03500000    0.4860D-02  0.194627621018698E+01 -0.492800985555527E-17    0.513801686916745E+00  0.130095603269147E-17
  0.00000000  0.00000000  0.03500000    0.5029D-02  0.194627735409223E+01 -0.492801591491381E-17    0.513801384934889E+00  0.130095610306520E-17
  0.00000000  0.00000000  0.03500000    0.5202D-02  0.194627857357710E+01 -0.492802244884870E-17    0.513801063001008E+00  0.130095619768224E-17
  0.00000000  0.00000000  0.03500000    0.5381D-02  0.194627987346318E+01 -0.492802933887516E-17    0.513800719842320E+00  0.130095627881754E-17
  0.00000000  0.00000000  0.03500000    0.5565D-02  0.194628125887478E+01 -0.492803662862094E-17    0.513800354106138E+00  0.130095635113772E-17
  0.00000000  0.00000000  0.03500000    0.5755D-02  0.194628273525780E+01 -0.492804450818732E-17    0.513799964354891E+00  0.130095645754704E-17
  0.00000000  0.00000000  0.03500000    0.5950D-02  0.194628430839980E+01 -0.492805291364561E-17    0.513799549060837E+00  0.130095657343138E-17
  0.00000000  0.00000000  0.03500000    0.6152D-02  0.194628598445118E+01 -0.492806175749615E-17    0.513799106600452E+00  0.130095666746907E-17
  0.00000000  0.00000000  0.03500000    0.6360D-02  0.194628776994793E+01 -0.492807123731075E-17    0.513798635248451E+00  0.130095678307897E-17
  0.00000000  0.00000000  0.03500000    0.6574D-02  0.194628967183552E+01 -0.492808134874631E-17    0.513798133171468E+00  0.130095690982887E-17
  0.00000000  0.00000000  0.03500000    0.6794D-02  0.194629169749448E+01 -0.492809202948513E-17    0.513797598421311E+00  0.130095702140036E-17
  0.00000000  0.00000000  0.03500000    0.7021D-02  0.194629385476742E+01 -0.492810349639279E-17    0.513797028927834E+00  0.130095716455831E-17
  0.00000000  0.00000000  0.03500000    0.7255D-02  0.194629615198786E+01 -0.492811573529526E-17    0.513796422491327E+00  0.130095732441941E-17
  0.00000000  0.00000000  0.03500000    0.7497D-02  0.194629859801078E+01 -0.492812865379966E-17    0.513795776774464E+00  0.130095746475458E-17
  0.00000000  0.00000000  0.03500000    0.7745D-02  0.194630120224503E+01 -0.492814251488024E-17    0.513795089293741E+00  0.130095764240627E-17
  0.00000000  0.00000000  0.03500000    0.8001D-02  0.194630397468783E+01 -0.492815719178889E-17    0.513794357410378E+00  0.130095781054890E-17
  0.00000000  0.00000000  0.03500000    0.8265D-02  0.194630692596140E+01 -0.492817292173789E-17    0.513793578320663E+00  0.130095801760144E-17
  0.00000000  0.00000000  0.03500000    0.8537D-02  0.194631006735182E+01 -0.492818958025994E-17    0.513792749045692E+00  0.130095821561734E-17
  0.00000000  0.00000000  0.03500000    0.8818D-02  0.194631341085036E+01 -0.492820732936585E-17    0.513791866420472E+00  0.130095843133283E-17
  0.00000000  0.00000000  0.03500000    0.9107D-02  0.194631696919732E+01 -0.492822627017100E-17    0.513790927082350E+00  0.130095867440698E-17
  0.00000000  0.00000000  0.03500000    0.9404D-02  0.194632075592868E+01 -0.492824627775628E-17    0.513789927458722E+00  0.130095889376617E-17
  0.00000000  0.00000000  0.03500000    0.9711D-02  0.194632478542553E+01 -0.492826776908621E-17    0.513788863753985E+00  0.130095918025346E-17
  0.00000000  0.00000000  0.03500000    0.1003D-01  0.194632907296674E+01 -0.492829045428929E-17    0.513787731935651E+00  0.130095943692081E-17
  0.00000000  0.00000000  0.03500000    0.1035D-01  0.194633363478466E+01 -0.492831469624594E-17    0.513786527719663E+00  0.130095973785817E-17
  0.00000000  0.00000000  0.03500000    0.1069D-01  0.194633848812460E+01 -0.492834042895334E-17    0.513785246554700E+00  0.130096004258494E-17
  0.00000000  0.00000000  0.03500000    0.1103D-01  0.194634365130770E+01 -0.492836781215315E-17    0.513783883605613E+00  0.130096036877335E-17
  0.00000000  0.00000000  0.03500000    0.1139D-01  0.194634914379793E+01 -0.492839700861515E-17    0.513782433735754E+00  0.130096073336634E-17
  0.00000000  0.00000000  0.03500000    0.1176D-01  0.194635498627313E+01 -0.492842804302942E-17    0.513780891488244E+00  0.130096111523409E-17
  0.00000000  0.00000000  0.03500000    0.1214D-01  0.194636120070057E+01 -0.492846101841176E-17    0.513779251066071E+00  0.130096151219851E-17
  0.00000000  0.00000000  0.03500000    0.1253D-01  0.194636781041712E+01 -0.492849608901465E-17    0.513777506310944E+00  0.130096193377475E-17
  0.00000000  0.00000000  0.03500000    0.1293D-01  0.194637484021448E+01 -0.492853337647548E-17    0.513775650680835E+00  0.130096237892279E-17
  0.00000000  0.00000000  0.03500000    0.1334D-01  0.194638231642964E+01 -0.492857304528288E-17    0.513773677226145E+00  0.130096285584712E-17
  0.00000000  0.00000000  0.03500000    0.1377D-01  0.194639026704116E+01 -0.492861520118547E-17    0.513771578564339E+00  0.130096335505140E-17
  0.00000000  0.00000000  0.03500000    0.1421D-01  0.194639872177112E+01 -0.492866010492191E-17    0.513769346853070E+00  0.130096390561865E-17
  0.00000000  0.00000000  0.03500000    0.1466D-01  0.194640771219383E+01 -0.492870785966843E-17    0.513766973761567E+00  0.130096449256389E-17
  0.00000000  0.00000000  0.03500000    0.1513D-01  0.194641727185094E+01 -0.492875859117216E-17    0.513764450440297E+00  0.130096510422888E-17
  0.00000000  0.00000000  0.03500000    0.1561D-01  0.194642743637402E+01 -0.492881241677208E-17    0.513761767488692E+00  0.130096572394104E-17
  0.00000000  0.00000000  0.03500000    0.1610D-01  0.194643824361460E+01 -0.492886978504281E-17    0.513758914920911E+00  0.130096641948813E-17
  0.00000000  0.00000000  0.03500000    0.1662D-01  0.194644973378245E+01 -0.492893088669387E-17    0.513755882129430E+00  0.130096718743800E-17
  0.00000000  0.00000000  0.03500000    0.1714D-01  0.194646194959243E+01 -0.492899562693784E-17    0.513752657846402E+00  0.130096794565280E-17
  0.00000000  0.00000000  0.03500000    0.1768D-01  0.194647493642051E+01 -0.492906462505307E-17    0.513749230102578E+00  0.130096879690816E-17
  0.00000000  0.00000000  0.03500000    0.1824D-01  0.194648874246963E+01 -0.492913779235918E-17    0.513745586183683E+00  0.130096965333732E-17
  0.00000000  0.00000000  0.03500000    0.1882D-01  0.194650341894585E+01 -0.492921570173714E-17    0.513741712584077E+00  0.130097059766696E-17
  0.00000000  0.00000000  0.03500000    0.1941D-01  0.194651902024555E+01 -0.492929847696915E-17    0.513737594957512E+00  0.130097158982110E-17
  0.00000000  0.00000000  0.03500000    0.2002D-01  0.194653560415439E+01 -0.492938656623137E-17    0.513733218064827E+00  0.130097267080593E-17
  0.00000000  0.00000000  0.03500000    0.2065D-01  0.194655323205872E+01 -0.492948001146481E-17    0.513728565718379E+00  0.130097376959422E-17
  0.00000000  0.00000000  0.03500000    0.2130D-01  0.194657196917020E+01 -0.492957949063058E-17    0.513723620722992E+00  0.130097497789824E-17
  0.00000000  0.00000000  0.03500000    0.2197D-01  0.194659188476465E+01 -0.492968514484064E-17    0.513718364813231E+00  0.130097624030617E-17
  0.00000000  0.00000000  0.03500000    0.2266D-01  0.194661305243582E+01 -0.492979752301488E-17    0.513712778586730E+00  0.130097760325248E-17
  0.00000000  0.00000000  0.03500000    0.2337D-01  0.194663555036508E+01 -0.492991679153904E-17    0.513706841433392E+00  0.130097900607846E-17
  0.00000000  0.00000000  0.03500000    0.2410D-01  0.194665946160823E+01 -0.493004378483714E-17    0.513700531460110E+00  0.130098055789387E-17
  0.00000000  0.00000000  0.03500000    0.2486D-01  0.194668487440025E+01 -0.493017850142448E-17    0.513693825410796E+00  0.130098214028353E-17
  0.00000000  0.00000000  0.03500000    0.2564D-01  0.194671188247930E+01 -0.493032188481176E-17    0.513686698581413E+00  0.130098387683704E-17
  0.00000000  0.00000000  0.03500000    0.2644D-01  0.194674058543130E+01 -0.493047419563879E-17    0.513679124729631E+00  0.130098570311393E-17
  0.00000000  0.00000000  0.03500000    0.2726D-01  0.194677108905614E+01 -0.493063597433916E-17    0.513671075978857E+00  0.130098762018641E-17
  0.00000000  0.00000000  0.03500000    0.2811D-01  0.194680350575720E+01 -0.493080797547529E-17    0.513662522716208E+00  0.130098967678134E-17
  0.00000000  0.00000000  0.03500000    0.2899D-01  0.194683795495543E+01 -0.493099075822169E-17    0.513653433484090E+00  0.130099186066920E-17
  0.00000000  0.00000000  0.03500000    0.2989D-01  0.194687456352994E+01 -0.493118492216597E-17    0.513643774864915E+00  0.130099416029446E-17
  0.00000000  0.00000000  0.03500000    0.3082D-01  0.194691346628636E+01 -0.493139123939494E-17    0.513633511358598E+00  0.130099659899363E-17
  0.00000000  0.00000000  0.03500000    0.3178D-01  0.194695480645527E+01 -0.493161053860023E-17    0.513622605252277E+00  0.130099920374480E-17
  0.00000000  0.00000000  0.03500000    0.3277D-01  0.194699873622222E+01 -0.493184353748501E-17    0.513611016481865E+00  0.130100196024374E-17
  0.00000000  0.00000000  0.03500000    0.3379D-01  0.194704541729181E+01 -0.493209110142841E-17    0.513598702484775E+00  0.130100488038625E-17
  0.00000000  0.00000000  0.03500000    0.3484D-01  0.194709502148776E+01 -0.493235415689492E-17    0.513585618043391E+00  0.130100797861533E-17
  0.00000000  0.00000000  0.03500000    0.3592D-01  0.194714773139161E+01 -0.493263374097996E-17    0.513571715118559E+00  0.130101128412904E-17
  0.00000000  0.00000000  0.03500000    0.3703D-01  0.194720374102246E+01 -0.493293068395943E-17    0.513556942672526E+00  0.130101475623679E-17
  0.00000000  0.00000000  0.03500000    0.3818D-01  0.194726325656048E+01 -0.493324633445345E-17    0.513541246480630E+00  0.130101847464944E-17
  0.00000000  0.00000000  0.03500000    0.3936D-01  0.194732649711725E+01 -0.493358162465596E-17    0.513524568930975E+00  0.130102239189872E-17
  0.00000000  0.00000000  0.03500000    0.4058D-01  0.194739369555600E+01 -0.493393784019534E-17    0.513506848811323E+00  0.130102653527708E-17
  0.00000000  0.00000000  0.03500000    0.4184D-01  0.194746509936514E+01 -0.493431649468958E-17    0.513488021082377E+00  0.130103097255928E-17
  0.00000000  0.00000000  0.03500000    0.4313D-01  0.194754097158870E+01 -0.493471864190306E-17    0.513468016636515E+00  0.130103562938152E-17
  0.00000000  0.00000000  0.03500000    0.4447D-01  0.194762159181759E+01 -0.493514604885940E-17    0.513446762041063E+00  0.130104059722497E-17
  0.00000000  0.00000000  0.03500000    0.4584D-01  0.194770725724585E+01 -0.493560011751831E-17    0.513424179265033E+00  0.130104584767041E-17
  0.00000000  0.00000000  0.03500000    0.4726D-01  0.194779828379642E+01 -0.493608245045972E-17    0.513400185388251E+00  0.130105138003222E-17
  0.00000000  0.00000000  0.03500000    0.4872D-01  0.194789500732124E+01 -0.493659501402982E-17    0.513374692291659E+00  0.130105726272245E-17
  0.00000000  0.00000000  0.03500000    0.5022D-01  0.194799778488085E+01 -0.493713954234495E-17    0.513347606327573E+00  0.130106347442434E-17
  0.00000000  0.00000000  0.03500000    0.5177D-01  0.194810699610918E+01 -0.493771818351651E-17    0.513318827968501E+00  0.130107007256978E-17
  0.00000000  0.00000000  0.03500000    0.5337D-01  0.194822304466956E+01 -0.493833299169644E-17    0.513288251433045E+00  0.130107705749468E-17
  0.00000000  0.00000000  0.03500000    0.5501D-01  0.194834635980842E+01 -0.493898604929728E-17    0.513255764287376E+00  0.130108440256281E-17
  0.00000000  0.00000000  0.03500000    0.5671D-01  0.194847739801382E+01 -0.493968006919365E-17    0.513221247020546E+00  0.130109221055287E-17
  0.00000000  0.00000000  0.03500000    0.5846D-01  0.194861664478630E+01 -0.494041738138252E-17    0.513184572591838E+00  0.130110044429397E-17
  0.00000000  0.00000000  0.03500000    0.6026D-01  0.194876461653047E+01 -0.494120075269615E-17    0.513145605948230E+00  0.130110914003988E-17
  0.00000000  0.00000000  0.03500000    0.6211D-01  0.194892186257604E+01 -0.494203314837193E-17    0.513104203509843E+00  0.130111834189334E-17
  0.00000000  0.00000000  0.03500000    0.6403D-01  0.194908896733824E+01 -0.494291746337223E-17    0.513060212621102E+00  0.130112802813183E-17
  0.00000000  0.00000000  0.03500000    0.6600D-01  0.194926655262773E+01 -0.494385715063034E-17    0.513013470965241E+00  0.130113827346094E-17
  0.00000000  0.00000000  0.03500000    0.6803D-01  0.194945528012183E+01 -0.494485571164477E-17    0.512963805939423E+00  0.130114911151390E-17
  0.00000000  0.00000000  0.03500000    0.7012D-01  0.194965585400915E+01 -0.494591657086854E-17    0.512911033987697E+00  0.130116049823076E-17
  0.00000000  0.00000000  0.03500000    0.7227D-01  0.194986902382114E+01 -0.494704393576415E-17    0.512854959888696E+00  0.130117253428232E-17
  0.00000000  0.00000000  0.03500000    0.7450D-01  0.195009558746529E+01 -0.494824175040346E-17    0.512795375994767E+00  0.130118518559866E-17
  0.00000000  0.00000000  0.03500000    0.7678D-01  0.195033639447611E+01 -0.494951459219270E-17    0.512732061418879E+00  0.130119851481286E-17
  0.00000000  0.00000000  0.03500000    0.7914D-01  0.195059234950110E+01 -0.495086707991902E-17    0.512664781165460E+00  0.130121252077870E-17
  0.00000000  0.00000000  0.03500000    0.8157D-01  0.195086441604097E+01 -0.495230440386770E-17    0.512593285200913E+00  0.130122727280305E-17
  0.00000000  0.00000000  0.03500000    0.8408D-01  0.195115362046522E+01 -0.495383173548835E-17    0.512517307459145E+00  0.130124274995466E-17
  0.00000000  0.00000000  0.03500000    0.8666D-01  0.195146105632578E+01 -0.495545476292071E-17    0.512436564777165E+00  0.130125897587772E-17
  0.00000000  0.00000000  0.03500000    0.8932D-01  0.195178788899389E+01 -0.495717972129948E-17    0.512350755755270E+00  0.130127602028093E-17
  0.00000000  0.00000000  0.03500000    0.9206D-01  0.195213536064824E+01 -0.495901287287866E-17    0.512259559535837E+00  0.130129385553972E-17
  0.00000000  0.00000000  0.03500000    0.9488D-01  0.195250479564457E+01 -0.496096112763860E-17    0.512162634494259E+00  0.130131251222674E-17
  0.00000000  0.00000000  0.03500000    0.9779D-01  0.195289760630045E+01 -0.496303171966126E-17    0.512059616834898E+00  0.130133198612677E-17
  0.00000000  0.00000000  0.03500000    0.1008D+00  0.195331529913240E+01 -0.496523270608423E-17    0.511950119084292E+00  0.130135236041519E-17
  0.00000000  0.00000000  0.03500000    0.1039D+00  0.195375948158639E+01 -0.496757219747186E-17    0.511833728473084E+00  0.130137359447478E-17
  0.00000000  0.00000000  0.03500000    0.1071D+00  0.195423186930740E+01 -0.497005881900515E-17    0.511710005197289E+00  0.130139563480013E-17
  0.00000000  0.00000000  0.03500000    0.1103D+00  0.195473429399819E+01 -0.497270217034919E-17    0.511578480548686E+00  0.130141852442005E-17
  0.00000000  0.00000000  0.03500000    0.1137D+00  0.195526871192371E+01 -0.497551253893384E-17    0.511438654902907E+00  0.130144231575274E-17
  0.00000000  0.00000000  0.03500000    0.1172D+00  0.195583721312367E+01 -0.497850013873275E-17    0.511289995552800E+00  0.130146685864870E-17
  0.00000000  0.00000000  0.03500000    0.1208D+00  0.195644203140258E+01 -0.498167653740085E-17    0.511131934373284E+00  0.130149215980514E-17
  0.00000000  0.00000000  0.03500000    0.1245D+00  0.195708555517585E+01 -0.498505408105112E-17    0.510963865302327E+00  0.130151821684983E-17
  0.00000000  0.00000000  0.03500000    0.1283D+00  0.195777033925837E+01 -0.498864536508037E-17    0.510785141621267E+00  0.130154486366676E-17
  0.00000000  0.00000000  0.03500000    0.1322D+00  0.195849911769425E+01 -0.499246467662083E-17    0.510595073015557E+00  0.130157212891058E-17
  0.00000000  0.00000000  0.03500000    0.1363D+00  0.195927481773699E+01 -0.499652642345298E-17    0.510392922395146E+00  0.130159980621619E-17
  0.00000000  0.00000000  0.03500000    0.1405D+00  0.196010057510451E+01 -0.500084639047041E-17    0.510177902451093E+00  0.130162776052156E-17
  0.00000000  0.00000000  0.03500000    0.1448D+00  0.196097975064847E+01 -0.500544164988926E-17    0.509949171922512E+00  0.130165588075216E-17
  0.00000000  0.00000000  0.03500000    0.1492D+00  0.196191594859634E+01 -0.501033019296788E-17    0.509705831544645E+00  0.130168395804471E-17
  0.00000000  0.00000000  0.03500000    0.1537D+00  0.196291303654530E+01 -0.501553092695035E-17    0.509446919645501E+00  0.130171165688452E-17
  0.00000000  0.00000000  0.03500000    0.1585D+00  0.196397516741187E+01 -0.502106465964628E-17    0.509171407354300E+00  0.130173873966956E-17
  0.00000000  0.00000000  0.03500000    0.1633D+00  0.196510680356913E+01 -0.502695366047991E-17    0.508878193380507E+00  0.130176491797106E-17
  0.00000000  0.00000000  0.03500000    0.1683D+00  0.196631274343659E+01 -0.503322113563007E-17    0.508566098316724E+00  0.130178967890883E-17
  0.00000000  0.00000000  0.03500000    0.1734D+00  0.196759815082587E+01 -0.503989223401931E-17    0.508233858412737E+00  0.130181250424783E-17
  0.00000000  0.00000000  0.03500000    0.1787D+00  0.196896858739016E+01 -0.504699427595334E-17    0.507880118760802E+00  0.130183288279568E-17
  0.00000000  0.00000000  0.03500000    0.1842D+00  0.197043004857777E+01 -0.505455620177065E-17    0.507503425824117E+00  0.130185011656246E-17
  0.00000000  0.00000000  0.03500000    0.1898D+00  0.197198900355207E+01 -0.506260884306134E-17    0.507102219230807E+00  0.130186333432367E-17
  0.00000000  0.00000000  0.03500000    0.1956D+00  0.197365243961211E+01 -0.507118571974716E-17    0.506674822744643E+00  0.130187163357041E-17
  0.00000000  0.00000000  0.03500000    0.2016D+00  0.197542791173501E+01 -0.508032264294968E-17    0.506219434310668E+00  0.130187390749729E-17
  0.00000000  0.00000000  0.03500000    0.2078D+00  0.197732359796244E+01 -0.509005827828054E-17    0.505734115058588E+00  0.130186891089323E-17
  0.00000000  0.00000000  0.03500000    0.2141D+00  0.197934836147581E+01 -0.510043368504944E-17    0.505216777128810E+00  0.130185505415460E-17
  0.00000000  0.00000000  0.03500000    0.2207D+00  0.198151182034965E+01 -0.511149343798363E-17    0.504665170164640E+00  0.130183059176517E-17
  0.00000000  0.00000000  0.03500000    0.2274D+00  0.198382442614773E+01 -0.512328578306886E-17    0.504076866288939E+00  0.130179355017162E-17
  0.00000000  0.00000000  0.03500000    0.2343D+00  0.198629755273677E+01 -0.513586214947990E-17    0.503449243353383E+00  0.130174147854151E-17
  0.00000000  0.00000000  0.03500000    0.2415D+00  0.198894359694766E+01 -0.514927840679923E-17    0.502779466212442E+00  0.130167162745234E-17
  0.00000000  0.00000000  0.03500000    0.2489D+00  0.199177609302450E+01 -0.516359489631031E-17    0.502064465730938E+00  0.130158079612774E-17
  0.00000000  0.00000000  0.03500000    0.2565D+00  0.199480984318090E+01 -0.517887656171590E-17    0.501300915181675E+00  0.130146518420085E-17
  0.00000000  0.00000000  0.03500000    0.2643D+00  0.199806106704946E+01 -0.519519401974553E-17    0.500485203626285E+00  0.130132045497989E-17
  0.00000000  0.00000000  0.03500000    0.2724D+00  0.200154757338556E+01 -0.521262370446870E-17    0.499613405795060E+00  0.130114153505359E-17
  0.00000000  0.00000000  0.03500000    0.2807D+00  0.200528895810321E+01 -0.523124821210390E-17    0.498681247886536E+00  0.130092243109131E-17
  0.00000000  0.00000000  0.03500000    0.2893D+00  0.200930683361358E+01 -0.525115748985939E-17    0.497684068590748E+00  0.130065621668343E-17
  0.00000000  0.00000000  0.03500000    0.2981D+00  0.201362509556342E+01 -0.527244965038500E-17    0.496616774494558E+00  0.130033487605424E-17
  0.00000000  0.00000000  0.03500000    0.3072D+00  0.201827023449439E+01 -0.529523075512255E-17    0.495473788845979E+00  0.129994883748141E-17
  0.00000000  0.00000000  0.03500000    0.3166D+00  0.202327170176270E+01 -0.531961728601205E-17    0.494248992425875E+00  0.129948710369058E-17
  0.00000000  0.00000000  0.03500000    0.3262D+00  0.202866234139452E+01 -0.534573588002975E-17    0.492935654985634E+00  0.129893662618653E-17
  0.00000000  0.00000000  0.03500000    0.3362D+00  0.203447890258228E+01 -0.537372543058675E-17    0.491526355338825E+00  0.129828216558812E-17
  0.00000000  0.00000000  0.03500000    0.3464D+00  0.204076265148615E+01 -0.540373816519519E-17    0.490012887717133E+00  0.129750578337284E-17
  0.00000000  0.00000000  0.03500000    0.3570D+00  0.204756010623401E+01 -0.543594090971238E-17    0.488386151378608E+00  0.129658624034187E-17
  0.00000000  0.00000000  0.03500000    0.3679D+00  0.205492392598461E+01 -0.547051748190743E-17    0.486636019637980E+00  0.129549849466075E-17
  0.00000000  0.00000000  0.03500000    0.3791D+00  0.206291399432097E+01 -0.550767047042659E-17    0.484751183400236E+00  0.129421283954042E-17
  0.00000000  0.00000000  0.03500000    0.3907D+00  0.207159875007218E+01 -0.554762374475906E-17    0.482718962813216E+00  0.129269395439380E-17
  0.00000000  0.00000000  0.03500000    0.4026D+00  0.208105683640506E+01 -0.559062514855701E-17    0.480525078655448E+00  0.129089967282402E-17
  0.00000000  0.00000000  0.03500000    0.4149D+00  0.209137916391726E+01 -0.563694976371793E-17    0.478153372307175E+00  0.128877947411476E-17
  0.00000000  0.00000000  0.03500000    0.4276D+00  0.210267151893502E+01 -0.568690387423772E-17    0.475585459257321E+00  0.128627261387524E-17
  0.00000000  0.00000000  0.03500000    0.4406D+00  0.211505789966432E+01 -0.574082926470140E-17    0.472800295518488E+00  0.128330565952960E-17
  0.00000000  0.00000000  0.03500000    0.4540D+00  0.212868483892692E+01 -0.579910835978358E-17    0.469773628163812E+00  0.127978934432771E-17
  0.00000000  0.00000000  0.03500000    0.4679D+00  0.214372708721966E+01 -0.586217097056376E-17    0.466477288999022E+00  0.127561462384840E-17
  0.00000000  0.00000000  0.03500000    0.4822D+00  0.216039520804174E+01 -0.593050078684959E-17    0.462878271659581E+00  0.127064712237581E-17
  0.00000000  0.00000000  0.03500000    0.4969D+00  0.217894592148399E+01 -0.600464502690513E-17    0.458937502826569E+00  0.126472014143930E-17
  0.00000000  0.00000000  0.03500000    0.5120D+00  0.219969649983750E+01 -0.608522412779269E-17    0.454608169842465E+00  0.125762467868700E-17
  0.00000000  0.00000000  0.03500000    0.5276D+00  0.222304531916422E+01 -0.617294553492486E-17    0.449833384582533E+00  0.124909598507999E-17
  0.00000000  0.00000000  0.03500000    0.5437D+00  0.224950210274938E+01 -0.626861799221429E-17    0.444542816287117E+00  0.123879372821262E-17
  0.00000000  0.00000000  0.03500000    0.5603D+00  0.227973409795677E+01 -0.637317143790736E-17    0.438647647941161E+00  0.122627312705873E-17
  0.00000000  0.00000000  0.03500000    0.5774D+00  0.231463989294567E+01 -0.648767961528159E-17    0.432032647085925E+00  0.121093972594954E-17
  0.00000000  0.00000000  0.03500000    0.5950D+00  0.235547458797339E+01 -0.661338884303092E-17    0.424542894712519E+00  0.119197517885154E-17
  0.00000000  0.00000000  0.03500000    0.6131D+00  0.240407948721217E+01 -0.675175481031578E-17    0.415959624180158E+00  0.116820488190775E-17
  0.00000000  0.00000000  0.03500000    0.6318D+00  0.246335343687698E+01 -0.690448664908221E-17    0.405950678871235E+00  0.113783146197883E-17
  0.00000000  0.00000000  0.03500000    0.6511D+00  0.253840191508887E+01 -0.707360580704128E-17    0.393948647003361E+00  0.109779204804195E-17
  0.00000000  0.00000000  0.03500000    0.6709D+00  0.264036880182490E+01 -0.726151844081832E-17    0.378734970398395E+00  0.104159349626837E-17
  0.00000000  0.00000000  0.03500000    0.6914D+00  0.282398977137141E+01  0.132641877152529E-03    0.354108930539157E+00 -0.166323808036948E-04
  0.00000000  0.00000000  0.03500000    0.7125D+00  0.299185120909167E+01  0.203927937877882E+00    0.332695537542955E+00 -0.226769014134585E-01
  0.00000000  0.00000000  0.03500000    0.7342D+00  0.305557150288454E+01  0.391934935121007E+00    0.321973612337237E+00 -0.412992157908732E-01
  0.00000000  0.00000000  0.03500000    0.7565D+00  0.310128997666545E+01  0.530476676187576E+00    0.313280441536844E+00 -0.535867231350385E-01
  0.00000000  0.00000000  0.03500000    0.7796D+00  0.318612767327504E+01  0.669118676664952E+00    0.300602772822227E+00 -0.631295886978289E-01
  0.00000000  0.00000000  0.03500000    0.8034D+00  0.336111143887992E+01  0.845910613014940E+00    0.279798018945469E+00 -0.704184071342192E-01
  0.00000000  0.00000000  0.03500000    0.8279D+00  0.354336946848810E+01  0.134737479897159E+01    0.246565831699110E+00 -0.937572530534339E-01
  0.00000000  0.00000000  0.03500000    0.8531D+00  0.326284896832452E+01  0.229883810310215E+01    0.204813366111342E+00 -0.144301122918091E+00
  0.00000000  0.00000000  0.03500000    0.8791D+00  0.243640428533923E+01  0.233910540282157E+01    0.213579537365229E+00 -0.205050144095268E+00
  0.00000000  0.00000000  0.03500000    0.9059D+00  0.197071500312431E+01  0.221647692748805E+01    0.224034307119614E+00 -0.251972949873095E+00
  0.00000000  0.00000000  0.03500000    0.9335D+00  0.164143816591196E+01  0.204179389057755E+01    0.239163688959789E+00 -0.297497017619778E+00
  0.00000000  0.00000000  0.03500000    0.9619D+00  0.140373258926473E+01  0.184366359860191E+01    0.261424105537555E+00 -0.343354646648983E+00
  0.00000000  0.00000000  0.03500000    0.9913D+00  0.123386923681422E+01  0.162802807095206E+01    0.295685654176013E+00 -0.390142270196539E+00
  0.00000000  0.00000000  0.03500000    0.1021D+01  0.112076856316888E+01  0.140651332969614E+01    0.346514932684836E+00 -0.434860405418547E+00
  0.00000000  0.00000000  0.03500000    0.1053D+01  0.107576989809781E+01  0.116872405397685E+01    0.426351960820148E+00 -0.463191796825491E+00
  0.00000000  0.00000000  0.03500000    0.1085D+01  0.109916567783035E+01  0.933419548693325E+00    0.528588050675866E+00 -0.448880846316512E+00
  0.00000000  0.00000000  0.03500000    0.1118D+01  0.120735679789279E+01  0.695916974268597E+00    0.621704448205700E+00 -0.358348649910079E+00
  0.00000000  0.00000000  0.03500000    0.1152D+01  0.152420497894371E+01  0.445576767382027E+00    0.604426030119565E+00 -0.176694211305403E+00
  0.00000000  0.00000000  0.03500000    0.1187D+01  0.189200696781137E+01  0.629253653196920E+00    0.475898712749326E+00 -0.158276903121363E+00
  0.00000000  0.00000000  0.03500000    0.1223D+01  0.222325791654471E+01  0.829980463709139E+00    0.394772592577758E+00 -0.147375406608951E+00
  0.00000000  0.00000000  0.03500000    0.1260D+01  0.208506554693785E+01  0.200140458635195E+01    0.249615219594020E+00 -0.239599683593838E+00
  0.00000000  0.00000000  0.03500000    0.1299D+01  0.101230808909779E+01  0.150968160484778E+01    0.306397343974094E+00 -0.456938395488036E+00
  0.00000000  0.00000000  0.03500000    0.1338D+01  0.119420796497481E+01  0.680840452130262E+00    0.631964274168222E+00 -0.360294734898993E+00
  0.00000000  0.00000000  0.03500000    0.1379D+01  0.184114961394942E+01  0.740774671452144E+00    0.467465450617019E+00 -0.188081708826062E+00
  0.00000000  0.00000000  0.03500000    0.1421D+01  0.220285178147831E+01  0.134347946141521E+01    0.330883077172402E+00 -0.201799604516590E+00
  0.00000000  0.00000000  0.03500000    0.1464D+01  0.204042363498432E+01  0.238532186088975E+01    0.207084665225822E+00 -0.242088736156981E+00
  0.00000000  0.00000000  0.03500000    0.1509D+01  0.904692027795853E+00  0.193200723386980E+01    0.198784497871655E+00 -0.424512514833255E+00
  0.00000000  0.00000000  0.03500000    0.1555D+01  0.132770673374301E+01  0.214272999041733E+01    0.208952859448978E+00 -0.337220221262690E+00
  0.00000000  0.00000000  0.03500000    0.1602D+01  0.614199295129757E+00  0.280022859589386E+01    0.747335558143658E-01 -0.340721719682217E+00
  0.00000000  0.00000000  0.03500000    0.1651D+01 -0.191144710482933E+01  0.114712988191393E+01   -0.384632834934424E+00 -0.230832345506073E+00
  0.00000000  0.00000000  0.03500000    0.1701D+01 -0.463342039184154E+00  0.346467246134659E+00   -0.138424524121601E+01 -0.103507904774534E+01
  0.00000000  0.00000000  0.03500000    0.1753D+01  0.442025850960369E-01  0.247915613818234E+00    0.697025531143636E+00 -0.390935308478029E+01
  0.00000000  0.00000000  0.03500000    0.1807D+01  0.303456254045553E+00  0.244335772780837E+00    0.199924181304128E+01 -0.160974205294143E+01
  0.00000000  0.00000000  0.03500000    0.1862D+01  0.446783830135163E+00  0.248861281855192E+00    0.170823058849352E+01 -0.951494716870441E+00
  0.00000000  0.00000000  0.03500000    0.1919D+01  0.545485165217537E+00  0.231139217716826E+00    0.155417998854770E+01 -0.658554933571478E+00
  0.00000000  0.00000000  0.03500000    0.1977D+01  0.627651139155711E+00  0.229252067079049E+00    0.140570588412701E+01 -0.513439647500348E+00
  0.00000000  0.00000000  0.03500000    0.2037D+01  0.688805222129145E+00  0.229445106191277E+00    0.130678854065940E+01 -0.435299016105488E+00
  0.00000000  0.00000000  0.03500000    0.2099D+01  0.729159011781583E+00  0.238210881880289E+00    0.123918692698853E+01 -0.404833247512390E+00
  0.00000000  0.00000000  0.03500000    0.2163D+01  0.756617811511574E+00  0.224154348931009E+00    0.121502931422783E+01 -0.359962587080416E+00
  0.00000000  0.00000000  0.03500000    0.2229D+01  0.792855187745307E+00  0.210170060494037E+00    0.117845723237599E+01 -0.312385454047959E+00
  0.00000000  0.00000000  0.03500000    0.2297D+01  0.825514725971032E+00  0.212041655907148E+00    0.113638981056207E+01 -0.291893008818413E+00
  0.00000000  0.00000000  0.03500000    0.2367D+01  0.841925256248732E+00  0.216158185945170E+00    0.111430259967123E+01 -0.286089087779734E+00
  0.00000000  0.00000000  0.03500000    0.2439D+01  0.854569450315693E+00  0.194556735311542E+00    0.111251599825852E+01 -0.253282492748927E+00
  0.00000000  0.00000000  0.03500000    0.2513D+01  0.890096503767544E+00  0.169014486674862E+00    0.108437578159476E+01 -0.205904882575243E+00
  0.00000000  0.00000000  0.03500000    0.2590D+01  0.942096800635653E+00  0.178017886933559E+00    0.102486851271286E+01 -0.193658365992521E+00
  0.00000000  0.00000000  0.03500000    0.2669D+01  0.956362396520427E+00  0.194440864124192E+00    0.100412217958341E+01 -0.204151046710769E+00
  0.00000000  0.00000000  0.03500000    0.2750D+01  0.100840321463762E+01  0.173895355471699E+00    0.963028547245294E+00 -0.166070664117027E+00
  0.00000000  0.00000000  0.03500000    0.2834D+01  0.105857493582094E+01  0.278938111683789E+00    0.883332857828501E+00 -0.232761225505348E+00
  0.00000000  0.00000000  0.03500000    0.2920D+01  0.101731359589605E+01  0.410366172763930E+00    0.845417165549557E+00 -0.341026216512841E+00
  0.00000000  0.00000000  0.03500000    0.3009D+01  0.864482127813767E+00  0.350203019715904E+00    0.993690165153131E+00 -0.402545391399450E+00
  0.00000000  0.00000000  0.03500000    0.3101D+01  0.805042995081338E+00  0.268792207118046E+00    0.111758213066186E+01 -0.373144502059717E+00
  0.00000000  0.00000000  0.03500000    0.3195D+01  0.834587437418372E+00  0.220185506967928E+00    0.112022475630947E+01 -0.295543935634845E+00
  0.00000000  0.00000000  0.03500000    0.3293D+01  0.847298286864423E+00  0.177823605136412E+00    0.113043097965907E+01 -0.237245035517259E+00
  0.00000000  0.00000000  0.03500000    0.3393D+01  0.881151037710767E+00  0.124523409636784E+00    0.111265824369258E+01 -0.157239783346377E+00
  0.00000000  0.00000000  0.03500000    0.3496D+01  0.950003457981728E+00  0.109087128514358E+00    0.103892894834242E+01 -0.119298277025110E+00
  0.00000000  0.00000000  0.03500000    0.3603D+01  0.101893808249399E+01  0.175352522507177E+00    0.953184264402973E+00 -0.164036724162967E+00
  0.00000000  0.00000000  0.03500000    0.3713D+01  0.100106710953347E+01  0.236435288930817E+00    0.946155102409512E+00 -0.223465992320749E+00
  0.00000000  0.00000000  0.03500000    0.3826D+01  0.908515561769931E+00  0.254662213415388E+00    0.102051347794655E+01 -0.286055882859952E+00
  0.00000000  0.00000000  0.03500000    0.3942D+01  0.877348233784610E+00  0.190033487910457E+00    0.108872041798872E+01 -0.235816669393923E+00
  0.00000000  0.00000000  0.03500000    0.4062D+01  0.919125053189159E+00  0.117832672113643E+00    0.107039872229916E+01 -0.137226094792981E+00
  0.00000000  0.00000000  0.03500000    0.4186D+01  0.978157269732093E+00  0.149540892946724E+00    0.998981924053073E+00 -0.152724570560569E+00
  0.00000000  0.00000000  0.03500000    0.4313D+01  0.102464973641792E+01  0.157779205428112E+00    0.953338704755084E+00 -0.146798479513562E+00
  0.00000000  0.00000000  0.03500000    0.4445D+01  0.106400261735760E+01  0.306982110116005E+00    0.867624783368523E+00 -0.250323901879929E+00
  0.00000000  0.00000000  0.03500000    0.4580D+01  0.807497174733783E+00  0.290744056290287E+00    0.109627333901610E+01 -0.394719594521823E+00
  0.00000000  0.00000000  0.03500000    0.4720D+01  0.797440419221984E+00  0.174138078772817E+00    0.119693511883028E+01 -0.261376244525169E+00
  0.00000000  0.00000000  0.03500000    0.4863D+01  0.864427979898114E+00  0.122589493742299E+00    0.113402715423417E+01 -0.160822900184203E+00
  0.00000000  0.00000000  0.03500000    0.5012D+01  0.902349099348419E+00  0.143968589926391E+00    0.108070827178100E+01 -0.172425556940709E+00
  0.00000000  0.00000000  0.03500000    0.5164D+01  0.909400167833223E+00  0.146017654252309E+00    0.107198891957020E+01 -0.172123684332565E+00
  0.00000000  0.00000000  0.03500000    0.5322D+01  0.917665965117255E+00  0.188585063733990E+00    0.104556448399880E+01 -0.214868865522015E+00
  0.00000000  0.00000000  0.03500000    0.5484D+01  0.804620789581142E+00  0.136331513333340E+00    0.120813769732812E+01 -0.204701696407249E+00
  0.00000000  0.00000000  0.03500000    0.5651D+01  0.868495792553626E+00  0.654226945014828E-01    0.114491930378736E+01 -0.862453295487967E-01
  0.00000000  0.00000000  0.03500000    0.5823D+01  0.909343324330833E+00  0.115291760347534E+00    0.108229714461953E+01 -0.137219837308553E+00
  0.00000000  0.00000000  0.03500000    0.6000D+01  0.891771372951958E+00  0.110446337681212E+00    0.110442296127335E+01 -0.136783344950738E+00
  0.00000000  0.00000000  0.03500000    0.6183D+01  0.878854551943231E+00  0.104070505481784E+00    0.112211006816037E+01 -0.132875868642246E+00
  0.00000000  0.00000000  0.03500000    0.6371D+01  0.875541328198742E+00  0.919680000282047E-01    0.112968595159053E+01 -0.118663681863521E+00
  0.00000000  0.00000000  0.03500000    0.6565D+01  0.870953467550958E+00  0.793243880602640E-01    0.113872111806040E+01 -0.103712034255327E+00
  0.00000000  0.00000000  0.03500000    0.6765D+01  0.869469663412278E+00  0.551287489629896E-01    0.114552116252299E+01 -0.726318021869585E-01
  0.00000000  0.00000000  0.03500000    0.6971D+01  0.887977240462108E+00  0.300906427551662E-01    0.112486329749291E+01 -0.381179360133630E-01
  0.00000000  0.00000000  0.03500000    0.7184D+01  0.911434553395522E+00  0.355039498544720E-01    0.109550914800703E+01 -0.426743771245617E-01
  0.00000000  0.00000000  0.03500000    0.7402D+01  0.913866720620372E+00  0.577510613560817E-01    0.108989895060929E+01 -0.688752744227710E-01
  0.00000000  0.00000000  0.03500000    0.7628D+01  0.894516718582570E+00  0.306395879920663E-01    0.111661203036861E+01 -0.382469459169988E-01
  0.00000000  0.00000000  0.03500000    0.7860D+01  0.910127524062171E+00  0.214704565522414E-01    0.109813599368584E+01 -0.259056896067168E-01
  0.00000000  0.00000000  0.03500000    0.8100D+01  0.918095648241752E+00  0.225519973222206E-01    0.108855431484300E+01 -0.267391246657634E-01
  0.00000000  0.00000000  0.03500000    0.8346D+01  0.920227541988933E+00  0.154799493975328E-01    0.108638033429565E+01 -0.182749503074247E-01
  0.00000000  0.00000000  0.03500000    0.8600D+01  0.929682515009552E+00  0.730220610784692E-02    0.107556966409694E+01 -0.844807904180367E-02
  0.00000000  0.00000000  0.03500000    0.8862D+01  0.938058053728785E+00  0.114974920418929E-01    0.106587198095322E+01 -0.130640684443497E-01
  0.00000000  0.00000000  0.03500000    0.9132D+01  0.939476796224906E+00  0.111329305951809E-01    0.106427279304900E+01 -0.126117805005558E-01
  0.00000000  0.00000000  0.03500000    0.9410D+01  0.943436558327097E+00  0.463140751209867E-02    0.105992914167640E+01 -0.520327916670622E-02
  0.00000000  0.00000000  0.03500000    0.9697D+01  0.951387987131582E+00  0.387267815445061E-02    0.105107847100601E+01 -0.427847385959830E-02
  0.00000000  0.00000000  0.03500000    0.9992D+01  0.956115647606136E+00  0.754162871620449E-02    0.104583351325776E+01 -0.824930339305862E-02
  0.00000000  0.00000000  0.03500000    0.1030D+02  0.957350352934960E+00  0.853744391733043E-02    0.104446661181279E+01 -0.931432792032574E-02
  0.00000000  0.00000000  0.03500000    0.1061D+02  0.957532243907281E+00  0.893723178163664E-02    0.104426028229322E+01 -0.974671740048009E-02
  0.00000000  0.00000000  0.03500000    0.1093D+02  0.958091855825273E+00  0.495996333609049E-02    0.104371328714929E+01 -0.540321849744962E-02
  0.00000000  0.00000000  0.03500000    0.1127D+02  0.961663928168782E+00  0.285109943400606E-02    0.103985517289812E+01 -0.308291743930086E-02
  0.00000000  0.00000000  0.03500000    0.1161D+02  0.964788064323157E+00  0.249981857680378E-02    0.103649010954809E+01 -0.268560249274998E-02
  0.00000000  0.00000000  0.03500000    0.1196D+02  0.966995397526762E+00  0.193821796835895E-02    0.103412693076810E+01 -0.207277449707112E-02
  0.00000000  0.00000000  0.03500000    0.1233D+02  0.969350452585433E+00  0.868298032965292E-03    0.103161781681850E+01 -0.924074176399590E-03
  0.00000000  0.00000000  0.03500000    0.1270D+02  0.971783371872593E+00  0.631730329339090E-03    0.102903548913174E+01 -0.668948396593924E-03
  0.00000000  0.00000000  0.03500000    0.1309D+02  0.973850792870958E+00  0.351819538331393E-03    0.102685121458759E+01 -0.370966808155699E-03
  0.00000000  0.00000000  0.03500000    0.1349D+02  0.975753869247648E+00  0.202909780777259E-03    0.102484856916539E+01 -0.213119112363426E-03
  0.00000000  0.00000000  0.03500000    0.1390D+02  0.977497412439413E+00  0.582197304742100E-04    0.102302060724339E+01 -0.609310912390414E-04
  0.00000000  0.00000000  0.03500000    0.1432D+02  0.979117947449887E+00  0.118184220051432E-05    0.102132741270145E+01 -0.123279104424184E-05
  0.00000000  0.00000000  0.03500000    0.1476D+02  0.980578285867858E+00 -0.393037014540473E-19    0.101980638814060E+01  0.408760487541632E-19
  0.00000000  0.00000000  0.03500000    0.1521D+02  0.981894199800541E+00 -0.335028362079236E-19    0.101843966509135E+01  0.347497900426942E-19
  0.00000000  0.00000000  0.03500000    0.1567D+02  0.983098232498700E+00 -0.291568337894905E-19    0.101719234857980E+01  0.301680007745531E-19
