 q(1:3)   w(Ry)   eps    epsi  --- NO LFC
  0.00000000  0.00000000  0.00500000    0.0000D+00  0.206808928427032E+01 -0.175073973344463E-15    0.483538117820106E+00  0.409338901343119E-16
  0.00000000  0.00000000  0.00500000    0.1015D-04  0.206808928434983E+01 -0.175073973356093E-15    0.483538117801516E+00  0.409338901338838E-16
  0.00000000  0.00000000  0.00500000    0.3076D-04  0.206808928500050E+01 -0.175073973451144E-15    0.483538117649383E+00  0.409338901303498E-16
  0.00000000  0.00000000  0.00500000    0.5200D-04  0.206808928635681E+01 -0.175073973649298E-15    0.483538117332264E+00  0.409338901229887E-16
  0.00000000  0.00000000  0.00500000    0.7389D-04  0.206808928848269E+01 -0.175073973959838E-15    0.483538116835216E+00  0.409338901114406E-16
  0.00000000  0.00000000  0.00500000    0.9644D-04  0.206808929144657E+01 -0.175073974392810E-15    0.483538116142232E+00  0.409338900953444E-16
  0.00000000  0.00000000  0.00500000    0.1197D-03  0.206808929532182E+01 -0.175073974958916E-15    0.483538115236164E+00  0.409338900742989E-16
  0.00000000  0.00000000  0.00500000    0.1436D-03  0.206808930018695E+01 -0.175073975669660E-15    0.483538114098651E+00  0.409338900478852E-16
  0.00000000  0.00000000  0.00500000    0.1683D-03  0.206808930612603E+01 -0.175073976537214E-15    0.483538112710042E+00  0.409338900156220E-16
  0.00000000  0.00000000  0.00500000    0.1937D-03  0.206808931322901E+01 -0.175073977574851E-15    0.483538111049299E+00  0.409338899770508E-16
  0.00000000  0.00000000  0.00500000    0.2199D-03  0.206808932159212E+01 -0.175073978796592E-15    0.483538109093928E+00  0.409338899316412E-16
  0.00000000  0.00000000  0.00500000    0.2469D-03  0.206808933131830E+01 -0.175073980217458E-15    0.483538106819859E+00  0.409338898788303E-16
  0.00000000  0.00000000  0.00500000    0.2748D-03  0.206808934251758E+01 -0.175073981853496E-15    0.483538104201366E+00  0.409338898180142E-16
  0.00000000  0.00000000  0.00500000    0.3034D-03  0.206808935530760E+01 -0.175073983721879E-15    0.483538101210944E+00  0.409338897485511E-16
  0.00000000  0.00000000  0.00500000    0.3330D-03  0.206808936981408E+01 -0.175073985841081E-15    0.483538097819197E+00  0.409338896697833E-16
  0.00000000  0.00000000  0.00500000    0.3634D-03  0.206808938617135E+01 -0.175073988230611E-15    0.483538093994717E+00  0.409338895809551E-16
  0.00000000  0.00000000  0.00500000    0.3948D-03  0.206808940452291E+01 -0.175073990911451E-15    0.483538089703956E+00  0.409338894812916E-16
  0.00000000  0.00000000  0.00500000    0.4271D-03  0.206808942502201E+01 -0.175073993906017E-15    0.483538084911081E+00  0.409338893699672E-16
  0.00000000  0.00000000  0.00500000    0.4604D-03  0.206808944783228E+01 -0.175073997238243E-15    0.483538079577832E+00  0.409338892461000E-16
  0.00000000  0.00000000  0.00500000    0.4948D-03  0.206808947312842E+01 -0.175074000933622E-15    0.483538073663364E+00  0.409338891087351E-16
  0.00000000  0.00000000  0.00500000    0.5301D-03  0.206808950109692E+01 -0.175074005019392E-15    0.483538067124076E+00  0.409338889568592E-16
  0.00000000  0.00000000  0.00500000    0.5666D-03  0.206808953193674E+01 -0.175074009524605E-15    0.483538059913448E+00  0.409338887893880E-16
  0.00000000  0.00000000  0.00500000    0.6041D-03  0.206808956586022E+01 -0.175074014480249E-15    0.483538051981830E+00  0.409338886051612E-16
  0.00000000  0.00000000  0.00500000    0.6428D-03  0.206808960309390E+01 -0.175074019919515E-15    0.483538043276260E+00  0.409338884029715E-16
  0.00000000  0.00000000  0.00500000    0.6827D-03  0.206808964387937E+01 -0.175074025877637E-15    0.483538033740247E+00  0.409338881814929E-16
  0.00000000  0.00000000  0.00500000    0.7238D-03  0.206808968847433E+01 -0.175074032392275E-15    0.483538023313543E+00  0.409338879393298E-16
  0.00000000  0.00000000  0.00500000    0.7662D-03  0.206808973715353E+01 -0.175074039503483E-15    0.483538011931907E+00  0.409338876749706E-16
  0.00000000  0.00000000  0.00500000    0.8098D-03  0.206808979020997E+01 -0.175074047254211E-15    0.483537999526835E+00  0.409338873868591E-16
  0.00000000  0.00000000  0.00500000    0.8548D-03  0.206808984795591E+01 -0.175074055689954E-15    0.483537986025314E+00  0.409338870732702E-16
  0.00000000  0.00000000  0.00500000    0.9011D-03  0.206808991072428E+01 -0.175074064859454E-15    0.483537971349506E+00  0.409338867324220E-16
  0.00000000  0.00000000  0.00500000    0.9488D-03  0.206808997886982E+01 -0.175074074814426E-15    0.483537955416469E+00  0.409338863623624E-16
  0.00000000  0.00000000  0.00500000    0.9980D-03  0.206809005277063E+01 -0.175074085610153E-15    0.483537938137799E+00  0.409338859610497E-16
  0.00000000  0.00000000  0.00500000    0.1049D-02  0.206809013282950E+01 -0.175074097305458E-15    0.483537919419320E+00  0.409338855262920E-16
  0.00000000  0.00000000  0.00500000    0.1101D-02  0.206809021947562E+01 -0.175074109963057E-15    0.483537899160684E+00  0.409338850557632E-16
  0.00000000  0.00000000  0.00500000    0.1155D-02  0.206809031316616E+01 -0.175074123649746E-15    0.483537877255002E+00  0.409338845469831E-16
  0.00000000  0.00000000  0.00500000    0.1210D-02  0.206809041438812E+01 -0.175074138436682E-15    0.483537853588412E+00  0.409338839973108E-16
  0.00000000  0.00000000  0.00500000    0.1267D-02  0.206809052366012E+01 -0.175074154399571E-15    0.483537828039651E+00  0.409338834039161E-16
  0.00000000  0.00000000  0.00500000    0.1326D-02  0.206809064153449E+01 -0.175074171619107E-15    0.483537800479585E+00  0.409338827638019E-16
  0.00000000  0.00000000  0.00500000    0.1387D-02  0.206809076859937E+01 -0.175074190181219E-15    0.483537770770699E+00  0.409338820737763E-16
  0.00000000  0.00000000  0.00500000    0.1450D-02  0.206809090548101E+01 -0.175074210177470E-15    0.483537738766572E+00  0.409338813304572E-16
  0.00000000  0.00000000  0.00500000    0.1514D-02  0.206809105284611E+01 -0.175074231705101E-15    0.483537704311325E+00  0.409338805301881E-16
  0.00000000  0.00000000  0.00500000    0.1580D-02  0.206809121140444E+01 -0.175074254867937E-15    0.483537667239008E+00  0.409338796691470E-16
  0.00000000  0.00000000  0.00500000    0.1649D-02  0.206809138191152E+01 -0.175074279776297E-15    0.483537627372977E+00  0.409338787432195E-16
  0.00000000  0.00000000  0.00500000    0.1719D-02  0.206809156517153E+01 -0.175074306547593E-15    0.483537584525208E+00  0.409338777480229E-16
  0.00000000  0.00000000  0.00500000    0.1792D-02  0.206809176204036E+01 -0.175074335306960E-15    0.483537538495587E+00  0.409338766789336E-16
  0.00000000  0.00000000  0.00500000    0.1867D-02  0.206809197342889E+01 -0.175074366187402E-15    0.483537489071148E+00  0.409338755309908E-16
  0.00000000  0.00000000  0.00500000    0.1944D-02  0.206809220030642E+01 -0.175074399330493E-15    0.483537436025259E+00  0.409338742989244E-16
  0.00000000  0.00000000  0.00500000    0.2024D-02  0.206809244370438E+01 -0.175074434886990E-15    0.483537379116764E+00  0.409338729771523E-16
  0.00000000  0.00000000  0.00500000    0.2106D-02  0.206809270472024E+01 -0.175074473017161E-15    0.483537318089073E+00  0.409338715597025E-16
  0.00000000  0.00000000  0.00500000    0.2190D-02  0.206809298452159E+01 -0.175074513891541E-15    0.483537252669193E+00  0.409338700402262E-16
  0.00000000  0.00000000  0.00500000    0.2277D-02  0.206809328435067E+01 -0.175074557691633E-15    0.483537182566682E+00  0.409338684119850E-16
  0.00000000  0.00000000  0.00500000    0.2367D-02  0.206809360552898E+01 -0.175074604610504E-15    0.483537107472570E+00  0.409338666678070E-16
  0.00000000  0.00000000  0.00500000    0.2459D-02  0.206809394946223E+01 -0.175074654853492E-15    0.483537027058190E+00  0.409338648000537E-16
  0.00000000  0.00000000  0.00500000    0.2554D-02  0.206809431764571E+01 -0.175074708638999E-15    0.483536940973942E+00  0.409338628005978E-16
  0.00000000  0.00000000  0.00500000    0.2652D-02  0.206809471166985E+01 -0.175074766199384E-15    0.483536848847975E+00  0.409338606608074E-16
  0.00000000  0.00000000  0.00500000    0.2753D-02  0.206809513322619E+01 -0.175074827781736E-15    0.483536750284799E+00  0.409338583714914E-16
  0.00000000  0.00000000  0.00500000    0.2858D-02  0.206809558411373E+01 -0.175074893648908E-15    0.483536644863804E+00  0.409338559228919E-16
  0.00000000  0.00000000  0.00500000    0.2965D-02  0.206809606624568E+01 -0.175074964080253E-15    0.483536532137674E+00  0.409338533045867E-16
  0.00000000  0.00000000  0.00500000    0.3075D-02  0.206809658165657E+01 -0.175075039373104E-15    0.483536411630731E+00  0.409338505055551E-16
  0.00000000  0.00000000  0.00500000    0.3189D-02  0.206809713250989E+01 -0.175075119843478E-15    0.483536282837149E+00  0.409338475140401E-16
  0.00000000  0.00000000  0.00500000    0.3307D-02  0.206809772110613E+01 -0.175075205827359E-15    0.483536145219070E+00  0.409338443175298E-16
  0.00000000  0.00000000  0.00500000    0.3428D-02  0.206809834989133E+01 -0.175075297682119E-15    0.483535998204604E+00  0.409338409027501E-16
  0.00000000  0.00000000  0.00500000    0.3553D-02  0.206809902146632E+01 -0.175075395787685E-15    0.483535841185682E+00  0.409338372555742E-16
  0.00000000  0.00000000  0.00500000    0.3681D-02  0.206809973859616E+01 -0.175075500547975E-15    0.483535673515828E+00  0.409338333609821E-16
  0.00000000  0.00000000  0.00500000    0.3813D-02  0.206810050422061E+01 -0.175075612392378E-15    0.483535494507731E+00  0.409338292029940E-16
  0.00000000  0.00000000  0.00500000    0.3950D-02  0.206810132146498E+01 -0.175075731777472E-15    0.483535303430699E+00  0.409338247646417E-16
  0.00000000  0.00000000  0.00500000    0.4090D-02  0.206810219365170E+01 -0.175075859188564E-15    0.483535099507957E+00  0.409338200278708E-16
  0.00000000  0.00000000  0.00500000    0.4235D-02  0.206810312431265E+01 -0.175075995141592E-15    0.483534881913763E+00  0.409338149734967E-16
  0.00000000  0.00000000  0.00500000    0.4385D-02  0.206810411720222E+01 -0.175076140185009E-15    0.483534649770352E+00  0.409338095811283E-16
  0.00000000  0.00000000  0.00500000    0.4538D-02  0.206810517631125E+01 -0.175076294901718E-15    0.483534402144690E+00  0.409338038290704E-16
  0.00000000  0.00000000  0.00500000    0.4697D-02  0.206810630588171E+01 -0.175076459911430E-15    0.483534138045028E+00  0.409337976942905E-16
  0.00000000  0.00000000  0.00500000    0.4860D-02  0.206810751042239E+01 -0.175076635872718E-15    0.483533856417243E+00  0.409337911522804E-16
  0.00000000  0.00000000  0.00500000    0.5029D-02  0.206810879472562E+01 -0.175076823485631E-15    0.483533556140925E+00  0.409337841770050E-16
  0.00000000  0.00000000  0.00500000    0.5202D-02  0.206811016388485E+01 -0.175077023494163E-15    0.483533236025273E+00  0.409337767407824E-16
  0.00000000  0.00000000  0.00500000    0.5381D-02  0.206811162331347E+01 -0.175077236689026E-15    0.483532894804696E+00  0.409337688141896E-16
  0.00000000  0.00000000  0.00500000    0.5565D-02  0.206811317876474E+01 -0.175077463910718E-15    0.483532531134147E+00  0.409337603659876E-16
  0.00000000  0.00000000  0.00500000    0.5755D-02  0.206811483635300E+01 -0.175077706052263E-15    0.483532143584174E+00  0.409337513629252E-16
  0.00000000  0.00000000  0.00500000    0.5950D-02  0.206811660257615E+01 -0.175077964062858E-15    0.483531730635667E+00  0.409337417697009E-16
  0.00000000  0.00000000  0.00500000    0.6152D-02  0.206811848433949E+01 -0.175078238951092E-15    0.483531290674274E+00  0.409337315487692E-16
  0.00000000  0.00000000  0.00500000    0.6360D-02  0.206812048898126E+01 -0.175078531788922E-15    0.483530821984455E+00  0.409337206602647E-16
  0.00000000  0.00000000  0.00500000    0.6574D-02  0.206812262429938E+01 -0.175078843715238E-15    0.483530322743202E+00  0.409337090617702E-16
  0.00000000  0.00000000  0.00500000    0.6794D-02  0.206812489858031E+01 -0.175079175940488E-15    0.483529791013328E+00  0.409336967082611E-16
  0.00000000  0.00000000  0.00500000    0.7021D-02  0.206812732062926E+01 -0.175079529750798E-15    0.483529224736384E+00  0.409336835518695E-16
  0.00000000  0.00000000  0.00500000    0.7255D-02  0.206812989980261E+01 -0.175079906512716E-15    0.483528621725087E+00  0.409336695417103E-16
  0.00000000  0.00000000  0.00500000    0.7497D-02  0.206813264604222E+01 -0.175080307678403E-15    0.483527979655316E+00  0.409336546237377E-16
  0.00000000  0.00000000  0.00500000    0.7745D-02  0.206813556991181E+01 -0.175080734790808E-15    0.483527296057598E+00  0.409336387405139E-16
  0.00000000  0.00000000  0.00500000    0.8001D-02  0.206813868263569E+01 -0.175081189489283E-15    0.483526568308065E+00  0.409336218309878E-16
  0.00000000  0.00000000  0.00500000    0.8265D-02  0.206814199613989E+01 -0.175081673515705E-15    0.483525793618845E+00  0.409336038303004E-16
  0.00000000  0.00000000  0.00500000    0.8537D-02  0.206814552309577E+01 -0.175082188720784E-15    0.483524969027865E+00  0.409335846695289E-16
  0.00000000  0.00000000  0.00500000    0.8818D-02  0.206814927696648E+01 -0.175082737070846E-15    0.483524091388016E+00  0.409335642754378E-16
  0.00000000  0.00000000  0.00500000    0.9107D-02  0.206815327205613E+01 -0.175083320654931E-15    0.483523157355650E+00  0.409335425701882E-16
  0.00000000  0.00000000  0.00500000    0.9404D-02  0.206815752356219E+01 -0.175083941692694E-15    0.483522163378349E+00  0.409335194711122E-16
  0.00000000  0.00000000  0.00500000    0.9711D-02  0.206816204763098E+01 -0.175084602542153E-15    0.483521105681961E+00  0.409334948903259E-16
  0.00000000  0.00000000  0.00500000    0.1003D-01  0.206816686141681E+01 -0.175085305708624E-15    0.483519980256789E+00  0.409334687344777E-16
  0.00000000  0.00000000  0.00500000    0.1035D-01  0.206817198314451E+01 -0.175086053853584E-15    0.483518782842986E+00  0.409334409043442E-16
  0.00000000  0.00000000  0.00500000    0.1069D-01  0.206817743217627E+01 -0.175086849804683E-15    0.483517508914955E+00  0.409334112945256E-16
  0.00000000  0.00000000  0.00500000    0.1103D-01  0.206818322908212E+01 -0.175087696565827E-15    0.483516153664880E+00  0.409333797930100E-16
  0.00000000  0.00000000  0.00500000    0.1139D-01  0.206818939571526E+01 -0.175088597328265E-15    0.483514711985147E+00  0.409333462807845E-16
  0.00000000  0.00000000  0.00500000    0.1176D-01  0.206819595529180E+01 -0.175089555482188E-15    0.483513178449723E+00  0.409333106313893E-16
  0.00000000  0.00000000  0.00500000    0.1214D-01  0.206820293247554E+01 -0.175090574629070E-15    0.483511547294370E+00  0.409332727104445E-16
  0.00000000  0.00000000  0.00500000    0.1253D-01  0.206821035346804E+01 -0.175091658594833E-15    0.483509812395614E+00  0.409332323751627E-16
  0.00000000  0.00000000  0.00500000    0.1293D-01  0.206821824610436E+01 -0.175092811443901E-15    0.483507967248414E+00  0.409331894738437E-16
  0.00000000  0.00000000  0.00500000    0.1334D-01  0.206822663995452E+01 -0.175094037493711E-15    0.483506004942470E+00  0.409331438452475E-16
  0.00000000  0.00000000  0.00500000    0.1377D-01  0.206823556643167E+01 -0.175095341330921E-15    0.483503918136994E+00  0.409330953181011E-16
  0.00000000  0.00000000  0.00500000    0.1421D-01  0.206824505890661E+01 -0.175096727827587E-15    0.483501699033991E+00  0.409330437103457E-16
  0.00000000  0.00000000  0.00500000    0.1466D-01  0.206825515282972E+01 -0.175098202159432E-15    0.483499339349806E+00  0.409329888285763E-16
  0.00000000  0.00000000  0.00500000    0.1513D-01  0.206826588586034E+01 -0.175099769824261E-15    0.483496830284965E+00  0.409329304672262E-16
  0.00000000  0.00000000  0.00500000    0.1561D-01  0.206827729800437E+01 -0.175101436662369E-15    0.483494162492078E+00  0.409328684078864E-16
  0.00000000  0.00000000  0.00500000    0.1610D-01  0.206828943176024E+01 -0.175103208877603E-15    0.483491326041800E+00  0.409328024184484E-16
  0.00000000  0.00000000  0.00500000    0.1662D-01  0.206830233227425E+01 -0.175105093060027E-15    0.483488310386629E+00  0.409327322522500E-16
  0.00000000  0.00000000  0.00500000    0.1714D-01  0.206831604750539E+01 -0.175107096209987E-15    0.483485104322478E+00  0.409326576471727E-16
  0.00000000  0.00000000  0.00500000    0.1768D-01  0.206833062840063E+01 -0.175109225763386E-15    0.483481695947842E+00  0.409325783246084E-16
  0.00000000  0.00000000  0.00500000    0.1824D-01  0.206834612908105E+01 -0.175111489619206E-15    0.483478072620413E+00  0.409324939885174E-16
  0.00000000  0.00000000  0.00500000    0.1882D-01  0.206836260703973E+01 -0.175113896167994E-15    0.483474220911011E+00  0.409324043242512E-16
  0.00000000  0.00000000  0.00500000    0.1941D-01  0.206838012335191E+01 -0.175116454322427E-15    0.483470126554616E+00  0.409323089973702E-16
  0.00000000  0.00000000  0.00500000    0.2002D-01  0.206839874289843E+01 -0.175119173550056E-15    0.483465774398367E+00  0.409322076524474E-16
  0.00000000  0.00000000  0.00500000    0.2065D-01  0.206841853460310E+01 -0.175122063907543E-15    0.483461148346308E+00  0.409320999116661E-16
  0.00000000  0.00000000  0.00500000    0.2130D-01  0.206843957168499E+01 -0.175125136077569E-15    0.483456231300672E+00  0.409319853734518E-16
  0.00000000  0.00000000  0.00500000    0.2197D-01  0.206846193192658E+01 -0.175128401407514E-15    0.483451005099520E+00  0.409318636108892E-16
  0.00000000  0.00000000  0.00500000    0.2266D-01  0.206848569795881E+01 -0.175131871951396E-15    0.483445450450444E+00  0.409317341702298E-16
  0.00000000  0.00000000  0.00500000    0.2337D-01  0.206851095756390E+01 -0.175135560513209E-15    0.483439546860176E+00  0.409315965690230E-16
  0.00000000  0.00000000  0.00500000    0.2410D-01  0.206853780399741E+01 -0.175139480694151E-15    0.483433272559738E+00  0.409314502943899E-16
  0.00000000  0.00000000  0.00500000    0.2486D-01  0.206856633633054E+01 -0.175143646942126E-15    0.483426604424933E+00  0.409312948010297E-16
  0.00000000  0.00000000  0.00500000    0.2564D-01  0.206859665981399E+01 -0.175148074604484E-15    0.483419517891865E+00  0.409311295091242E-16
  0.00000000  0.00000000  0.00500000    0.2644D-01  0.206862888626488E+01 -0.175152779984292E-15    0.483411986867109E+00  0.409309538021516E-16
  0.00000000  0.00000000  0.00500000    0.2726D-01  0.206866313447812E+01 -0.175157780399788E-15    0.483403983632298E+00  0.409307670244772E-16
  0.00000000  0.00000000  0.00500000    0.2811D-01  0.206869953066381E+01 -0.175163094247878E-15    0.483395478742684E+00  0.409305684788514E-16
  0.00000000  0.00000000  0.00500000    0.2899D-01  0.206873820891237E+01 -0.175168741071387E-15    0.483386440919341E+00  0.409303574236860E-16
  0.00000000  0.00000000  0.00500000    0.2989D-01  0.206877931168930E+01 -0.175174741630740E-15    0.483376836934546E+00  0.409301330701873E-16
  0.00000000  0.00000000  0.00500000    0.3082D-01  0.206882299036134E+01 -0.175181117980018E-15    0.483366631489986E+00  0.409298945792659E-16
  0.00000000  0.00000000  0.00500000    0.3178D-01  0.206886940575621E+01 -0.175187893547937E-15    0.483355787087237E+00  0.409296410582604E-16
  0.00000000  0.00000000  0.00500000    0.3277D-01  0.206891872875800E+01 -0.175195093223641E-15    0.483344263890112E+00  0.409293715573711E-16
  0.00000000  0.00000000  0.00500000    0.3379D-01  0.206897114094077E+01 -0.175202743448444E-15    0.483332019578242E+00  0.409290850659619E-16
  0.00000000  0.00000000  0.00500000    0.3484D-01  0.206902683524259E+01 -0.175210872312934E-15    0.483319009191464E+00  0.409287805085093E-16
  0.00000000  0.00000000  0.00500000    0.3592D-01  0.206908601668305E+01 -0.175219509660299E-15    0.483305184964277E+00  0.409284567402752E-16
  0.00000000  0.00000000  0.00500000    0.3703D-01  0.206914890312680E+01 -0.175228687196526E-15    0.483290496149817E+00  0.409281125427543E-16
  0.00000000  0.00000000  0.00500000    0.3818D-01  0.206921572609639E+01 -0.175238438607018E-15    0.483274888832648E+00  0.409277466186570E-16
  0.00000000  0.00000000  0.00500000    0.3936D-01  0.206928673163769E+01 -0.175248799681365E-15    0.483258305729614E+00  0.409273575867076E-16
  0.00000000  0.00000000  0.00500000    0.4058D-01  0.206936218124143E+01 -0.175259808445380E-15    0.483240685977982E+00  0.409269439759005E-16
  0.00000000  0.00000000  0.00500000    0.4184D-01  0.206944235282462E+01 -0.175271505302104E-15    0.483221964910056E+00  0.409265042194696E-16
  0.00000000  0.00000000  0.00500000    0.4313D-01  0.206952754177601E+01 -0.175283933181488E-15    0.483202073813345E+00  0.409260366483307E-16
  0.00000000  0.00000000  0.00500000    0.4447D-01  0.206961806206989E+01 -0.175297137699963E-15    0.483180939675346E+00  0.409255394841090E-16
  0.00000000  0.00000000  0.00500000    0.4584D-01  0.206971424745302E+01 -0.175311167329899E-15    0.483158484911913E+00  0.409250108315618E-16
  0.00000000  0.00000000  0.00500000    0.4726D-01  0.206981645270965E+01 -0.175326073580399E-15    0.483134627078105E+00  0.409244486705301E-16
  0.00000000  0.00000000  0.00500000    0.4872D-01  0.206992505501027E+01 -0.175341911189527E-15    0.483109278560348E+00  0.409238508472205E-16
  0.00000000  0.00000000  0.00500000    0.5022D-01  0.207004045534974E+01 -0.175358738328969E-15    0.483082346248662E+00  0.409232150648241E-16
  0.00000000  0.00000000  0.00500000    0.5177D-01  0.207016308008116E+01 -0.175376616822095E-15    0.483053731187590E+00  0.409225388734341E-16
  0.00000000  0.00000000  0.00500000    0.5337D-01  0.207029338255259E+01 -0.175395612376251E-15    0.483023328204354E+00  0.409218196591833E-16
  0.00000000  0.00000000  0.00500000    0.5501D-01  0.207043184485344E+01 -0.175415794829921E-15    0.482991025512741E+00  0.409210546324616E-16
  0.00000000  0.00000000  0.00500000    0.5671D-01  0.207057897967904E+01 -0.175437238416575E-15    0.482956704290996E+00  0.409202408153089E-16
  0.00000000  0.00000000  0.00500000    0.5846D-01  0.207073533232155E+01 -0.175460022045450E-15    0.482920238231930E+00  0.409193750276970E-16
  0.00000000  0.00000000  0.00500000    0.6026D-01  0.207090148279680E+01 -0.175484229600997E-15    0.482881493063339E+00  0.409184538727350E-16
  0.00000000  0.00000000  0.00500000    0.6211D-01  0.207107804811682E+01 -0.175509950262284E-15    0.482840326036614E+00  0.409174737206868E-16
  0.00000000  0.00000000  0.00500000    0.6403D-01  0.207126568471948E+01 -0.175537278843280E-15    0.482796585381288E+00  0.409164306915732E-16
  0.00000000  0.00000000  0.00500000    0.6600D-01  0.207146509106631E+01 -0.175566316156361E-15    0.482750109723180E+00  0.409153206364434E-16
  0.00000000  0.00000000  0.00500000    0.6803D-01  0.207167701042220E+01 -0.175597169399700E-15    0.482700727463401E+00  0.409141391169250E-16
  0.00000000  0.00000000  0.00500000    0.7012D-01  0.207190223383031E+01 -0.175629952571022E-15    0.482648256115497E+00  0.409128813830863E-16
  0.00000000  0.00000000  0.00500000    0.7227D-01  0.207214160329780E+01 -0.175664786909355E-15    0.482592501597625E+00  0.409115423493650E-16
  0.00000000  0.00000000  0.00500000    0.7450D-01  0.207239601520873E+01 -0.175701801366712E-15    0.482533257476506E+00  0.409101165683482E-16
  0.00000000  0.00000000  0.00500000    0.7678D-01  0.207266642398245E+01 -0.175741133112015E-15    0.482470304159502E+00  0.409085982022003E-16
  0.00000000  0.00000000  0.00500000    0.7914D-01  0.207295384599709E+01 -0.175782928069990E-15    0.482403408031016E+00  0.409069809915841E-16
  0.00000000  0.00000000  0.00500000    0.8157D-01  0.207325936379974E+01 -0.175827341496831E-15    0.482332320528997E+00  0.409052582216156E-16
  0.00000000  0.00000000  0.00500000    0.8408D-01  0.207358413062727E+01 -0.175874538596227E-15    0.482256777156901E+00  0.409034226847193E-16
  0.00000000  0.00000000  0.00500000    0.8666D-01  0.207392937526349E+01 -0.175924695178672E-15    0.482176496426234E+00  0.409014666400239E-16
  0.00000000  0.00000000  0.00500000    0.8932D-01  0.207429640726135E+01 -0.175977998366834E-15    0.482091178724202E+00  0.408993817687809E-16
  0.00000000  0.00000000  0.00500000    0.9206D-01  0.207468662256143E+01 -0.176034647351459E-15    0.482000505100567E+00  0.408971591255783E-16
  0.00000000  0.00000000  0.00500000    0.9488D-01  0.207510150954156E+01 -0.176094854201179E-15    0.481904135967269E+00  0.408947890847273E-16
  0.00000000  0.00000000  0.00500000    0.9779D-01  0.207554265553530E+01 -0.176158844730599E-15    0.481801709703765E+00  0.408922612813048E-16
  0.00000000  0.00000000  0.00500000    0.1008D+00  0.207601175386175E+01 -0.176226859431558E-15    0.481692841160376E+00  0.408895645462758E-16
  0.00000000  0.00000000  0.00500000    0.1039D+00  0.207651061141310E+01 -0.176299154472765E-15    0.481577120051162E+00  0.408866868350226E-16
  0.00000000  0.00000000  0.00500000    0.1071D+00  0.207704115685180E+01 -0.176376002773215E-15    0.481454109227047E+00  0.408836151484426E-16
  0.00000000  0.00000000  0.00500000    0.1103D+00  0.207760544947433E+01 -0.176457695155644E-15    0.481323342819021E+00  0.408803354457624E-16
  0.00000000  0.00000000  0.00500000    0.1137D+00  0.207820568880578E+01 -0.176544541587071E-15    0.481184324240129E+00  0.408768325481171E-16
  0.00000000  0.00000000  0.00500000    0.1172D+00  0.207884422499612E+01 -0.176636872513664E-15    0.481036524033862E+00  0.408730900317190E-16
  0.00000000  0.00000000  0.00500000    0.1208D+00  0.207952357009725E+01 -0.176735040297842E-15    0.480879377555328E+00  0.408690901092636E-16
  0.00000000  0.00000000  0.00500000    0.1245D+00  0.208024641031004E+01 -0.176839420767782E-15    0.480712282469921E+00  0.408648134983536E-16
  0.00000000  0.00000000  0.00500000    0.1283D+00  0.208101561930005E+01 -0.176950414887884E-15    0.480534596052840E+00  0.408602392749612E-16
  0.00000000  0.00000000  0.00500000    0.1322D+00  0.208183427269407E+01 -0.177068450562463E-15    0.480345632270678E+00  0.408553447102916E-16
  0.00000000  0.00000000  0.00500000    0.1363D+00  0.208270566388233E+01 -0.177193984584045E-15    0.480144658624454E+00  0.408501050886948E-16
  0.00000000  0.00000000  0.00500000    0.1405D+00  0.208363332126830E+01 -0.177327504741003E-15    0.479930892730829E+00  0.408444935043930E-16
  0.00000000  0.00000000  0.00500000    0.1448D+00  0.208462102712511E+01 -0.177469532097860E-15    0.479703498615810E+00  0.408384806337965E-16
  0.00000000  0.00000000  0.00500000    0.1492D+00  0.208567283823987E+01 -0.177620623467139E-15    0.479461582691903E+00  0.408320344806076E-16
  0.00000000  0.00000000  0.00500000    0.1537D+00  0.208679310855041E+01 -0.177781374089760E-15    0.479204189386388E+00  0.408251200895815E-16
  0.00000000  0.00000000  0.00500000    0.1585D+00  0.208798651400804E+01 -0.177952420545796E-15    0.478930296384160E+00  0.408176992248277E-16
  0.00000000  0.00000000  0.00500000    0.1633D+00  0.208925807993146E+01 -0.178134443918769E-15    0.478638809444166E+00  0.408097300076374E-16
  0.00000000  0.00000000  0.00500000    0.1683D+00  0.209061321115595E+01 -0.178328173239458E-15    0.478328556742964E+00  0.408011665080194E-16
  0.00000000  0.00000000  0.00500000    0.1734D+00  0.209205772532528E+01 -0.178534389238802E-15    0.477998282692948E+00  0.407919582833273E-16
  0.00000000  0.00000000  0.00500000    0.1787D+00  0.209359788972606E+01 -0.178753928442660E-15    0.477646641175611E+00  0.407820498561707E-16
  0.00000000  0.00000000  0.00500000    0.1842D+00  0.209524046212441E+01 -0.178987687645833E-15    0.477272188122063E+00  0.407713801226517E-16
  0.00000000  0.00000000  0.00500000    0.1898D+00  0.209699273613663E+01 -0.179236628807085E-15    0.476873373363390E+00  0.407598816803663E-16
  0.00000000  0.00000000  0.00500000    0.1956D+00  0.209886259174929E+01 -0.179501784412232E-15    0.476448531662358E+00  0.407474800638102E-16
  0.00000000  0.00000000  0.00500000    0.2016D+00  0.210085855170436E+01 -0.179784263359979E-15    0.475995872824817E+00  0.407340928730182E-16
  0.00000000  0.00000000  0.00500000    0.2078D+00  0.210298984458318E+01 -0.180085257429901E-15    0.475513470773895E+00  0.407196287781768E-16
  0.00000000  0.00000000  0.00500000    0.2141D+00  0.210526647556466E+01 -0.180406048403323E-15    0.474999251451903E+00  0.407039863806267E-16
  0.00000000  0.00000000  0.00500000    0.2207D+00  0.210769930600283E+01 -0.180748015914583E-15    0.474450979393481E+00  0.406870529063919E-16
  0.00000000  0.00000000  0.00500000    0.2274D+00  0.211030014317194E+01 -0.181112646124303E-15    0.473866242788064E+00  0.406687027046917E-16
  0.00000000  0.00000000  0.00500000    0.2343D+00  0.211308184177416E+01 -0.181501541316503E-15    0.473242436819387E+00  0.406487955180094E-16
  0.00000000  0.00000000  0.00500000    0.2415D+00  0.211605841910285E+01 -0.181916430538919E-15    0.472576745033331E+00  0.406271744844423E-16
  0.00000000  0.00000000  0.00500000    0.2489D+00  0.211924518611836E+01 -0.182359181422410E-15    0.471866118441733E+00  0.406036638250495E-16
  0.00000000  0.00000000  0.00500000    0.2565D+00  0.212265889713909E+01 -0.182831813336346E-15    0.471107252016702E+00  0.405780661594789E-16
  0.00000000  0.00000000  0.00500000    0.2643D+00  0.212631792139889E+01 -0.183336512061995E-15    0.470296558165726E+00  0.405501593816882E-16
  0.00000000  0.00000000  0.00500000    0.2724D+00  0.213024244040089E+01 -0.183875646193882E-15    0.469430136699280E+00  0.405196930130725E-16
  0.00000000  0.00000000  0.00500000    0.2807D+00  0.213445467584404E+01 -0.184451785514221E-15    0.468503740705837E+00  0.404863839327536E-16
  0.00000000  0.00000000  0.00500000    0.2893D+00  0.213897915395681E+01 -0.185067721625291E-15    0.467512737630070E+00  0.404499113625988E-16
  0.00000000  0.00000000  0.00500000    0.2981D+00  0.214384301340917E+01 -0.185726491172758E-15    0.466452064701223E+00  0.404099109568112E-16
  0.00000000  0.00000000  0.00500000    0.3072D+00  0.214907636566918E+01 -0.186431402051492E-15    0.465316177672737E+00  0.403659678113661E-16
  0.00000000  0.00000000  0.00500000    0.3166D+00  0.215471271883924E+01 -0.187186063053466E-15    0.464098991599542E+00  0.403176081642108E-16
  0.00000000  0.00000000  0.00500000    0.3262D+00  0.216078947880287E+01 -0.187994417498976E-15    0.462793812081139E+00  0.402642895005791E-16
  0.00000000  0.00000000  0.00500000    0.3362D+00  0.216734854514686E+01 -0.188860781496289E-15    0.461393255016230E+00  0.402053887062163E-16
  0.00000000  0.00000000  0.00500000    0.3464D+00  0.217443702408958E+01 -0.189789887590245E-15    0.459889152420356E+00  0.401401878163736E-16
  0.00000000  0.00000000  0.00500000    0.3570D+00  0.218210808695829E+01 -0.190786934713374E-15    0.458272441212539E+00  0.400678567872546E-16
  0.00000000  0.00000000  0.00500000    0.3679D+00  0.219042201120401E+01 -0.191857645528471E-15    0.456533031025527E+00  0.399874325543272E-16
  0.00000000  0.00000000  0.00500000    0.3791D+00  0.219944745237239E+01 -0.193008332475205E-15    0.454659645958520E+00  0.398977934278757E-16
  0.00000000  0.00000000  0.00500000    0.3907D+00  0.220926301110571E+01 -0.194245974103989E-15    0.452639633657521E+00  0.397976275870719E-16
  0.00000000  0.00000000  0.00500000    0.4026D+00  0.221995918098715E+01 -0.195578303618509E-15    0.450458733009375E+00  0.396853940408674E-16
  0.00000000  0.00000000  0.00500000    0.4149D+00  0.223164079365447E+01 -0.197013911968249E-15    0.448100788820243E+00  0.395592738816027E-16
  0.00000000  0.00000000  0.00500000    0.4276D+00  0.224443012143235E+01 -0.198562368357769E-15    0.445547397734004E+00  0.394171088976678E-16
  0.00000000  0.00000000  0.00500000    0.4406D+00  0.225847086157737E+01 -0.200234361701478E-15    0.442777463731180E+00  0.392563235303779E-16
  0.00000000  0.00000000  0.00500000    0.4540D+00  0.227393332109824E+01 -0.202041867393744E-15    0.439766632874280E+00  0.390738245923879E-16
  0.00000000  0.00000000  0.00500000    0.4679D+00  0.229102126522929E+01 -0.203998344830722E-15    0.436486563951609E+00  0.388658708403851E-16
  0.00000000  0.00000000  0.00500000    0.4822D+00  0.230998111709503E+01 -0.206118972495637E-15    0.432903971638337E+00  0.386279009655227E-16
  0.00000000  0.00000000  0.00500000    0.4969D+00  0.233111455578126E+01 -0.208420929191098E-15    0.428979347033787E+00  0.383543030482292E-16
  0.00000000  0.00000000  0.00500000    0.5120D+00  0.235479615556589E+01 -0.210923732313505E-15    0.424665208339313E+00  0.380380996099829E-16
  0.00000000  0.00000000  0.00500000    0.5276D+00  0.238149873347737E+01 -0.213649647096234E-15    0.419903645524866E+00  0.376705074076673E-16
  0.00000000  0.00000000  0.00500000    0.5437D+00  0.241183091580152E+01 -0.216624184758487E-15    0.414622763746965E+00  0.372403046957164E-16
  0.00000000  0.00000000  0.00500000    0.5603D+00  0.244659493635180E+01 -0.219876712856752E-15    0.408731329057328E+00  0.367328893473089E-16
  0.00000000  0.00000000  0.00500000    0.5774D+00  0.248687979079333E+01 -0.223441208358846E-15    0.402110308548928E+00  0.361288123247239E-16
  0.00000000  0.00000000  0.00500000    0.5950D+00  0.253422057530061E+01 -0.227357193798335E-15    0.394598642969893E+00  0.354013541743990E-16
  0.00000000  0.00000000  0.00500000    0.6131D+00  0.259089352659044E+01 -0.231670910416569E-15    0.385967230894269E+00  0.345121784645118E-16
  0.00000000  0.00000000  0.00500000    0.6318D+00  0.266052701538976E+01 -0.236436801085021E-15    0.375865380887140E+00  0.334025581328441E-16
  0.00000000  0.00000000  0.00500000    0.6511D+00  0.274960467038737E+01 -0.241719402475602E-15    0.363688646142399E+00  0.319720879075740E-16
  0.00000000  0.00000000  0.00500000    0.6709D+00  0.287255603394689E+01 -0.247595784395121E-15    0.348122016831818E+00  0.300058703134350E-16
  0.00000000  0.00000000  0.00500000    0.6914D+00  0.310023768737907E+01  0.604215478055861E-03    0.322555901467674E+00 -0.628639762036413E-04
  0.00000000  0.00000000  0.00500000    0.7125D+00  0.330696295197528E+01  0.270647425602410E+00    0.300380294029060E+00 -0.245836298928297E-01
  0.00000000  0.00000000  0.00500000    0.7342D+00  0.336741701719819E+01  0.519027742065628E+00    0.290072335910312E+00 -0.447095173464732E-01
  0.00000000  0.00000000  0.00500000    0.7565D+00  0.340158965545969E+01  0.704132923349566E+00    0.281900893877393E+00 -0.583538053104525E-01
  0.00000000  0.00000000  0.00500000    0.7796D+00  0.347788023592879E+01  0.891710564089114E+00    0.269795559309855E+00 -0.691741906163370E-01
  0.00000000  0.00000000  0.00500000    0.8034D+00  0.365630912103325E+01  0.114464728691943E+01    0.249087506037614E+00 -0.779795494728052E-01
  0.00000000  0.00000000  0.00500000    0.8279D+00  0.373229753189976E+01  0.182736987711825E+01    0.216122947272023E+00 -0.105815937830092E+00
  0.00000000  0.00000000  0.00500000    0.8531D+00  0.304467140336653E+01  0.282012281225423E+01    0.176778191116928E+00 -0.163740562914818E+00
  0.00000000  0.00000000  0.00500000    0.8791D+00  0.215208875567899E+01  0.250938198991683E+01    0.196924729807071E+00 -0.229618489963809E+00
  0.00000000  0.00000000  0.00500000    0.9059D+00  0.175251779692650E+01  0.221392324153001E+01    0.219812781915271E+00 -0.277685412108824E+00
  0.00000000  0.00000000  0.00500000    0.9335D+00  0.152035753869550E+01  0.192908161121219E+01    0.252013447363713E+00 -0.319763275883555E+00
  0.00000000  0.00000000  0.00500000    0.9619D+00  0.138340768592954E+01  0.168521967947141E+01    0.291012004673189E+00 -0.354500818685390E+00
  0.00000000  0.00000000  0.00500000    0.9913D+00  0.131809326821893E+01  0.144305561298929E+01    0.345070524225684E+00 -0.377785069438898E+00
  0.00000000  0.00000000  0.00500000    0.1021D+01  0.129803348947935E+01  0.125541506969486E+01    0.398052815935064E+00 -0.384983521388030E+00
  0.00000000  0.00000000  0.00500000    0.1053D+01  0.131533002198971E+01  0.104561655286350E+01    0.465866239706549E+00 -0.370338579302383E+00
  0.00000000  0.00000000  0.00500000    0.1085D+01  0.139581714089209E+01  0.852965078613438E+00    0.521634088781036E+00 -0.318763574761806E+00
  0.00000000  0.00000000  0.00500000    0.1118D+01  0.155691999838167E+01  0.655762576788677E+00    0.545517402511215E+00 -0.229767681014863E+00
  0.00000000  0.00000000  0.00500000    0.1152D+01  0.196342666935705E+01  0.448476456518461E+00    0.484058618531871E+00 -0.110566336586170E+00
  0.00000000  0.00000000  0.00500000    0.1187D+01  0.237934752921942E+01  0.809310205733774E+00    0.376700907094146E+00 -0.128130878266648E+00
  0.00000000  0.00000000  0.00500000    0.1223D+01  0.277738407972720E+01  0.114258619839494E+01    0.307935637515538E+00 -0.126681438115595E+00
  0.00000000  0.00000000  0.00500000    0.1260D+01  0.206770361913904E+01  0.276506216863751E+01    0.173450996881440E+00 -0.231949484998741E+00
  0.00000000  0.00000000  0.00500000    0.1299D+01  0.101374331556907E+01  0.166108871093170E+01    0.267698029305485E+00 -0.438641781986388E+00
  0.00000000  0.00000000  0.00500000    0.1338D+01  0.146015370332832E+01  0.756826674658673E+00    0.539830880213770E+00 -0.279805070533993E+00
  0.00000000  0.00000000  0.00500000    0.1379D+01  0.239713346202583E+01  0.975013447013625E+00    0.357946727852948E+00 -0.145591757196617E+00
  0.00000000  0.00000000  0.00500000    0.1421D+01  0.279976762532195E+01  0.220605438458681E+01    0.220360885896458E+00 -0.173631587895589E+00
  0.00000000  0.00000000  0.00500000    0.1464D+01  0.151630481002830E+01  0.390282557203035E+01    0.864916498730326E-01 -0.222621349387705E+00
  0.00000000  0.00000000  0.00500000    0.1509D+01  0.491675859900087E+00  0.249790042068626E+01    0.758612511093470E-01 -0.385404016171001E+00
  0.00000000  0.00000000  0.00500000    0.1555D+01 -0.128392528535112E+00  0.322333773505870E+01   -0.123378538300659E-01 -0.309745981902787E+00
  0.00000000  0.00000000  0.00500000    0.1602D+01 -0.118497945635054E+01  0.193369506780061E+01   -0.230390461848690E+00 -0.375960019692802E+00
  0.00000000  0.00000000  0.00500000    0.1651D+01 -0.895578349538942E+00  0.464144629934122E+00   -0.880183225239263E+00 -0.456165915090755E+00
  0.00000000  0.00000000  0.00500000    0.1701D+01 -0.188774608054418E+00  0.276323872943352E+00   -0.168562700631048E+01 -0.246738153781439E+01
  0.00000000  0.00000000  0.00500000    0.1753D+01  0.159404442184828E+00  0.243710257836414E+00    0.187967037319089E+01 -0.287379037258362E+01
  0.00000000  0.00000000  0.00500000    0.1807D+01  0.367203760081786E+00  0.245424000860151E+00    0.188240558842697E+01 -0.125812303950907E+01
  0.00000000  0.00000000  0.00500000    0.1862D+01  0.495459406986197E+00  0.260820921736659E+00    0.158037458434755E+01 -0.831944554824449E+00
  0.00000000  0.00000000  0.00500000    0.1919D+01  0.581977139370252E+00  0.255842067743657E+00    0.143999371788573E+01 -0.633033405264702E+00
  0.00000000  0.00000000  0.00500000    0.1977D+01  0.653961460897941E+00  0.251604379595829E+00    0.133197748637478E+01 -0.512463484675040E+00
  0.00000000  0.00000000  0.00500000    0.2037D+01  0.713781752349629E+00  0.250350010213414E+00    0.124752229123485E+01 -0.437552819645528E+00
  0.00000000  0.00000000  0.00500000    0.2099D+01  0.755984171745937E+00  0.257669459125220E+00    0.118510348600166E+01 -0.403930380632471E+00
  0.00000000  0.00000000  0.00500000    0.2163D+01  0.786594200892826E+00  0.249248548147075E+00    0.115530308575942E+01 -0.366081540479862E+00
  0.00000000  0.00000000  0.00500000    0.2229D+01  0.823975541281822E+00  0.236285360471021E+00    0.112141147075203E+01 -0.321578858021411E+00
  0.00000000  0.00000000  0.00500000    0.2297D+01  0.857086436548324E+00  0.243886540120285E+00    0.107934818483874E+01 -0.307131793434451E+00
  0.00000000  0.00000000  0.00500000    0.2367D+01  0.866706070241702E+00  0.250765677158943E+00    0.106466728465171E+01 -0.308042163025585E+00
  0.00000000  0.00000000  0.00500000    0.2439D+01  0.879996019667273E+00  0.217667060606191E+00    0.107085186613642E+01 -0.264875264020739E+00
  0.00000000  0.00000000  0.00500000    0.2513D+01  0.925351954786238E+00  0.187632789778700E+00    0.103799251045859E+01 -0.210472814694310E+00
  0.00000000  0.00000000  0.00500000    0.2590D+01  0.986857052942232E+00  0.188219048148242E+00    0.977751010384474E+00 -0.186482291383411E+00
  0.00000000  0.00000000  0.00500000    0.2669D+01  0.104714220336994E+01  0.215242919980777E+00    0.916266131392980E+00 -0.188340988421454E+00
  0.00000000  0.00000000  0.00500000    0.2750D+01  0.111442130040676E+01  0.266244532051726E+00    0.848875294187127E+00 -0.202803379106833E+00
  0.00000000  0.00000000  0.00500000    0.2834D+01  0.111995894317077E+01  0.427497014414034E+00    0.779339480308511E+00 -0.297479923776164E+00
  0.00000000  0.00000000  0.00500000    0.2920D+01  0.953666274586159E+00  0.574275178351037E+00    0.769537905797096E+00 -0.463397448222948E+00
  0.00000000  0.00000000  0.00500000    0.3009D+01  0.785508546547194E+00  0.432228150514344E+00    0.977189249604087E+00 -0.537700963172776E+00
  0.00000000  0.00000000  0.00500000    0.3101D+01  0.783090876750526E+00  0.282708041104604E+00    0.112974832256415E+01 -0.407856795035901E+00
  0.00000000  0.00000000  0.00500000    0.3195D+01  0.822267020115310E+00  0.245762911324926E+00    0.111641811853537E+01 -0.333680131094972E+00
  0.00000000  0.00000000  0.00500000    0.3293D+01  0.849529142290643E+00  0.193043052460382E+00    0.111932528219446E+01 -0.254350272891489E+00
  0.00000000  0.00000000  0.00500000    0.3393D+01  0.908050348209441E+00  0.151675725879188E+00    0.107136877500223E+01 -0.178955535839164E+00
  0.00000000  0.00000000  0.00500000    0.3496D+01  0.992960275029010E+00  0.162148717492182E+00    0.980931781152942E+00 -0.160184484980152E+00
  0.00000000  0.00000000  0.00500000    0.3603D+01  0.985773083796748E+00  0.296399235279315E+00    0.930324725927504E+00 -0.279727192656039E+00
  0.00000000  0.00000000  0.00500000    0.3713D+01  0.910304027110597E+00  0.269924270975565E+00    0.100975193682303E+01 -0.299412665764257E+00
  0.00000000  0.00000000  0.00500000    0.3826D+01  0.891817010987120E+00  0.217353990232714E+00    0.105843558246183E+01 -0.257962333548365E+00
  0.00000000  0.00000000  0.00500000    0.3942D+01  0.907412648209094E+00  0.173150621918884E+00    0.106331747743886E+01 -0.202900061927870E+00
  0.00000000  0.00000000  0.00500000    0.4062D+01  0.971479038957182E+00  0.125565920490160E+00    0.101244422983716E+01 -0.130860766487477E+00
  0.00000000  0.00000000  0.00500000    0.4186D+01  0.103017249223705E+01  0.188163127468414E+00    0.939372102539112E+00 -0.171578249276012E+00
  0.00000000  0.00000000  0.00500000    0.4313D+01  0.110998940167220E+01  0.207002189195043E+00    0.870630195350976E+00 -0.162364033517306E+00
  0.00000000  0.00000000  0.00500000    0.4445D+01  0.961379203295816E+00  0.550906363559430E+00    0.783042908357138E+00 -0.448712973689420E+00
  0.00000000  0.00000000  0.00500000    0.4580D+01  0.755056485992988E+00  0.271400530804200E+00    0.117286949116828E+01 -0.421580912649865E+00
  0.00000000  0.00000000  0.00500000    0.4720D+01  0.822127958700680E+00  0.154308629048603E+00    0.117496277986579E+01 -0.220533669759595E+00
  0.00000000  0.00000000  0.00500000    0.4863D+01  0.902162178508390E+00  0.149400543495193E+00    0.107886116931099E+01 -0.178662383428017E+00
  0.00000000  0.00000000  0.00500000    0.5012D+01  0.916056147505393E+00  0.210345801287003E+00    0.103696147834612E+01 -0.238108213847433E+00
  0.00000000  0.00000000  0.00500000    0.5164D+01  0.896235752035728E+00  0.205754220715089E+00    0.105991488628411E+01 -0.243331021950813E+00
  0.00000000  0.00000000  0.00500000    0.5322D+01  0.851409855128511E+00  0.236508014680960E+00    0.109038413029150E+01 -0.302891238974375E+00
  0.00000000  0.00000000  0.00500000    0.5484D+01  0.811616087951919E+00  0.152824973311577E+00    0.118992005788574E+01 -0.224058521989366E+00
  0.00000000  0.00000000  0.00500000    0.5651D+01  0.868948007005756E+00  0.781786323345633E-01    0.114157638184424E+01 -0.102706812741940E+00
  0.00000000  0.00000000  0.00500000    0.5823D+01  0.893669952383369E+00  0.157748748542967E+00    0.108516902291284E+01 -0.191551763450876E+00
  0.00000000  0.00000000  0.00500000    0.6000D+01  0.864054561591747E+00  0.128888529330077E+00    0.113214319674925E+01 -0.168878538585864E+00
  0.00000000  0.00000000  0.00500000    0.6183D+01  0.862955124395554E+00  0.112667139981847E+00    0.113938701340309E+01 -0.148757997378485E+00
  0.00000000  0.00000000  0.00500000    0.6371D+01  0.869388470009966E+00  0.904296752796159E-01    0.113792241294246E+01 -0.118361305498569E+00
  0.00000000  0.00000000  0.00500000    0.6565D+01  0.881223890049267E+00  0.834698103752898E-01    0.112469470217428E+01 -0.106531444029884E+00
  0.00000000  0.00000000  0.00500000    0.6765D+01  0.877251517560401E+00  0.850571658579745E-01    0.112930732674119E+01 -0.109496169197151E+00
  0.00000000  0.00000000  0.00500000    0.6971D+01  0.892300643586232E+00  0.435690119241139E-01    0.111803295326158E+01 -0.545910074394097E-01
  0.00000000  0.00000000  0.00500000    0.7184D+01  0.918129679008732E+00  0.655943224448266E-01    0.108363968722367E+01 -0.774189231465685E-01
  0.00000000  0.00000000  0.00500000    0.7402D+01  0.904888089873155E+00  0.846810346864027E-01    0.109551500467082E+01 -0.102520239959185E+00
  0.00000000  0.00000000  0.00500000    0.7628D+01  0.896537169526079E+00  0.565449974127422E-01    0.111098336330260E+01 -0.700702140846572E-01
  0.00000000  0.00000000  0.00500000    0.7860D+01  0.901748043373697E+00  0.545797293333070E-01    0.110490941662790E+01 -0.668763934011456E-01
  0.00000000  0.00000000  0.00500000    0.8100D+01  0.906697764319738E+00  0.384970434086976E-01    0.110091869363385E+01 -0.467433762451888E-01
  0.00000000  0.00000000  0.00500000    0.8346D+01  0.916939846897516E+00  0.360576300397268E-01    0.108890024096073E+01 -0.428197794779877E-01
  0.00000000  0.00000000  0.00500000    0.8600D+01  0.924397697189629E+00  0.332973765719519E-01    0.108038369132906E+01 -0.389160885209339E-01
  0.00000000  0.00000000  0.00500000    0.8862D+01  0.929253668933437E+00  0.357520209477483E-01    0.107454183889468E+01 -0.413418247543626E-01
  0.00000000  0.00000000  0.00500000    0.9132D+01  0.929256636953854E+00  0.358490321910960E-01    0.107452978627891E+01 -0.414534062676992E-01
  0.00000000  0.00000000  0.00500000    0.9410D+01  0.932712791749451E+00  0.294041259924464E-01    0.107107691237330E+01 -0.337661075924055E-01
  0.00000000  0.00000000  0.00500000    0.9697D+01  0.933742308716824E+00  0.355926121498351E-01    0.106940544377987E+01 -0.407638519065142E-01
  0.00000000  0.00000000  0.00500000    0.9992D+01  0.928331776123629E+00  0.311980535682794E-01    0.107598586816123E+01 -0.361602022218566E-01
  0.00000000  0.00000000  0.00500000    0.1030D+02  0.926767582103177E+00  0.217696507575501E-01    0.107842413735357E+01 -0.253320436450978E-01
  0.00000000  0.00000000  0.00500000    0.1061D+02  0.930543431655811E+00  0.117067319864865E-01    0.107447081053004E+01 -0.135174150698112E-01
  0.00000000  0.00000000  0.00500000    0.1093D+02  0.937890876734179E+00  0.524731540855283E-02    0.106618874749329E+01 -0.596511681895042E-02
  0.00000000  0.00000000  0.00500000    0.1127D+02  0.945327669842287E+00  0.292295584058026E-02    0.105782415083298E+01 -0.327079527937647E-02
  0.00000000  0.00000000  0.00500000    0.1161D+02  0.950809843795587E+00  0.257417919463385E-02    0.105172730048110E+01 -0.284739851295536E-02
  0.00000000  0.00000000  0.00500000    0.1196D+02  0.954782148423231E+00  0.187269217832858E-02    0.104735530995033E+01 -0.205426347791900E-02
  0.00000000  0.00000000  0.00500000    0.1233D+02  0.958589193518166E+00  0.821992398268996E-03    0.104319897559065E+01 -0.894545477474409E-03
  0.00000000  0.00000000  0.00500000    0.1270D+02  0.962170101000846E+00  0.602938073900252E-03    0.103931685912638E+01 -0.651281623240930E-03
  0.00000000  0.00000000  0.00500000    0.1309D+02  0.965163531034876E+00  0.402314408790182E-03    0.103609367127245E+01 -0.431880608213908E-03
  0.00000000  0.00000000  0.00500000    0.1349D+02  0.967808010425426E+00  0.253838573525393E-03    0.103326271371592E+01 -0.271006160830735E-03
  0.00000000  0.00000000  0.00500000    0.1390D+02  0.970232742119906E+00  0.550847137468869E-04    0.103068052990222E+01 -0.585166213109895E-04
  0.00000000  0.00000000  0.00500000    0.1432D+02  0.972477234980812E+00  0.701615511588175E-06    0.102830170622885E+01 -0.741891328383621E-06
  0.00000000  0.00000000  0.00500000    0.1476D+02  0.974477686521715E+00  0.602404034644152E-17    0.102619076232457E+01 -0.634372099114352E-17
  0.00000000  0.00000000  0.00500000    0.1521D+02  0.976274053558867E+00  0.531313619558373E-17    0.102430254737862E+01 -0.557451969543490E-17
  0.00000000  0.00000000  0.00500000    0.1567D+02  0.977908941717611E+00  0.474164546826055E-17    0.102259009744158E+01 -0.495829365554787E-17
