 q(1:3)   w(Ry)   eps    epsi  --- NO LFC
  0.00000000  0.00000000  0.03000000    0.0000D+00  0.204116237819391E+01 -0.503503723277946E-17    0.489916927081927E+00  0.120850256460687E-17
  0.00000000  0.00000000  0.03000000    0.1015D-04  0.204116237827309E+01 -0.503503723303051E-17    0.489916927062924E+00  0.120850256457338E-17
  0.00000000  0.00000000  0.03000000    0.3076D-04  0.204116237892100E+01 -0.503503723509172E-17    0.489916926907412E+00  0.120850256430089E-17
  0.00000000  0.00000000  0.03000000    0.5200D-04  0.204116238027157E+01 -0.503503723938964E-17    0.489916926583250E+00  0.120850256373321E-17
  0.00000000  0.00000000  0.03000000    0.7389D-04  0.204116238238844E+01 -0.503503724612514E-17    0.489916926075163E+00  0.120850256284321E-17
  0.00000000  0.00000000  0.03000000    0.9644D-04  0.204116238533977E+01 -0.503503725551590E-17    0.489916925366789E+00  0.120850256160241E-17
  0.00000000  0.00000000  0.03000000    0.1197D-03  0.204116238919860E+01 -0.503503726779372E-17    0.489916924440598E+00  0.120850255997995E-17
  0.00000000  0.00000000  0.03000000    0.1436D-03  0.204116239404312E+01 -0.503503728320800E-17    0.489916923277822E+00  0.120850255794311E-17
  0.00000000  0.00000000  0.03000000    0.1683D-03  0.204116239995703E+01 -0.503503730202537E-17    0.489916921858374E+00  0.120850255545678E-17
  0.00000000  0.00000000  0.03000000    0.1937D-03  0.204116240702993E+01 -0.503503732453054E-17    0.489916920160748E+00  0.120850255248320E-17
  0.00000000  0.00000000  0.03000000    0.2199D-03  0.204116241535761E+01 -0.503503735102808E-17    0.489916918161950E+00  0.120850254898203E-17
  0.00000000  0.00000000  0.03000000    0.2469D-03  0.204116242504258E+01 -0.503503738184350E-17    0.489916915837376E+00  0.120850254491002E-17
  0.00000000  0.00000000  0.03000000    0.2748D-03  0.204116243619441E+01 -0.503503741732722E-17    0.489916913160729E+00  0.120850254022153E-17
  0.00000000  0.00000000  0.03000000    0.3034D-03  0.204116244893024E+01 -0.503503745784999E-17    0.489916910103893E+00  0.120850253486685E-17
  0.00000000  0.00000000  0.03000000    0.3330D-03  0.204116246337527E+01 -0.503503750381177E-17    0.489916906636818E+00  0.120850252879372E-17
  0.00000000  0.00000000  0.03000000    0.3634D-03  0.204116247966325E+01 -0.503503755563756E-17    0.489916902727402E+00  0.120850252194576E-17
  0.00000000  0.00000000  0.03000000    0.3948D-03  0.204116249793706E+01 -0.503503761378273E-17    0.489916898341347E+00  0.120850251426309E-17
  0.00000000  0.00000000  0.03000000    0.4271D-03  0.204116251834931E+01 -0.503503767873119E-17    0.489916893442028E+00  0.120850250568113E-17
  0.00000000  0.00000000  0.03000000    0.4604D-03  0.204116254106295E+01 -0.503503775100194E-17    0.489916887990333E+00  0.120850249613151E-17
  0.00000000  0.00000000  0.03000000    0.4948D-03  0.204116256625193E+01 -0.503503783114942E-17    0.489916881944511E+00  0.120850248554133E-17
  0.00000000  0.00000000  0.03000000    0.5301D-03  0.204116259410193E+01 -0.503503791976376E-17    0.489916875259993E+00  0.120850247383235E-17
  0.00000000  0.00000000  0.03000000    0.5666D-03  0.204116262481110E+01 -0.503503801747501E-17    0.489916867889224E+00  0.120850246092117E-17
  0.00000000  0.00000000  0.03000000    0.6041D-03  0.204116265859086E+01 -0.503503812495648E-17    0.489916859781454E+00  0.120850244671903E-17
  0.00000000  0.00000000  0.03000000    0.6428D-03  0.204116269566680E+01 -0.503503824292640E-17    0.489916850882542E+00  0.120850243113121E-17
  0.00000000  0.00000000  0.03000000    0.6827D-03  0.204116273627949E+01 -0.503503837214936E-17    0.489916841134745E+00  0.120850241405636E-17
  0.00000000  0.00000000  0.03000000    0.7238D-03  0.204116278068552E+01 -0.503503851344151E-17    0.489916830476475E+00  0.120850239538651E-17
  0.00000000  0.00000000  0.03000000    0.7662D-03  0.204116282915850E+01 -0.503503866767523E-17    0.489916818842065E+00  0.120850237500709E-17
  0.00000000  0.00000000  0.03000000    0.8098D-03  0.204116288199016E+01 -0.503503883577700E-17    0.489916806161489E+00  0.120850235279500E-17
  0.00000000  0.00000000  0.03000000    0.8548D-03  0.204116293949146E+01 -0.503503901873644E-17    0.489916792360115E+00  0.120850232861956E-17
  0.00000000  0.00000000  0.03000000    0.9011D-03  0.204116300199391E+01 -0.503503921760969E-17    0.489916777358373E+00  0.120850230234171E-17
  0.00000000  0.00000000  0.03000000    0.9488D-03  0.204116306985075E+01 -0.503503943351813E-17    0.489916761071480E+00  0.120850227381233E-17
  0.00000000  0.00000000  0.03000000    0.9980D-03  0.204116314343848E+01 -0.503503966766237E-17    0.489916743409070E+00  0.120850224287375E-17
  0.00000000  0.00000000  0.03000000    0.1049D-02  0.204116322315818E+01 -0.503503992131719E-17    0.489916724274874E+00  0.120850220935701E-17
  0.00000000  0.00000000  0.03000000    0.1101D-02  0.204116330943723E+01 -0.503504019584343E-17    0.489916703566316E+00  0.120850217308267E-17
  0.00000000  0.00000000  0.03000000    0.1155D-02  0.204116340273086E+01 -0.503504049268948E-17    0.489916681174132E+00  0.120850213385932E-17
  0.00000000  0.00000000  0.03000000    0.1210D-02  0.204116350352398E+01 -0.503504081339538E-17    0.489916656981933E+00  0.120850209148239E-17
  0.00000000  0.00000000  0.03000000    0.1267D-02  0.204116361233306E+01 -0.503504115960795E-17    0.489916630865761E+00  0.120850204573560E-17
  0.00000000  0.00000000  0.03000000    0.1326D-02  0.204116372970805E+01 -0.503504153307598E-17    0.489916602693617E+00  0.120850199638746E-17
  0.00000000  0.00000000  0.03000000    0.1387D-02  0.204116385623463E+01 -0.503504193566276E-17    0.489916572324928E+00  0.120850194319168E-17
  0.00000000  0.00000000  0.03000000    0.1450D-02  0.204116399253637E+01 -0.503504236935168E-17    0.489916539610024E+00  0.120850188588592E-17
  0.00000000  0.00000000  0.03000000    0.1514D-02  0.204116413927716E+01 -0.503504283625635E-17    0.489916504389564E+00  0.120850182419136E-17
  0.00000000  0.00000000  0.03000000    0.1580D-02  0.204116429716376E+01 -0.503504333862514E-17    0.489916466493912E+00  0.120850175781074E-17
  0.00000000  0.00000000  0.03000000    0.1649D-02  0.204116446694849E+01 -0.503504387885109E-17    0.489916425742500E+00  0.120850168642762E-17
  0.00000000  0.00000000  0.03000000    0.1719D-02  0.204116464943212E+01 -0.503504445948318E-17    0.489916381943129E+00  0.120850160970555E-17
  0.00000000  0.00000000  0.03000000    0.1792D-02  0.204116484546693E+01 -0.503504508323310E-17    0.489916334891240E+00  0.120850152728622E-17
  0.00000000  0.00000000  0.03000000    0.1867D-02  0.204116505595990E+01 -0.503504575298524E-17    0.489916284369138E+00  0.120850143878791E-17
  0.00000000  0.00000000  0.03000000    0.1944D-02  0.204116528187627E+01 -0.503504647181282E-17    0.489916230145158E+00  0.120850134380531E-17
  0.00000000  0.00000000  0.03000000    0.2024D-02  0.204116552424309E+01 -0.503504724298205E-17    0.489916171972787E+00  0.120850124190621E-17
  0.00000000  0.00000000  0.03000000    0.2106D-02  0.204116578415315E+01 -0.503504806997085E-17    0.489916109589738E+00  0.120850113263135E-17
  0.00000000  0.00000000  0.03000000    0.2190D-02  0.204116606276913E+01 -0.503504895647765E-17    0.489916042716955E+00  0.120850101549169E-17
  0.00000000  0.00000000  0.03000000    0.2277D-02  0.204116636132800E+01 -0.503504990643984E-17    0.489915971057545E+00  0.120850088996753E-17
  0.00000000  0.00000000  0.03000000    0.2367D-02  0.204116668114564E+01 -0.503505092404278E-17    0.489915894295675E+00  0.120850075550527E-17
  0.00000000  0.00000000  0.03000000    0.2459D-02  0.204116702362183E+01 -0.503505201374025E-17    0.489915812095381E+00  0.120850061151637E-17
  0.00000000  0.00000000  0.03000000    0.2554D-02  0.204116739024551E+01 -0.503505318027074E-17    0.489915724099296E+00  0.120850045737508E-17
  0.00000000  0.00000000  0.03000000    0.2652D-02  0.204116778260037E+01 -0.503505442867352E-17    0.489915629927313E+00  0.120850029241562E-17
  0.00000000  0.00000000  0.03000000    0.2753D-02  0.204116820237080E+01 -0.503505576430600E-17    0.489915529175159E+00  0.120850011592934E-17
  0.00000000  0.00000000  0.03000000    0.2858D-02  0.204116865134817E+01 -0.503505719286954E-17    0.489915421412881E+00  0.120849992716348E-17
  0.00000000  0.00000000  0.03000000    0.2965D-02  0.204116913143758E+01 -0.503505872042424E-17    0.489915306183229E+00  0.120849972531667E-17
  0.00000000  0.00000000  0.03000000    0.3075D-02  0.204116964466495E+01 -0.503506035341789E-17    0.489915182999963E+00  0.120849950953757E-17
  0.00000000  0.00000000  0.03000000    0.3189D-02  0.204117019318460E+01 -0.503506209870212E-17    0.489915051346019E+00  0.120849927891973E-17
  0.00000000  0.00000000  0.03000000    0.3307D-02  0.204117077928727E+01 -0.503506396356795E-17    0.489914910671597E+00  0.120849903250060E-17
  0.00000000  0.00000000  0.03000000    0.3428D-02  0.204117140540865E+01 -0.503506595576462E-17    0.489914760392106E+00  0.120849876925599E-17
  0.00000000  0.00000000  0.03000000    0.3553D-02  0.204117207413854E+01 -0.503506808353086E-17    0.489914599885971E+00  0.120849848809671E-17
  0.00000000  0.00000000  0.03000000    0.3681D-02  0.204117278823029E+01 -0.503507035562777E-17    0.489914428492361E+00  0.120849818786527E-17
  0.00000000  0.00000000  0.03000000    0.3813D-02  0.204117355061121E+01 -0.503507278136854E-17    0.489914245508698E+00  0.120849786733073E-17
  0.00000000  0.00000000  0.03000000    0.3950D-02  0.204117436439337E+01 -0.503507537065628E-17    0.489914050188063E+00  0.120849752518497E-17
  0.00000000  0.00000000  0.03000000    0.4090D-02  0.204117523288511E+01 -0.503507813401468E-17    0.489913841736432E+00  0.120849716003637E-17
  0.00000000  0.00000000  0.03000000    0.4235D-02  0.204117615960336E+01 -0.503508108263482E-17    0.489913619309721E+00  0.120849677040656E-17
  0.00000000  0.00000000  0.03000000    0.4385D-02  0.204117714828662E+01 -0.503508422841099E-17    0.489913382010674E+00  0.120849635472357E-17
  0.00000000  0.00000000  0.03000000    0.4538D-02  0.204117820290879E+01 -0.503508758398599E-17    0.489913128885535E+00  0.120849591131633E-17
  0.00000000  0.00000000  0.03000000    0.4697D-02  0.204117932769390E+01 -0.503509116279825E-17    0.489912858920529E+00  0.120849543840859E-17
  0.00000000  0.00000000  0.03000000    0.4860D-02  0.204118052713162E+01 -0.503509497913406E-17    0.489912571038122E+00  0.120849493411302E-17
  0.00000000  0.00000000  0.03000000    0.5029D-02  0.204118180599399E+01 -0.503509904817415E-17    0.489912264093022E+00  0.120849439642266E-17
  0.00000000  0.00000000  0.03000000    0.5202D-02  0.204118316935288E+01 -0.503510338605512E-17    0.489911936867984E+00  0.120849382320492E-17
  0.00000000  0.00000000  0.03000000    0.5381D-02  0.204118462259875E+01 -0.503510800992826E-17    0.489911588069306E+00  0.120849321219355E-17
  0.00000000  0.00000000  0.03000000    0.5565D-02  0.204118617146048E+01 -0.503511293801675E-17    0.489911216322073E+00  0.120849256097880E-17
  0.00000000  0.00000000  0.03000000    0.5755D-02  0.204118782202652E+01 -0.503511818969345E-17    0.489910820165087E+00  0.120849186700116E-17
  0.00000000  0.00000000  0.03000000    0.5950D-02  0.204118958076723E+01 -0.503512378554149E-17    0.489910398045500E+00  0.120849112753937E-17
  0.00000000  0.00000000  0.03000000    0.6152D-02  0.204119145455868E+01 -0.503512974743827E-17    0.489909948313108E+00  0.120849033970241E-17
  0.00000000  0.00000000  0.03000000    0.6360D-02  0.204119345070799E+01 -0.503513609862883E-17    0.489909469214272E+00  0.120848950041715E-17
  0.00000000  0.00000000  0.03000000    0.6574D-02  0.204119557698009E+01 -0.503514286381687E-17    0.489908958885499E+00  0.120848860641850E-17
  0.00000000  0.00000000  0.03000000    0.6794D-02  0.204119784162630E+01 -0.503515006925217E-17    0.489908415346579E+00  0.120848765423648E-17
  0.00000000  0.00000000  0.03000000    0.7021D-02  0.204120025341455E+01 -0.503515774282781E-17    0.489907836493350E+00  0.120848664018392E-17
  0.00000000  0.00000000  0.03000000    0.7255D-02  0.204120282166159E+01 -0.503516591418260E-17    0.489907220089954E+00  0.120848556034274E-17
  0.00000000  0.00000000  0.03000000    0.7497D-02  0.204120555626716E+01 -0.503517461481037E-17    0.489906563760656E+00  0.120848441054987E-17
  0.00000000  0.00000000  0.03000000    0.7745D-02  0.204120846775023E+01 -0.503518387817154E-17    0.489905864981139E+00  0.120848318638102E-17
  0.00000000  0.00000000  0.03000000    0.8001D-02  0.204121156728756E+01 -0.503519373982254E-17    0.489905121069266E+00  0.120848188313615E-17
  0.00000000  0.00000000  0.03000000    0.8265D-02  0.204121486675467E+01 -0.503520423753904E-17    0.489904329175253E+00  0.120848049582055E-17
  0.00000000  0.00000000  0.03000000    0.8537D-02  0.204121837876926E+01 -0.503521541145842E-17    0.489903486271245E+00  0.120847901912754E-17
  0.00000000  0.00000000  0.03000000    0.8818D-02  0.204122211673744E+01 -0.503522730422412E-17    0.489902589140244E+00  0.120847744741850E-17
  0.00000000  0.00000000  0.03000000    0.9107D-02  0.204122609490273E+01 -0.503523996114429E-17    0.489901634364346E+00  0.120847577470285E-17
  0.00000000  0.00000000  0.03000000    0.9404D-02  0.204123032839823E+01 -0.503525343035412E-17    0.489900618312244E+00  0.120847399461531E-17
  0.00000000  0.00000000  0.03000000    0.9711D-02  0.204123483330188E+01 -0.503526776299370E-17    0.489899537125972E+00  0.120847210039313E-17
  0.00000000  0.00000000  0.03000000    0.1003D-01  0.204123962669531E+01 -0.503528301339468E-17    0.489898386706788E+00  0.120847008485122E-17
  0.00000000  0.00000000  0.03000000    0.1035D-01  0.204124472672619E+01 -0.503529923927845E-17    0.489897162700246E+00  0.120846794035594E-17
  0.00000000  0.00000000  0.03000000    0.1069D-01  0.204125015267468E+01 -0.503531650196570E-17    0.489895860480248E+00  0.120846565879670E-17
  0.00000000  0.00000000  0.03000000    0.1103D-01  0.204125592502369E+01 -0.503533486660098E-17    0.489894475132212E+00  0.120846323155671E-17
  0.00000000  0.00000000  0.03000000    0.1139D-01  0.204126206553388E+01 -0.503535440239313E-17    0.489893001435098E+00  0.120846064948188E-17
  0.00000000  0.00000000  0.03000000    0.1176D-01  0.204126859732302E+01 -0.503537518286105E-17    0.489891433842382E+00  0.120845790284589E-17
  0.00000000  0.00000000  0.03000000    0.1214D-01  0.204127554495046E+01 -0.503539728610751E-17    0.489889766461818E+00  0.120845498131589E-17
  0.00000000  0.00000000  0.03000000    0.1253D-01  0.204128293450680E+01 -0.503542079510419E-17    0.489887993033955E+00  0.120845187391479E-17
  0.00000000  0.00000000  0.03000000    0.1293D-01  0.204129079370922E+01 -0.503544579798968E-17    0.489886106909298E+00  0.120844856898000E-17
  0.00000000  0.00000000  0.03000000    0.1334D-01  0.204129915200251E+01 -0.503547238839272E-17    0.489884101024097E+00  0.120844505412130E-17
  0.00000000  0.00000000  0.03000000    0.1377D-01  0.204130804066680E+01 -0.503550066577517E-17    0.489881967874553E+00  0.120844131617577E-17
  0.00000000  0.00000000  0.03000000    0.1421D-01  0.204131749293156E+01 -0.503553073579222E-17    0.489879699489513E+00  0.120843734115926E-17
  0.00000000  0.00000000  0.03000000    0.1466D-01  0.204132754409709E+01 -0.503556271067810E-17    0.489877287401379E+00  0.120843311421521E-17
  0.00000000  0.00000000  0.03000000    0.1513D-01  0.204133823166324E+01 -0.503559670965517E-17    0.489874722615283E+00  0.120842861956044E-17
  0.00000000  0.00000000  0.03000000    0.1561D-01  0.204134959546652E+01 -0.503563285936781E-17    0.489871995576273E+00  0.120842384042710E-17
  0.00000000  0.00000000  0.03000000    0.1610D-01  0.204136167782542E+01 -0.503567129434245E-17    0.489869096134528E+00  0.120841875900107E-17
  0.00000000  0.00000000  0.03000000    0.1662D-01  0.204137452369509E+01 -0.503571215748025E-17    0.489866013508340E+00  0.120841335635714E-17
  0.00000000  0.00000000  0.03000000    0.1714D-01  0.204138818083148E+01 -0.503575560057633E-17    0.489862736244847E+00  0.120840761238946E-17
  0.00000000  0.00000000  0.03000000    0.1768D-01  0.204140269996586E+01 -0.503580178486948E-17    0.489859252178281E+00  0.120840150573695E-17
  0.00000000  0.00000000  0.03000000    0.1824D-01  0.204141813499020E+01 -0.503585088163637E-17    0.489855548385632E+00  0.120839501370653E-17
  0.00000000  0.00000000  0.03000000    0.1882D-01  0.204143454315420E+01 -0.503590307280685E-17    0.489851611139542E+00  0.120838811218777E-17
  0.00000000  0.00000000  0.03000000    0.1941D-01  0.204145198527457E+01 -0.503595855163575E-17    0.489847425858269E+00  0.120838077556643E-17
  0.00000000  0.00000000  0.03000000    0.2002D-01  0.204147052595751E+01 -0.503601752339758E-17    0.489842977052520E+00  0.120837297662806E-17
  0.00000000  0.00000000  0.03000000    0.2065D-01  0.204149023383510E+01 -0.503608020614238E-17    0.489838248268972E+00  0.120836468645977E-17
  0.00000000  0.00000000  0.03000000    0.2130D-01  0.204151118181655E+01 -0.503614683148455E-17    0.489833222030257E+00  0.120835587434231E-17
  0.00000000  0.00000000  0.03000000    0.2197D-01  0.204153344735515E+01 -0.503621764545139E-17    0.489827879771219E+00  0.120834650763805E-17
  0.00000000  0.00000000  0.03000000    0.2266D-01  0.204155711273216E+01 -0.503629290937578E-17    0.489822201771142E+00  0.120833655166936E-17
  0.00000000  0.00000000  0.03000000    0.2337D-01  0.204158226535834E+01 -0.503637290085189E-17    0.489816167081800E+00  0.120832596959150E-17
  0.00000000  0.00000000  0.03000000    0.2410D-01  0.204160899809468E+01 -0.503645791474709E-17    0.489809753450951E+00  0.120831472225611E-17
  0.00000000  0.00000000  0.03000000    0.2486D-01  0.204163740959325E+01 -0.503654826427467E-17    0.489802937241059E+00  0.120830276806574E-17
  0.00000000  0.00000000  0.03000000    0.2564D-01  0.204166760465945E+01 -0.503664428214141E-17    0.489795693342943E+00  0.120829006282083E-17
  0.00000000  0.00000000  0.03000000    0.2644D-01  0.204169969463743E+01 -0.503674632176092E-17    0.489787995083960E+00  0.120827655955538E-17
  0.00000000  0.00000000  0.03000000    0.2726D-01  0.204173379781963E+01 -0.503685475853914E-17    0.489779814130471E+00  0.120826220836131E-17
  0.00000000  0.00000000  0.03000000    0.2811D-01  0.204177003988237E+01 -0.503696999125349E-17    0.489771120384161E+00  0.120824695620460E-17
  0.00000000  0.00000000  0.03000000    0.2899D-01  0.204180855434902E+01 -0.503709244350395E-17    0.489761881871842E+00  0.120823074672614E-17
  0.00000000  0.00000000  0.03000000    0.2989D-01  0.204184948308271E+01 -0.503722256526661E-17    0.489752064628308E+00  0.120821352003236E-17
  0.00000000  0.00000000  0.03000000    0.3082D-01  0.204189297681021E+01 -0.503736083453745E-17    0.489741632571837E+00  0.120819521247078E-17
  0.00000000  0.00000000  0.03000000    0.3178D-01  0.204193919567939E+01 -0.503750775908187E-17    0.489730547371799E+00  0.120817575639123E-17
  0.00000000  0.00000000  0.03000000    0.3277D-01  0.204198830985206E+01 -0.503766387829880E-17    0.489718768307959E+00  0.120815507989305E-17
  0.00000000  0.00000000  0.03000000    0.3379D-01  0.204204050013492E+01 -0.503782976519223E-17    0.489706252120821E+00  0.120813310655298E-17
  0.00000000  0.00000000  0.03000000    0.3484D-01  0.204209595865083E+01 -0.503800602847738E-17    0.489692952852559E+00  0.120810975513806E-17
  0.00000000  0.00000000  0.03000000    0.3592D-01  0.204215488955318E+01 -0.503819331481403E-17    0.489678821677820E+00  0.120808493929811E-17
  0.00000000  0.00000000  0.03000000    0.3703D-01  0.204221750978639E+01 -0.503839231118389E-17    0.489663806723799E+00  0.120805856723865E-17
  0.00000000  0.00000000  0.03000000    0.3818D-01  0.204228404989522E+01 -0.503860374741569E-17    0.489647852878891E+00  0.120803054137166E-17
  0.00000000  0.00000000  0.03000000    0.3936D-01  0.204235475488664E+01 -0.503882839887377E-17    0.489630901589134E+00  0.120800075794395E-17
  0.00000000  0.00000000  0.03000000    0.4058D-01  0.204242988514749E+01 -0.503906708931503E-17    0.489612890641672E+00  0.120796910664019E-17
  0.00000000  0.00000000  0.03000000    0.4184D-01  0.204250971742180E+01 -0.503932069392784E-17    0.489593753934385E+00  0.120793547015955E-17
  0.00000000  0.00000000  0.03000000    0.4313D-01  0.204259454585191E+01 -0.503959014256566E-17    0.489573421230756E+00  0.120789972376414E-17
  0.00000000  0.00000000  0.03000000    0.4447D-01  0.204268468308757E+01 -0.503987642318621E-17    0.489551817899018E+00  0.120786173479690E-17
  0.00000000  0.00000000  0.03000000    0.4584D-01  0.204278046146799E+01 -0.504018058551274E-17    0.489528864634518E+00  0.120782136216729E-17
  0.00000000  0.00000000  0.03000000    0.4726D-01  0.204288223428154E+01 -0.504050374492465E-17    0.489504477164190E+00  0.120777845580082E-17
  0.00000000  0.00000000  0.03000000    0.4872D-01  0.204299037710896E+01 -0.504084708660471E-17    0.489478565931916E+00  0.120773285605239E-17
  0.00000000  0.00000000  0.03000000    0.5022D-01  0.204310528925542E+01 -0.504121186994691E-17    0.489451035763525E+00  0.120768439307801E-17
  0.00000000  0.00000000  0.03000000    0.5177D-01  0.204322739527811E+01 -0.504159943325381E-17    0.489421785510019E+00  0.120763288616416E-17
  0.00000000  0.00000000  0.03000000    0.5337D-01  0.204335714661614E+01 -0.504201119873376E-17    0.489390707667542E+00  0.120757814300954E-17
  0.00000000  0.00000000  0.03000000    0.5501D-01  0.204349502332972E+01 -0.504244867782469E-17    0.489357687972529E+00  0.120751995895724E-17
  0.00000000  0.00000000  0.03000000    0.5671D-01  0.204364153595699E+01 -0.504291347686288E-17    0.489322604970309E+00  0.120745811617246E-17
  0.00000000  0.00000000  0.03000000    0.5846D-01  0.204379722749679E+01 -0.504340730312170E-17    0.489285329555311E+00  0.120739238276192E-17
  0.00000000  0.00000000  0.03000000    0.6026D-01  0.204396267552664E+01 -0.504393197124261E-17    0.489245724480924E+00  0.120732251182975E-17
  0.00000000  0.00000000  0.03000000    0.6211D-01  0.204413849446601E+01 -0.504448941009274E-17    0.489203643836876E+00  0.120724824046649E-17
  0.00000000  0.00000000  0.03000000    0.6403D-01  0.204432533799593E+01 -0.504508167007422E-17    0.489158932491787E+00  0.120716928866451E-17
  0.00000000  0.00000000  0.03000000    0.6600D-01  0.204452390164618E+01 -0.504571093090818E-17    0.489111425498539E+00  0.120708535815256E-17
  0.00000000  0.00000000  0.03000000    0.6803D-01  0.204473492556362E+01 -0.504637950994573E-17    0.489060947459659E+00  0.120699613114633E-17
  0.00000000  0.00000000  0.03000000    0.7012D-01  0.204495919747496E+01 -0.504708987102752E-17    0.489007311849919E+00  0.120690126900507E-17
  0.00000000  0.00000000  0.03000000    0.7227D-01  0.204519755585952E+01 -0.504784463393051E-17    0.488950320293014E+00  0.120680041078596E-17
  0.00000000  0.00000000  0.03000000    0.7450D-01  0.204545089334819E+01 -0.504864658446328E-17    0.488889761788953E+00  0.120669317169215E-17
  0.00000000  0.00000000  0.03000000    0.7678D-01  0.204572016036711E+01 -0.504949868522702E-17    0.488825411888471E+00  0.120657914139803E-17
  0.00000000  0.00000000  0.03000000    0.7914D-01  0.204600636904516E+01 -0.505040408711703E-17    0.488757031810554E+00  0.120645788224754E-17
  0.00000000  0.00000000  0.03000000    0.8157D-01  0.204631059740723E+01 -0.505136614160332E-17    0.488684367498779E+00  0.120632892731040E-17
  0.00000000  0.00000000  0.03000000    0.8408D-01  0.204663399387682E+01 -0.505238841385807E-17    0.488607148611734E+00  0.120619177828565E-17
  0.00000000  0.00000000  0.03000000    0.8666D-01  0.204697778211375E+01 -0.505347469678031E-17    0.488525087442513E+00  0.120604590323587E-17
  0.00000000  0.00000000  0.03000000    0.8932D-01  0.204734326621536E+01 -0.505462902600252E-17    0.488437877761729E+00  0.120589073414023E-17
  0.00000000  0.00000000  0.03000000    0.9206D-01  0.204773183631276E+01 -0.505585569593470E-17    0.488345193578006E+00  0.120572566424493E-17
  0.00000000  0.00000000  0.03000000    0.9488D-01  0.204814497459621E+01 -0.505715927694515E-17    0.488246687809366E+00  0.120555004519622E-17
  0.00000000  0.00000000  0.03000000    0.9779D-01  0.204858426180795E+01 -0.505854463375199E-17    0.488141990858341E+00  0.120536318393183E-17
  0.00000000  0.00000000  0.03000000    0.1008D+00  0.204905138424414E+01 -0.506001694512554E-17    0.488030709082916E+00  0.120516433930822E-17
  0.00000000  0.00000000  0.03000000    0.1039D+00  0.204954814131263E+01 -0.506158172500330E-17    0.487912423154673E+00  0.120495271843682E-17
  0.00000000  0.00000000  0.03000000    0.1071D+00  0.205007645369794E+01 -0.506324484514090E-17    0.487786686294647E+00  0.120472747270216E-17
  0.00000000  0.00000000  0.03000000    0.1103D+00  0.205063837219054E+01 -0.506501255940600E-17    0.487653022376528E+00  0.120448769342541E-17
  0.00000000  0.00000000  0.03000000    0.1137D+00  0.205123608724408E+01 -0.506689152986688E-17    0.487510923885676E+00  0.120423240713977E-17
  0.00000000  0.00000000  0.03000000    0.1172D+00  0.205187193933145E+01 -0.506888885481537E-17    0.487359849721336E+00  0.120396057043496E-17
  0.00000000  0.00000000  0.03000000    0.1208D+00  0.205254843017838E+01 -0.507101209889300E-17    0.487199222828129E+00  0.120367106432563E-17
  0.00000000  0.00000000  0.03000000    0.1245D+00  0.205326823496353E+01 -0.507326932549896E-17    0.487028427641243E+00  0.120336268809136E-17
  0.00000000  0.00000000  0.03000000    0.1283D+00  0.205403421558344E+01 -0.507566913166843E-17    0.486846807328356E+00  0.120303415252796E-17
  0.00000000  0.00000000  0.03000000    0.1322D+00  0.205484943509396E+01 -0.507822068565776E-17    0.486653660809106E+00  0.120268407254806E-17
  0.00000000  0.00000000  0.03000000    0.1363D+00  0.205571717345285E+01 -0.508093376745858E-17    0.486448239531105E+00  0.120231095905230E-17
  0.00000000  0.00000000  0.03000000    0.1405D+00  0.205664094470471E+01 -0.508381881251384E-17    0.486229743978756E+00  0.120191320998810E-17
  0.00000000  0.00000000  0.03000000    0.1448D+00  0.205762451576697E+01 -0.508688695893567E-17    0.485997319888684E+00  0.120148910050186E-17
  0.00000000  0.00000000  0.03000000    0.1492D+00  0.205867192699748E+01 -0.509015009853836E-17    0.485750054142173E+00  0.120103677207224E-17
  0.00000000  0.00000000  0.03000000    0.1537D+00  0.205978751474766E+01 -0.509362093205594E-17    0.485486970301648E+00  0.120055422050262E-17
  0.00000000  0.00000000  0.03000000    0.1585D+00  0.206097593613383E+01 -0.509731302894776E-17    0.485207023753947E+00  0.120003928263108E-17
  0.00000000  0.00000000  0.03000000    0.1633D+00  0.206224219629137E+01 -0.510124089223633E-17    0.484909096418621E+00  0.119948962159561E-17
  0.00000000  0.00000000  0.03000000    0.1683D+00  0.206359167841439E+01 -0.510542002887485E-17    0.484591990973898E+00  0.119890271046812E-17
  0.00000000  0.00000000  0.03000000    0.1734D+00  0.206503017692766E+01 -0.510986702621234E-17    0.484254424546857E+00  0.119827581404690E-17
  0.00000000  0.00000000  0.03000000    0.1787D+00  0.206656393418885E+01 -0.511459963517269E-17    0.483895021807061E+00  0.119760596856042E-17
  0.00000000  0.00000000  0.03000000    0.1842D+00  0.206819968117983E+01 -0.511963686085124E-17    0.483512307394583E+00  0.119688995900068E-17
  0.00000000  0.00000000  0.03000000    0.1898D+00  0.206994468271672E+01 -0.512499906131861E-17    0.483104697603579E+00  0.119612429376007E-17
  0.00000000  0.00000000  0.03000000    0.1956D+00  0.207180678779243E+01 -0.513070805552398E-17    0.482670491231245E+00  0.119530517619482E-17
  0.00000000  0.00000000  0.03000000    0.2016D+00  0.207379448576471E+01 -0.513678724128284E-17    0.482207859488666E+00  0.119442847267206E-17
  0.00000000  0.00000000  0.03000000    0.2078D+00  0.207591696922120E+01 -0.514326172450377E-17    0.481714834854477E+00  0.119348967659442E-17
  0.00000000  0.00000000  0.03000000    0.2141D+00  0.207818420449363E+01 -0.515015846090994E-17    0.481189298733823E+00  0.119248386779898E-17
  0.00000000  0.00000000  0.03000000    0.2207D+00  0.208060701096253E+01 -0.515750641173154E-17    0.480628967763297E+00  0.119140566663589E-17
  0.00000000  0.00000000  0.03000000    0.2274D+00  0.208319715049680E+01 -0.516533671500616E-17    0.480031378576684E+00  0.119024918190093E-17
  0.00000000  0.00000000  0.03000000    0.2343D+00  0.208596742861774E+01 -0.517368287438514E-17    0.479393870815445E+00  0.118900795165655E-17
  0.00000000  0.00000000  0.03000000    0.2415D+00  0.208893180927485E+01 -0.518258096758535E-17    0.478713568130851E+00  0.118767487579265E-17
  0.00000000  0.00000000  0.03000000    0.2489D+00  0.209210554548316E+01 -0.519206987695660E-17    0.477987356880245E+00  0.118624213896956E-17
  0.00000000  0.00000000  0.03000000    0.2565D+00  0.209550532851629E+01 -0.520219154500303E-17    0.477211862165983E+00  0.118470112232680E-17
  0.00000000  0.00000000  0.03000000    0.2643D+00  0.209914945889620E+01 -0.521299125809774E-17    0.476383420800266E+00  0.118304230201899E-17
  0.00000000  0.00000000  0.03000000    0.2724D+00  0.210305804309718E+01 -0.522451796215227E-17    0.475498050699208E+00  0.118125513225866E-17
  0.00000000  0.00000000  0.03000000    0.2807D+00  0.210725322072540E+01 -0.523682461458369E-17    0.474551416111141E+00  0.117932791006526E-17
  0.00000000  0.00000000  0.03000000    0.2893D+00  0.211175942798992E+01 -0.524996857761370E-17    0.473538787963103E+00  0.117724761833024E-17
  0.00000000  0.00000000  0.03000000    0.2981D+00  0.211660370461354E+01 -0.526401205875501E-17    0.472454998458291E+00  0.117499974307076E-17
  0.00000000  0.00000000  0.03000000    0.3072D+00  0.212181605302140E+01 -0.527902260531080E-17    0.471294388868457E+00  0.117256805982306E-17
  0.00000000  0.00000000  0.03000000    0.3166D+00  0.212742986080712E+01 -0.529507366087637E-17    0.470050749226869E+00  0.116993438296580E-17
  0.00000000  0.00000000  0.03000000    0.3262D+00  0.213348240026252E+01 -0.531224519323317E-17    0.468717248324595E+00  0.116707827029247E-17
  0.00000000  0.00000000  0.03000000    0.3362D+00  0.214001542237910E+01 -0.533062440464100E-17    0.467286352024641E+00  0.116397667325640E-17
  0.00000000  0.00000000  0.03000000    0.3464D+00  0.214707586747905E+01 -0.535030653760529E-17    0.465749727406761E+00  0.116060352089845E-17
  0.00000000  0.00000000  0.03000000    0.3570D+00  0.215471672092409E+01 -0.537139579155251E-17    0.464098129600596E+00  0.115692922229467E-17
  0.00000000  0.00000000  0.03000000    0.3679D+00  0.216299805076702E+01 -0.539400636880856E-17    0.462321267300906E+00  0.115292006822309E-17
  0.00000000  0.00000000  0.03000000    0.3791D+00  0.217198827559995E+01 -0.541826367188080E-17    0.460407641806344E+00  0.114853750726005E-17
  0.00000000  0.00000000  0.03000000    0.3907D+00  0.218176572645417E+01 -0.544430567836024E-17    0.458344352867441E+00  0.114373726413608E-17
  0.00000000  0.00000000  0.03000000    0.4026D+00  0.219242058826271E+01 -0.547228452521851E-17    0.456116862500552E+00  0.113846825819623E-17
  0.00000000  0.00000000  0.03000000    0.4149D+00  0.220405733689797E+01 -0.550236834086552E-17    0.453708704968365E+00  0.113267126603277E-17
  0.00000000  0.00000000  0.03000000    0.4276D+00  0.221679783145110E+01 -0.553474337166280E-17    0.451101126955456E+00  0.112627725313679E-17
  0.00000000  0.00000000  0.03000000    0.4406D+00  0.223078528501227E+01 -0.556961645988499E-17    0.448272635971999E+00  0.111920527206272E-17
  0.00000000  0.00000000  0.03000000    0.4540D+00  0.224618943169433E+01 -0.560721794307093E-17    0.445198426227874E+00  0.111135978495316E-17
  0.00000000  0.00000000  0.03000000    0.4679D+00  0.226321335115052E+01 -0.564780506115093E-17    0.441849638034188E+00  0.110262720953312E-17
  0.00000000  0.00000000  0.03000000    0.4822D+00  0.228210263531519E+01 -0.569166597851921E-17    0.438192386497064E+00  0.109287139836593E-17
  0.00000000  0.00000000  0.03000000    0.4969D+00  0.230315794012899E+01 -0.573912455491651E-17    0.434186463106389E+00  0.108192762138001E-17
  0.00000000  0.00000000  0.03000000    0.5120D+00  0.232675255768603E+01 -0.579054603336160E-17    0.429783561082450E+00  0.106959439524804E-17
  0.00000000  0.00000000  0.03000000    0.5276D+00  0.235335766344342E+01 -0.584634385799756E-17    0.424924785354048E+00  0.105562212134411E-17
  0.00000000  0.00000000  0.03000000    0.5437D+00  0.238357972657286E+01 -0.590698789326127E-17    0.419537047094209E+00  0.103969681833268E-17
  0.00000000  0.00000000  0.03000000    0.5603D+00  0.241821805319924E+01 -0.597301439305046E-17    0.413527638120567E+00  0.102141596832037E-17
  0.00000000  0.00000000  0.03000000    0.5774D+00  0.245835749815324E+01 -0.604503817192238E-17    0.406775662510931E+00  0.100025094362183E-17
  0.00000000  0.00000000  0.03000000    0.5950D+00  0.250552697275808E+01 -0.612376757040009E-17    0.399117635081454E+00  0.975484860893803E-18
  0.00000000  0.00000000  0.03000000    0.6131D+00  0.256199274958690E+01 -0.621002300044917E-17    0.390321167052967E+00  0.946100813654497E-18
  0.00000000  0.00000000  0.03000000    0.6318D+00  0.263136522639368E+01 -0.630476013831928E-17    0.380030863815326E+00  0.910555257583023E-18
  0.00000000  0.00000000  0.03000000    0.6511D+00  0.272008874851455E+01 -0.640909929624939E-17    0.367635063578754E+00  0.866225276122307E-18
  0.00000000  0.00000000  0.03000000    0.6709D+00  0.284244025767040E+01 -0.652436375659832E-17    0.351810384510800E+00  0.807524068695253E-18
  0.00000000  0.00000000  0.03000000    0.6914D+00  0.306889105168482E+01  0.264389423341792E-03    0.325850600668579E+00 -0.280725027234332E-04
  0.00000000  0.00000000  0.03000000    0.7125D+00  0.327643519433039E+01  0.267144864447325E+00    0.303194128039377E+00 -0.247209999381226E-01
  0.00000000  0.00000000  0.03000000    0.7342D+00  0.333803787568176E+01  0.517650896604941E+00    0.292541937613815E+00 -0.453663505149442E-01
  0.00000000  0.00000000  0.03000000    0.7565D+00  0.337113205201774E+01  0.702950219232029E+00    0.284275720653038E+00 -0.592773220010145E-01
  0.00000000  0.00000000  0.03000000    0.7796D+00  0.344608912093640E+01  0.890225260838383E+00    0.272030361658640E+00 -0.702733711070475E-01
  0.00000000  0.00000000  0.03000000    0.8034D+00  0.362083538153635E+01  0.114216901045258E+01    0.251185269210822E+00 -0.792347621871329E-01
  0.00000000  0.00000000  0.03000000    0.8279D+00  0.370306485239697E+01  0.181091654242972E+01    0.217928514049781E+00 -0.106573977742902E+00
  0.00000000  0.00000000  0.03000000    0.8531D+00  0.302528867894043E+01  0.281490102054092E+01    0.177165712585688E+00 -0.164845076978564E+00
  0.00000000  0.00000000  0.03000000    0.8791D+00  0.212685676172375E+01  0.251506898993752E+01    0.196040075866670E+00 -0.231823000246455E+00
  0.00000000  0.00000000  0.03000000    0.9059D+00  0.172206317304361E+01  0.221250984227138E+01    0.219072458180057E+00 -0.281464685779962E+00
  0.00000000  0.00000000  0.03000000    0.9335D+00  0.148753124251100E+01  0.192990943793247E+01    0.250540032285845E+00 -0.325048347940687E+00
  0.00000000  0.00000000  0.03000000    0.9619D+00  0.135374616084586E+01  0.167451317569875E+01    0.291968130278849E+00 -0.361149301971487E+00
  0.00000000  0.00000000  0.03000000    0.9913D+00  0.129197789831501E+01  0.144317079344041E+01    0.344348485887324E+00 -0.384645649315005E+00
  0.00000000  0.00000000  0.03000000    0.1021D+01  0.126829147582952E+01  0.125362663819120E+01    0.398815861296264E+00 -0.394204484522899E+00
  0.00000000  0.00000000  0.03000000    0.1053D+01  0.128411350832933E+01  0.104432573640517E+01    0.468729194642019E+00 -0.381201473385315E+00
  0.00000000  0.00000000  0.03000000    0.1085D+01  0.136433443890875E+01  0.848659632769445E+00    0.528477580307264E+00 -0.328729948053773E+00
  0.00000000  0.00000000  0.03000000    0.1118D+01  0.152445848095839E+01  0.653711743671804E+00    0.554084048226477E+00 -0.237599943738153E+00
  0.00000000  0.00000000  0.03000000    0.1152D+01  0.193135836540332E+01  0.441992782779903E+00    0.492002804641264E+00 -0.112595203797663E+00
  0.00000000  0.00000000  0.03000000    0.1187D+01  0.234114412321566E+01  0.811898966450642E+00    0.381285402040720E+00 -0.132228178850594E+00
  0.00000000  0.00000000  0.03000000    0.1223D+01  0.272198413894113E+01  0.113190087652190E+01    0.313217458489188E+00 -0.130247311412986E+00
  0.00000000  0.00000000  0.03000000    0.1260D+01  0.204832420571153E+01  0.269669375334534E+01    0.178615438501066E+00 -0.235153759309086E+00
  0.00000000  0.00000000  0.03000000    0.1299D+01  0.101922603217204E+01  0.166696256615059E+01    0.266981820040686E+00 -0.436653583996621E+00
  0.00000000  0.00000000  0.03000000    0.1338D+01  0.144322101330248E+01  0.757433956851253E+00    0.543260094112287E+00 -0.285114780681628E+00
  0.00000000  0.00000000  0.03000000    0.1379D+01  0.237572014695229E+01  0.977287218636046E+00    0.360004697309745E+00 -0.148093195985688E+00
  0.00000000  0.00000000  0.03000000    0.1421D+01  0.277141695922152E+01  0.220802397110634E+01    0.220722369471035E+00 -0.175852385231969E+00
  0.00000000  0.00000000  0.03000000    0.1464D+01  0.149522233141446E+01  0.389072718631951E+01    0.860636497471887E-01 -0.223946750118762E+00
  0.00000000  0.00000000  0.03000000    0.1509D+01  0.453342892267107E+00  0.252072488398188E+01    0.691116392175141E-01 -0.384281813435208E+00
  0.00000000  0.00000000  0.03000000    0.1555D+01 -0.162335844407250E+00  0.317831163385745E+01   -0.160283925365398E-01 -0.313813789289306E+00
  0.00000000  0.00000000  0.03000000    0.1602D+01 -0.119171087507442E+01  0.192955832104757E+01   -0.231698447967365E+00 -0.375154475468990E+00
  0.00000000  0.00000000  0.03000000    0.1651D+01 -0.911679191424315E+00  0.464234987672503E+00   -0.871025744273930E+00 -0.443533898172787E+00
  0.00000000  0.00000000  0.03000000    0.1701D+01 -0.210401382713342E+00  0.279221282079295E+00   -0.172131032108324E+01 -0.228433135044558E+01
  0.00000000  0.00000000  0.03000000    0.1753D+01  0.137513027535689E+00  0.241174457232855E+00    0.178414679148035E+01 -0.312908996165720E+01
  0.00000000  0.00000000  0.03000000    0.1807D+01  0.343095388638300E+00  0.251903728125881E+00    0.189377663920588E+01 -0.139042788522168E+01
  0.00000000  0.00000000  0.03000000    0.1862D+01  0.464616933648221E+00  0.261725427440770E+00    0.163385171875202E+01 -0.920372264754728E+00
  0.00000000  0.00000000  0.03000000    0.1919D+01  0.554369941591107E+00  0.248714538430381E+00    0.150160491627710E+01 -0.673685468199708E+00
  0.00000000  0.00000000  0.03000000    0.1977D+01  0.630995369679972E+00  0.249635776771935E+00    0.137031948954307E+01 -0.542128812088274E+00
  0.00000000  0.00000000  0.03000000    0.2037D+01  0.689371566559193E+00  0.252621961887321E+00    0.127886146336986E+01 -0.468642032149788E+00
  0.00000000  0.00000000  0.03000000    0.2099D+01  0.725514713831919E+00  0.263268872503522E+00    0.121795621319985E+01 -0.441962034531624E+00
  0.00000000  0.00000000  0.03000000    0.2163D+01  0.751867857708780E+00  0.247677202364968E+00    0.119982243859763E+01 -0.395240549093505E+00
  0.00000000  0.00000000  0.03000000    0.2229D+01  0.789760640555930E+00  0.231380373814822E+00    0.116611360774072E+01 -0.341642503581425E+00
  0.00000000  0.00000000  0.03000000    0.2297D+01  0.825405871418986E+00  0.234428267528402E+00    0.112109233114634E+01 -0.318407879117940E+00
  0.00000000  0.00000000  0.03000000    0.2367D+01  0.841654022976235E+00  0.240168564961435E+00    0.109867549384328E+01 -0.313510432447711E+00
  0.00000000  0.00000000  0.03000000    0.2439D+01  0.855655035891202E+00  0.217583790283269E+00    0.109771383984120E+01 -0.279136717369147E+00
  0.00000000  0.00000000  0.03000000    0.2513D+01  0.896664196288859E+00  0.186903540905479E+00    0.106880659916539E+01 -0.222785451626085E+00
  0.00000000  0.00000000  0.03000000    0.2590D+01  0.953440569117536E+00  0.189733611618980E+00    0.100888082828818E+01 -0.200766161462412E+00
  0.00000000  0.00000000  0.03000000    0.2669D+01  0.101314148750971E+01  0.208081389016836E+00    0.947079351795577E+00 -0.194513391722990E+00
  0.00000000  0.00000000  0.03000000    0.2750D+01  0.107746772348778E+01  0.266014979629481E+00    0.874780500248911E+00 -0.215973724206523E+00
  0.00000000  0.00000000  0.03000000    0.2834D+01  0.108174762368278E+01  0.411929288684285E+00    0.807356491410284E+00 -0.307441197872976E+00
  0.00000000  0.00000000  0.03000000    0.2920D+01  0.925179082535024E+00  0.558171258717076E+00    0.792436812310569E+00 -0.478086309268014E+00
  0.00000000  0.00000000  0.03000000    0.3009D+01  0.758373020611590E+00  0.425229165696938E+00    0.100320595346546E+01 -0.562510030051295E+00
  0.00000000  0.00000000  0.03000000    0.3101D+01  0.753686628930418E+00  0.273029501805663E+00    0.117289129923490E+01 -0.424890020348055E+00
  0.00000000  0.00000000  0.03000000    0.3195D+01  0.795638063017671E+00  0.236031496582242E+00    0.115519004716743E+01 -0.342695062420339E+00
  0.00000000  0.00000000  0.03000000    0.3293D+01  0.820905839213700E+00  0.190682126935518E+00    0.115580483080389E+01 -0.268473329013145E+00
  0.00000000  0.00000000  0.03000000    0.3393D+01  0.875687800671216E+00  0.145426288476165E+00    0.111131006053518E+01 -0.184556296577360E+00
  0.00000000  0.00000000  0.03000000    0.3496D+01  0.960503846718773E+00  0.156075050128343E+00    0.101433773143276E+01 -0.164822673871903E+00
  0.00000000  0.00000000  0.03000000    0.3603D+01  0.951983816554158E+00  0.290987375907834E+00    0.960681015575180E+00 -0.293645798327278E+00
  0.00000000  0.00000000  0.03000000    0.3713D+01  0.872840758105078E+00  0.265359150655842E+00    0.104875156194126E+01 -0.318839170995974E+00
  0.00000000  0.00000000  0.03000000    0.3826D+01  0.853840573703569E+00  0.206703421949158E+00    0.110634067218336E+01 -0.267830330186705E+00
  0.00000000  0.00000000  0.03000000    0.3942D+01  0.870553892166351E+00  0.166094096142636E+00    0.110834861588456E+01 -0.211463257154803E+00
  0.00000000  0.00000000  0.03000000    0.4062D+01  0.928679180257924E+00  0.122220795456200E+00    0.105846504995229E+01 -0.139301540421985E+00
  0.00000000  0.00000000  0.03000000    0.4186D+01  0.979019279224413E+00  0.180388832123272E+00    0.987891652855982E+00 -0.182023608017398E+00
  0.00000000  0.00000000  0.03000000    0.4313D+01  0.105494983164945E+01  0.190139067393590E+00    0.918088527443077E+00 -0.165471846296087E+00
  0.00000000  0.00000000  0.03000000    0.4445D+01  0.903342173314463E+00  0.528676551489466E+00    0.824573941014592E+00 -0.482577832034773E+00
  0.00000000  0.00000000  0.03000000    0.4580D+01  0.700635873349600E+00  0.233593370822268E+00    0.128449452211468E+01 -0.428252986517845E+00
  0.00000000  0.00000000  0.03000000    0.4720D+01  0.770844010526398E+00  0.120618234610272E+00    0.126627509474170E+01 -0.198141082207278E+00
  0.00000000  0.00000000  0.03000000    0.4863D+01  0.844430388933397E+00  0.107032548410920E+00    0.116550538907748E+01 -0.147729183618311E+00
  0.00000000  0.00000000  0.03000000    0.5012D+01  0.869836219807211E+00  0.141709355847190E+00    0.111991764877631E+01 -0.182451368425616E+00
  0.00000000  0.00000000  0.03000000    0.5164D+01  0.860987572770135E+00  0.149149129247083E+00    0.112761854439797E+01 -0.195337690506623E+00
  0.00000000  0.00000000  0.03000000    0.5322D+01  0.823053031932656E+00  0.160902672261858E+00    0.117026312140703E+01 -0.228780474864105E+00
  0.00000000  0.00000000  0.03000000    0.5484D+01  0.815874136150038E+00  0.715607849614591E-01    0.121632191129488E+01 -0.106684287295604E+00
  0.00000000  0.00000000  0.03000000    0.5651D+01  0.873921827838173E+00  0.498930037496408E-01    0.114054962785721E+01 -0.651150309405805E-01
  0.00000000  0.00000000  0.03000000    0.5823D+01  0.884956849122878E+00  0.106064964074507E+00    0.111399626125646E+01 -0.133516084480742E+00
  0.00000000  0.00000000  0.03000000    0.6000D+01  0.862410744356434E+00  0.844283517882798E-01    0.114853270915162E+01 -0.112439141375681E+00
  0.00000000  0.00000000  0.03000000    0.6183D+01  0.864964557682369E+00  0.655003225590332E-01    0.114952486480870E+01 -0.870489417928825E-01
  0.00000000  0.00000000  0.03000000    0.6371D+01  0.873288041911055E+00  0.529382106186318E-01    0.114090505392701E+01 -0.691609974510573E-01
  0.00000000  0.00000000  0.03000000    0.6565D+01  0.883241116589423E+00  0.435655494825147E-01    0.112944581717966E+01 -0.557095075308105E-01
  0.00000000  0.00000000  0.03000000    0.6765D+01  0.888604836756789E+00  0.411442598283679E-01    0.112295213994351E+01 -0.519950294095724E-01
  0.00000000  0.00000000  0.03000000    0.6971D+01  0.899995982885301E+00  0.236623423079269E-01    0.111034854355400E+01 -0.291928495441198E-01
  0.00000000  0.00000000  0.03000000    0.7184D+01  0.918199320598400E+00  0.292874012567835E-01    0.108798124870552E+01 -0.347028609974671E-01
  0.00000000  0.00000000  0.03000000    0.7402D+01  0.910745662461184E+00  0.500206843068117E-01    0.109469921321634E+01 -0.601239248367473E-01
  0.00000000  0.00000000  0.03000000    0.7628D+01  0.904544702668674E+00  0.218998875432866E-01    0.110488090891864E+01 -0.267502176317599E-01
  0.00000000  0.00000000  0.03000000    0.7860D+01  0.917556685420099E+00  0.176517035487104E-01    0.108944772864898E+01 -0.209584962362549E-01
  0.00000000  0.00000000  0.03000000    0.8100D+01  0.922453289540539E+00  0.191166308087442E-01    0.108360035636133E+01 -0.224561917569842E-01
  0.00000000  0.00000000  0.03000000    0.8346D+01  0.925380328012647E+00  0.122907711891330E-01    0.108044616150271E+01 -0.143503337505846E-01
  0.00000000  0.00000000  0.03000000    0.8600D+01  0.934178191923286E+00  0.628779348654590E-02    0.107041109141845E+01 -0.720475381114453E-02
  0.00000000  0.00000000  0.03000000    0.8862D+01  0.940876507595623E+00  0.103629389754105E-01    0.106270981953241E+01 -0.117048272748639E-01
  0.00000000  0.00000000  0.03000000    0.9132D+01  0.942041769863266E+00  0.966613424865194E-02    0.106141230501262E+01 -0.108909754977343E-01
  0.00000000  0.00000000  0.03000000    0.9410D+01  0.946171078330131E+00  0.416497460887172E-02    0.105687084115071E+01 -0.465226671905707E-02
  0.00000000  0.00000000  0.03000000    0.9697D+01  0.953272433171925E+00  0.384278564806635E-02    0.104900101511787E+01 -0.422868206970899E-02
  0.00000000  0.00000000  0.03000000    0.9992D+01  0.956940781161981E+00  0.752599487334848E-02    0.104493211173096E+01 -0.821801502318174E-02
  0.00000000  0.00000000  0.03000000    0.1030D+02  0.957796981481197E+00  0.779855489276208E-02    0.104399338131377E+01 -0.850038144750150E-02
  0.00000000  0.00000000  0.03000000    0.1061D+02  0.958056654206568E+00  0.764205419656916E-02    0.104371320128673E+01 -0.832530395241966E-02
  0.00000000  0.00000000  0.03000000    0.1093D+02  0.959430900121064E+00  0.398716214127103E-02    0.104226654556553E+01 -0.433140699457132E-02
  0.00000000  0.00000000  0.03000000    0.1127D+02  0.962866306856156E+00  0.229717736748271E-02    0.103855987172287E+01 -0.247776478947242E-02
  0.00000000  0.00000000  0.03000000    0.1161D+02  0.965782016041795E+00  0.207679634231093E-02    0.103542555078269E+01 -0.222655626309335E-02
  0.00000000  0.00000000  0.03000000    0.1196D+02  0.967928330752816E+00  0.157476380523280E-02    0.103313160829493E+01 -0.168084579311718E-02
  0.00000000  0.00000000  0.03000000    0.1233D+02  0.970198774560429E+00  0.723994719914029E-03    0.103071604433752E+01 -0.769154727255907E-03
  0.00000000  0.00000000  0.03000000    0.1270D+02  0.972471617161708E+00  0.539757779731371E-03    0.102830732978367E+01 -0.570748669072195E-03
  0.00000000  0.00000000  0.03000000    0.1309D+02  0.974424256444652E+00  0.317530655452639E-03    0.102624692191135E+01 -0.334417842757463E-03
  0.00000000  0.00000000  0.03000000    0.1349D+02  0.976223324324109E+00  0.185876769896985E-03    0.102435573790320E+01 -0.195041371213617E-03
  0.00000000  0.00000000  0.03000000    0.1390D+02  0.977886899983412E+00  0.531714039408087E-04    0.102261314376996E+01 -0.556033387332369E-04
  0.00000000  0.00000000  0.03000000    0.1432D+02  0.979441294416814E+00  0.109638130174762E-05    0.102099023769891E+01 -0.114289096473767E-05
  0.00000000  0.00000000  0.03000000    0.1476D+02  0.980848876600819E+00  0.106225597462087E-18    0.101952505004191E+01 -0.110414213801808E-18
  0.00000000  0.00000000  0.03000000    0.1521D+02  0.982122784899710E+00  0.980485801277333E-19    0.101820262738545E+01 -0.101650550656622E-18
  0.00000000  0.00000000  0.03000000    0.1567D+02  0.983292217881796E+00  0.908198690311644E-19    0.101699167532740E+01 -0.939324537297639E-19
