 q(1:3)   w(Ry)   eps  epsi --- LFC included. 
  0.00000000  0.00000000  0.01750000    0.0000D+00  0.194911317660865E+01 -0.560296450679155E-16    0.513053840075077E+00  0.147483608982391E-16
  0.00000000  0.00000000  0.01750000    0.1015D-04  0.194911317667962E+01 -0.560296451537591E-16    0.513053840056397E+00  0.147483609197613E-16
  0.00000000  0.00000000  0.01750000    0.3076D-04  0.194911317726036E+01 -0.560296451453549E-16    0.513053839903531E+00  0.147483609087604E-16
  0.00000000  0.00000000  0.01750000    0.5200D-04  0.194911317847092E+01 -0.560296451444727E-16    0.513053839584883E+00  0.147483608902084E-16
  0.00000000  0.00000000  0.01750000    0.7389D-04  0.194911318036833E+01 -0.560296452874049E-16    0.513053839085439E+00  0.147483608991173E-16
  0.00000000  0.00000000  0.01750000    0.9644D-04  0.194911318301369E+01 -0.560296453742644E-16    0.513053838389114E+00  0.147483608819475E-16
  0.00000000  0.00000000  0.01750000    0.1197D-03  0.194911318647248E+01 -0.560296454666068E-16    0.513053837478678E+00  0.147483608539110E-16
  0.00000000  0.00000000  0.01750000    0.1436D-03  0.194911319081477E+01 -0.560296457166386E-16    0.513053836335682E+00  0.147483608540118E-16
  0.00000000  0.00000000  0.01750000    0.1683D-03  0.194911319611558E+01 -0.560296459149129E-16    0.513053834940380E+00  0.147483608259830E-16
  0.00000000  0.00000000  0.01750000    0.1937D-03  0.194911320245523E+01 -0.560296462459591E-16    0.513053833271631E+00  0.147483608171820E-16
  0.00000000  0.00000000  0.01750000    0.2199D-03  0.194911320991957E+01 -0.560296465294106E-16    0.513053831306835E+00  0.147483607788323E-16
  0.00000000  0.00000000  0.01750000    0.2469D-03  0.194911321860050E+01 -0.560296468781613E-16    0.513053829021803E+00  0.147483607392599E-16
  0.00000000  0.00000000  0.01750000    0.2748D-03  0.194911322859622E+01 -0.560296473410444E-16    0.513053826390688E+00  0.147483607098327E-16
  0.00000000  0.00000000  0.01750000    0.3034D-03  0.194911324001173E+01 -0.560296478802019E-16    0.513053823385851E+00  0.147483606789965E-16
  0.00000000  0.00000000  0.01750000    0.3330D-03  0.194911325295923E+01 -0.560296483922367E-16    0.513053819977753E+00  0.147483606178366E-16
  0.00000000  0.00000000  0.01750000    0.3634D-03  0.194911326755863E+01 -0.560296490342364E-16    0.513053816134838E+00  0.147483605658879E-16
  0.00000000  0.00000000  0.01750000    0.3948D-03  0.194911328393799E+01 -0.560296497519150E-16    0.513053811823393E+00  0.147483605069228E-16
  0.00000000  0.00000000  0.01750000    0.4271D-03  0.194911330223410E+01 -0.560296505634804E-16    0.513053807007414E+00  0.147483604436640E-16
  0.00000000  0.00000000  0.01750000    0.4604D-03  0.194911332259301E+01 -0.560296514697094E-16    0.513053801648457E+00  0.147483603741058E-16
  0.00000000  0.00000000  0.01750000    0.4948D-03  0.194911334517064E+01 -0.560296525289254E-16    0.513053795705478E+00  0.147483603112406E-16
  0.00000000  0.00000000  0.01750000    0.5301D-03  0.194911337013343E+01 -0.560296536630068E-16    0.513053789134668E+00  0.147483602319863E-16
  0.00000000  0.00000000  0.01750000    0.5666D-03  0.194911339765897E+01 -0.560296548279639E-16    0.513053781889281E+00  0.147483601220761E-16
  0.00000000  0.00000000  0.01750000    0.6041D-03  0.194911342793678E+01 -0.560296561806403E-16    0.513053773919429E+00  0.147483600199269E-16
  0.00000000  0.00000000  0.01750000    0.6428D-03  0.194911346116905E+01 -0.560296576669976E-16    0.513053765171894E+00  0.147483599082548E-16
  0.00000000  0.00000000  0.01750000    0.6827D-03  0.194911349757141E+01 -0.560296592576772E-16    0.513053755589913E+00  0.147483597760686E-16
  0.00000000  0.00000000  0.01750000    0.7238D-03  0.194911353737385E+01 -0.560296610387785E-16    0.513053745112947E+00  0.147483596425510E-16
  0.00000000  0.00000000  0.01750000    0.7662D-03  0.194911358082162E+01 -0.560296629834337E-16    0.513053733676446E+00  0.147483594969186E-16
  0.00000000  0.00000000  0.01750000    0.8098D-03  0.194911362817621E+01 -0.560296650523738E-16    0.513053721211576E+00  0.147483593248776E-16
  0.00000000  0.00000000  0.01750000    0.8548D-03  0.194911367971634E+01 -0.560296673866179E-16    0.513053707644971E+00  0.147483591593295E-16
  0.00000000  0.00000000  0.01750000    0.9011D-03  0.194911373573914E+01 -0.560296698295030E-16    0.513053692898419E+00  0.147483589545402E-16
  0.00000000  0.00000000  0.01750000    0.9488D-03  0.194911379656125E+01 -0.560296725544248E-16    0.513053676888577E+00  0.147483587513600E-16
  0.00000000  0.00000000  0.01750000    0.9980D-03  0.194911386252011E+01 -0.560296755189055E-16    0.513053659526615E+00  0.147483585335008E-16
  0.00000000  0.00000000  0.01750000    0.1049D-02  0.194911393397525E+01 -0.560296785968291E-16    0.513053640717904E+00  0.147483582623253E-16
  0.00000000  0.00000000  0.01750000    0.1101D-02  0.194911401130973E+01 -0.560296820386004E-16    0.513053620361612E+00  0.147483579979488E-16
  0.00000000  0.00000000  0.01750000    0.1155D-02  0.194911409493158E+01 -0.560296857178473E-16    0.513053598350334E+00  0.147483577009323E-16
  0.00000000  0.00000000  0.01750000    0.1210D-02  0.194911418527546E+01 -0.560296896322428E-16    0.513053574569658E+00  0.147483573640855E-16
  0.00000000  0.00000000  0.01750000    0.1267D-02  0.194911428280426E+01 -0.560296940272353E-16    0.513053548897740E+00  0.147483570450109E-16
  0.00000000  0.00000000  0.01750000    0.1326D-02  0.194911438801095E+01 -0.560296986541773E-16    0.513053521204822E+00  0.147483566707986E-16
  0.00000000  0.00000000  0.01750000    0.1387D-02  0.194911450142048E+01 -0.560297037350866E-16    0.513053491352723E+00  0.147483562919444E-16
  0.00000000  0.00000000  0.01750000    0.1450D-02  0.194911462359178E+01 -0.560297092010508E-16    0.513053459194321E+00  0.147483558818507E-16
  0.00000000  0.00000000  0.01750000    0.1514D-02  0.194911475511991E+01 -0.560297149698782E-16    0.513053424572983E+00  0.147483554098772E-16
  0.00000000  0.00000000  0.01750000    0.1580D-02  0.194911489663836E+01 -0.560297212117483E-16    0.513053387321959E+00  0.147483549112324E-16
  0.00000000  0.00000000  0.01750000    0.1649D-02  0.194911504882145E+01 -0.560297279861569E-16    0.513053347263754E+00  0.147483543913722E-16
  0.00000000  0.00000000  0.01750000    0.1719D-02  0.194911521238694E+01 -0.560297352856418E-16    0.513053304209437E+00  0.147483538374703E-16
  0.00000000  0.00000000  0.01750000    0.1792D-02  0.194911538809875E+01 -0.560297429928362E-16    0.513053257957930E+00  0.147483532070723E-16
  0.00000000  0.00000000  0.01750000    0.1867D-02  0.194911557676985E+01 -0.560297513512669E-16    0.513053208295240E+00  0.147483525519771E-16
  0.00000000  0.00000000  0.01750000    0.1944D-02  0.194911577926539E+01 -0.560297602560490E-16    0.513053154993642E+00  0.147483518314841E-16
  0.00000000  0.00000000  0.01750000    0.2024D-02  0.194911599650595E+01 -0.560297699824064E-16    0.513053097810819E+00  0.147483511041070E-16
  0.00000000  0.00000000  0.01750000    0.2106D-02  0.194911622947105E+01 -0.560297803189585E-16    0.513053036488943E+00  0.147483502993822E-16
  0.00000000  0.00000000  0.01750000    0.2190D-02  0.194911647920280E+01 -0.560297912752822E-16    0.513052970753705E+00  0.147483494040597E-16
  0.00000000  0.00000000  0.01750000    0.2277D-02  0.194911674680995E+01 -0.560298031914836E-16    0.513052900313264E+00  0.147483484908844E-16
  0.00000000  0.00000000  0.01750000    0.2367D-02  0.194911703347197E+01 -0.560298158456602E-16    0.513052824857158E+00  0.147483474835969E-16
  0.00000000  0.00000000  0.01750000    0.2459D-02  0.194911734044352E+01 -0.560298294514056E-16    0.513052744055138E+00  0.147483464194331E-16
  0.00000000  0.00000000  0.01750000    0.2554D-02  0.194911766905917E+01 -0.560298440668188E-16    0.513052657555917E+00  0.147483452934890E-16
  0.00000000  0.00000000  0.01750000    0.2652D-02  0.194911802073843E+01 -0.560298596841623E-16    0.513052564985852E+00  0.147483440822461E-16
  0.00000000  0.00000000  0.01750000    0.2753D-02  0.194911839699107E+01 -0.560298762989617E-16    0.513052465947548E+00  0.147483427616789E-16
  0.00000000  0.00000000  0.01750000    0.2858D-02  0.194911879942275E+01 -0.560298940619647E-16    0.513052360018364E+00  0.147483413471685E-16
  0.00000000  0.00000000  0.01750000    0.2965D-02  0.194911922974106E+01 -0.560299131414500E-16    0.513052246748830E+00  0.147483398571680E-16
  0.00000000  0.00000000  0.01750000    0.3075D-02  0.194911968976189E+01 -0.560299335865417E-16    0.513052125660976E+00  0.147483382771277E-16
  0.00000000  0.00000000  0.01750000    0.3189D-02  0.194912018141622E+01 -0.560299552971447E-16    0.513051996246534E+00  0.147483365514779E-16
  0.00000000  0.00000000  0.01750000    0.3307D-02  0.194912070675731E+01 -0.560299786142416E-16    0.513051857965054E+00  0.147483347389003E-16
  0.00000000  0.00000000  0.01750000    0.3428D-02  0.194912126796834E+01 -0.560300033523926E-16    0.513051710241891E+00  0.147483327575444E-16
  0.00000000  0.00000000  0.01750000    0.3553D-02  0.194912186737060E+01 -0.560300299719608E-16    0.513051552466043E+00  0.147483306934587E-16
  0.00000000  0.00000000  0.01750000    0.3681D-02  0.194912250743203E+01 -0.560300582610136E-16    0.513051383987917E+00  0.147483284535101E-16
  0.00000000  0.00000000  0.01750000    0.3813D-02  0.194912319077643E+01 -0.560300885858982E-16    0.513051204116889E+00  0.147483260944219E-16
  0.00000000  0.00000000  0.01750000    0.3950D-02  0.194912392019325E+01 -0.560301208829935E-16    0.513051012118744E+00  0.147483235572345E-16
  0.00000000  0.00000000  0.01750000    0.4090D-02  0.194912469864785E+01 -0.560301553887655E-16    0.513050807212962E+00  0.147483208593148E-16
  0.00000000  0.00000000  0.01750000    0.4235D-02  0.194912552929255E+01 -0.560301921495239E-16    0.513050588569819E+00  0.147483179651477E-16
  0.00000000  0.00000000  0.01750000    0.4385D-02  0.194912641547825E+01 -0.560302314756140E-16    0.513050355307320E+00  0.147483149057121E-16
  0.00000000  0.00000000  0.01750000    0.4538D-02  0.194912736076690E+01 -0.560302733123182E-16    0.513050106487932E+00  0.147483116127015E-16
  0.00000000  0.00000000  0.01750000    0.4697D-02  0.194912836894459E+01 -0.560303179346916E-16    0.513049841115123E+00  0.147483081012201E-16
  0.00000000  0.00000000  0.01750000    0.4860D-02  0.194912944403554E+01 -0.560303655891808E-16    0.513049558129688E+00  0.147483043752377E-16
  0.00000000  0.00000000  0.01750000    0.5029D-02  0.194913059031707E+01 -0.560304162652848E-16    0.513049256405816E+00  0.147483003672609E-16
  0.00000000  0.00000000  0.01750000    0.5202D-02  0.194913181233521E+01 -0.560304703768130E-16    0.513048934746964E+00  0.147482961174159E-16
  0.00000000  0.00000000  0.01750000    0.5381D-02  0.194913311492159E+01 -0.560305280733718E-16    0.513048591881436E+00  0.147482915919640E-16
  0.00000000  0.00000000  0.01750000    0.5565D-02  0.194913450321116E+01 -0.560305896294332E-16    0.513048226457703E+00  0.147482867854430E-16
  0.00000000  0.00000000  0.01750000    0.5755D-02  0.194913598266113E+01 -0.560306550559248E-16    0.513047837039420E+00  0.147482816181439E-16
  0.00000000  0.00000000  0.01750000    0.5950D-02  0.194913755907108E+01 -0.560307249711921E-16    0.513047422100151E+00  0.147482761650607E-16
  0.00000000  0.00000000  0.01750000    0.6152D-02  0.194913923860420E+01 -0.560307992890948E-16    0.513046980017759E+00  0.147482703102508E-16
  0.00000000  0.00000000  0.01750000    0.6360D-02  0.194914102781005E+01 -0.560308785260760E-16    0.513046509068431E+00  0.147482640905356E-16
  0.00000000  0.00000000  0.01750000    0.6574D-02  0.194914293364852E+01 -0.560309629714041E-16    0.513046007420370E+00  0.147482574767301E-16
  0.00000000  0.00000000  0.01750000    0.6794D-02  0.194914496351548E+01 -0.560310528184305E-16    0.513045473127046E+00  0.147482504078049E-16
  0.00000000  0.00000000  0.01750000    0.7021D-02  0.194914712526985E+01 -0.560311486359026E-16    0.513044904120081E+00  0.147482429145337E-16
  0.00000000  0.00000000  0.01750000    0.7255D-02  0.194914942726244E+01 -0.560312504577628E-16    0.513044298201647E+00  0.147482348794765E-16
  0.00000000  0.00000000  0.01750000    0.7497D-02  0.194915187836663E+01 -0.560313590968998E-16    0.513043653036412E+00  0.147482263823165E-16
  0.00000000  0.00000000  0.01750000    0.7745D-02  0.194915448801083E+01 -0.560314746813231E-16    0.513042966142992E+00  0.147482173140667E-16
  0.00000000  0.00000000  0.01750000    0.8001D-02  0.194915726621301E+01 -0.560315976028702E-16    0.513042234884866E+00  0.147482076262616E-16
  0.00000000  0.00000000  0.01750000    0.8265D-02  0.194916022361748E+01 -0.560317285611673E-16    0.513041456460713E+00  0.147481973419718E-16
  0.00000000  0.00000000  0.01750000    0.8537D-02  0.194916337153375E+01 -0.560318680699609E-16    0.513040627894173E+00  0.147481864252744E-16
  0.00000000  0.00000000  0.01750000    0.8818D-02  0.194916672197801E+01 -0.560320164512158E-16    0.513039746022959E+00  0.147481747790738E-16
  0.00000000  0.00000000  0.01750000    0.9107D-02  0.194917028771703E+01 -0.560321744060399E-16    0.513038807487288E+00  0.147481623947100E-16
  0.00000000  0.00000000  0.01750000    0.9404D-02  0.194917408231491E+01 -0.560323424415206E-16    0.513037808717609E+00  0.147481492003894E-16
  0.00000000  0.00000000  0.01750000    0.9711D-02  0.194917812018263E+01 -0.560325211787682E-16    0.513036745921561E+00  0.147481351415143E-16
  0.00000000  0.00000000  0.01750000    0.1003D-01  0.194918241663079E+01 -0.560327114197196E-16    0.513035615070100E+00  0.147481201974676E-16
  0.00000000  0.00000000  0.01750000    0.1035D-01  0.194918698792547E+01 -0.560329139556189E-16    0.513034411882826E+00  0.147481043303585E-16
  0.00000000  0.00000000  0.01750000    0.1069D-01  0.194919185134782E+01 -0.560331293043754E-16    0.513033131812307E+00  0.147480874149920E-16
  0.00000000  0.00000000  0.01750000    0.1103D-01  0.194919702525703E+01 -0.560333583671712E-16    0.513031770027524E+00  0.147480694107389E-16
  0.00000000  0.00000000  0.01750000    0.1139D-01  0.194920252915752E+01 -0.560336021820606E-16    0.513030321396216E+00  0.147480502956638E-16
  0.00000000  0.00000000  0.01750000    0.1176D-01  0.194920838377011E+01 -0.560338613377269E-16    0.513028780466164E+00  0.147480299111491E-16
  0.00000000  0.00000000  0.01750000    0.1214D-01  0.194921461110769E+01 -0.560341372442252E-16    0.513027141445305E+00  0.147480082952090E-16
  0.00000000  0.00000000  0.01750000    0.1253D-01  0.194922123455563E+01 -0.560344304884462E-16    0.513025398180610E+00  0.147479852484330E-16
  0.00000000  0.00000000  0.01750000    0.1293D-01  0.194922827895715E+01 -0.560347423925924E-16    0.513023544135636E+00  0.147479607428818E-16
  0.00000000  0.00000000  0.01750000    0.1334D-01  0.194923577070396E+01 -0.560350741378407E-16    0.513021572366719E+00  0.147479346900651E-16
  0.00000000  0.00000000  0.01750000    0.1377D-01  0.194924373783276E+01 -0.560354269183719E-16    0.513019475497629E+00  0.147479069800225E-16
  0.00000000  0.00000000  0.01750000    0.1421D-01  0.194925221012740E+01 -0.560358020389013E-16    0.513017245692716E+00  0.147478775054463E-16
  0.00000000  0.00000000  0.01750000    0.1466D-01  0.194926121922781E+01 -0.560362010555238E-16    0.513014874628320E+00  0.147478461971018E-16
  0.00000000  0.00000000  0.01750000    0.1513D-01  0.194927079874532E+01 -0.560366252183191E-16    0.513012353462467E+00  0.147478128753829E-16
  0.00000000  0.00000000  0.01750000    0.1561D-01  0.194928098438557E+01 -0.560370762601891E-16    0.513009672802614E+00  0.147477774560635E-16
  0.00000000  0.00000000  0.01750000    0.1610D-01  0.194929181407875E+01 -0.560375557070224E-16    0.513006822671447E+00  0.147477397667728E-16
  0.00000000  0.00000000  0.01750000    0.1662D-01  0.194930332811820E+01 -0.560380655134077E-16    0.513003792470499E+00  0.147476997122047E-16
  0.00000000  0.00000000  0.01750000    0.1714D-01  0.194931556930754E+01 -0.560386074977316E-16    0.513000570941540E+00  0.147476571232217E-16
  0.00000000  0.00000000  0.01750000    0.1768D-01  0.194932858311707E+01 -0.560391836900254E-16    0.512997146125541E+00  0.147476118460330E-16
  0.00000000  0.00000000  0.01750000    0.1824D-01  0.194934241784991E+01 -0.560397962717239E-16    0.512993505319081E+00  0.147475637238261E-16
  0.00000000  0.00000000  0.01750000    0.1882D-01  0.194935712481856E+01 -0.560404474549391E-16    0.512989635028048E+00  0.147475125623241E-16
  0.00000000  0.00000000  0.01750000    0.1941D-01  0.194937275853248E+01 -0.560411396581662E-16    0.512985520918438E+00  0.147474581731867E-16
  0.00000000  0.00000000  0.01750000    0.2002D-01  0.194938937689745E+01 -0.560418753698285E-16    0.512981147764101E+00  0.147474003350843E-16
  0.00000000  0.00000000  0.01750000    0.2065D-01  0.194940704142741E+01 -0.560426574295356E-16    0.512976499391206E+00  0.147473388645058E-16
  0.00000000  0.00000000  0.01750000    0.2130D-01  0.194942581746962E+01 -0.560434887162029E-16    0.512971558619252E+00  0.147472735302784E-16
  0.00000000  0.00000000  0.01750000    0.2197D-01  0.194944577444390E+01 -0.560443721716653E-16    0.512966307198394E+00  0.147472040561644E-16
  0.00000000  0.00000000  0.01750000    0.2266D-01  0.194946698609703E+01 -0.560453111992877E-16    0.512960725742819E+00  0.147471302219005E-16
  0.00000000  0.00000000  0.01750000    0.2337D-01  0.194948953077295E+01 -0.560463091916709E-16    0.512954793660017E+00  0.147470517348305E-16
  0.00000000  0.00000000  0.01750000    0.2410D-01  0.194951349170013E+01 -0.560473697372831E-16    0.512948489075559E+00  0.147469682799306E-16
  0.00000000  0.00000000  0.01750000    0.2486D-01  0.194953895729707E+01 -0.560484970958177E-16    0.512941788753196E+00  0.147468796402596E-16
  0.00000000  0.00000000  0.01750000    0.2564D-01  0.194956602149685E+01 -0.560496950216956E-16    0.512934668009967E+00  0.147467853824922E-16
  0.00000000  0.00000000  0.01750000    0.2644D-01  0.194959478409253E+01 -0.560509681070677E-16    0.512927100625922E+00  0.147466852050573E-16
  0.00000000  0.00000000  0.01750000    0.2726D-01  0.194962535110405E+01 -0.560523210952239E-16    0.512919058748243E+00  0.147465787519308E-16
  0.00000000  0.00000000  0.01750000    0.2811D-01  0.194965783516858E+01 -0.560537587504763E-16    0.512910512789303E+00  0.147464655725032E-16
  0.00000000  0.00000000  0.01750000    0.2899D-01  0.194969235595555E+01 -0.560552864387878E-16    0.512901431318325E+00  0.147463452680575E-16
  0.00000000  0.00000000  0.01750000    0.2989D-01  0.194972904060801E+01 -0.560569099540003E-16    0.512891780946217E+00  0.147462174393644E-16
  0.00000000  0.00000000  0.01750000    0.3082D-01  0.194976802421208E+01 -0.560586351459735E-16    0.512881526203153E+00  0.147460815817570E-16
  0.00000000  0.00000000  0.01750000    0.3178D-01  0.194980945029642E+01 -0.560604682493281E-16    0.512870629408416E+00  0.147459371640611E-16
  0.00000000  0.00000000  0.01750000    0.3277D-01  0.194985347136325E+01 -0.560624160532900E-16    0.512859050532060E+00  0.147457836652317E-16
  0.00000000  0.00000000  0.01750000    0.3379D-01  0.194990024945378E+01 -0.560644857518649E-16    0.512846747047768E+00  0.147456205263855E-16
  0.00000000  0.00000000  0.01750000    0.3484D-01  0.194994995674938E+01 -0.560666848490820E-16    0.512833673776443E+00  0.147454471167828E-16
  0.00000000  0.00000000  0.01750000    0.3592D-01  0.195000277621172E+01 -0.560690215921448E-16    0.512819782719851E+00  0.147452628380651E-16
  0.00000000  0.00000000  0.01750000    0.3703D-01  0.195005890226388E+01 -0.560715044390133E-16    0.512805022883704E+00  0.147450669739211E-16
  0.00000000  0.00000000  0.01750000    0.3818D-01  0.195011854151540E+01 -0.560741425300795E-16    0.512789340089510E+00  0.147448588031680E-16
  0.00000000  0.00000000  0.01750000    0.3936D-01  0.195018191353423E+01 -0.560769454643480E-16    0.512772676774416E+00  0.147446375292117E-16
  0.00000000  0.00000000  0.01750000    0.4058D-01  0.195024925166870E+01 -0.560799235177498E-16    0.512754971778281E+00  0.147444023250197E-16
  0.00000000  0.00000000  0.01750000    0.4184D-01  0.195032080392287E+01 -0.560830877407419E-16    0.512736160117147E+00  0.147441523455329E-16
  0.00000000  0.00000000  0.01750000    0.4313D-01  0.195039683388893E+01 -0.560864497185854E-16    0.512716172742181E+00  0.147438866505294E-16
  0.00000000  0.00000000  0.01750000    0.4447D-01  0.195047762174056E+01 -0.560900216720062E-16    0.512694936283158E+00  0.147436042160730E-16
  0.00000000  0.00000000  0.01750000    0.4584D-01  0.195056346529138E+01 -0.560938167674314E-16    0.512672372775431E+00  0.147433040000538E-16
  0.00000000  0.00000000  0.01750000    0.4726D-01  0.195065468112312E+01 -0.560978487961388E-16    0.512648399369301E+00  0.147429848407836E-16
  0.00000000  0.00000000  0.01750000    0.4872D-01  0.195075160578820E+01 -0.561021327919332E-16    0.512622928020582E+00  0.147426456011451E-16
  0.00000000  0.00000000  0.01750000    0.5022D-01  0.195085459709211E+01 -0.561066843558865E-16    0.512595865161130E+00  0.147422849717232E-16
  0.00000000  0.00000000  0.01750000    0.5177D-01  0.195096403546101E+01 -0.561115201020140E-16    0.512567111347956E+00  0.147419015672608E-16
  0.00000000  0.00000000  0.01750000    0.5337D-01  0.195108032540084E+01 -0.561166578744589E-16    0.512536560889442E+00  0.147414939616469E-16
  0.00000000  0.00000000  0.01750000    0.5501D-01  0.195120389705435E+01 -0.561221165899923E-16    0.512504101447142E+00  0.147410606229763E-16
  0.00000000  0.00000000  0.01750000    0.5671D-01  0.195133520786305E+01 -0.561279160967605E-16    0.512469613611451E+00  0.147405998513309E-16
  0.00000000  0.00000000  0.01750000    0.5846D-01  0.195147474434195E+01 -0.561340780313521E-16    0.512432970449334E+00  0.147401099770523E-16
  0.00000000  0.00000000  0.01750000    0.6026D-01  0.195162302397504E+01 -0.561406247192360E-16    0.512394037022178E+00  0.147395890433010E-16
  0.00000000  0.00000000  0.01750000    0.6211D-01  0.195178059724068E+01 -0.561475803846684E-16    0.512352669871679E+00  0.147390350931807E-16
  0.00000000  0.00000000  0.01750000    0.6403D-01  0.195194804977663E+01 -0.561549705771550E-16    0.512308716471442E+00  0.147384459863909E-16
  0.00000000  0.00000000  0.01750000    0.6600D-01  0.195212600469489E+01 -0.561628227170083E-16    0.512262014641978E+00  0.147378195074511E-16
  0.00000000  0.00000000  0.01750000    0.6803D-01  0.195231512505816E+01 -0.561711654991350E-16    0.512212391926334E+00  0.147371531717989E-16
  0.00000000  0.00000000  0.01750000    0.7012D-01  0.195251611653017E+01 -0.561800297853946E-16    0.512159664923590E+00  0.147364444199405E-16
  0.00000000  0.00000000  0.01750000    0.7227D-01  0.195272973021330E+01 -0.561894480976918E-16    0.512103638577147E+00  0.147356904415680E-16
  0.00000000  0.00000000  0.01750000    0.7450D-01  0.195295676568829E+01 -0.561994554208390E-16    0.512044105414471E+00  0.147348883402455E-16
  0.00000000  0.00000000  0.01750000    0.7678D-01  0.195319807427220E+01 -0.562100887951212E-16    0.511980844734665E+00  0.147340349773077E-16
  0.00000000  0.00000000  0.01750000    0.7914D-01  0.195345456251190E+01 -0.562213873393254E-16    0.511913621740003E+00  0.147331269252116E-16
  0.00000000  0.00000000  0.01750000    0.8157D-01  0.195372719593242E+01 -0.562333932180402E-16    0.511842186607199E+00  0.147321606644922E-16
  0.00000000  0.00000000  0.01750000    0.8408D-01  0.195401700306114E+01 -0.562461506140336E-16    0.511766273493737E+00  0.147311322537201E-16
  0.00000000  0.00000000  0.01750000    0.8666D-01  0.195432507975084E+01 -0.562597072807432E-16    0.511685599474316E+00  0.147300376710443E-16
  0.00000000  0.00000000  0.01750000    0.8932D-01  0.195465259382670E+01 -0.562741130757362E-16    0.511599863401946E+00  0.147288723599979E-16
  0.00000000  0.00000000  0.01750000    0.9206D-01  0.195500079008527E+01 -0.562894222136584E-16    0.511508744687711E+00  0.147276317440512E-16
  0.00000000  0.00000000  0.01750000    0.9488D-01  0.195537099567582E+01 -0.563056915196026E-16    0.511411901992735E+00  0.147263106882199E-16
  0.00000000  0.00000000  0.01750000    0.9779D-01  0.195576462589785E+01 -0.563229817523974E-16    0.511308971825237E+00  0.147249037581550E-16
  0.00000000  0.00000000  0.01750000    0.1008D+00  0.195618319045189E+01 -0.563413577727791E-16    0.511199567034922E+00  0.147234051699171E-16
  0.00000000  0.00000000  0.01750000    0.1039D+00  0.195662830018490E+01 -0.563608881927940E-16    0.511083275196163E+00  0.147218085968683E-16
  0.00000000  0.00000000  0.01750000    0.1071D+00  0.195710167437589E+01 -0.563816467949206E-16    0.510959656870609E+00  0.147201074309639E-16
  0.00000000  0.00000000  0.01750000    0.1103D+00  0.195760514861216E+01 -0.564037113664908E-16    0.510828243739012E+00  0.147182943598883E-16
  0.00000000  0.00000000  0.01750000    0.1137D+00  0.195814068331273E+01 -0.564271654041954E-16    0.510688536590858E+00  0.147163616842318E-16
  0.00000000  0.00000000  0.01750000    0.1172D+00  0.195871037296144E+01 -0.564520975426463E-16    0.510540003159358E+00  0.147143010297125E-16
  0.00000000  0.00000000  0.01750000    0.1208D+00  0.195931645611955E+01 -0.564786023868334E-16    0.510382075788060E+00  0.147121034143153E-16
  0.00000000  0.00000000  0.01750000    0.1245D+00  0.195996132629621E+01 -0.565067807917331E-16    0.510214148913706E+00  0.147097591583551E-16
  0.00000000  0.00000000  0.01750000    0.1283D+00  0.196064754376389E+01 -0.565367401848945E-16    0.510035576348557E+00  0.147072577918389E-16
  0.00000000  0.00000000  0.01750000    0.1322D+00  0.196137784841723E+01 -0.565685954375140E-16    0.509845668343286E+00  0.147045880891100E-16
  0.00000000  0.00000000  0.01750000    0.1363D+00  0.196215517378523E+01 -0.566024685755006E-16    0.509643688409659E+00  0.147017377847138E-16
  0.00000000  0.00000000  0.01750000    0.1405D+00  0.196298266232136E+01 -0.566384903122396E-16    0.509428849879618E+00  0.146986937442235E-16
  0.00000000  0.00000000  0.01750000    0.1448D+00  0.196386368211140E+01 -0.566768001817832E-16    0.509200312174864E+00  0.146954417501160E-16
  0.00000000  0.00000000  0.01750000    0.1492D+00  0.196480184515790E+01 -0.567175468437009E-16    0.508957176757760E+00  0.146919663096490E-16
  0.00000000  0.00000000  0.01750000    0.1537D+00  0.196580102742077E+01 -0.567608892845908E-16    0.508698482731006E+00  0.146882506697121E-16
  0.00000000  0.00000000  0.01750000    0.1585D+00  0.196686539081854E+01 -0.568069975074243E-16    0.508423202049347E+00  0.146842766700543E-16
  0.00000000  0.00000000  0.01750000    0.1633D+00  0.196799940742256E+01 -0.568560531979171E-16    0.508130234302089E+00  0.146800245589436E-16
  0.00000000  0.00000000  0.01750000    0.1683D+00  0.196920788611026E+01 -0.569082502236072E-16    0.507818401019754E+00  0.146754727305445E-16
  0.00000000  0.00000000  0.01750000    0.1734D+00  0.197049600198097E+01 -0.569637968727356E-16    0.507486439452141E+00  0.146705978715804E-16
  0.00000000  0.00000000  0.01750000    0.1787D+00  0.197186932888371E+01 -0.570229154192698E-16    0.507132995757944E+00  0.146653743733602E-16
  0.00000000  0.00000000  0.01750000    0.1842D+00  0.197333387545805E+01 -0.570858440652404E-16    0.506756617537862E+00  0.146597743076195E-16
  0.00000000  0.00000000  0.01750000    0.1898D+00  0.197489612515163E+01 -0.571528382282060E-16    0.506355745633568E+00  0.146537671766893E-16
  0.00000000  0.00000000  0.01750000    0.1956D+00  0.197656308075040E+01 -0.572241715435576E-16    0.505928705103787E+00  0.146473195273271E-16
  0.00000000  0.00000000  0.01750000    0.2016D+00  0.197834231404397E+01 -0.573001374860465E-16    0.505473695275657E+00  0.146403946522631E-16
  0.00000000  0.00000000  0.01750000    0.2078D+00  0.198024202135103E+01 -0.573810513657408E-16    0.504988778754299E+00  0.146329523060286E-16
  0.00000000  0.00000000  0.01750000    0.2141D+00  0.198227108575125E+01 -0.574672516902320E-16    0.504471869255468E+00  0.146249481665414E-16
  0.00000000  0.00000000  0.01750000    0.2207D+00  0.198443914701669E+01 -0.575591021034745E-16    0.503920718104838E+00  0.146163333398546E-16
  0.00000000  0.00000000  0.01750000    0.2274D+00  0.198675668041010E+01 -0.576569937786663E-16    0.503332899222256E+00  0.146070538608006E-16
  0.00000000  0.00000000  0.01750000    0.2343D+00  0.198923508572951E+01 -0.577613481991401E-16    0.502705792379119E+00  0.145970501544246E-16
  0.00000000  0.00000000  0.01750000    0.2415D+00  0.199188678823378E+01 -0.578726190499479E-16    0.502036564481010E+00  0.145862561150459E-16
  0.00000000  0.00000000  0.01750000    0.2489D+00  0.199472535339519E+01 -0.579912954809437E-16    0.501322148584472E+00  0.145745983527106E-16
  0.00000000  0.00000000  0.01750000    0.2565D+00  0.199776561780611E+01 -0.581179057880573E-16    0.500559220304418E+00  0.145619953350399E-16
  0.00000000  0.00000000  0.01750000    0.2643D+00  0.200102383903390E+01 -0.582530202581391E-16    0.499744171205278E+00  0.145483560771386E-16
  0.00000000  0.00000000  0.01750000    0.2724D+00  0.200451786779631E+01 -0.583972556808942E-16    0.498873078691668E+00  0.145335789701390E-16
  0.00000000  0.00000000  0.01750000    0.2807D+00  0.200826734654793E+01 -0.585512803514374E-16    0.497941671819208E+00  0.145175504025724E-16
  0.00000000  0.00000000  0.01750000    0.2893D+00  0.201229393946491E+01 -0.587158179039769E-16    0.496945292329365E+00  0.145001427079825E-16
  0.00000000  0.00000000  0.01750000    0.2981D+00  0.201662159994509E+01 -0.588916536297273E-16    0.495878850066481E+00  0.144812122815792E-16
  0.00000000  0.00000000  0.01750000    0.3072D+00  0.202127688317035E+01 -0.590796416402825E-16    0.494736771753660E+00  0.144605973703272E-16
  0.00000000  0.00000000  0.01750000    0.3166D+00  0.202628931310232E+01 -0.592807102779757E-16    0.493512941875494E+00  0.144381148025506E-16
  0.00000000  0.00000000  0.01750000    0.3262D+00  0.203169181562814E+01 -0.594958719781228E-16    0.492200634125618E+00  0.144135570612784E-16
  0.00000000  0.00000000  0.01750000    0.3362D+00  0.203752123261348E+01 -0.597262311627712E-16    0.490792431506258E+00  0.143866879755073E-16
  0.00000000  0.00000000  0.01750000    0.3464D+00  0.204381893559523E+01 -0.599729952072512E-16    0.489280132688842E+00  0.143572380809777E-16
  0.00000000  0.00000000  0.01750000    0.3570D+00  0.205063156309555E+01 -0.602374866713960E-16    0.487654641621941E+00  0.143248989743446E-16
  0.00000000  0.00000000  0.01750000    0.3679D+00  0.205801191253935E+01 -0.605211558762086E-16    0.485905836553743E+00  0.142893161580115E-16
  0.00000000  0.00000000  0.01750000    0.3791D+00  0.206602002719806E+01 -0.608255977800289E-16    0.484022413546591E+00  0.142500809553292E-16
  0.00000000  0.00000000  0.01750000    0.3907D+00  0.207472453146901E+01 -0.611525685623527E-16    0.481991698093986E+00  0.142067199366016E-16
  0.00000000  0.00000000  0.01750000    0.4026D+00  0.208420428562054E+01 -0.615040073604409E-16    0.479799416448404E+00  0.141586825458387E-16
  0.00000000  0.00000000  0.01750000    0.4149D+00  0.209455045613518E+01 -0.618820593554618E-16    0.477429415496240E+00  0.141053252459224E-16
  0.00000000  0.00000000  0.01750000    0.4276D+00  0.210586913341951E+01 -0.622891046066350E-16    0.474863316115090E+00  0.140458921696223E-16
  0.00000000  0.00000000  0.01750000    0.4406D+00  0.211828468034140E+01 -0.627277895954050E-16    0.472080079358754E+00  0.139794901813789E-16
  0.00000000  0.00000000  0.01750000    0.4540D+00  0.213194407151463E+01 -0.632010659489898E-16    0.469055456642235E+00  0.139050574755080E-16
  0.00000000  0.00000000  0.01750000    0.4679D+00  0.214702259884930E+01 -0.637122352846101E-16    0.465761282874224E+00  0.138213228201923E-16
  0.00000000  0.00000000  0.01750000    0.4822D+00  0.216373149804587E+01 -0.642650024635717E-16    0.462164552719749E+00  0.137267522083651E-16
  0.00000000  0.00000000  0.01750000    0.4969D+00  0.218232833634693E+01 -0.648635384798885E-16    0.458226190507121E+00  0.136194777135159E-16
  0.00000000  0.00000000  0.01750000    0.5120D+00  0.220313147236654E+01 -0.655125566954747E-16    0.453899375748934E+00  0.134972011252016E-16
  0.00000000  0.00000000  0.01750000    0.5276D+00  0.222654070395149E+01 -0.662174029557877E-16    0.449127203569770E+00  0.133570596595900E-16
  0.00000000  0.00000000  0.01750000    0.5437D+00  0.225306766141364E+01 -0.669841661933660E-16    0.443839311675430E+00  0.131954342630627E-16
  0.00000000  0.00000000  0.01750000    0.5603D+00  0.228338222811643E+01 -0.678198116381342E-16    0.437946826285366E+00  0.130076650770349E-16
  0.00000000  0.00000000  0.01750000    0.5774D+00  0.231838677700805E+01 -0.687323448891945E-16    0.431334413186454E+00  0.127876098775760E-16
  0.00000000  0.00000000  0.01750000    0.5950D+00  0.235934212069470E+01 -0.697310134536600E-16    0.423846966164259E+00  0.125269151263194E-16
  0.00000000  0.00000000  0.01750000    0.6131D+00  0.240809880183980E+01 -0.708265563214401E-16    0.415265353413238E+00  0.122137077263585E-16
  0.00000000  0.00000000  0.01750000    0.6318D+00  0.246757223651701E+01 -0.720315164373969E-16    0.405256626412488E+00  0.118299472310479E-16
  0.00000000  0.00000000  0.01750000    0.6511D+00  0.254290339241201E+01 -0.733606277521528E-16    0.393251274501418E+00  0.113449690805572E-16
  0.00000000  0.00000000  0.01750000    0.6709D+00  0.264536620336606E+01 -0.748312799016172E-16    0.378019496403773E+00  0.106932955851877E-16
  0.00000000  0.00000000  0.01750000    0.6914D+00  0.283005165611165E+01  0.388925941858140E-03    0.353350434065125E+00 -0.485599441543689E-04
  0.00000000  0.00000000  0.01750000    0.7125D+00  0.299741396470324E+01  0.206878146666487E+00    0.332039214686045E+00 -0.229169738193455E-01
  0.00000000  0.00000000  0.01750000    0.7342D+00  0.306026114860851E+01  0.393334805005255E+00    0.321459022879247E+00 -0.413170693419026E-01
  0.00000000  0.00000000  0.01750000    0.7565D+00  0.310662112127311E+01  0.532471388898950E+00    0.312706569820998E+00 -0.535975566541496E-01
  0.00000000  0.00000000  0.01750000    0.7796D+00  0.319210503231645E+01  0.670857373070224E+00    0.300021597330342E+00 -0.630529693138909E-01
  0.00000000  0.00000000  0.01750000    0.8034D+00  0.337044929355016E+01  0.848127115039040E+00    0.279028072059500E+00 -0.702135689219819E-01
  0.00000000  0.00000000  0.01750000    0.8279D+00  0.355011122322678E+01  0.136265549969274E+01    0.245510500250724E+00 -0.942354231636967E-01
  0.00000000  0.00000000  0.01750000    0.8531D+00  0.325797323751783E+01  0.230927276810005E+01    0.204298401612612E+00 -0.144808045068477E+00
  0.00000000  0.00000000  0.01750000    0.8791D+00  0.243061309464180E+01  0.233858203443174E+01    0.213645601411363E+00 -0.205556271500960E+00
  0.00000000  0.00000000  0.01750000    0.9059D+00  0.197007078728141E+01  0.221694410622323E+01    0.223972975281044E+00 -0.252039454982115E+00
  0.00000000  0.00000000  0.01750000    0.9335D+00  0.164285098940488E+01  0.203958554845310E+01    0.239522155813472E+00 -0.297364721865892E+00
  0.00000000  0.00000000  0.01750000    0.9619D+00  0.140518990737376E+01  0.184975228373867E+01    0.260406390099183E+00 -0.342791612904735E+00
  0.00000000  0.00000000  0.01750000    0.9913D+00  0.123175837843188E+01  0.162451062377846E+01    0.296361957666889E+00 -0.390858432257272E+00
  0.00000000  0.00000000  0.01750000    0.1021D+01  0.112351215084809E+01  0.140571441038774E+01    0.346943703297639E+00 -0.434088552536468E+00
  0.00000000  0.00000000  0.01750000    0.1053D+01  0.107927956112920E+01  0.116776278443996E+01    0.426843369891872E+00 -0.461837525787259E+00
  0.00000000  0.00000000  0.01750000    0.1085D+01  0.110162935085598E+01  0.937047160762355E+00    0.526680941187705E+00 -0.447995398982525E+00
  0.00000000  0.00000000  0.01750000    0.1118D+01  0.120640378035711E+01  0.695107379521437E+00    0.622311729770647E+00 -0.358564423263229E+00
  0.00000000  0.00000000  0.01750000    0.1152D+01  0.153071185279212E+01  0.436995110774553E+00    0.604059026969337E+00 -0.172449727179766E+00
  0.00000000  0.00000000  0.01750000    0.1187D+01  0.190265897349927E+01  0.634655988697827E+00    0.472957135494830E+00 -0.157760840287167E+00
  0.00000000  0.00000000  0.01750000    0.1223D+01  0.223592738543224E+01  0.833648488821508E+00    0.392657790542045E+00 -0.146399465314518E+00
  0.00000000  0.00000000  0.01750000    0.1260D+01  0.207088376102781E+01  0.204454335220705E+01    0.244533350651445E+00 -0.241423031980892E+00
  0.00000000  0.00000000  0.01750000    0.1299D+01  0.100270058774880E+01  0.149191476189069E+01    0.310316589233274E+00 -0.461718987695131E+00
  0.00000000  0.00000000  0.01750000    0.1338D+01  0.119972786849799E+01  0.674776213351985E+00    0.633212081259399E+00 -0.356144473809615E+00
  0.00000000  0.00000000  0.01750000    0.1379D+01  0.184838256310821E+01  0.736497489197081E+00    0.466887464257640E+00 -0.186033698881639E+00
  0.00000000  0.00000000  0.01750000    0.1421D+01  0.221300648386635E+01  0.134660694979791E+01    0.329770465550289E+00 -0.200664211327692E+00
  0.00000000  0.00000000  0.01750000    0.1464D+01  0.205053947875067E+01  0.240564997688335E+01    0.205220916326884E+00 -0.240760881579582E+00
  0.00000000  0.00000000  0.01750000    0.1509D+01  0.883222445901836E+00  0.191331207643887E+01    0.198886123639363E+00 -0.430844147995761E+00
  0.00000000  0.00000000  0.01750000    0.1555D+01  0.135115544609490E+01  0.213607193704977E+01    0.211500578234118E+00 -0.334366005881435E+00
  0.00000000  0.00000000  0.01750000    0.1602D+01  0.613899723185799E+00  0.281453705760460E+01    0.739772652659512E-01 -0.339162483134480E+00
  0.00000000  0.00000000  0.01750000    0.1651D+01 -0.192274152906824E+01  0.113708655536198E+01   -0.385326602203281E+00 -0.227877586334233E+00
  0.00000000  0.00000000  0.01750000    0.1701D+01 -0.460406533199362E+00  0.345807176334296E+00   -0.138862047871390E+01 -0.104298026226336E+01
  0.00000000  0.00000000  0.01750000    0.1753D+01  0.477538789152712E-01  0.248750298796999E+00    0.744326755545225E+00 -0.387720342410271E+01
  0.00000000  0.00000000  0.01750000    0.1807D+01  0.305608407434007E+00  0.247875883705565E+00    0.197371787049193E+01 -0.160086257260215E+01
  0.00000000  0.00000000  0.01750000    0.1862D+01  0.448550884075934E+00  0.250385967065375E+00    0.169975799211863E+01 -0.948823341437611E+00
  0.00000000  0.00000000  0.01750000    0.1919D+01  0.546588725288637E+00  0.236393837336517E+00    0.154124394045363E+01 -0.666571688179427E+00
  0.00000000  0.00000000  0.01750000    0.1977D+01  0.625487960856393E+00  0.232635432013805E+00    0.140447228980031E+01 -0.522360202491777E+00
  0.00000000  0.00000000  0.01750000    0.2037D+01  0.686059942410789E+00  0.229831340444350E+00    0.131052347398852E+01 -0.439027770156882E+00
  0.00000000  0.00000000  0.01750000    0.2099D+01  0.727857657857939E+00  0.236203201780335E+00    0.124299271754857E+01 -0.403374006586209E+00
  0.00000000  0.00000000  0.01750000    0.2163D+01  0.757184551736314E+00  0.222493624574381E+00    0.121571262222323E+01 -0.357229036354493E+00
  0.00000000  0.00000000  0.01750000    0.2229D+01  0.795222416540551E+00  0.207533738669882E+00    0.117732424200073E+01 -0.307253035738132E+00
  0.00000000  0.00000000  0.01750000    0.2297D+01  0.829058720985675E+00  0.213011361986963E+00    0.113149298918437E+01 -0.290716274497795E+00
  0.00000000  0.00000000  0.01750000    0.2367D+01  0.844484880251528E+00  0.217229615599273E+00    0.111066244449131E+01 -0.285699343492727E+00
  0.00000000  0.00000000  0.01750000    0.2439D+01  0.855403208707730E+00  0.198052977682928E+00    0.110955926226518E+01 -0.256898166350431E+00
  0.00000000  0.00000000  0.01750000    0.2513D+01  0.890084983130036E+00  0.167736787414963E+00    0.108495756756421E+01 -0.204460585577800E+00
  0.00000000  0.00000000  0.01750000    0.2590D+01  0.943485602930050E+00  0.178730481145781E+00    0.102318155404828E+01 -0.193827792270080E+00
  0.00000000  0.00000000  0.01750000    0.2669D+01  0.957851357145206E+00  0.193833312950595E+00    0.100293260024386E+01 -0.202956071546237E+00
  0.00000000  0.00000000  0.01750000    0.2750D+01  0.101092790838789E+01  0.173711677032053E+00    0.960820191222627E+00 -0.165101472972195E+00
  0.00000000  0.00000000  0.01750000    0.2834D+01  0.106141736081015E+01  0.280739907480776E+00    0.880536124794627E+00 -0.232897669979360E+00
  0.00000000  0.00000000  0.01750000    0.2920D+01  0.101915976341044E+01  0.413395348460190E+00    0.842571631403696E+00 -0.341767017961173E+00
  0.00000000  0.00000000  0.01750000    0.3009D+01  0.863382599110594E+00  0.350803635332057E+00    0.994116123393033E+00 -0.403922375071884E+00
  0.00000000  0.00000000  0.01750000    0.3101D+01  0.806034379952252E+00  0.269177268960496E+00    0.111616258250554E+01 -0.372745385491539E+00
  0.00000000  0.00000000  0.01750000    0.3195D+01  0.834698443969589E+00  0.221867842620244E+00    0.111897846899204E+01 -0.297431174872075E+00
  0.00000000  0.00000000  0.01750000    0.3293D+01  0.846152012146649E+00  0.174847754540998E+00    0.113342404262069E+01 -0.234209274397686E+00
  0.00000000  0.00000000  0.01750000    0.3393D+01  0.883784050521453E+00  0.122636926958520E+00    0.111012239413528E+01 -0.154044417167586E+00
  0.00000000  0.00000000  0.01750000    0.3496D+01  0.953376176374945E+00  0.107580389227996E+00    0.103571593068854E+01 -0.116871729873486E+00
  0.00000000  0.00000000  0.01750000    0.3603D+01  0.102340888006526E+01  0.175874309175830E+00    0.949096953363598E+00 -0.163103696152278E+00
  0.00000000  0.00000000  0.01750000    0.3713D+01  0.100440607490537E+01  0.238697723376500E+00    0.942389171448201E+00 -0.223959368008147E+00
  0.00000000  0.00000000  0.01750000    0.3826D+01  0.907761039925390E+00  0.254108485312285E+00    0.102156176630122E+01 -0.285964589435433E+00
  0.00000000  0.00000000  0.01750000    0.3942D+01  0.881063434040375E+00  0.191035965344848E+00    0.108402884949705E+01 -0.235043800167338E+00
  0.00000000  0.00000000  0.01750000    0.4062D+01  0.922126982208655E+00  0.116403739578794E+00    0.106743967848676E+01 -0.134747136509372E+00
  0.00000000  0.00000000  0.01750000    0.4186D+01  0.983320988462360E+00  0.151234729230737E+00    0.993462141039047E+00 -0.152794438096934E+00
  0.00000000  0.00000000  0.01750000    0.4313D+01  0.102767194877766E+01  0.161464381507484E+00    0.949630918292835E+00 -0.149202835656761E+00
  0.00000000  0.00000000  0.01750000    0.4445D+01  0.106603400381770E+01  0.308925697892261E+00    0.865383162198584E+00 -0.250779146227051E+00
  0.00000000  0.00000000  0.01750000    0.4580D+01  0.808726617726315E+00  0.291773034561720E+00    0.109410061104892E+01 -0.394730491620356E+00
  0.00000000  0.00000000  0.01750000    0.4720D+01  0.800919914477850E+00  0.175617739843958E+00    0.119128793561483E+01 -0.261213750556376E+00
  0.00000000  0.00000000  0.01750000    0.4863D+01  0.867648568037077E+00  0.124916130573697E+00    0.112913607016142E+01 -0.162562717178054E+00
  0.00000000  0.00000000  0.01750000    0.5012D+01  0.905110606316509E+00  0.147475142263617E+00    0.107626450919929E+01 -0.175362282244590E+00
  0.00000000  0.00000000  0.01750000    0.5164D+01  0.911445590141907E+00  0.148765978338769E+00    0.106868760310379E+01 -0.174430990213576E+00
  0.00000000  0.00000000  0.01750000    0.5322D+01  0.919636658685854E+00  0.192588191843755E+00    0.104170135267535E+01 -0.218150699037619E+00
  0.00000000  0.00000000  0.01750000    0.5484D+01  0.806021600199112E+00  0.141069121258607E+00    0.120378752760553E+01 -0.210685729339552E+00
  0.00000000  0.00000000  0.01750000    0.5651D+01  0.868282024502286E+00  0.673781943744205E-01    0.114480588467653E+01 -0.888362896409503E-01
  0.00000000  0.00000000  0.01750000    0.5823D+01  0.910177795492909E+00  0.118579798241886E+00    0.108034923419502E+01 -0.140750076365294E+00
  0.00000000  0.00000000  0.01750000    0.6000D+01  0.891649944005398E+00  0.113346371710202E+00    0.110368147901246E+01 -0.140299780211789E+00
  0.00000000  0.00000000  0.01750000    0.6183D+01  0.878712457131228E+00  0.105980912047985E+00    0.112171160625006E+01 -0.135288874216378E+00
  0.00000000  0.00000000  0.01750000    0.6371D+01  0.876103912077589E+00  0.943051910686463E-01    0.112834333363623E+01 -0.121456635682930E+00
  0.00000000  0.00000000  0.01750000    0.6565D+01  0.871211377578096E+00  0.812183619006113E-01    0.113793744309505E+01 -0.106083801764016E+00
  0.00000000  0.00000000  0.01750000    0.6765D+01  0.870206642087907E+00  0.582482679545614E-01    0.114402659177642E+01 -0.765767166578407E-01
  0.00000000  0.00000000  0.01750000    0.6971D+01  0.887775176261651E+00  0.320582890990887E-01    0.112494439313249E+01 -0.406226638677845E-01
  0.00000000  0.00000000  0.01750000    0.7184D+01  0.911641223242774E+00  0.384937015947628E-01    0.109497050966958E+01 -0.462347105195150E-01
  0.00000000  0.00000000  0.01750000    0.7402D+01  0.913576007469358E+00  0.600951259651759E-01    0.108988372293281E+01 -0.716926660524620E-01
  0.00000000  0.00000000  0.01750000    0.7628D+01  0.894296744050417E+00  0.332187833528654E-01    0.111665635134326E+01 -0.414783634868984E-01
  0.00000000  0.00000000  0.01750000    0.7860D+01  0.908954568109386E+00  0.247671721426512E-01    0.109934878342214E+01 -0.299550291280934E-01
  0.00000000  0.00000000  0.01750000    0.8100D+01  0.916608765096561E+00  0.238404505675745E-01    0.109024046694866E+01 -0.283565081949884E-01
  0.00000000  0.00000000  0.01750000    0.8346D+01  0.919497750936437E+00  0.171453377469624E-01    0.108717224266272E+01 -0.202718661036327E-01
  0.00000000  0.00000000  0.01750000    0.8600D+01  0.928893475523563E+00  0.899846116174536E-02    0.107644869035211E+01 -0.104278714276526E-01
  0.00000000  0.00000000  0.01750000    0.8862D+01  0.937251466027305E+00  0.131770782032958E-01    0.106673866302328E+01 -0.149975746047298E-01
  0.00000000  0.00000000  0.01750000    0.9132D+01  0.938580011562381E+00  0.128826090391722E-01    0.106523858386367E+01 -0.146210786936677E-01
  0.00000000  0.00000000  0.01750000    0.9410D+01  0.942503920503711E+00  0.625767407805085E-02    0.106095677520945E+01 -0.704413166431435E-02
  0.00000000  0.00000000  0.01750000    0.9697D+01  0.950119037470547E+00  0.596945064298481E-02    0.105245815311628E+01 -0.661243144391717E-02
  0.00000000  0.00000000  0.01750000    0.9992D+01  0.954167824819590E+00  0.922206022620502E-02    0.104793577179981E+01 -0.101283302049718E-01
  0.00000000  0.00000000  0.01750000    0.1030D+02  0.955233598891761E+00  0.929291890094977E-02    0.104676528113509E+01 -0.101833780524512E-01
  0.00000000  0.00000000  0.01750000    0.1061D+02  0.955807088384492E+00  0.926397680479058E-02    0.104613794994698E+01 -0.101394913478832E-01
  0.00000000  0.00000000  0.01750000    0.1093D+02  0.956614572131022E+00  0.517917431595787E-02    0.104532245052698E+01 -0.565944461373096E-02
  0.00000000  0.00000000  0.01750000    0.1127D+02  0.960393364397745E+00  0.284722169486059E-02    0.104123086232186E+01 -0.308687586822333E-02
  0.00000000  0.00000000  0.01750000    0.1161D+02  0.963756353004365E+00  0.247738780437261E-02    0.103759979291256E+01 -0.266720635850323E-02
  0.00000000  0.00000000  0.01750000    0.1196D+02  0.966125792894648E+00  0.189930448160297E-02    0.103505790096444E+01 -0.203481795484441E-02
  0.00000000  0.00000000  0.01750000    0.1233D+02  0.968595273536998E+00  0.863791881117336E-03    0.103242213958392E+01 -0.920712589069139E-03
  0.00000000  0.00000000  0.01750000    0.1270D+02  0.971109454347479E+00  0.612746109573071E-03    0.102974963058332E+01 -0.649746614194188E-03
  0.00000000  0.00000000  0.01750000    0.1309D+02  0.973255217379539E+00  0.349380385896483E-03    0.102747958939788E+01 -0.368845919378821E-03
  0.00000000  0.00000000  0.01750000    0.1349D+02  0.975206565404855E+00  0.215249036223134E-03    0.102542372739962E+01 -0.226333042529785E-03
  0.00000000  0.00000000  0.01750000    0.1390D+02  0.976991389322499E+00  0.601732947716025E-04    0.102355047049092E+01 -0.630408874096350E-04
  0.00000000  0.00000000  0.01750000    0.1432D+02  0.978657341972747E+00  0.113832717418401E-05    0.102180810086488E+01 -0.118851806258482E-05
  0.00000000  0.00000000  0.01750000    0.1476D+02  0.980156985875380E+00  0.101124591691487E-17    0.102024473059986E+01 -0.105260517747735E-17
  0.00000000  0.00000000  0.01750000    0.1521D+02  0.981507250332142E+00  0.944407326053563E-18    0.101884117479682E+01 -0.980330068104469E-18
  0.00000000  0.00000000  0.01750000    0.1567D+02  0.982741913697165E+00  0.882883284074904E-18    0.101756115828815E+01 -0.914164466433194E-18
