 q(1:3)   w(Ry)   eps    epsi  --- NO LFC
  0.00000000  0.00000000  0.01500000    0.0000D+00  0.204431980588021E+01 -0.118859667255137E-16    0.489160256200441E+00  0.284404744889650E-17
  0.00000000  0.00000000  0.01500000    0.1015D-04  0.204431980595949E+01 -0.118859667260291E-16    0.489160256181471E+00  0.284404744879923E-17
  0.00000000  0.00000000  0.01500000    0.3076D-04  0.204431980660829E+01 -0.118859667302608E-16    0.489160256026228E+00  0.284404744800658E-17
  0.00000000  0.00000000  0.01500000    0.5200D-04  0.204431980796070E+01 -0.118859667390828E-16    0.489160255702627E+00  0.284404744635457E-17
  0.00000000  0.00000000  0.01500000    0.7389D-04  0.204431981008044E+01 -0.118859667529095E-16    0.489160255195419E+00  0.284404744376502E-17
  0.00000000  0.00000000  0.01500000    0.9644D-04  0.204431981303579E+01 -0.118859667721872E-16    0.489160254488271E+00  0.284404744015483E-17
  0.00000000  0.00000000  0.01500000    0.1197D-03  0.204431981689987E+01 -0.118859667973921E-16    0.489160253563683E+00  0.284404743543443E-17
  0.00000000  0.00000000  0.01500000    0.1436D-03  0.204431982175098E+01 -0.118859668290349E-16    0.489160252402920E+00  0.284404742950817E-17
  0.00000000  0.00000000  0.01500000    0.1683D-03  0.204431982767293E+01 -0.118859668676654E-16    0.489160250985928E+00  0.284404742227439E-17
  0.00000000  0.00000000  0.01500000    0.1937D-03  0.204431983475545E+01 -0.118859669138617E-16    0.489160249291239E+00  0.284404741362181E-17
  0.00000000  0.00000000  0.01500000    0.2199D-03  0.204431984309445E+01 -0.118859669682563E-16    0.489160247295901E+00  0.284404740343486E-17
  0.00000000  0.00000000  0.01500000    0.2469D-03  0.204431985279260E+01 -0.118859670315141E-16    0.489160244975350E+00  0.284404739158702E-17
  0.00000000  0.00000000  0.01500000    0.2748D-03  0.204431986395960E+01 -0.118859671043545E-16    0.489160242303336E+00  0.284404737794518E-17
  0.00000000  0.00000000  0.01500000    0.3034D-03  0.204431987671275E+01 -0.118859671875429E-16    0.489160239251790E+00  0.284404736236605E-17
  0.00000000  0.00000000  0.01500000    0.3330D-03  0.204431989117743E+01 -0.118859672818924E-16    0.489160235790715E+00  0.284404734469544E-17
  0.00000000  0.00000000  0.01500000    0.3634D-03  0.204431990748756E+01 -0.118859673882807E-16    0.489160231888064E+00  0.284404732477063E-17
  0.00000000  0.00000000  0.01500000    0.3948D-03  0.204431992578622E+01 -0.118859675076414E-16    0.489160227509601E+00  0.284404730241698E-17
  0.00000000  0.00000000  0.01500000    0.4271D-03  0.204431994622624E+01 -0.118859676409696E-16    0.489160222618760E+00  0.284404727744736E-17
  0.00000000  0.00000000  0.01500000    0.4604D-03  0.204431996897077E+01 -0.118859677893287E-16    0.489160217176501E+00  0.284404724966225E-17
  0.00000000  0.00000000  0.01500000    0.4948D-03  0.204431999419401E+01 -0.118859679538547E-16    0.489160211141141E+00  0.284404721884877E-17
  0.00000000  0.00000000  0.01500000    0.5301D-03  0.204432002208190E+01 -0.118859681357628E-16    0.489160204468192E+00  0.284404718478037E-17
  0.00000000  0.00000000  0.01500000    0.5666D-03  0.204432005283283E+01 -0.118859683363457E-16    0.489160197110179E+00  0.284404714721429E-17
  0.00000000  0.00000000  0.01500000    0.6041D-03  0.204432008665855E+01 -0.118859685569866E-16    0.489160189016441E+00  0.284404710589245E-17
  0.00000000  0.00000000  0.01500000    0.6428D-03  0.204432012378491E+01 -0.118859687991552E-16    0.489160180132930E+00  0.284404706053800E-17
  0.00000000  0.00000000  0.01500000    0.6827D-03  0.204432016445284E+01 -0.118859690644257E-16    0.489160170402002E+00  0.284404701085730E-17
  0.00000000  0.00000000  0.01500000    0.7238D-03  0.204432020891927E+01 -0.118859693544714E-16    0.489160159762178E+00  0.284404695653585E-17
  0.00000000  0.00000000  0.01500000    0.7662D-03  0.204432025745817E+01 -0.118859696710848E-16    0.489160148147903E+00  0.284404689724025E-17
  0.00000000  0.00000000  0.01500000    0.8098D-03  0.204432031036170E+01 -0.118859700161659E-16    0.489160135489273E+00  0.284404683261228E-17
  0.00000000  0.00000000  0.01500000    0.8548D-03  0.204432036794121E+01 -0.118859703917478E-16    0.489160121711784E+00  0.284404676227206E-17
  0.00000000  0.00000000  0.01500000    0.9011D-03  0.204432043052867E+01 -0.118859707999943E-16    0.489160106736005E+00  0.284404668581366E-17
  0.00000000  0.00000000  0.01500000    0.9488D-03  0.204432049847781E+01 -0.118859712432152E-16    0.489160090477298E+00  0.284404660280563E-17
  0.00000000  0.00000000  0.01500000    0.9980D-03  0.204432057216563E+01 -0.118859717238683E-16    0.489160072845455E+00  0.284404651278704E-17
  0.00000000  0.00000000  0.01500000    0.1049D-02  0.204432065199376E+01 -0.118859722445750E-16    0.489160053744374E+00  0.284404641526763E-17
  0.00000000  0.00000000  0.01500000    0.1101D-02  0.204432073839016E+01 -0.118859728081254E-16    0.489160033071655E+00  0.284404630972432E-17
  0.00000000  0.00000000  0.01500000    0.1155D-02  0.204432083181068E+01 -0.118859734174928E-16    0.489160010718224E+00  0.284404619560015E-17
  0.00000000  0.00000000  0.01500000    0.1210D-02  0.204432093274090E+01 -0.118859740758420E-16    0.489159986567893E+00  0.284404607230134E-17
  0.00000000  0.00000000  0.01500000    0.1267D-02  0.204432104169797E+01 -0.118859747865506E-16    0.489159960496919E+00  0.284404593919719E-17
  0.00000000  0.00000000  0.01500000    0.1326D-02  0.204432115923261E+01 -0.118859755532100E-16    0.489159932373530E+00  0.284404579561469E-17
  0.00000000  0.00000000  0.01500000    0.1387D-02  0.204432128593128E+01 -0.118859763796444E-16    0.489159902057398E+00  0.284404564083712E-17
  0.00000000  0.00000000  0.01500000    0.1450D-02  0.204432142241842E+01 -0.118859772699250E-16    0.489159869399112E+00  0.284404547410126E-17
  0.00000000  0.00000000  0.01500000    0.1514D-02  0.204432156935879E+01 -0.118859782283931E-16    0.489159834239606E+00  0.284404529459616E-17
  0.00000000  0.00000000  0.01500000    0.1580D-02  0.204432172746015E+01 -0.118859792596599E-16    0.489159796409538E+00  0.284404510145607E-17
  0.00000000  0.00000000  0.01500000    0.1649D-02  0.204432189747581E+01 -0.118859803686420E-16    0.489159755728652E+00  0.284404489376130E-17
  0.00000000  0.00000000  0.01500000    0.1719D-02  0.204432208020764E+01 -0.118859815605693E-16    0.489159712005082E+00  0.284404467053217E-17
  0.00000000  0.00000000  0.01500000    0.1792D-02  0.204432227650908E+01 -0.118859828410092E-16    0.489159665034623E+00  0.284404443072628E-17
  0.00000000  0.00000000  0.01500000    0.1867D-02  0.204432248728836E+01 -0.118859842158841E-16    0.489159614599956E+00  0.284404417323368E-17
  0.00000000  0.00000000  0.01500000    0.1944D-02  0.204432271351201E+01 -0.118859856915007E-16    0.489159560469818E+00  0.284404389687415E-17
  0.00000000  0.00000000  0.01500000    0.2024D-02  0.204432295620848E+01 -0.118859872745641E-16    0.489159502398123E+00  0.284404360039053E-17
  0.00000000  0.00000000  0.01500000    0.2106D-02  0.204432321647206E+01 -0.118859889722150E-16    0.489159440123037E+00  0.284404328244675E-17
  0.00000000  0.00000000  0.01500000    0.2190D-02  0.204432349546700E+01 -0.118859907920458E-16    0.489159373365986E+00  0.284404294162008E-17
  0.00000000  0.00000000  0.01500000    0.2277D-02  0.204432379443195E+01 -0.118859927421381E-16    0.489159301830592E+00  0.284404257639789E-17
  0.00000000  0.00000000  0.01500000    0.2367D-02  0.204432411468459E+01 -0.118859948310831E-16    0.489159225201570E+00  0.284404218516960E-17
  0.00000000  0.00000000  0.01500000    0.2459D-02  0.204432445762660E+01 -0.118859970680248E-16    0.489159143143534E+00  0.284404176622316E-17
  0.00000000  0.00000000  0.01500000    0.2554D-02  0.204432482474895E+01 -0.118859994626917E-16    0.489159055299739E+00  0.284404131773798E-17
  0.00000000  0.00000000  0.01500000    0.2652D-02  0.204432521763747E+01 -0.118860020254236E-16    0.489158961290734E+00  0.284404083777574E-17
  0.00000000  0.00000000  0.01500000    0.2753D-02  0.204432563797885E+01 -0.118860047672227E-16    0.489158860712945E+00  0.284404032427608E-17
  0.00000000  0.00000000  0.01500000    0.2858D-02  0.204432608756689E+01 -0.118860076997895E-16    0.489158753137164E+00  0.284403977504763E-17
  0.00000000  0.00000000  0.01500000    0.2965D-02  0.204432656830931E+01 -0.118860108355700E-16    0.489158638106933E+00  0.284403918776052E-17
  0.00000000  0.00000000  0.01500000    0.3075D-02  0.204432708223474E+01 -0.118860141877932E-16    0.489158515136852E+00  0.284403855993572E-17
  0.00000000  0.00000000  0.01500000    0.3189D-02  0.204432763150046E+01 -0.118860177705286E-16    0.489158383710754E+00  0.284403788893744E-17
  0.00000000  0.00000000  0.01500000    0.3307D-02  0.204432821840032E+01 -0.118860215987416E-16    0.489158243279788E+00  0.284403717196429E-17
  0.00000000  0.00000000  0.01500000    0.3428D-02  0.204432884537332E+01 -0.118860256883393E-16    0.489158093260376E+00  0.284403640603630E-17
  0.00000000  0.00000000  0.01500000    0.3553D-02  0.204432951501278E+01 -0.118860300562368E-16    0.489157933032018E+00  0.284403558798538E-17
  0.00000000  0.00000000  0.01500000    0.3681D-02  0.204433023007581E+01 -0.118860347204150E-16    0.489157761935027E+00  0.284403471444271E-17
  0.00000000  0.00000000  0.01500000    0.3813D-02  0.204433099349368E+01 -0.118860396999966E-16    0.489157579268042E+00  0.284403378182808E-17
  0.00000000  0.00000000  0.01500000    0.3950D-02  0.204433180838270E+01 -0.118860450153054E-16    0.489157384285437E+00  0.284403278633393E-17
  0.00000000  0.00000000  0.01500000    0.4090D-02  0.204433267805573E+01 -0.118860506879496E-16    0.489157176194558E+00  0.284403172391314E-17
  0.00000000  0.00000000  0.01500000    0.4235D-02  0.204433360603446E+01 -0.118860567408984E-16    0.489156954152786E+00  0.284403059026318E-17
  0.00000000  0.00000000  0.01500000    0.4385D-02  0.204433459606248E+01 -0.118860631985687E-16    0.489156717264417E+00  0.284402938081061E-17
  0.00000000  0.00000000  0.01500000    0.4538D-02  0.204433565211910E+01 -0.118860700869173E-16    0.489156464577344E+00  0.284402809069450E-17
  0.00000000  0.00000000  0.01500000    0.4697D-02  0.204433677843409E+01 -0.118860774335268E-16    0.489156195079548E+00  0.284402671474625E-17
  0.00000000  0.00000000  0.01500000    0.4860D-02  0.204433797950324E+01 -0.118860852677231E-16    0.489155907695358E+00  0.284402524747415E-17
  0.00000000  0.00000000  0.01500000    0.5029D-02  0.204433926010506E+01 -0.118860936206713E-16    0.489155601281467E+00  0.284402368304000E-17
  0.00000000  0.00000000  0.01500000    0.5202D-02  0.204434062531833E+01 -0.118861025254984E-16    0.489155274622733E+00  0.284402201523966E-17
  0.00000000  0.00000000  0.01500000    0.5381D-02  0.204434208054084E+01 -0.118861120174078E-16    0.489154926427696E+00  0.284402023747822E-17
  0.00000000  0.00000000  0.01500000    0.5565D-02  0.204434363150927E+01 -0.118861221338104E-16    0.489154555323819E+00  0.284401834274614E-17
  0.00000000  0.00000000  0.01500000    0.5755D-02  0.204434528432034E+01 -0.118861329144747E-16    0.489154159852432E+00  0.284401632359631E-17
  0.00000000  0.00000000  0.01500000    0.5950D-02  0.204434704545322E+01 -0.118861444016512E-16    0.489153738463376E+00  0.284401417211149E-17
  0.00000000  0.00000000  0.01500000    0.6152D-02  0.204434892179333E+01 -0.118861566402518E-16    0.489153289509301E+00  0.284401187988091E-17
  0.00000000  0.00000000  0.01500000    0.6360D-02  0.204435092065773E+01 -0.118861696779917E-16    0.489152811239604E+00  0.284400943796380E-17
  0.00000000  0.00000000  0.01500000    0.6574D-02  0.204435304982190E+01 -0.118861835655840E-16    0.489152301794017E+00  0.284400683686126E-17
  0.00000000  0.00000000  0.01500000    0.6794D-02  0.204435531754840E+01 -0.118861983569121E-16    0.489151759195757E+00  0.284400406647786E-17
  0.00000000  0.00000000  0.01500000    0.7021D-02  0.204435773261708E+01 -0.118862141092339E-16    0.489151181344302E+00  0.284400111608652E-17
  0.00000000  0.00000000  0.01500000    0.7255D-02  0.204436030435736E+01 -0.118862308833925E-16    0.489150566007664E+00  0.284399797428902E-17
  0.00000000  0.00000000  0.01500000    0.7497D-02  0.204436304268244E+01 -0.118862487440350E-16    0.489149910814219E+00  0.284399462897328E-17
  0.00000000  0.00000000  0.01500000    0.7745D-02  0.204436595812561E+01 -0.118862677598485E-16    0.489149213244019E+00  0.284399106726880E-17
  0.00000000  0.00000000  0.01500000    0.8001D-02  0.204436906187884E+01 -0.118862880038229E-16    0.489148470619569E+00  0.284398727550215E-17
  0.00000000  0.00000000  0.01500000    0.8265D-02  0.204437236583379E+01 -0.118863095535008E-16    0.489147680096015E+00  0.284398323914279E-17
  0.00000000  0.00000000  0.01500000    0.8537D-02  0.204437588262533E+01 -0.118863324912752E-16    0.489146838650743E+00  0.284397894275318E-17
  0.00000000  0.00000000  0.01500000    0.8818D-02  0.204437962567779E+01 -0.118863569046817E-16    0.489145943072321E+00  0.284397436993001E-17
  0.00000000  0.00000000  0.01500000    0.9107D-02  0.204438360925408E+01 -0.118863828867293E-16    0.489144989948762E+00  0.284396950324686E-17
  0.00000000  0.00000000  0.01500000    0.9404D-02  0.204438784850788E+01 -0.118864105362219E-16    0.489143975655041E+00  0.284396432418589E-17
  0.00000000  0.00000000  0.01500000    0.9711D-02  0.204439235953900E+01 -0.118864399581409E-16    0.489142896339867E+00  0.284395881307541E-17
  0.00000000  0.00000000  0.01500000    0.1003D-01  0.204439715945231E+01 -0.118864712640094E-16    0.489141747911593E+00  0.284395294901313E-17
  0.00000000  0.00000000  0.01500000    0.1035D-01  0.204440226642017E+01 -0.118865045723201E-16    0.489140526023306E+00  0.284394670979500E-17
  0.00000000  0.00000000  0.01500000    0.1069D-01  0.204440769974895E+01 -0.118865400089408E-16    0.489139226056916E+00  0.284394007182709E-17
  0.00000000  0.00000000  0.01500000    0.1103D-01  0.204441347994944E+01 -0.118865777076017E-16    0.489137843106342E+00  0.284393301004650E-17
  0.00000000  0.00000000  0.01500000    0.1139D-01  0.204441962881188E+01 -0.118866178103591E-16    0.489136371959582E+00  0.284392549782361E-17
  0.00000000  0.00000000  0.01500000    0.1176D-01  0.204442616948551E+01 -0.118866604681305E-16    0.489134807079707E+00  0.284391750686901E-17
  0.00000000  0.00000000  0.01500000    0.1214D-01  0.204443312656309E+01 -0.118867058412370E-16    0.489133142584668E+00  0.284390900712809E-17
  0.00000000  0.00000000  0.01500000    0.1253D-01  0.204444052617070E+01 -0.118867540999931E-16    0.489131372225844E+00  0.284389996667252E-17
  0.00000000  0.00000000  0.01500000    0.1293D-01  0.204444839606321E+01 -0.118868054253145E-16    0.489129489365248E+00  0.284389035158038E-17
  0.00000000  0.00000000  0.01500000    0.1334D-01  0.204445676572550E+01 -0.118868600093973E-16    0.489127486951350E+00  0.284388012581707E-17
  0.00000000  0.00000000  0.01500000    0.1377D-01  0.204446566648023E+01 -0.118869180563963E-16    0.489125357493338E+00  0.284386925109808E-17
  0.00000000  0.00000000  0.01500000    0.1421D-01  0.204447513160209E+01 -0.118869797831884E-16    0.489123093033849E+00  0.284385768675396E-17
  0.00000000  0.00000000  0.01500000    0.1466D-01  0.204448519643938E+01 -0.118870454201444E-16    0.489120685119937E+00  0.284384538957714E-17
  0.00000000  0.00000000  0.01500000    0.1513D-01  0.204449589854299E+01 -0.118871152119908E-16    0.489118124772296E+00  0.284383231366943E-17
  0.00000000  0.00000000  0.01500000    0.1561D-01  0.204450727780362E+01 -0.118871894186730E-16    0.489115402452509E+00  0.284381841026732E-17
  0.00000000  0.00000000  0.01500000    0.1610D-01  0.204451937659733E+01 -0.118872683163244E-16    0.489112508028313E+00  0.284380362756916E-17
  0.00000000  0.00000000  0.01500000    0.1662D-01  0.204453223994042E+01 -0.118873521982587E-16    0.489109430736656E+00  0.284378791054225E-17
  0.00000000  0.00000000  0.01500000    0.1714D-01  0.204454591565383E+01 -0.118874413760460E-16    0.489106159144489E+00  0.284377120072345E-17
  0.00000000  0.00000000  0.01500000    0.1768D-01  0.204456045453785E+01 -0.118875361806457E-16    0.489102681107095E+00  0.284375343600475E-17
  0.00000000  0.00000000  0.01500000    0.1824D-01  0.204457591055776E+01 -0.118876369636032E-16    0.489098983723817E+00  0.284373455040359E-17
  0.00000000  0.00000000  0.01500000    0.1882D-01  0.204459234104116E+01 -0.118877440983378E-16    0.489095053291050E+00  0.284371447382324E-17
  0.00000000  0.00000000  0.01500000    0.1941D-01  0.204460980688751E+01 -0.118878579815035E-16    0.489090875252277E+00  0.284369313179579E-17
  0.00000000  0.00000000  0.01500000    0.2002D-01  0.204462837279092E+01 -0.118879790344271E-16    0.489086434144999E+00  0.284367044520761E-17
  0.00000000  0.00000000  0.01500000    0.2065D-01  0.204464810747685E+01 -0.118881077046469E-16    0.489081713544355E+00  0.284364633001005E-17
  0.00000000  0.00000000  0.01500000    0.2130D-01  0.204466908395372E+01 -0.118882444675391E-16    0.489076696003213E+00  0.284362069690986E-17
  0.00000000  0.00000000  0.01500000    0.2197D-01  0.204469137978020E+01 -0.118883898280601E-16    0.489071362988530E+00  0.284359345104363E-17
  0.00000000  0.00000000  0.01500000    0.2266D-01  0.204471507734953E+01 -0.118885443225625E-16    0.489065694813701E+00  0.284356449162308E-17
  0.00000000  0.00000000  0.01500000    0.2337D-01  0.204474026419143E+01 -0.118887085207783E-16    0.489059670566734E+00  0.284353371157140E-17
  0.00000000  0.00000000  0.01500000    0.2410D-01  0.204476703329326E+01 -0.118888830278716E-16    0.489053268033875E+00  0.284350099712274E-17
  0.00000000  0.00000000  0.01500000    0.2486D-01  0.204479548344132E+01 -0.118890684866600E-16    0.489046463618472E+00  0.284346622740657E-17
  0.00000000  0.00000000  0.01500000    0.2564D-01  0.204482571958367E+01 -0.118892655799516E-16    0.489039232254768E+00  0.284342927400013E-17
  0.00000000  0.00000000  0.01500000    0.2644D-01  0.204485785321599E+01 -0.118894750330348E-16    0.489031547316249E+00  0.284339000045338E-17
  0.00000000  0.00000000  0.01500000    0.2726D-01  0.204489200279173E+01 -0.118896976163309E-16    0.489023380518277E+00  0.284334826178615E-17
  0.00000000  0.00000000  0.01500000    0.2811D-01  0.204492829415826E+01 -0.118899341481975E-16    0.489014701814581E+00  0.284330390394894E-17
  0.00000000  0.00000000  0.01500000    0.2899D-01  0.204496686102071E+01 -0.118901854979200E-16    0.489005479287261E+00  0.284325676325270E-17
  0.00000000  0.00000000  0.01500000    0.2989D-01  0.204500784543532E+01 -0.118904525888950E-16    0.488995679029843E+00  0.284320666576278E-17
  0.00000000  0.00000000  0.01500000    0.3082D-01  0.204505139833404E+01 -0.118907364019928E-16    0.488985265022987E+00  0.284315342664908E-17
  0.00000000  0.00000000  0.01500000    0.3178D-01  0.204509768008277E+01 -0.118910379791483E-16    0.488974199002333E+00  0.284309684949867E-17
  0.00000000  0.00000000  0.01500000    0.3277D-01  0.204514686107497E+01 -0.118913584271848E-16    0.488962440318041E+00  0.284303672558586E-17
  0.00000000  0.00000000  0.01500000    0.3379D-01  0.204519912236356E+01 -0.118916989218477E-16    0.488949945785396E+00  0.284297283308734E-17
  0.00000000  0.00000000  0.01500000    0.3484D-01  0.204525465633295E+01 -0.118920607121241E-16    0.488936669526012E+00  0.284290493625482E-17
  0.00000000  0.00000000  0.01500000    0.3592D-01  0.204531366741457E+01 -0.118924451248193E-16    0.488922562798925E+00  0.284283278452941E-17
  0.00000000  0.00000000  0.01500000    0.3703D-01  0.204537637284826E+01 -0.118928535694193E-16    0.488907573820981E+00  0.284275611159822E-17
  0.00000000  0.00000000  0.01500000    0.3818D-01  0.204544300349278E+01 -0.118932875432813E-16    0.488891647575810E+00  0.284267463439402E-17
  0.00000000  0.00000000  0.01500000    0.3936D-01  0.204551380468881E+01 -0.118937486371167E-16    0.488874725610631E+00  0.284258805202091E-17
  0.00000000  0.00000000  0.01500000    0.4058D-01  0.204558903717788E+01 -0.118942385408665E-16    0.488856745820077E+00  0.284249604461980E-17
  0.00000000  0.00000000  0.01500000    0.4184D-01  0.204566897808102E+01 -0.118947590498992E-16    0.488837642216224E+00  0.284239827214729E-17
  0.00000000  0.00000000  0.01500000    0.4313D-01  0.204575392194132E+01 -0.118953120716531E-16    0.488817344683885E+00  0.284229437308560E-17
  0.00000000  0.00000000  0.01500000    0.4447D-01  0.204584418183456E+01 -0.118958996326577E-16    0.488795778720194E+00  0.284218396305629E-17
  0.00000000  0.00000000  0.01500000    0.4584D-01  0.204594009055280E+01 -0.118965238860378E-16    0.488772865157457E+00  0.284206663334982E-17
  0.00000000  0.00000000  0.01500000    0.4726D-01  0.204604200186595E+01 -0.118971871194761E-16    0.488748519868127E+00  0.284194194935157E-17
  0.00000000  0.00000000  0.01500000    0.4872D-01  0.204615029186664E+01 -0.118978917636819E-16    0.488722653450705E+00  0.284180944886080E-17
  0.00000000  0.00000000  0.01500000    0.5022D-01  0.204626536040442E+01 -0.118986404014261E-16    0.488695170895313E+00  0.284166864030164E-17
  0.00000000  0.00000000  0.01500000    0.5177D-01  0.204638763261535E+01 -0.118994357771333E-16    0.488665971227536E+00  0.284151900080678E-17
  0.00000000  0.00000000  0.01500000    0.5337D-01  0.204651756055412E+01 -0.119002808071022E-16    0.488634947129033E+00  0.284135997417221E-17
  0.00000000  0.00000000  0.01500000    0.5501D-01  0.204665562493569E+01 -0.119011785903905E-16    0.488601984533388E+00  0.284119096867298E-17
  0.00000000  0.00000000  0.01500000    0.5671D-01  0.204680233699463E+01 -0.119021324203912E-16    0.488566962195442E+00  0.284101135472451E-17
  0.00000000  0.00000000  0.01500000    0.5846D-01  0.204695824047062E+01 -0.119031457971713E-16    0.488529751232290E+00  0.284082046238365E-17
  0.00000000  0.00000000  0.01500000    0.6026D-01  0.204712391372935E+01 -0.119042224406065E-16    0.488490214633978E+00  0.284061757867349E-17
  0.00000000  0.00000000  0.01500000    0.6211D-01  0.204729997202892E+01 -0.119053663043763E-16    0.488448206741770E+00  0.284040194472018E-17
  0.00000000  0.00000000  0.01500000    0.6403D-01  0.204748706994275E+01 -0.119065815908905E-16    0.488403572691651E+00  0.284017275268956E-17
  0.00000000  0.00000000  0.01500000    0.6600D-01  0.204768590395040E+01 -0.119078727671564E-16    0.488356147820716E+00  0.283992914249634E-17
  0.00000000  0.00000000  0.01500000    0.6803D-01  0.204789721520966E+01 -0.119092445817351E-16    0.488305757033623E+00  0.283967019828551E-17
  0.00000000  0.00000000  0.01500000    0.7012D-01  0.204812179252344E+01 -0.119107020828014E-16    0.488252214126351E+00  0.283939494465418E-17
  0.00000000  0.00000000  0.01500000    0.7227D-01  0.204836047551693E+01 -0.119122506373944E-16    0.488195321064100E+00  0.283910234259483E-17
  0.00000000  0.00000000  0.01500000    0.7450D-01  0.204861415804128E+01 -0.119138959519731E-16    0.488134867209996E+00  0.283879128514395E-17
  0.00000000  0.00000000  0.01500000    0.7678D-01  0.204888379182227E+01 -0.119156440943331E-16    0.488070628500898E+00  0.283846059270239E-17
  0.00000000  0.00000000  0.01500000    0.7914D-01  0.204917039037330E+01 -0.119175015169962E-16    0.488002366566418E+00  0.283810900800375E-17
  0.00000000  0.00000000  0.01500000    0.8157D-01  0.204947503319442E+01 -0.119194750822052E-16    0.487929827786848E+00  0.283773519070641E-17
  0.00000000  0.00000000  0.01500000    0.8408D-01  0.204979887028126E+01 -0.119215720885853E-16    0.487852742285288E+00  0.283733771156292E-17
  0.00000000  0.00000000  0.01500000    0.8666D-01  0.205014312696942E+01 -0.119238002996476E-16    0.487770822848954E+00  0.283691504614275E-17
  0.00000000  0.00000000  0.01500000    0.8932D-01  0.205050910914297E+01 -0.119261679742546E-16    0.487683763774140E+00  0.283646556806473E-17
  0.00000000  0.00000000  0.01500000    0.9206D-01  0.205089820883848E+01 -0.119286838991641E-16    0.487591239628781E+00  0.283598754168660E-17
  0.00000000  0.00000000  0.01500000    0.9488D-01  0.205131191027891E+01 -0.119313574238665E-16    0.487492903926070E+00  0.283547911421706E-17
  0.00000000  0.00000000  0.01500000    0.9779D-01  0.205175179637544E+01 -0.119341984978420E-16    0.487388387701947E+00  0.283493830718394E-17
  0.00000000  0.00000000  0.01500000    0.1008D+00  0.205221955573932E+01 -0.119372177104533E-16    0.487277297988589E+00  0.283436300720549E-17
  0.00000000  0.00000000  0.01500000    0.1039D+00  0.205271699025024E+01 -0.119404263336480E-16    0.487159216175286E+00  0.283375095599006E-17
  0.00000000  0.00000000  0.01500000    0.1071D+00  0.205324602323286E+01 -0.119438363677388E-16    0.487033696247217E+00  0.283309973950066E-17
  0.00000000  0.00000000  0.01500000    0.1103D+00  0.205380870829849E+01 -0.119474605904637E-16    0.486900262891798E+00  0.283240677619171E-17
  0.00000000  0.00000000  0.01500000    0.1137D+00  0.205440723891593E+01 -0.119513126096082E-16    0.486758409461057E+00  0.283166930422932E-17
  0.00000000  0.00000000  0.01500000    0.1172D+00  0.205504395878218E+01 -0.119554069194814E-16    0.486607595777464E+00  0.283088436759163E-17
  0.00000000  0.00000000  0.01500000    0.1208D+00  0.205572137307206E+01 -0.119597589615740E-16    0.486447245769307E+00  0.283004880093667E-17
  0.00000000  0.00000000  0.01500000    0.1245D+00  0.205644216065565E+01 -0.119643851897097E-16    0.486276744920059E+00  0.282915921309785E-17
  0.00000000  0.00000000  0.01500000    0.1283D+00  0.205720918738224E+01 -0.119693031401264E-16    0.486095437514783E+00  0.282821196907563E-17
  0.00000000  0.00000000  0.01500000    0.1322D+00  0.205802552054251E+01 -0.119745315068604E-16    0.485902623664449E+00  0.282720317034858E-17
  0.00000000  0.00000000  0.01500000    0.1363D+00  0.205889444463371E+01 -0.119800902229349E-16    0.485697556087148E+00  0.282612863332981E-17
  0.00000000  0.00000000  0.01500000    0.1405D+00  0.205981947856943E+01 -0.119860005478160E-16    0.485479436622530E+00  0.282498386574750E-17
  0.00000000  0.00000000  0.01500000    0.1448D+00  0.206080439449278E+01 -0.119922851617728E-16    0.485247412453294E+00  0.282376404073254E-17
  0.00000000  0.00000000  0.01500000    0.1492D+00  0.206185323837389E+01 -0.119989682676790E-16    0.485000572004177E+00  0.282246396832489E-17
  0.00000000  0.00000000  0.01500000    0.1537D+00  0.206297035259591E+01 -0.120060757010185E-16    0.484737940485506E+00  0.282107806411348E-17
  0.00000000  0.00000000  0.01500000    0.1585D+00  0.206416040076269E+01 -0.120136350488193E-16    0.484458475044144E+00  0.281960031465452E-17
  0.00000000  0.00000000  0.01500000    0.1633D+00  0.206542839499290E+01 -0.120216757783690E-16    0.484161059480079E+00  0.281802423927707E-17
  0.00000000  0.00000000  0.01500000    0.1683D+00  0.206677972600417E+01 -0.120302293766837E-16    0.483844498481394E+00  0.281634284783279E-17
  0.00000000  0.00000000  0.01500000    0.1734D+00  0.206822019633415E+01 -0.120393295017452E-16    0.483507511324213E+00  0.281454859386768E-17
  0.00000000  0.00000000  0.01500000    0.1787D+00  0.206975605709751E+01 -0.120490121467200E-16    0.483148724976960E+00  0.281263332263577E-17
  0.00000000  0.00000000  0.01500000    0.1842D+00  0.207139404873816E+01 -0.120593158184342E-16    0.482766666539944E+00  0.281058821326845E-17
  0.00000000  0.00000000  0.01500000    0.1898D+00  0.207314144630745E+01 -0.120702817316113E-16    0.482359754941533E+00  0.280840371432710E-17
  0.00000000  0.00000000  0.01500000    0.1956D+00  0.207500610988291E+01 -0.120819540205200E-16    0.481926291800860E+00  0.280606947183700E-17
  0.00000000  0.00000000  0.01500000    0.2016D+00  0.207699654084194E+01 -0.120943799698460E-16    0.481464451353701E+00  0.280357424874894E-17
  0.00000000  0.00000000  0.01500000    0.2078D+00  0.207912194482327E+01 -0.121076102669454E-16    0.480972269322568E+00  0.280090583463154E-17
  0.00000000  0.00000000  0.01500000    0.2141D+00  0.208139230234994E+01 -0.121216992777656E-16    0.480447630593702E+00  0.279805094416685E-17
  0.00000000  0.00000000  0.01500000    0.2207D+00  0.208381844825736E+01 -0.121367053491721E-16    0.479888255541779E+00  0.279499510281687E-17
  0.00000000  0.00000000  0.01500000    0.2274D+00  0.208641216127281E+01 -0.121526911406236E-16    0.479291684817420E+00  0.279172251771283E-17
  0.00000000  0.00000000  0.01500000    0.2343D+00  0.208918626533920E+01 -0.121697239886904E-16    0.478655262381614E+00  0.278821593151372E-17
  0.00000000  0.00000000  0.01500000    0.2415D+00  0.209215474457341E+01 -0.121878763082582E-16    0.477976116534296E+00  0.278445645654639E-17
  0.00000000  0.00000000  0.01500000    0.2489D+00  0.209533287411328E+01 -0.122072260348943E-16    0.477251138639816E+00  0.278042338607051E-17
  0.00000000  0.00000000  0.01500000    0.2565D+00  0.209873736955230E+01 -0.122278571134356E-16    0.476476959198243E+00  0.277609397890658E-17
  0.00000000  0.00000000  0.01500000    0.2643D+00  0.210238655820904E+01 -0.122498600386043E-16    0.475649920846084E+00  0.277144321294619E-17
  0.00000000  0.00000000  0.01500000    0.2724D+00  0.210630057615606E+01 -0.122733324543260E-16    0.474766047790280E+00  0.276644350218550E-17
  0.00000000  0.00000000  0.01500000    0.2807D+00  0.211050159577905E+01 -0.122983798194137E-16    0.473821011080956E+00  0.276106437083325E-17
  0.00000000  0.00000000  0.01500000    0.2893D+00  0.211501408969301E+01 -0.123251161484605E-16    0.472810089007562E+00  0.275527207671131E-17
  0.00000000  0.00000000  0.01500000    0.2981D+00  0.211986513817818E+01 -0.123536648381842E-16    0.471728121751842E+00  0.274902917450524E-17
  0.00000000  0.00000000  0.01500000    0.3072D+00  0.212508478899117E+01 -0.123841595910576E-16    0.470569459242484E+00  0.274229400733846E-17
  0.00000000  0.00000000  0.01500000    0.3166D+00  0.213070648057362E+01 -0.124167454500015E-16    0.469327900918001E+00  0.273502011253726E-17
  0.00000000  0.00000000  0.01500000    0.3262D+00  0.213676754247296E+01 -0.124515799602704E-16    0.467996625801730E+00  0.272715552416284E-17
  0.00000000  0.00000000  0.01500000    0.3362D+00  0.214330979042027E+01 -0.124888344772147E-16    0.466568110904731E+00  0.271864195063159E-17
  0.00000000  0.00000000  0.01500000    0.3464D+00  0.215038023827101E+01 -0.125286956420624E-16    0.465034035470879E+00  0.270941380037014E-17
  0.00000000  0.00000000  0.01500000    0.3570D+00  0.215803195531972E+01 -0.125713670515634E-16    0.463385167923449E+00  0.269939702137217E-17
  0.00000000  0.00000000  0.01500000    0.3679D+00  0.216632510593685E+01 -0.126170711521403E-16    0.461611231508826E+00  0.268850771133690E-17
  0.00000000  0.00000000  0.01500000    0.3791D+00  0.217532821989384E+01 -0.126660513947870E-16    0.459700743480817E+00  0.267665044286236E-17
  0.00000000  0.00000000  0.01500000    0.3907D+00  0.218511975738334E+01 -0.127185746937982E-16    0.457640821113389E+00  0.266371623184252E-17
  0.00000000  0.00000000  0.01500000    0.4026D+00  0.219579005445527E+01 -0.127749342407416E-16    0.455416945700704E+00  0.264958005508827E-17
  0.00000000  0.00000000  0.01500000    0.4149D+00  0.220744376517454E+01 -0.128354527352282E-16    0.453012672746809E+00  0.263409779276588E-17
  0.00000000  0.00000000  0.01500000    0.4276D+00  0.222020296058415E+01 -0.129004861065164E-16    0.450409272374313E+00  0.261710242877173E-17
  0.00000000  0.00000000  0.01500000    0.4406D+00  0.223421110833767E+01 -0.129704278154388E-16    0.447585277983885E+00  0.259839928182189E-17
  0.00000000  0.00000000  0.01500000    0.4540D+00  0.224963825163845E+01 -0.130457138449548E-16    0.444515912401331E+00  0.257775995251380E-17
  0.00000000  0.00000000  0.01500000    0.4679D+00  0.226668785009141E+01 -0.131268285116230E-16    0.441172347555343E+00  0.255491454202465E-17
  0.00000000  0.00000000  0.01500000    0.4822D+00  0.228560596930390E+01 -0.132143112596552E-16    0.437520733420450E+00  0.252954150086126E-17
  0.00000000  0.00000000  0.01500000    0.4969D+00  0.230669386537567E+01 -0.133087646367406E-16    0.433520899764971E+00  0.250125415716591E-17
  0.00000000  0.00000000  0.01500000    0.5120D+00  0.233032560532376E+01 -0.134108636978504E-16    0.429124581438510E+00  0.246958247290487E-17
  0.00000000  0.00000000  0.01500000    0.5276D+00  0.235697338778378E+01 -0.135213671433125E-16    0.424272927807761E+00  0.243394772957153E-17
  0.00000000  0.00000000  0.01500000    0.5437D+00  0.238724506968694E+01 -0.136411305745393E-16    0.418892895705567E+00  0.239362634344696E-17
  0.00000000  0.00000000  0.01500000    0.5603D+00  0.242194190261041E+01 -0.137711223498110E-16    0.412891819957441E+00  0.234769618699012E-17
  0.00000000  0.00000000  0.01500000    0.5774D+00  0.246215158483000E+01 -0.139124426516433E-16    0.406148835904856E+00  0.229495308996101E-17
  0.00000000  0.00000000  0.01500000    0.5950D+00  0.250940741689432E+01 -0.140663465465317E-16    0.398500456031016E+00  0.223377259338006E-17
  0.00000000  0.00000000  0.01500000    0.6131D+00  0.256598297505175E+01 -0.142342720432313E-16    0.389714199089661E+00  0.216186076949335E-17
  0.00000000  0.00000000  0.01500000    0.6318D+00  0.263550223764798E+01 -0.144178744648104E-16    0.379434320227493E+00  0.207574720238631E-17
  0.00000000  0.00000000  0.01500000    0.6511D+00  0.272443999545286E+01 -0.146190689162863E-16    0.367047907705443E+00  0.196954187549748E-17
  0.00000000  0.00000000  0.01500000    0.6709D+00  0.284719207086917E+01 -0.148400837939676E-16    0.351223231559060E+00  0.183063947109595E-17
  0.00000000  0.00000000  0.01500000    0.6914D+00  0.307455920418872E+01  0.518976993814568E-03    0.325249866759802E+00 -0.549012677523414E-04
  0.00000000  0.00000000  0.01500000    0.7125D+00  0.328141467442296E+01  0.269960854198336E+00    0.302697861815586E+00 -0.249028487550466E-01
  0.00000000  0.00000000  0.01500000    0.7342D+00  0.334183800777598E+01  0.519036672705862E+00    0.292188169658007E+00 -0.453811271014409E-01
  0.00000000  0.00000000  0.01500000    0.7565D+00  0.337547440978776E+01  0.703960852203102E+00    0.283906480637498E+00 -0.592091729316717E-01
  0.00000000  0.00000000  0.01500000    0.7796D+00  0.345114663857402E+01  0.891563193850808E+00    0.271630513909177E+00 -0.701725524558606E-01
  0.00000000  0.00000000  0.01500000    0.8034D+00  0.362735296236224E+01  0.114425040684582E+01    0.250732932651910E+00 -0.790938359662014E-01
  0.00000000  0.00000000  0.01500000    0.8279D+00  0.370702162895717E+01  0.181905712971389E+01    0.217408150180828E+00 -0.106683447044143E+00
  0.00000000  0.00000000  0.01500000    0.8531D+00  0.302330360043326E+01  0.282030640384844E+01    0.176858338125293E+00 -0.164983332642238E+00
  0.00000000  0.00000000  0.01500000    0.8791D+00  0.212683358042366E+01  0.251195745726200E+01    0.196322773305626E+00 -0.231872610520466E+00
  0.00000000  0.00000000  0.01500000    0.9059D+00  0.172485948215513E+01  0.221425455946313E+01    0.218944602939452E+00 -0.281065843533407E+00
  0.00000000  0.00000000  0.01500000    0.9335D+00  0.149070321787877E+01  0.192939916551991E+01    0.250758466092729E+00 -0.324553653217988E+00
  0.00000000  0.00000000  0.01500000    0.9619D+00  0.135477931134600E+01  0.167936686008192E+01    0.290993685522517E+00 -0.360711997789584E+00
  0.00000000  0.00000000  0.01500000    0.9913D+00  0.129221159758751E+01  0.143977206089074E+01    0.345256850809478E+00 -0.384682484319635E+00
  0.00000000  0.00000000  0.01500000    0.1021D+01  0.127206391600295E+01  0.125245230669092E+01    0.399168616611726E+00 -0.393014571315630E+00
  0.00000000  0.00000000  0.01500000    0.1053D+01  0.128920204429769E+01  0.104339682312163E+01    0.468678232335995E+00 -0.379317874066853E+00
  0.00000000  0.00000000  0.01500000    0.1085D+01  0.136873716421997E+01  0.851398273911897E+00    0.526777659996069E+00 -0.327672545306823E+00
  0.00000000  0.00000000  0.01500000    0.1118D+01  0.152754402217169E+01  0.654318012491109E+00    0.553152782783311E+00 -0.236941013929105E+00
  0.00000000  0.00000000  0.01500000    0.1152D+01  0.193466204002785E+01  0.442641579230277E+00    0.491174490228947E+00 -0.112378414179997E+00
  0.00000000  0.00000000  0.01500000    0.1187D+01  0.234816534702373E+01  0.809101508886203E+00    0.380668808513856E+00 -0.131166107082221E+00
  0.00000000  0.00000000  0.01500000    0.1223D+01  0.273642426848203E+01  0.113606902719847E+01    0.311712830965078E+00 -0.129412422159310E+00
  0.00000000  0.00000000  0.01500000    0.1260D+01  0.204048249028298E+01  0.272926840673664E+01    0.175714696505413E+00 -0.235029005176629E+00
  0.00000000  0.00000000  0.01500000    0.1299D+01  0.100532005811889E+01  0.164721782690308E+01    0.269957414340529E+00 -0.442325468208050E+00
  0.00000000  0.00000000  0.01500000    0.1338D+01  0.144811399182533E+01  0.753602005787402E+00    0.543392532148389E+00 -0.282782781237234E+00
  0.00000000  0.00000000  0.01500000    0.1379D+01  0.237977266857336E+01  0.973226894699351E+00    0.359999514894793E+00 -0.147224654943352E+00
  0.00000000  0.00000000  0.01500000    0.1421D+01  0.278696388980551E+01  0.219963726646565E+01    0.221089842494334E+00 -0.174497222072545E+00
  0.00000000  0.00000000  0.01500000    0.1464D+01  0.149395804694878E+01  0.392063781939048E+01    0.848680114603242E-01 -0.222721605916167E+00
  0.00000000  0.00000000  0.01500000    0.1509D+01  0.456682473757622E+00  0.249172231384640E+01    0.711649473878411E-01 -0.388285729274780E+00
  0.00000000  0.00000000  0.01500000    0.1555D+01 -0.152464848682736E+00  0.320832103522620E+01   -0.147786384061240E-01 -0.310987200525377E+00
  0.00000000  0.00000000  0.01500000    0.1602D+01 -0.120045498487192E+01  0.192561432111083E+01   -0.233139582029954E+00 -0.373972305194410E+00
  0.00000000  0.00000000  0.01500000    0.1651D+01 -0.910402489764233E+00  0.462431041093867E+00   -0.873141054566105E+00 -0.443504418566962E+00
  0.00000000  0.00000000  0.01500000    0.1701D+01 -0.206730724002944E+00  0.278783877124696E+00   -0.171620524374056E+01 -0.231436499871646E+01
  0.00000000  0.00000000  0.01500000    0.1753D+01  0.140665100800481E+00  0.244493576943768E+00    0.176795397657737E+01 -0.307292561655691E+01
  0.00000000  0.00000000  0.01500000    0.1807D+01  0.344689316665366E+00  0.254220872547677E+00    0.187904076977383E+01 -0.138586071847512E+01
  0.00000000  0.00000000  0.01500000    0.1862D+01  0.465472893853013E+00  0.264785105309771E+00    0.162312265651386E+01 -0.923316285891857E+00
  0.00000000  0.00000000  0.01500000    0.1919D+01  0.552343867933575E+00  0.251834416019105E+00    0.149888029978057E+01 -0.683396099589134E+00
  0.00000000  0.00000000  0.01500000    0.1977D+01  0.629791774132454E+00  0.246024450791850E+00    0.137760064135212E+01 -0.538151584570990E+00
  0.00000000  0.00000000  0.01500000    0.2037D+01  0.691096998088915E+00  0.250991588527734E+00    0.127836082962729E+01 -0.464273200762051E+00
  0.00000000  0.00000000  0.01500000    0.2099D+01  0.729425829811013E+00  0.260206575304665E+00    0.121617692485083E+01 -0.433844291834284E+00
  0.00000000  0.00000000  0.01500000    0.2163D+01  0.756269828076964E+00  0.249781255698229E+00    0.119222516761215E+01 -0.393768848611118E+00
  0.00000000  0.00000000  0.01500000    0.2229D+01  0.792227804836792E+00  0.232587571465092E+00    0.116209826328231E+01 -0.341176630270275E+00
  0.00000000  0.00000000  0.01500000    0.2297D+01  0.827509501909090E+00  0.235593146196777E+00    0.111783899937304E+01 -0.318250371985074E+00
  0.00000000  0.00000000  0.01500000    0.2367D+01  0.843250866019867E+00  0.240944751594558E+00    0.109637488715255E+01 -0.313270683119889E+00
  0.00000000  0.00000000  0.01500000    0.2439D+01  0.858096585892704E+00  0.216848805504873E+00    0.109541473118458E+01 -0.276821257530931E+00
  0.00000000  0.00000000  0.01500000    0.2513D+01  0.899800177376982E+00  0.188000490951175E+00    0.106487175886624E+01 -0.222489857748738E+00
  0.00000000  0.00000000  0.01500000    0.2590D+01  0.955027182349985E+00  0.191469513749268E+00    0.100662953521798E+01 -0.201815059503935E+00
  0.00000000  0.00000000  0.01500000    0.2669D+01  0.101471046809873E+01  0.206865685763844E+00    0.946178083637193E+00 -0.192894213945651E+00
  0.00000000  0.00000000  0.01500000    0.2750D+01  0.108225652280639E+01  0.264247449249061E+00    0.872009815319178E+00 -0.212912895013762E+00
  0.00000000  0.00000000  0.01500000    0.2834D+01  0.108653832016065E+01  0.415803979090272E+00    0.802786597505437E+00 -0.307215912600070E+00
  0.00000000  0.00000000  0.01500000    0.2920D+01  0.925878584547620E+00  0.561927711817542E+00    0.789315948696395E+00 -0.479046078345973E+00
  0.00000000  0.00000000  0.01500000    0.3009D+01  0.760465332132584E+00  0.423217226535679E+00    0.100402021143454E+01 -0.558761367960699E+00
  0.00000000  0.00000000  0.01500000    0.3101D+01  0.756560429149437E+00  0.277143440682895E+00    0.116538748385699E+01 -0.426905088557191E+00
  0.00000000  0.00000000  0.01500000    0.3195D+01  0.794508204949602E+00  0.238175974477086E+00    0.115485697742457E+01 -0.346200560631349E+00
  0.00000000  0.00000000  0.01500000    0.3293D+01  0.821426234331326E+00  0.186888262993795E+00    0.115747914340372E+01 -0.263345943337638E+00
  0.00000000  0.00000000  0.01500000    0.3393D+01  0.879558847485460E+00  0.144028566626834E+00    0.110724356206888E+01 -0.181312147114985E+00
  0.00000000  0.00000000  0.01500000    0.3496D+01  0.965237716787723E+00  0.155623203254038E+00    0.100976593968319E+01 -0.162802392962107E+00
  0.00000000  0.00000000  0.01500000    0.3603D+01  0.956235333156721E+00  0.293065123897324E+00    0.955974180873452E+00 -0.292985086459260E+00
  0.00000000  0.00000000  0.01500000    0.3713D+01  0.875333690406655E+00  0.267210655056835E+00    0.104503654383257E+01 -0.319015368077633E+00
  0.00000000  0.00000000  0.01500000    0.3826D+01  0.856584237030460E+00  0.206528456151336E+00    0.110329038373897E+01 -0.266011035213718E+00
  0.00000000  0.00000000  0.01500000    0.3942D+01  0.873635752746780E+00  0.167124129779398E+00    0.110423279396493E+01 -0.211236712995137E+00
  0.00000000  0.00000000  0.01500000    0.4062D+01  0.932463388283771E+00  0.121252618904748E+00    0.105459597035289E+01 -0.137134095449083E+00
  0.00000000  0.00000000  0.01500000    0.4186D+01  0.984599692514103E+00  0.180859122517136E+00    0.982490700871052E+00 -0.180471726115473E+00
  0.00000000  0.00000000  0.01500000    0.4313D+01  0.106089529907481E+01  0.192387046850880E+00    0.912588991521317E+00 -0.165492580861204E+00
  0.00000000  0.00000000  0.01500000    0.4445D+01  0.907648370608714E+00  0.533093501681077E+00    0.819166697286509E+00 -0.481125133099860E+00
  0.00000000  0.00000000  0.01500000    0.4580D+01  0.704186827085332E+00  0.235623514422049E+00    0.127709463924047E+01 -0.427320585352179E+00
  0.00000000  0.00000000  0.01500000    0.4720D+01  0.775422501783672E+00  0.123353731509384E+00    0.125778958994648E+01 -0.200088389254458E+00
  0.00000000  0.00000000  0.01500000    0.4863D+01  0.849802104955688E+00  0.110334428217243E+00    0.115723673677839E+01 -0.150250338190313E+00
  0.00000000  0.00000000  0.01500000    0.5012D+01  0.874172972868487E+00  0.148215878157046E+00    0.111197233407862E+01 -0.188534719211226E+00
  0.00000000  0.00000000  0.01500000    0.5164D+01  0.864000570847987E+00  0.154292889212433E+00    0.112163688113459E+01 -0.200301482286782E+00
  0.00000000  0.00000000  0.01500000    0.5322D+01  0.825412827078563E+00  0.167714141893715E+00    0.116348018045321E+01 -0.236405436980787E+00
  0.00000000  0.00000000  0.01500000    0.5484D+01  0.815384234668185E+00  0.786428879849767E-01    0.121511222582696E+01 -0.117196201007949E+00
  0.00000000  0.00000000  0.01500000    0.5651D+01  0.873585741359246E+00  0.522762596322505E-01    0.114062281797726E+01 -0.682560300060208E-01
  0.00000000  0.00000000  0.01500000    0.5823D+01  0.886019906434303E+00  0.110745353138883E+00    0.111128128070182E+01 -0.138901210880501E+00
  0.00000000  0.00000000  0.01500000    0.6000D+01  0.862378040162970E+00  0.891224996361782E-01    0.114733053987597E+01 -0.118570929291461E+00
  0.00000000  0.00000000  0.01500000    0.6183D+01  0.864448984940301E+00  0.694257774587342E-01    0.114939262865555E+01 -0.923102210077327E-01
  0.00000000  0.00000000  0.01500000    0.6371D+01  0.872722207407685E+00  0.564954484678484E-01    0.114105827975273E+01 -0.738661153519470E-01
  0.00000000  0.00000000  0.01500000    0.6565D+01  0.882956784578647E+00  0.466569334033906E-01    0.112940468613252E+01 -0.596796583328916E-01
  0.00000000  0.00000000  0.01500000    0.6765D+01  0.887768769617772E+00  0.451705856679483E-01    0.112351080634444E+01 -0.571653823198778E-01
  0.00000000  0.00000000  0.01500000    0.6971D+01  0.899272884650251E+00  0.256393597717372E-01    0.111110630388533E+01 -0.316789872754151E-01
  0.00000000  0.00000000  0.01500000    0.7184D+01  0.917882369034179E+00  0.327419861400161E-01    0.108807970892623E+01 -0.388131333063757E-01
  0.00000000  0.00000000  0.01500000    0.7402D+01  0.910003683554807E+00  0.527551624586665E-01    0.109521584117934E+01 -0.634923689572530E-01
  0.00000000  0.00000000  0.01500000    0.7628D+01  0.903922536558254E+00  0.248916610206939E-01    0.110545121592055E+01 -0.304412334339835E-01
  0.00000000  0.00000000  0.01500000    0.7860D+01  0.916095382090436E+00  0.211196828216315E-01    0.109100953236107E+01 -0.251521574383044E-01
  0.00000000  0.00000000  0.01500000    0.8100D+01  0.920895528736661E+00  0.207630377296034E-01    0.108534777199929E+01 -0.244708721419000E-01
  0.00000000  0.00000000  0.01500000    0.8346D+01  0.924504535869264E+00  0.143904084570142E-01    0.108139845073151E+01 -0.168325463067381E-01
  0.00000000  0.00000000  0.01500000    0.8600D+01  0.933207025461389E+00  0.853512743447619E-02    0.107148395809931E+01 -0.979981062814337E-02
  0.00000000  0.00000000  0.01500000    0.8862D+01  0.939838870188665E+00  0.125109797240935E-01    0.106382365974193E+01 -0.141614447531527E-01
  0.00000000  0.00000000  0.01500000    0.9132D+01  0.940886133229599E+00  0.119720437354210E-01    0.106265581464138E+01 -0.135214681556811E-01
  0.00000000  0.00000000  0.01500000    0.9410D+01  0.944933917198687E+00  0.632665325656322E-02    0.105822762442964E+01 -0.708519307480334E-02
  0.00000000  0.00000000  0.01500000    0.9697D+01  0.951539521669285E+00  0.658026689848979E-02    0.105087824193970E+01 -0.726723289185912E-02
  0.00000000  0.00000000  0.01500000    0.9992D+01  0.954385834586074E+00  0.961009642742729E-02    0.104768803260645E+01 -0.105495939423454E-01
  0.00000000  0.00000000  0.01500000    0.1030D+02  0.955024319492535E+00  0.893676613294552E-02    0.104700207312173E+01 -0.979746010360232E-02
  0.00000000  0.00000000  0.01500000    0.1061D+02  0.955688430659268E+00  0.790125883110590E-02    0.104629460734792E+01 -0.865035532610069E-02
  0.00000000  0.00000000  0.01500000    0.1093D+02  0.957569899198060E+00  0.416471267494863E-02    0.104429043269158E+01 -0.454188211743136E-02
  0.00000000  0.00000000  0.01500000    0.1127D+02  0.961287146853179E+00  0.234048658419185E-02    0.104026572636290E+01 -0.253277908116961E-02
  0.00000000  0.00000000  0.01500000    0.1161D+02  0.964453994638763E+00  0.208237861691367E-02    0.103685125858914E+01 -0.223869350099456E-02
  0.00000000  0.00000000  0.01500000    0.1196D+02  0.966782612854167E+00  0.158001793396006E-02    0.103435593044143E+01 -0.169045336404072E-02
  0.00000000  0.00000000  0.01500000    0.1233D+02  0.969180409830524E+00  0.733745941526657E-03    0.103179905071222E+01 -0.781153187014520E-03
  0.00000000  0.00000000  0.01500000    0.1270D+02  0.971561411777983E+00  0.530416294777574E-03    0.102927070777468E+01 -0.561922230054248E-03
  0.00000000  0.00000000  0.01500000    0.1309D+02  0.973618009632142E+00  0.309025375281143E-03    0.102709675598104E+01 -0.325999475489373E-03
  0.00000000  0.00000000  0.01500000    0.1349D+02  0.975491129265081E+00  0.196290649662901E-03    0.102512460596432E+01 -0.206278016122770E-03
  0.00000000  0.00000000  0.01500000    0.1390D+02  0.977213562298695E+00  0.532039745972574E-04    0.102331776350248E+01 -0.557140981202085E-04
  0.00000000  0.00000000  0.01500000    0.1432D+02  0.978828210904286E+00  0.802912018204162E-06    0.102162972915899E+01 -0.838021195709722E-06
  0.00000000  0.00000000  0.01500000    0.1476D+02  0.980287291093873E+00  0.529768113205860E-18    0.102010911401711E+01 -0.551288673745738E-18
  0.00000000  0.00000000  0.01500000    0.1521D+02  0.981606604293663E+00  0.491968416921278E-18    0.101873805211363E+01 -0.510578213882790E-18
  0.00000000  0.00000000  0.01500000    0.1567D+02  0.982816661578589E+00  0.457786821328778E-18    0.101748376792250E+01 -0.473934435668524E-18
