 q(1:3)   w(Ry)   eps    epsi  --- NO LFC
  0.00000000  0.00000000  0.01250000    0.0000D+00  0.204569475636662E+01 -0.107699392088232E-15    0.488831482256968E+00  0.257354394192080E-16
  0.00000000  0.00000000  0.01250000    0.1015D-04  0.204569475644592E+01 -0.107699392094740E-15    0.488831482238018E+00  0.257354394187680E-16
  0.00000000  0.00000000  0.01250000    0.3076D-04  0.204569475709489E+01 -0.107699392147980E-15    0.488831482082943E+00  0.257354394151615E-16
  0.00000000  0.00000000  0.01250000    0.5200D-04  0.204569475844766E+01 -0.107699392258941E-15    0.488831481759691E+00  0.257354394076401E-16
  0.00000000  0.00000000  0.01250000    0.7389D-04  0.204569476056796E+01 -0.107699392432862E-15    0.488831481253030E+00  0.257354393958513E-16
  0.00000000  0.00000000  0.01250000    0.9644D-04  0.204569476352409E+01 -0.107699392675336E-15    0.488831480546644E+00  0.257354393794139E-16
  0.00000000  0.00000000  0.01250000    0.1197D-03  0.204569476738920E+01 -0.107699392992369E-15    0.488831479623052E+00  0.257354393579226E-16
  0.00000000  0.00000000  0.01250000    0.1436D-03  0.204569477224160E+01 -0.107699393390398E-15    0.488831478463541E+00  0.257354393309448E-16
  0.00000000  0.00000000  0.01250000    0.1683D-03  0.204569477816513E+01 -0.107699393876261E-15    0.488831477048077E+00  0.257354392980053E-16
  0.00000000  0.00000000  0.01250000    0.1937D-03  0.204569478524953E+01 -0.107699394457372E-15    0.488831475355216E+00  0.257354392586178E-16
  0.00000000  0.00000000  0.01250000    0.2199D-03  0.204569479359075E+01 -0.107699395141576E-15    0.488831473362029E+00  0.257354392122426E-16
  0.00000000  0.00000000  0.01250000    0.2469D-03  0.204569480329148E+01 -0.107699395937294E-15    0.488831471043980E+00  0.257354391583083E-16
  0.00000000  0.00000000  0.01250000    0.2748D-03  0.204569481446145E+01 -0.107699396853522E-15    0.488831468374847E+00  0.257354390962037E-16
  0.00000000  0.00000000  0.01250000    0.3034D-03  0.204569482721800E+01 -0.107699397899874E-15    0.488831465326591E+00  0.257354390252740E-16
  0.00000000  0.00000000  0.01250000    0.3330D-03  0.204569484168652E+01 -0.107699399086682E-15    0.488831461869248E+00  0.257354389448326E-16
  0.00000000  0.00000000  0.01250000    0.3634D-03  0.204569485800098E+01 -0.107699400424888E-15    0.488831457970805E+00  0.257354388541237E-16
  0.00000000  0.00000000  0.01250000    0.3948D-03  0.204569487630452E+01 -0.107699401926234E-15    0.488831453597062E+00  0.257354387523519E-16
  0.00000000  0.00000000  0.01250000    0.4271D-03  0.204569489674997E+01 -0.107699403603280E-15    0.488831448711495E+00  0.257354386386731E-16
  0.00000000  0.00000000  0.01250000    0.4604D-03  0.204569491950055E+01 -0.107699405469421E-15    0.488831443275103E+00  0.257354385121811E-16
  0.00000000  0.00000000  0.01250000    0.4948D-03  0.204569494473050E+01 -0.107699407538931E-15    0.488831437246252E+00  0.257354383719031E-16
  0.00000000  0.00000000  0.01250000    0.5301D-03  0.204569497262580E+01 -0.107699409827075E-15    0.488831430580497E+00  0.257354382168072E-16
  0.00000000  0.00000000  0.01250000    0.5666D-03  0.204569500338491E+01 -0.107699412350122E-15    0.488831423230417E+00  0.257354380457877E-16
  0.00000000  0.00000000  0.01250000    0.6041D-03  0.204569503721962E+01 -0.107699415125427E-15    0.488831415145406E+00  0.257354378576630E-16
  0.00000000  0.00000000  0.01250000    0.6428D-03  0.204569507435586E+01 -0.107699418171563E-15    0.488831406271473E+00  0.257354376511865E-16
  0.00000000  0.00000000  0.01250000    0.6827D-03  0.204569511503460E+01 -0.107699421508278E-15    0.488831396551037E+00  0.257354374250142E-16
  0.00000000  0.00000000  0.01250000    0.7238D-03  0.204569515951286E+01 -0.107699425156647E-15    0.488831385922685E+00  0.257354371777157E-16
  0.00000000  0.00000000  0.01250000    0.7662D-03  0.204569520806467E+01 -0.107699429139137E-15    0.488831374320933E+00  0.257354369077643E-16
  0.00000000  0.00000000  0.01250000    0.8098D-03  0.204569526098226E+01 -0.107699433479753E-15    0.488831361675951E+00  0.257354366135440E-16
  0.00000000  0.00000000  0.01250000    0.8548D-03  0.204569531857709E+01 -0.107699438204009E-15    0.488831347913317E+00  0.257354362933147E-16
  0.00000000  0.00000000  0.01250000    0.9011D-03  0.204569538118120E+01 -0.107699443339177E-15    0.488831332953684E+00  0.257354359452388E-16
  0.00000000  0.00000000  0.01250000    0.9488D-03  0.204569544914840E+01 -0.107699448914241E-15    0.488831316712509E+00  0.257354355673403E-16
  0.00000000  0.00000000  0.01250000    0.9980D-03  0.204569552285582E+01 -0.107699454960143E-15    0.488831299099676E+00  0.257354351575244E-16
  0.00000000  0.00000000  0.01250000    0.1049D-02  0.204569560270518E+01 -0.107699461509845E-15    0.488831280019190E+00  0.257354347135596E-16
  0.00000000  0.00000000  0.01250000    0.1101D-02  0.204569568912456E+01 -0.107699468598457E-15    0.488831259368760E+00  0.257354342330652E-16
  0.00000000  0.00000000  0.01250000    0.1155D-02  0.204569578256992E+01 -0.107699476263386E-15    0.488831237039431E+00  0.257354337135073E-16
  0.00000000  0.00000000  0.01250000    0.1210D-02  0.204569588352698E+01 -0.107699484544474E-15    0.488831212915138E+00  0.257354331521859E-16
  0.00000000  0.00000000  0.01250000    0.1267D-02  0.204569599251303E+01 -0.107699493484137E-15    0.488831186872274E+00  0.257354325462209E-16
  0.00000000  0.00000000  0.01250000    0.1326D-02  0.204569611007892E+01 -0.107699503127564E-15    0.488831158779209E+00  0.257354318925508E-16
  0.00000000  0.00000000  0.01250000    0.1387D-02  0.204569623681129E+01 -0.107699513522870E-15    0.488831128495763E+00  0.257354311879129E-16
  0.00000000  0.00000000  0.01250000    0.1450D-02  0.204569637333472E+01 -0.107699524721317E-15    0.488831095872690E+00  0.257354304288415E-16
  0.00000000  0.00000000  0.01250000    0.1514D-02  0.204569652031418E+01 -0.107699536777392E-15    0.488831060751093E+00  0.257354296116261E-16
  0.00000000  0.00000000  0.01250000    0.1580D-02  0.204569667845758E+01 -0.107699549749221E-15    0.488831022961813E+00  0.257354287323443E-16
  0.00000000  0.00000000  0.01250000    0.1649D-02  0.204569684851845E+01 -0.107699563698587E-15    0.488830982324789E+00  0.257354277868002E-16
  0.00000000  0.00000000  0.01250000    0.1719D-02  0.204569703129888E+01 -0.107699578691265E-15    0.488830938648361E+00  0.257354267705304E-16
  0.00000000  0.00000000  0.01250000    0.1792D-02  0.204569722765253E+01 -0.107699594797304E-15    0.488830891728546E+00  0.257354256787952E-16
  0.00000000  0.00000000  0.01250000    0.1867D-02  0.204569743848786E+01 -0.107699612091204E-15    0.488830841348259E+00  0.257354245065389E-16
  0.00000000  0.00000000  0.01250000    0.1944D-02  0.204569766477167E+01 -0.107699630652257E-15    0.488830787276483E+00  0.257354232483838E-16
  0.00000000  0.00000000  0.01250000    0.2024D-02  0.204569790753269E+01 -0.107699650564882E-15    0.488830729267402E+00  0.257354218986190E-16
  0.00000000  0.00000000  0.01250000    0.2106D-02  0.204569816786548E+01 -0.107699671918826E-15    0.488830667059460E+00  0.257354204511497E-16
  0.00000000  0.00000000  0.01250000    0.2190D-02  0.204569844693462E+01 -0.107699694809618E-15    0.488830600374387E+00  0.257354188995024E-16
  0.00000000  0.00000000  0.01250000    0.2277D-02  0.204569874597907E+01 -0.107699719338877E-15    0.488830528916123E+00  0.257354172367859E-16
  0.00000000  0.00000000  0.01250000    0.2367D-02  0.204569906631688E+01 -0.107699745614739E-15    0.488830452369723E+00  0.257354154556777E-16
  0.00000000  0.00000000  0.01250000    0.2459D-02  0.204569940935009E+01 -0.107699773752195E-15    0.488830370400162E+00  0.257354135483789E-16
  0.00000000  0.00000000  0.01250000    0.2554D-02  0.204569977657007E+01 -0.107699803873560E-15    0.488830282651080E+00  0.257354115065940E-16
  0.00000000  0.00000000  0.01250000    0.2652D-02  0.204570016956308E+01 -0.107699836108952E-15    0.488830188743436E+00  0.257354093215039E-16
  0.00000000  0.00000000  0.01250000    0.2753D-02  0.204570059001625E+01 -0.107699870596764E-15    0.488830088274090E+00  0.257354069837298E-16
  0.00000000  0.00000000  0.01250000    0.2858D-02  0.204570103972385E+01 -0.107699907484178E-15    0.488829980814298E+00  0.257354044832959E-16
  0.00000000  0.00000000  0.01250000    0.2965D-02  0.204570152059411E+01 -0.107699946927662E-15    0.488829865908093E+00  0.257354018095798E-16
  0.00000000  0.00000000  0.01250000    0.3075D-02  0.204570203465622E+01 -0.107699989093720E-15    0.488829743070598E+00  0.257353989513123E-16
  0.00000000  0.00000000  0.01250000    0.3189D-02  0.204570258406801E+01 -0.107700034159316E-15    0.488829611786203E+00  0.257353958964882E-16
  0.00000000  0.00000000  0.01250000    0.3307D-02  0.204570317112395E+01 -0.107700082312628E-15    0.488829471506651E+00  0.257353926323432E-16
  0.00000000  0.00000000  0.01250000    0.3428D-02  0.204570379826369E+01 -0.107700133753788E-15    0.488829321648990E+00  0.257353891453173E-16
  0.00000000  0.00000000  0.01250000    0.3553D-02  0.204570446808123E+01 -0.107700188695560E-15    0.488829161593390E+00  0.257353854209844E-16
  0.00000000  0.00000000  0.01250000    0.3681D-02  0.204570518333442E+01 -0.107700247364150E-15    0.488828990680876E+00  0.257353814440093E-16
  0.00000000  0.00000000  0.01250000    0.3813D-02  0.204570594695532E+01 -0.107700310000039E-15    0.488828808210843E+00  0.257353771980834E-16
  0.00000000  0.00000000  0.01250000    0.3950D-02  0.204570676206105E+01 -0.107700376858897E-15    0.488828613438467E+00  0.257353726658717E-16
  0.00000000  0.00000000  0.01250000    0.4090D-02  0.204570763196536E+01 -0.107700448212527E-15    0.488828405571952E+00  0.257353678289477E-16
  0.00000000  0.00000000  0.01250000    0.4235D-02  0.204570856019088E+01 -0.107700524349857E-15    0.488828183769586E+00  0.257353626677207E-16
  0.00000000  0.00000000  0.01250000    0.4385D-02  0.204570955048218E+01 -0.107700605578028E-15    0.488827947136629E+00  0.257353571613674E-16
  0.00000000  0.00000000  0.01250000    0.4538D-02  0.204571060681965E+01 -0.107700692223490E-15    0.488827694722004E+00  0.257353512877466E-16
  0.00000000  0.00000000  0.01250000    0.4697D-02  0.204571173343417E+01 -0.107700784633296E-15    0.488827425514779E+00  0.257353450233365E-16
  0.00000000  0.00000000  0.01250000    0.4860D-02  0.204571293482272E+01 -0.107700883176243E-15    0.488827138440447E+00  0.257353383431160E-16
  0.00000000  0.00000000  0.01250000    0.5029D-02  0.204571421576511E+01 -0.107700988244391E-15    0.488826832356931E+00  0.257353312205080E-16
  0.00000000  0.00000000  0.01250000    0.5202D-02  0.204571558134144E+01 -0.107701100254383E-15    0.488826506050400E+00  0.257353236272520E-16
  0.00000000  0.00000000  0.01250000    0.5381D-02  0.204571703695095E+01 -0.107701219649053E-15    0.488826158230786E+00  0.257353155333177E-16
  0.00000000  0.00000000  0.01250000    0.5565D-02  0.204571858833184E+01 -0.107701346899059E-15    0.488825787527032E+00  0.257353069067945E-16
  0.00000000  0.00000000  0.01250000    0.5755D-02  0.204572024158246E+01 -0.107701482504533E-15    0.488825392482041E+00  0.257352977137534E-16
  0.00000000  0.00000000  0.01250000    0.5950D-02  0.204572200318368E+01 -0.107701626997049E-15    0.488824971547324E+00  0.257352879181531E-16
  0.00000000  0.00000000  0.01250000    0.6152D-02  0.204572388002278E+01 -0.107701780941427E-15    0.488824523077311E+00  0.257352774816726E-16
  0.00000000  0.00000000  0.01250000    0.6360D-02  0.204572587941875E+01 -0.107701944937967E-15    0.488824045323282E+00  0.257352663636055E-16
  0.00000000  0.00000000  0.01250000    0.6574D-02  0.204572800914914E+01 -0.107702119624497E-15    0.488823536426976E+00  0.257352545206754E-16
  0.00000000  0.00000000  0.01250000    0.6794D-02  0.204573027747871E+01 -0.107702305678858E-15    0.488822994413742E+00  0.257352419069093E-16
  0.00000000  0.00000000  0.01250000    0.7021D-02  0.204573269318964E+01 -0.107702503821313E-15    0.488822417185323E+00  0.257352284734520E-16
  0.00000000  0.00000000  0.01250000    0.7255D-02  0.204573526561384E+01 -0.107702714817143E-15    0.488821802512136E+00  0.257352141683733E-16
  0.00000000  0.00000000  0.01250000    0.7497D-02  0.204573800466714E+01 -0.107702939479591E-15    0.488821148025116E+00  0.257351989365126E-16
  0.00000000  0.00000000  0.01250000    0.7745D-02  0.204574092088563E+01 -0.107703178672696E-15    0.488820451207030E+00  0.257351827192402E-16
  0.00000000  0.00000000  0.01250000    0.8001D-02  0.204574402546425E+01 -0.107703433314530E-15    0.488819709383271E+00  0.257351654542612E-16
  0.00000000  0.00000000  0.01250000    0.8265D-02  0.204574733029784E+01 -0.107703704380568E-15    0.488818919712051E+00  0.257351470753871E-16
  0.00000000  0.00000000  0.01250000    0.8537D-02  0.204575084802460E+01 -0.107703992907208E-15    0.488818079174016E+00  0.257351275122826E-16
  0.00000000  0.00000000  0.01250000    0.8818D-02  0.204575459207246E+01 -0.107704299995606E-15    0.488817184561196E+00  0.257351066902173E-16
  0.00000000  0.00000000  0.01250000    0.9107D-02  0.204575857670812E+01 -0.107704626815649E-15    0.488816232465282E+00  0.257350845297793E-16
  0.00000000  0.00000000  0.01250000    0.9404D-02  0.204576281708927E+01 -0.107704974610340E-15    0.488815219265158E+00  0.257350609466103E-16
  0.00000000  0.00000000  0.01250000    0.9711D-02  0.204576732932001E+01 -0.107705344700182E-15    0.488814141113685E+00  0.257350358510575E-16
  0.00000000  0.00000000  0.01250000    0.1003D-01  0.204577213050978E+01 -0.107705738488156E-15    0.488812993923627E+00  0.257350091478817E-16
  0.00000000  0.00000000  0.01250000    0.1035D-01  0.204577723883572E+01 -0.107706157464674E-15    0.488811773352758E+00  0.257349807358700E-16
  0.00000000  0.00000000  0.01250000    0.1069D-01  0.204578267360939E+01 -0.107706603213227E-15    0.488810474787966E+00  0.257349505075087E-16
  0.00000000  0.00000000  0.01250000    0.1103D-01  0.204578845534700E+01 -0.107707077415965E-15    0.488809093328461E+00  0.257349183485474E-16
  0.00000000  0.00000000  0.01250000    0.1139D-01  0.204579460584460E+01 -0.107707581859998E-15    0.488807623767858E+00  0.257348841376145E-16
  0.00000000  0.00000000  0.01250000    0.1176D-01  0.204580114825757E+01 -0.107708118443775E-15    0.488806060575198E+00  0.257348477457400E-16
  0.00000000  0.00000000  0.01250000    0.1214D-01  0.204580810718521E+01 -0.107708689184083E-15    0.488804397874775E+00  0.257348090358997E-16
  0.00000000  0.00000000  0.01250000    0.1253D-01  0.204581550876057E+01 -0.107709296223390E-15    0.488802629424702E+00  0.257347678625105E-16
  0.00000000  0.00000000  0.01250000    0.1293D-01  0.204582338074588E+01 -0.107709941837701E-15    0.488800748594150E+00  0.257347240709048E-16
  0.00000000  0.00000000  0.01250000    0.1334D-01  0.204583175263385E+01 -0.107710628444698E-15    0.488798748339190E+00  0.257346774967270E-16
  0.00000000  0.00000000  0.01250000    0.1377D-01  0.204584065575549E+01 -0.107711358612787E-15    0.488796621177086E+00  0.257346279653834E-16
  0.00000000  0.00000000  0.01250000    0.1421D-01  0.204585012339432E+01 -0.107712135070218E-15    0.488794359159054E+00  0.257345752913458E-16
  0.00000000  0.00000000  0.01250000    0.1466D-01  0.204586019090806E+01 -0.107712960715227E-15    0.488791953841259E+00  0.257345192775143E-16
  0.00000000  0.00000000  0.01250000    0.1513D-01  0.204587089585755E+01 -0.107713838626401E-15    0.488789396254077E+00  0.257344597144478E-16
  0.00000000  0.00000000  0.01250000    0.1561D-01  0.204588227814412E+01 -0.107714772074098E-15    0.488786676869371E+00  0.257343963796394E-16
  0.00000000  0.00000000  0.01250000    0.1610D-01  0.204589438015508E+01 -0.107715764532199E-15    0.488783785565803E+00  0.257343290366593E-16
  0.00000000  0.00000000  0.01250000    0.1662D-01  0.204590724691871E+01 -0.107716819690847E-15    0.488780711591923E+00  0.257342574343025E-16
  0.00000000  0.00000000  0.01250000    0.1714D-01  0.204592092626866E+01 -0.107717941469863E-15    0.488777443527005E+00  0.257341813056549E-16
  0.00000000  0.00000000  0.01250000    0.1768D-01  0.204593546901871E+01 -0.107719134032966E-15    0.488773969239425E+00  0.257341003670946E-16
  0.00000000  0.00000000  0.01250000    0.1824D-01  0.204595092914851E+01 -0.107720401803097E-15    0.488770275842433E+00  0.257340143172787E-16
  0.00000000  0.00000000  0.01250000    0.1882D-01  0.204596736400088E+01 -0.107721749478391E-15    0.488766349647194E+00  0.257339228359951E-16
  0.00000000  0.00000000  0.01250000    0.1941D-01  0.204598483449146E+01 -0.107723182049312E-15    0.488762176112881E+00  0.257338255829801E-16
  0.00000000  0.00000000  0.01250000    0.2002D-01  0.204600340533157E+01 -0.107724704816922E-15    0.488757739793664E+00  0.257337221966773E-16
  0.00000000  0.00000000  0.01250000    0.2065D-01  0.204602314526494E+01 -0.107726323412117E-15    0.488753024282386E+00  0.257336122928740E-16
  0.00000000  0.00000000  0.01250000    0.2130D-01  0.204604412731938E+01 -0.107728043816178E-15    0.488748012150719E+00  0.257334954632794E-16
  0.00000000  0.00000000  0.01250000    0.2197D-01  0.204606642907418E+01 -0.107729872382525E-15    0.488742684885596E+00  0.257333712739924E-16
  0.00000000  0.00000000  0.01250000    0.2266D-01  0.204609013294448E+01 -0.107731815860060E-15    0.488737022821630E+00  0.257332392639236E-16
  0.00000000  0.00000000  0.01250000    0.2337D-01  0.204611532648325E+01 -0.107733881417541E-15    0.488731005069369E+00  0.257330989430180E-16
  0.00000000  0.00000000  0.01250000    0.2410D-01  0.204614210270256E+01 -0.107736076669914E-15    0.488724609438999E+00  0.257329497904613E-16
  0.00000000  0.00000000  0.01250000    0.2486D-01  0.204617056041496E+01 -0.107738409706027E-15    0.488717812359299E+00  0.257327912527103E-16
  0.00000000  0.00000000  0.01250000    0.2564D-01  0.204620080459640E+01 -0.107740889118160E-15    0.488710588791526E+00  0.257326227414148E-16
  0.00000000  0.00000000  0.01250000    0.2644D-01  0.204623294677218E+01 -0.107743524033459E-15    0.488702912137860E+00  0.257324436312135E-16
  0.00000000  0.00000000  0.01250000    0.2726D-01  0.204626710542721E+01 -0.107746324147178E-15    0.488694754144143E+00  0.257322532573513E-16
  0.00000000  0.00000000  0.01250000    0.2811D-01  0.204630340644231E+01 -0.107749299758262E-15    0.488686084796484E+00  0.257320509131999E-16
  0.00000000  0.00000000  0.01250000    0.2899D-01  0.204634198355811E+01 -0.107752461806894E-15    0.488676872211375E+00  0.257318358475507E-16
  0.00000000  0.00000000  0.01250000    0.2989D-01  0.204638297886858E+01 -0.107755821914547E-15    0.488667082518877E+00  0.257316072617641E-16
  0.00000000  0.00000000  0.01250000    0.3082D-01  0.204642654334578E+01 -0.107759392426581E-15    0.488656679738460E+00  0.257313643067370E-16
  0.00000000  0.00000000  0.01250000    0.3178D-01  0.204647283739817E+01 -0.107763186457462E-15    0.488645625646991E+00  0.257311060796526E-16
  0.00000000  0.00000000  0.01250000    0.3277D-01  0.204652203146447E+01 -0.107767217938726E-15    0.488633879638428E+00  0.257308316204920E-16
  0.00000000  0.00000000  0.01250000    0.3379D-01  0.204657430664567E+01 -0.107771501670267E-15    0.488621398574577E+00  0.257305399083785E-16
  0.00000000  0.00000000  0.01250000    0.3484D-01  0.204662985537726E+01 -0.107776053374566E-15    0.488608136626478E+00  0.257302298576094E-16
  0.00000000  0.00000000  0.01250000    0.3592D-01  0.204668888214494E+01 -0.107780889754476E-15    0.488594045105671E+00  0.257299003134461E-16
  0.00000000  0.00000000  0.01250000    0.3703D-01  0.204675160424621E+01 -0.107786028554728E-15    0.488579072284780E+00  0.257295500476350E-16
  0.00000000  0.00000000  0.01250000    0.3818D-01  0.204681825260111E+01 -0.107791488627128E-15    0.488563163206695E+00  0.257291777535712E-16
  0.00000000  0.00000000  0.01250000    0.3936D-01  0.204688907261541E+01 -0.107797290000175E-15    0.488546259481589E+00  0.257287820412009E-16
  0.00000000  0.00000000  0.01250000    0.4058D-01  0.204696432509984E+01 -0.107803453952861E-15    0.488528299070979E+00  0.257283614315061E-16
  0.00000000  0.00000000  0.01250000    0.4184D-01  0.204704428724895E+01 -0.107810003093356E-15    0.488509216058004E+00  0.257279143506587E-16
  0.00000000  0.00000000  0.01250000    0.4313D-01  0.204712925368395E+01 -0.107816961442564E-15    0.488488940402972E+00  0.257274391237230E-16
  0.00000000  0.00000000  0.01250000    0.4447D-01  0.204721953756366E+01 -0.107824354523170E-15    0.488467397683238E+00  0.257269339679550E-16
  0.00000000  0.00000000  0.01250000    0.4584D-01  0.204731547176838E+01 -0.107832209454216E-15    0.488444508816339E+00  0.257263969855858E-16
  0.00000000  0.00000000  0.01250000    0.4726D-01  0.204741741016182E+01 -0.107840555051925E-15    0.488420189765292E+00  0.257258261561294E-16
  0.00000000  0.00000000  0.01250000    0.4872D-01  0.204752572893632E+01 -0.107849421936934E-15    0.488394351224830E+00  0.257252193281232E-16
  0.00000000  0.00000000  0.01250000    0.5022D-01  0.204764082804736E+01 -0.107858842648390E-15    0.488366898287335E+00  0.257245742102568E-16
  0.00000000  0.00000000  0.01250000    0.5177D-01  0.204776313274367E+01 -0.107868851765541E-15    0.488337730087054E+00  0.257238883618845E-16
  0.00000000  0.00000000  0.01250000    0.5337D-01  0.204789309519969E+01 -0.107879486037079E-15    0.488306739421127E+00  0.257231591828071E-16
  0.00000000  0.00000000  0.01250000    0.5501D-01  0.204803119625769E+01 -0.107890784519003E-15    0.488273812345862E+00  0.257223839023255E-16
  0.00000000  0.00000000  0.01250000    0.5671D-01  0.204817794728760E+01 -0.107902788721401E-15    0.488238827746533E+00  0.257215595674613E-16
  0.00000000  0.00000000  0.01250000    0.5846D-01  0.204833389217303E+01 -0.107915542764852E-15    0.488201656878861E+00  0.257206830302899E-16
  0.00000000  0.00000000  0.01250000    0.6026D-01  0.204849960943272E+01 -0.107929093547103E-15    0.488162162880239E+00  0.257197509343181E-16
  0.00000000  0.00000000  0.01250000    0.6211D-01  0.204867571448752E+01 -0.107943490920664E-15    0.488120200248555E+00  0.257187596998010E-16
  0.00000000  0.00000000  0.01250000    0.6403D-01  0.204886286208398E+01 -0.107958787882164E-15    0.488075614286289E+00  0.257177055079203E-16
  0.00000000  0.00000000  0.01250000    0.6600D-01  0.204906174888576E+01 -0.107975040774348E-15    0.488028240507529E+00  0.257165842837523E-16
  0.00000000  0.00000000  0.01250000    0.6803D-01  0.204927311624653E+01 -0.107992309501338E-15    0.487977904005109E+00  0.257153916778335E-16
  0.00000000  0.00000000  0.01250000    0.7012D-01  0.204949775317758E+01 -0.108010657758463E-15    0.487924418775079E+00  0.257141230462943E-16
  0.00000000  0.00000000  0.01250000    0.7227D-01  0.204973649952580E+01 -0.108030153277410E-15    0.487867586995375E+00  0.257127734293571E-16
  0.00000000  0.00000000  0.01250000    0.7450D-01  0.204999024937828E+01 -0.108050868088003E-15    0.487807198255348E+00  0.257113375280942E-16
  0.00000000  0.00000000  0.01250000    0.7678D-01  0.205025995471187E+01 -0.108072878797596E-15    0.487743028732439E+00  0.257098096792225E-16
  0.00000000  0.00000000  0.01250000    0.7914D-01  0.205054662930723E+01 -0.108096266889740E-15    0.487674840312139E+00  0.257081838278421E-16
  0.00000000  0.00000000  0.01250000    0.8157D-01  0.205085135294894E+01 -0.108121119043036E-15    0.487602379646916E+00  0.257064534977949E-16
  0.00000000  0.00000000  0.01250000    0.8408D-01  0.205117527593553E+01 -0.108147527472110E-15    0.487525377149402E+00  0.257046117595037E-16
  0.00000000  0.00000000  0.01250000    0.8666D-01  0.205151962392519E+01 -0.108175590292342E-15    0.487443545914852E+00  0.257026511950411E-16
  0.00000000  0.00000000  0.01250000    0.8932D-01  0.205188570314558E+01 -0.108205411909693E-15    0.487356580567320E+00  0.257005638600353E-16
  0.00000000  0.00000000  0.01250000    0.9206D-01  0.205227490599926E+01 -0.108237103438347E-15    0.487264156023530E+00  0.256983412422706E-16
  0.00000000  0.00000000  0.01250000    0.9488D-01  0.205268871709917E+01 -0.108270783147513E-15    0.487165926167892E+00  0.256959742164514E-16
  0.00000000  0.00000000  0.01250000    0.9779D-01  0.205312871977209E+01 -0.108306576940266E-15    0.487061522431485E+00  0.256934529948636E-16
  0.00000000  0.00000000  0.01250000    0.1008D+00  0.205359660307228E+01 -0.108344618866606E-15    0.486950552267155E+00  0.256907670734061E-16
  0.00000000  0.00000000  0.01250000    0.1039D+00  0.205409416935177E+01 -0.108385051673790E-15    0.486832597512109E+00  0.256879051725691E-16
  0.00000000  0.00000000  0.01250000    0.1071D+00  0.205462334243895E+01 -0.108428027396644E-15    0.486707212628541E+00  0.256848551727186E-16
  0.00000000  0.00000000  0.01250000    0.1103D+00  0.205518617648252E+01 -0.108473707991325E-15    0.486573922811953E+00  0.256816040431099E-16
  0.00000000  0.00000000  0.01250000    0.1137D+00  0.205578486552470E+01 -0.108522266016211E-15    0.486432221955662E+00  0.256781377639219E-16
  0.00000000  0.00000000  0.01250000    0.1172D+00  0.205642175387454E+01 -0.108573885363732E-15    0.486281570458922E+00  0.256744412404828E-16
  0.00000000  0.00000000  0.01250000    0.1208D+00  0.205709934736038E+01 -0.108628762047391E-15    0.486121392864753E+00  0.256704982087578E-16
  0.00000000  0.00000000  0.01250000    0.1245D+00  0.205782032555037E+01 -0.108687105049341E-15    0.485951075311956E+00  0.256662911311972E-16
  0.00000000  0.00000000  0.01250000    0.1283D+00  0.205858755503966E+01 -0.108749137232906E-15    0.485769962784379E+00  0.256618010815890E-16
  0.00000000  0.00000000  0.01250000    0.1322D+00  0.205940410391621E+01 -0.108815096326733E-15    0.485577356138300E+00  0.256570076177818E-16
  0.00000000  0.00000000  0.01250000    0.1363D+00  0.206027325752989E+01 -0.108885235986330E-15    0.485372508886964E+00  0.256518886406346E-16
  0.00000000  0.00000000  0.01250000    0.1405D+00  0.206119853570643E+01 -0.108959826940755E-15    0.485154623718610E+00  0.256464202376166E-16
  0.00000000  0.00000000  0.01250000    0.1448D+00  0.206218371156531E+01 -0.109039158231571E-15    0.484922848721828E+00  0.256405765089416E-16
  0.00000000  0.00000000  0.01250000    0.1492D+00  0.206323283212223E+01 -0.109123538553673E-15    0.484676273288752E+00  0.256343293741956E-16
  0.00000000  0.00000000  0.01250000    0.1537D+00  0.206435024088071E+01 -0.109213297707027E-15    0.484413923663154E+00  0.256276483567451E-16
  0.00000000  0.00000000  0.01250000    0.1585D+00  0.206554060264569E+01 -0.109308788170573E-15    0.484134758096321E+00  0.256205003430958E-16
  0.00000000  0.00000000  0.01250000    0.1633D+00  0.206680893082440E+01 -0.109410386810262E-15    0.483837661568999E+00  0.256128493138074E-16
  0.00000000  0.00000000  0.01250000    0.1683D+00  0.206816061751766E+01 -0.109518496734744E-15    0.483521440032188E+00  0.256046560420938E-16
  0.00000000  0.00000000  0.01250000    0.1734D+00  0.206960146674901E+01 -0.109633549313806E-15    0.483184814113428E+00  0.255958777556332E-16
  0.00000000  0.00000000  0.01250000    0.1787D+00  0.207113773123048E+01 -0.109756006376696E-15    0.482826412227976E+00  0.255864677564671E-16
  0.00000000  0.00000000  0.01250000    0.1842D+00  0.207277615312457E+01 -0.109886362609148E-15    0.482444763025939E+00  0.255763749929474E-16
  0.00000000  0.00000000  0.01250000    0.1898D+00  0.207452400933323E+01 -0.110025148170809E-15    0.482038287096716E+00  0.255655435768447E-16
  0.00000000  0.00000000  0.01250000    0.1956D+00  0.207638916192853E+01 -0.110172931556993E-15    0.481605287840749E+00  0.255539122374745E-16
  0.00000000  0.00000000  0.01250000    0.2016D+00  0.207838011443971E+01 -0.110330322732576E-15    0.481143941405338E+00  0.255414137035202E-16
  0.00000000  0.00000000  0.01250000    0.2078D+00  0.208050607482940E+01 -0.110497976568340E-15    0.480652285565665E+00  0.255279740013781E-16
  0.00000000  0.00000000  0.01250000    0.2141D+00  0.208277702613320E+01 -0.110676596615591E-15    0.480128207413811E+00  0.255135116572515E-16
  0.00000000  0.00000000  0.01250000    0.2207D+00  0.208520380590629E+01 -0.110866939258304E-15    0.479569429696764E+00  0.254979367876332E-16
  0.00000000  0.00000000  0.01250000    0.2274D+00  0.208779819582386E+01 -0.111069818289042E-15    0.478973495618620E+00  0.254811500604035E-16
  0.00000000  0.00000000  0.01250000    0.2343D+00  0.209057302302830E+01 -0.111286109959940E-15    0.478337751891322E+00  0.254630415051746E-16
  0.00000000  0.00000000  0.01250000    0.2415D+00  0.209354227511424E+01 -0.111516758568758E-15    0.477659329781353E+00  0.254434891478058E-16
  0.00000000  0.00000000  0.01250000    0.2489D+00  0.209672123100573E+01 -0.111762782648023E-15    0.476935123855416E+00  0.254223574390444E-16
  0.00000000  0.00000000  0.01250000    0.2565D+00  0.210012661042531E+01 -0.112025281835899E-15    0.476161768074299E+00  0.253994954414680E-16
  0.00000000  0.00000000  0.01250000    0.2643D+00  0.210377674520272E+01 -0.112305444519369E-15    0.475335608818911E+00  0.253747347317259E-16
  0.00000000  0.00000000  0.01250000    0.2724D+00  0.210769177634906E+01 -0.112604556354338E-15    0.474452674352698E+00  0.253478869662615E-16
  0.00000000  0.00000000  0.01250000    0.2807D+00  0.211189388166790E+01 -0.112924009784305E-15    0.473508640126480E+00  0.253187410479007E-16
  0.00000000  0.00000000  0.01250000    0.2893D+00  0.211640753973173E+01 -0.113265314698574E-15    0.472498789210871E+00  0.252870598171504E-16
  0.00000000  0.00000000  0.01250000    0.2981D+00  0.212125983738800E+01 -0.113630110394584E-15    0.471417966990477E+00  0.252525761752401E-16
  0.00000000  0.00000000  0.01250000    0.3072D+00  0.212648082965234E+01 -0.114020179037156E-15    0.470260529065523E+00  0.252149885249260E-16
  0.00000000  0.00000000  0.01250000    0.3166D+00  0.213210396301361E+01 -0.114437460840510E-15    0.469020281068545E+00  0.251739553883301E-16
  0.00000000  0.00000000  0.01250000    0.3262D+00  0.213816657596884E+01 -0.114884071238398E-15    0.467690408801232E+00  0.251290890270746E-16
  0.00000000  0.00000000  0.01250000    0.3362D+00  0.214471049423706E+01 -0.115362320357670E-15    0.466263396708810E+00  0.250799478469059E-16
  0.00000000  0.00000000  0.01250000    0.3464D+00  0.215178274286291E+01 -0.115874735166195E-15    0.464730932208107E+00  0.250260273123606E-16
  0.00000000  0.00000000  0.01250000    0.3570D+00  0.215943640372830E+01 -0.116424084739374E-15    0.463083792731049E+00  0.249667490245450E-16
  0.00000000  0.00000000  0.01250000    0.3679D+00  0.216773165542895E+01 -0.117013409173672E-15    0.461311711482168E+00  0.249014475186912E-16
  0.00000000  0.00000000  0.01250000    0.3791D+00  0.217673704389407E+01 -0.117646052782149E-15    0.459403216757433E+00  0.248293542109463E-16
  0.00000000  0.00000000  0.01250000    0.3907D+00  0.218653104777210E+01 -0.118325702336159E-15    0.457345438117112E+00  0.247495777526622E-16
  0.00000000  0.00000000  0.01250000    0.4026D+00  0.219720402432506E+01 -0.119056431278088E-15    0.455123870577827E+00  0.246610798180708E-16
  0.00000000  0.00000000  0.01250000    0.4149D+00  0.220886065216778E+01 -0.119842751029220E-15    0.452722085034472E+00  0.245626450310341E-16
  0.00000000  0.00000000  0.01250000    0.4276D+00  0.222162303097857E+01 -0.120689670765709E-15    0.450121368952285E+00  0.244528432888691E-16
  0.00000000  0.00000000  0.01250000    0.4406D+00  0.223563466210708E+01 -0.121602767347830E-15    0.447300275375720E+00  0.243299821044414E-16
  0.00000000  0.00000000  0.01250000    0.4540D+00  0.225106562880678E+01 -0.122588267485028E-15    0.444234049511061E+00  0.241920456651836E-16
  0.00000000  0.00000000  0.01250000    0.4679D+00  0.226811943883467E+01 -0.123653144719606E-15    0.440893888954007E+00  0.240366159397807E-16
  0.00000000  0.00000000  0.01250000    0.4822D+00  0.228704221646476E+01 -0.124805234458694E-15    0.437245973336588E+00  0.238607690866094E-16
  0.00000000  0.00000000  0.01250000    0.4969D+00  0.230813529039171E+01 -0.126053371113131E-15    0.433250166990987E+00  0.236609371694467E-16
  0.00000000  0.00000000  0.01250000    0.5120D+00  0.233177281912665E+01 -0.127407552483020E-15    0.428858245450577E+00  0.234327199317322E-16
  0.00000000  0.00000000  0.01250000    0.5276D+00  0.235842711918679E+01 -0.128879137944280E-15    0.424011406527927E+00  0.231706225336755E-16
  0.00000000  0.00000000  0.01250000    0.5437D+00  0.238870620352272E+01 -0.130481088858293E-15    0.418636665541062E+00  0.228676795309723E-16
  0.00000000  0.00000000  0.01250000    0.5603D+00  0.242341153724747E+01 -0.132228262120019E-15    0.412641429088767E+00  0.225148961323761E-16
  0.00000000  0.00000000  0.01250000    0.5774D+00  0.246363112370412E+01 -0.134137771113677E-15    0.405904922363734E+00  0.221003790080712E-16
  0.00000000  0.00000000  0.01250000    0.5950D+00  0.251089872474362E+01 -0.136229432908385E-15    0.398263773104631E+00  0.216078997624794E-16
  0.00000000  0.00000000  0.01250000    0.6131D+00  0.256748867130938E+01 -0.138526326805578E-15    0.389485652332018E+00  0.210143154141021E-16
  0.00000000  0.00000000  0.01250000    0.6318D+00  0.263702632966022E+01 -0.141055498105785E-15    0.379215022903791E+00  0.202843495884939E-16
  0.00000000  0.00000000  0.01250000    0.6511D+00  0.272598959936278E+01 -0.143848853381737E-15    0.366839257286146E+00  0.193578899011043E-16
  0.00000000  0.00000000  0.01250000    0.6709D+00  0.284878682928318E+01 -0.146944311965750E-15    0.351026615863575E+00  0.181064318395201E-16
  0.00000000  0.00000000  0.01250000    0.6914D+00  0.307624983556855E+01  0.547850063571785E-03    0.325071116370836E+00 -0.578919922920366E-04
  0.00000000  0.00000000  0.01250000    0.7125D+00  0.328302753774155E+01  0.270252908132814E+00    0.302546753563462E+00 -0.249051033098900E-01
  0.00000000  0.00000000  0.01250000    0.7342D+00  0.334333715928366E+01  0.519151909643308E+00    0.292060268244429E+00 -0.453509887774880E-01
  0.00000000  0.00000000  0.01250000    0.7565D+00  0.337703688629199E+01  0.704042079840392E+00    0.283783339285200E+00 -0.591629345907976E-01
  0.00000000  0.00000000  0.01250000    0.7796D+00  0.345279829839647E+01  0.891620105094826E+00    0.271514659291558E+00 -0.701135450526472E-01
  0.00000000  0.00000000  0.01250000    0.8034D+00  0.362950315590853E+01  0.114423913000747E+01    0.250611705358887E+00 -0.790079819169518E-01
  0.00000000  0.00000000  0.01250000    0.8279D+00  0.370820379760279E+01  0.182090726483519E+01    0.217279959676451E+00 -0.106694960329235E+00
  0.00000000  0.00000000  0.01250000    0.8531D+00  0.302423839775596E+01  0.281941140527488E+01    0.176906754142387E+00 -0.164925133107662E+00
  0.00000000  0.00000000  0.01250000    0.8791D+00  0.212827266526458E+01  0.251265671436001E+01    0.196281007228016E+00 -0.231731017722538E+00
  0.00000000  0.00000000  0.01250000    0.9059D+00  0.172593687075958E+01  0.221379870402366E+01    0.219034115381163E+00 -0.280947379352517E+00
  0.00000000  0.00000000  0.01250000    0.9335D+00  0.149285033546652E+01  0.192861709266797E+01    0.250976575282907E+00 -0.324237267092566E+00
  0.00000000  0.00000000  0.01250000    0.9619D+00  0.135696154374651E+01  0.168031405679457E+01    0.290893833645140E+00 -0.360211385474679E+00
  0.00000000  0.00000000  0.01250000    0.9913D+00  0.129382089380440E+01  0.144010816941733E+01    0.345213693464251E+00 -0.384245657596993E+00
  0.00000000  0.00000000  0.01250000    0.1021D+01  0.127376330529776E+01  0.125291484313223E+01    0.399015083014863E+00 -0.392484159391053E+00
  0.00000000  0.00000000  0.01250000    0.1053D+01  0.129092392776362E+01  0.104383285845964E+01    0.468392735760387E+00 -0.378739380172079E+00
  0.00000000  0.00000000  0.01250000    0.1085D+01  0.137039685534605E+01  0.852074744397119E+00    0.526262251576405E+00 -0.327215267423090E+00
  0.00000000  0.00000000  0.01250000    0.1118D+01  0.152951773553308E+01  0.654735865654926E+00    0.552550764084739E+00 -0.236528674651310E+00
  0.00000000  0.00000000  0.01250000    0.1152D+01  0.193529235513415E+01  0.445009370585235E+00    0.490768712650829E+00 -0.112849448994249E+00
  0.00000000  0.00000000  0.01250000    0.1187D+01  0.234925403317387E+01  0.807110335907328E+00    0.380728284533811E+00 -0.130803109957569E+00
  0.00000000  0.00000000  0.01250000    0.1223D+01  0.274039478622356E+01  0.113664992492488E+01    0.311347055642972E+00 -0.129139279202122E+00
  0.00000000  0.00000000  0.01250000    0.1260D+01  0.204109192435484E+01  0.273504415489643E+01    0.175253332188064E+00 -0.234837831705495E+00
  0.00000000  0.00000000  0.01250000    0.1299D+01  0.100375723664996E+01  0.164648684887563E+01    0.269939868067826E+00 -0.442788780526514E+00
  0.00000000  0.00000000  0.01250000    0.1338D+01  0.144847030533306E+01  0.753544878307745E+00    0.543333365622506E+00 -0.282661006836730E+00
  0.00000000  0.00000000  0.01250000    0.1379D+01  0.238063690906192E+01  0.973014168468266E+00    0.359928787898261E+00 -0.147110132137966E+00
  0.00000000  0.00000000  0.01250000    0.1421D+01  0.278577523999513E+01  0.220146107632666E+01    0.220970957552202E+00 -0.174622473150653E+00
  0.00000000  0.00000000  0.01250000    0.1464D+01  0.149479913557941E+01  0.391477900401887E+01    0.851256276610975E-01 -0.222938327926194E+00
  0.00000000  0.00000000  0.01250000    0.1509D+01  0.461854405648206E+00  0.249179979183444E+01    0.719133273433901E-01 -0.387987235615705E+00
  0.00000000  0.00000000  0.01250000    0.1555D+01 -0.150754317078776E+00  0.321269620421008E+01   -0.145738806911948E-01 -0.310581163342379E+00
  0.00000000  0.00000000  0.01250000    0.1602D+01 -0.120065113699806E+01  0.192533254412407E+01   -0.233205490801126E+00 -0.373962183578526E+00
  0.00000000  0.00000000  0.01250000    0.1651D+01 -0.909871953455740E+00  0.463202016856010E+00   -0.872843254165315E+00 -0.444351267442606E+00
  0.00000000  0.00000000  0.01250000    0.1701D+01 -0.206135762265968E+00  0.278195409443680E+00   -0.171945100851762E+01 -0.232052591008309E+01
  0.00000000  0.00000000  0.01250000    0.1753D+01  0.141384277544348E+00  0.244839724773962E+00    0.176871833864529E+01 -0.306294673465892E+01
  0.00000000  0.00000000  0.01250000    0.1807D+01  0.345363134509811E+00  0.253356991652267E+00    0.188244225753833E+01 -0.138095198842210E+01
  0.00000000  0.00000000  0.01250000    0.1862D+01  0.466794724960951E+00  0.264156652948093E+00    0.162264019137598E+01 -0.918243456861664E+00
  0.00000000  0.00000000  0.01250000    0.1919D+01  0.553643702569041E+00  0.251469221797101E+00    0.149731317383295E+01 -0.680091143208418E+00
  0.00000000  0.00000000  0.01250000    0.1977D+01  0.631683130994383E+00  0.244823815175307E+00    0.137632908114829E+01 -0.533429056516066E+00
  0.00000000  0.00000000  0.01250000    0.2037D+01  0.693864272966436E+00  0.250913405779299E+00    0.127453653209902E+01 -0.460894607949605E+00
  0.00000000  0.00000000  0.01250000    0.2099D+01  0.731544604853179E+00  0.261531963503060E+00    0.121205658947313E+01 -0.433318129364578E+00
  0.00000000  0.00000000  0.01250000    0.2163D+01  0.757858822309651E+00  0.250385591493570E+00    0.118965108305401E+01 -0.393043508015980E+00
  0.00000000  0.00000000  0.01250000    0.2229D+01  0.793230624506379E+00  0.234156172738982E+00    0.115961940707610E+01 -0.342311597416903E+00
  0.00000000  0.00000000  0.01250000    0.2297D+01  0.827980421975888E+00  0.235810044266166E+00    0.111714434838487E+01 -0.318164356610843E+00
  0.00000000  0.00000000  0.01250000    0.2367D+01  0.843339677212762E+00  0.241528575938439E+00    0.109587558842958E+01 -0.313853690785522E+00
  0.00000000  0.00000000  0.01250000    0.2439D+01  0.858430123994433E+00  0.215164127489301E+00    0.109605777341909E+01 -0.274725114955442E+00
  0.00000000  0.00000000  0.01250000    0.2513D+01  0.901669272923017E+00  0.186419596303521E+00    0.106359057469910E+01 -0.219896731009669E+00
  0.00000000  0.00000000  0.01250000    0.2590D+01  0.958364163470573E+00  0.190361792720596E+00    0.100383857076221E+01 -0.199394465294239E+00
  0.00000000  0.00000000  0.01250000    0.2669D+01  0.101656451883004E+01  0.209354096622352E+00    0.943681576094448E+00 -0.194344382676061E+00
  0.00000000  0.00000000  0.01250000    0.2750D+01  0.108436577288322E+01  0.261959588716385E+00    0.871346090261372E+00 -0.210498587416297E+00
  0.00000000  0.00000000  0.01250000    0.2834D+01  0.108981958301752E+01  0.418167108494182E+00    0.799826225274701E+00 -0.306895769843734E+00
  0.00000000  0.00000000  0.01250000    0.2920D+01  0.926693913936067E+00  0.564059784876129E+00    0.787385664972186E+00 -0.479265679983088E+00
  0.00000000  0.00000000  0.01250000    0.3009D+01  0.760081043135430E+00  0.423698930785920E+00    0.100374656932516E+01 -0.559527634643730E+00
  0.00000000  0.00000000  0.01250000    0.3101D+01  0.758159952568433E+00  0.274495934104285E+00    0.116612269208960E+01 -0.422201062666187E+00
  0.00000000  0.00000000  0.01250000    0.3195D+01  0.797565241538434E+00  0.239050739571639E+00    0.115046351643182E+01 -0.344823395165425E+00
  0.00000000  0.00000000  0.01250000    0.3293D+01  0.823417147684885E+00  0.187764611562980E+00    0.115442341749219E+01 -0.263244292609244E+00
  0.00000000  0.00000000  0.01250000    0.3393D+01  0.881018347859321E+00  0.144952670301201E+00    0.110513454306163E+01 -0.181826182676118E+00
  0.00000000  0.00000000  0.01250000    0.3496D+01  0.966619855807990E+00  0.155711222615944E+00    0.100836629031787E+01 -0.162436087947783E+00
  0.00000000  0.00000000  0.01250000    0.3603D+01  0.958122979660372E+00  0.293022882013206E+00    0.954436893281219E+00 -0.291895565711335E+00
  0.00000000  0.00000000  0.01250000    0.3713D+01  0.877814336532351E+00  0.267302852751689E+00    0.104252391540222E+01 -0.317458493272860E+00
  0.00000000  0.00000000  0.01250000    0.3826D+01  0.858915837945262E+00  0.207774690418551E+00    0.109989553865063E+01 -0.266068507460036E+00
  0.00000000  0.00000000  0.01250000    0.3942D+01  0.875449715998480E+00  0.167980937632901E+00    0.110170763200995E+01 -0.211395215099568E+00
  0.00000000  0.00000000  0.01250000    0.4062D+01  0.934167629426275E+00  0.122000221097848E+00    0.105252013612799E+01 -0.137456796053204E+00
  0.00000000  0.00000000  0.01250000    0.4186D+01  0.986594869272028E+00  0.180935875130980E+00    0.980606085327723E+00 -0.179837566293500E+00
  0.00000000  0.00000000  0.01250000    0.4313D+01  0.106394613674170E+01  0.192433993023508E+00    0.910124047722079E+00 -0.164612472945515E+00
  0.00000000  0.00000000  0.01250000    0.4445D+01  0.911027842970802E+00  0.534752499004481E+00    0.816382961365448E+00 -0.479198119029216E+00
  0.00000000  0.00000000  0.01250000    0.4580D+01  0.706851682092838E+00  0.237806798025187E+00    0.127087854210278E+01 -0.427562902420434E+00
  0.00000000  0.00000000  0.01250000    0.4720D+01  0.777894529952291E+00  0.125194473062332E+00    0.125306476310145E+01 -0.201668448213774E+00
  0.00000000  0.00000000  0.01250000    0.4863D+01  0.852390691413950E+00  0.112714226522373E+00    0.115300990488907E+01 -0.152466023985582E+00
  0.00000000  0.00000000  0.01250000    0.5012D+01  0.876400046127549E+00  0.151164332529240E+00    0.110806594616426E+01 -0.191122821011267E+00
  0.00000000  0.00000000  0.01250000    0.5164D+01  0.865880053830083E+00  0.157323711874861E+00    0.111798728439243E+01 -0.203129646688949E+00
  0.00000000  0.00000000  0.01250000    0.5322D+01  0.826813965856751E+00  0.171384075354752E+00    0.115963690677434E+01 -0.240372450420363E+00
  0.00000000  0.00000000  0.01250000    0.5484D+01  0.815296325791949E+00  0.827041461940404E-01    0.121405504173303E+01 -0.123154468483061E+00
  0.00000000  0.00000000  0.01250000    0.5651D+01  0.873437133973466E+00  0.538184737551602E-01    0.114057174916097E+01 -0.702784761037666E-01
  0.00000000  0.00000000  0.01250000    0.5823D+01  0.886477478449897E+00  0.113479510263761E+00    0.110987275678042E+01 -0.142076724966286E+00
  0.00000000  0.00000000  0.01250000    0.6000D+01  0.862409851499329E+00  0.914975456465249E-01    0.114663474491362E+01 -0.121652442548318E+00
  0.00000000  0.00000000  0.01250000    0.6183D+01  0.864225485165254E+00  0.718829575968068E-01    0.114915525756197E+01 -0.955823220553132E-01
  0.00000000  0.00000000  0.01250000    0.6371D+01  0.872452873079248E+00  0.583161323071139E-01    0.114109553163085E+01 -0.762726332286336E-01
  0.00000000  0.00000000  0.01250000    0.6565D+01  0.882841520128246E+00  0.486957432478906E-01    0.112927043427317E+01 -0.622882611103430E-01
  0.00000000  0.00000000  0.01250000    0.6765D+01  0.887165263898175E+00  0.474021558463945E-01    0.112397688737205E+01 -0.600552453427327E-01
  0.00000000  0.00000000  0.01250000    0.6971D+01  0.898812702702966E+00  0.266992384935676E-01    0.111159798634177E+01 -0.330200270390666E-01
  0.00000000  0.00000000  0.01250000    0.7184D+01  0.917810595505019E+00  0.345160222073974E-01    0.108801066628606E+01 -0.409167212748849E-01
  0.00000000  0.00000000  0.01250000    0.7402D+01  0.909649066211868E+00  0.545155796164026E-01    0.109539078846545E+01 -0.656471445503070E-01
  0.00000000  0.00000000  0.01250000    0.7628D+01  0.903466222798772E+00  0.265455796243809E-01    0.110589352620667E+01 -0.324932841042636E-01
  0.00000000  0.00000000  0.01250000    0.7860D+01  0.915303485729894E+00  0.229257425471504E-01    0.109184882309998E+01 -0.273476998711946E-01
  0.00000000  0.00000000  0.01250000    0.8100D+01  0.920118121478884E+00  0.217015659298673E-01    0.108621274158824E+01 -0.256190122498094E-01
  0.00000000  0.00000000  0.01250000    0.8346D+01  0.924105392272760E+00  0.155667025412775E-01    0.108182067701828E+01 -0.182234416365969E-01
  0.00000000  0.00000000  0.01250000    0.8600D+01  0.932718801783358E+00  0.991139524918004E-02    0.107201344236906E+01 -0.113915886754277E-01
  0.00000000  0.00000000  0.01250000    0.8862D+01  0.939257619864385E+00  0.137534827041174E-01    0.106444239519373E+01 -0.155865544896405E-01
  0.00000000  0.00000000  0.01250000    0.9132D+01  0.940274972066664E+00  0.132867130616941E-01    0.106330636653953E+01 -0.150252287985834E-01
  0.00000000  0.00000000  0.01250000    0.9410D+01  0.944267419845222E+00  0.763061666355037E-02    0.105895287799939E+01 -0.855738883599439E-02
  0.00000000  0.00000000  0.01250000    0.9697D+01  0.950555920711891E+00  0.818148395232193E-02    0.105193803158874E+01 -0.905408502198889E-02
  0.00000000  0.00000000  0.01250000    0.9992D+01  0.952936335085004E+00  0.108362855669009E-01    0.104925236829464E+01 -0.119315403096404E-01
  0.00000000  0.00000000  0.01250000    0.1030D+02  0.953415042361665E+00  0.965385624965359E-02    0.104875362693466E+01 -0.106192123114096E-01
  0.00000000  0.00000000  0.01250000    0.1061D+02  0.954284324774874E+00  0.804101941904261E-02    0.104783132000094E+01 -0.882926793751567E-02
  0.00000000  0.00000000  0.01250000    0.1093D+02  0.956509879161522E+00  0.421189455105534E-02    0.104544723712698E+01 -0.460352121541175E-02
  0.00000000  0.00000000  0.01250000    0.1127D+02  0.960422656230102E+00  0.237322837501336E-02    0.104120189958664E+01 -0.257283590322218E-02
  0.00000000  0.00000000  0.01250000    0.1161D+02  0.963709125165463E+00  0.211768922154611E-02    0.103765248785645E+01 -0.228017503607929E-02
  0.00000000  0.00000000  0.01250000    0.1196D+02  0.966118683896958E+00  0.160501099359540E-02    0.103506666081967E+01 -0.171955412664065E-02
  0.00000000  0.00000000  0.01250000    0.1233D+02  0.968591816246409E+00  0.737383099151782E-03    0.103242604744189E+01 -0.785979713784878E-03
  0.00000000  0.00000000  0.01250000    0.1270D+02  0.971043660527540E+00  0.532823984874787E-03    0.102981950201003E+01 -0.565075035312679E-03
  0.00000000  0.00000000  0.01250000    0.1309D+02  0.973150124498320E+00  0.318604016758216E-03    0.102759057173050E+01 -0.336427520784616E-03
  0.00000000  0.00000000  0.01250000    0.1349D+02  0.975064026855926E+00  0.197350260692458E-03    0.102557363567174E+01 -0.207573265739027E-03
  0.00000000  0.00000000  0.01250000    0.1390D+02  0.976827859653577E+00  0.520687737358327E-04    0.102372182291497E+01 -0.545684067453785E-04
  0.00000000  0.00000000  0.01250000    0.1432D+02  0.978477482304480E+00  0.778938806160281E-06    0.102199592538829E+01 -0.813582632630174E-06
  0.00000000  0.00000000  0.01250000    0.1476D+02  0.979966099195297E+00  0.140130664833701E-17    0.102044346311689E+01 -0.145918742525068E-17
  0.00000000  0.00000000  0.01250000    0.1521D+02  0.981311680989530E+00  0.130433320792071E-17    0.101904422353520E+01 -0.135448629303631E-17
  0.00000000  0.00000000  0.01250000    0.1567D+02  0.982545173345025E+00  0.121612844066065E-17    0.101776491008098E+01 -0.125972106589472E-17
