 q(1:3)   w(Ry)   eps  epsi --- LFC included. 
  0.00000000  0.00000000  0.01000000    0.0000D+00  0.285698796104315E+01 -0.507224956647229E-16    0.350018975800962E+00  0.621417948718018E-17
  0.00000000  0.00000000  0.01000000    0.1015D-04  0.285698796121118E+01 -0.507224970824427E-16    0.350018975780375E+00  0.621417966013869E-17
  0.00000000  0.00000000  0.01000000    0.3076D-04  0.285698796258625E+01 -0.507224970612420E-16    0.350018975611911E+00  0.621417965155957E-17
  0.00000000  0.00000000  0.01000000    0.5200D-04  0.285698796545259E+01 -0.507224964116491E-16    0.350018975260746E+00  0.621417955950675E-17
  0.00000000  0.00000000  0.01000000    0.7389D-04  0.285698796994525E+01 -0.507224969974515E-16    0.350018974710336E+00  0.621417961173154E-17
  0.00000000  0.00000000  0.01000000    0.9644D-04  0.285698797620891E+01 -0.507224956267615E-16    0.350018973942954E+00  0.621417941655586E-17
  0.00000000  0.00000000  0.01000000    0.1197D-03  0.285698798439858E+01 -0.507224962186859E-16    0.350018972939611E+00  0.621417945344810E-17
  0.00000000  0.00000000  0.01000000    0.1436D-03  0.285698799468020E+01 -0.507224972694223E-16    0.350018971679976E+00  0.621417953745057E-17
  0.00000000  0.00000000  0.01000000    0.1683D-03  0.285698800723142E+01 -0.507224986404540E-16    0.350018970142285E+00  0.621417965082032E-17
  0.00000000  0.00000000  0.01000000    0.1937D-03  0.285698802224234E+01 -0.507224977979540E-16    0.350018968303247E+00  0.621417948230293E-17
  0.00000000  0.00000000  0.01000000    0.2199D-03  0.285698803991634E+01 -0.507224978309167E-16    0.350018966137948E+00  0.621417940945654E-17
  0.00000000  0.00000000  0.01000000    0.2469D-03  0.285698806047092E+01 -0.507224991824392E-16    0.350018963619739E+00  0.621417948562027E-17
  0.00000000  0.00000000  0.01000000    0.2748D-03  0.285698808413866E+01 -0.507224974995114E-16    0.350018960720127E+00  0.621417917648079E-17
  0.00000000  0.00000000  0.01000000    0.3034D-03  0.285698811116815E+01 -0.507224984389035E-16    0.350018957408656E+00  0.621417917398617E-17
  0.00000000  0.00000000  0.01000000    0.3330D-03  0.285698814182509E+01 -0.507224994480055E-16    0.350018953652773E+00  0.621417916425190E-17
  0.00000000  0.00000000  0.01000000    0.3634D-03  0.285698817639337E+01 -0.507225010642144E-16    0.350018949417700E+00  0.621417921188135E-17
  0.00000000  0.00000000  0.01000000    0.3948D-03  0.285698821517623E+01 -0.507225017675116E-16    0.350018944666286E+00  0.621417912933291E-17
  0.00000000  0.00000000  0.01000000    0.4271D-03  0.285698825849753E+01 -0.507225039568921E-16    0.350018939358853E+00  0.621417920910645E-17
  0.00000000  0.00000000  0.01000000    0.4604D-03  0.285698830670311E+01 -0.507225048475114E-16    0.350018933453030E+00  0.621417910851708E-17
  0.00000000  0.00000000  0.01000000    0.4948D-03  0.285698836016216E+01 -0.507225062110198E-16    0.350018926903588E+00  0.621417904300949E-17
  0.00000000  0.00000000  0.01000000    0.5301D-03  0.285698841926872E+01 -0.507225057434355E-16    0.350018919662251E+00  0.621417872860119E-17
  0.00000000  0.00000000  0.01000000    0.5666D-03  0.285698848444337E+01 -0.507225071071307E-16    0.350018911677493E+00  0.621417861215173E-17
  0.00000000  0.00000000  0.01000000    0.6041D-03  0.285698855613482E+01 -0.507225098602484E-16    0.350018902894342E+00  0.621417863757581E-17
  0.00000000  0.00000000  0.01000000    0.6428D-03  0.285698863482177E+01 -0.507225114932111E-16    0.350018893254149E+00  0.621417849533453E-17
  0.00000000  0.00000000  0.01000000    0.6827D-03  0.285698872101485E+01 -0.507225146942332E-16    0.350018882694358E+00  0.621417851254840E-17
  0.00000000  0.00000000  0.01000000    0.7238D-03  0.285698881525861E+01 -0.507225153841784E-16    0.350018871148252E+00  0.621417818710043E-17
  0.00000000  0.00000000  0.01000000    0.7662D-03  0.285698891813375E+01 -0.507225188639483E-16    0.350018858544689E+00  0.621417816589498E-17
  0.00000000  0.00000000  0.01000000    0.8098D-03  0.285698903025939E+01 -0.507225209073479E-16    0.350018844807818E+00  0.621417792847402E-17
  0.00000000  0.00000000  0.01000000    0.8548D-03  0.285698915229554E+01 -0.507225237989664E-16    0.350018829856780E+00  0.621417775185881E-17
  0.00000000  0.00000000  0.01000000    0.9011D-03  0.285698928494570E+01 -0.507225279223525E-16    0.350018813605388E+00  0.621417767997875E-17
  0.00000000  0.00000000  0.01000000    0.9488D-03  0.285698942895964E+01 -0.507225304973742E-16    0.350018795961785E+00  0.621417736896941E-17
  0.00000000  0.00000000  0.01000000    0.9980D-03  0.285698958513632E+01 -0.507225337598405E-16    0.350018776828088E+00  0.621417708927129E-17
  0.00000000  0.00000000  0.01000000    0.1049D-02  0.285698975432706E+01 -0.507225379210779E-16    0.350018756099999E+00  0.621417686307119E-17
  0.00000000  0.00000000  0.01000000    0.1101D-02  0.285698993743884E+01 -0.507225431421504E-16    0.350018733666404E+00  0.621417670615617E-17
  0.00000000  0.00000000  0.01000000    0.1155D-02  0.285699013543783E+01 -0.507225480786418E-16    0.350018709408932E+00  0.621417644961450E-17
  0.00000000  0.00000000  0.01000000    0.1210D-02  0.285699034935318E+01 -0.507225527279770E-16    0.350018683201503E+00  0.621417608865383E-17
  0.00000000  0.00000000  0.01000000    0.1267D-02  0.285699058028094E+01 -0.507225576055205E-16    0.350018654909834E+00  0.621417568164506E-17
  0.00000000  0.00000000  0.01000000    0.1326D-02  0.285699082938838E+01 -0.507225649286222E-16    0.350018624390922E+00  0.621417549516471E-17
  0.00000000  0.00000000  0.01000000    0.1387D-02  0.285699109791847E+01 -0.507225698745133E-16    0.350018591492488E+00  0.621417493295356E-17
  0.00000000  0.00000000  0.01000000    0.1450D-02  0.285699138719463E+01 -0.507225769239690E-16    0.350018556052397E+00  0.621417453820794E-17
  0.00000000  0.00000000  0.01000000    0.1514D-02  0.285699169862586E+01 -0.507225856482925E-16    0.350018517898030E+00  0.621417425227744E-17
  0.00000000  0.00000000  0.01000000    0.1580D-02  0.285699203371216E+01 -0.507225942069329E-16    0.350018476845620E+00  0.621417384314548E-17
  0.00000000  0.00000000  0.01000000    0.1649D-02  0.285699239405018E+01 -0.507226009516657E-16    0.350018432699558E+00  0.621417310193767E-17
  0.00000000  0.00000000  0.01000000    0.1719D-02  0.285699278133945E+01 -0.507226116548116E-16    0.350018385251631E+00  0.621417272844460E-17
  0.00000000  0.00000000  0.01000000    0.1792D-02  0.285699319738877E+01 -0.507226193909658E-16    0.350018334280242E+00  0.621417186634646E-17
  0.00000000  0.00000000  0.01000000    0.1867D-02  0.285699364412313E+01 -0.507226315623223E-16    0.350018279549558E+00  0.621417141413318E-17
  0.00000000  0.00000000  0.01000000    0.1944D-02  0.285699412359105E+01 -0.507226433268740E-16    0.350018220808613E+00  0.621417076968535E-17
  0.00000000  0.00000000  0.01000000    0.2024D-02  0.285699463797227E+01 -0.507226539076146E-16    0.350018157790364E+00  0.621416982832776E-17
  0.00000000  0.00000000  0.01000000    0.2106D-02  0.285699518958611E+01 -0.507226673390073E-16    0.350018090210669E+00  0.621416907424419E-17
  0.00000000  0.00000000  0.01000000    0.2190D-02  0.285699578090021E+01 -0.507226821818771E-16    0.350018017767219E+00  0.621416832038274E-17
  0.00000000  0.00000000  0.01000000    0.2277D-02  0.285699641453982E+01 -0.507226966785396E-16    0.350017940138392E+00  0.621416733998475E-17
  0.00000000  0.00000000  0.01000000    0.2367D-02  0.285699709329773E+01 -0.507227142876900E-16    0.350017856982044E+00  0.621416654463484E-17
  0.00000000  0.00000000  0.01000000    0.2459D-02  0.285699782014478E+01 -0.507227301141545E-16    0.350017767934218E+00  0.621416532168947E-17
  0.00000000  0.00000000  0.01000000    0.2554D-02  0.285699859824104E+01 -0.507227491746623E-16    0.350017672607773E+00  0.621416427201385E-17
  0.00000000  0.00000000  0.01000000    0.2652D-02  0.285699943094771E+01 -0.507227705760619E-16    0.350017570590935E+00  0.621416327156401E-17
  0.00000000  0.00000000  0.01000000    0.2753D-02  0.285700032183964E+01 -0.507227899352300E-16    0.350017461445749E+00  0.621416176780246E-17
  0.00000000  0.00000000  0.01000000    0.2858D-02  0.285700127471887E+01 -0.507228129024205E-16    0.350017344706435E+00  0.621416043641546E-17
  0.00000000  0.00000000  0.01000000    0.2965D-02  0.285700229362869E+01 -0.507228363156857E-16    0.350017219877656E+00  0.621415887243704E-17
  0.00000000  0.00000000  0.01000000    0.3075D-02  0.285700338286892E+01 -0.507228648343003E-16    0.350017086432649E+00  0.621415762797974E-17
  0.00000000  0.00000000  0.01000000    0.3189D-02  0.285700454701185E+01 -0.507228916073902E-16    0.350016943811274E+00  0.621415584383933E-17
  0.00000000  0.00000000  0.01000000    0.3307D-02  0.285700579091934E+01 -0.507229230072246E-16    0.350016791417919E+00  0.621415427954523E-17
  0.00000000  0.00000000  0.01000000    0.3428D-02  0.285700711976097E+01 -0.507229525682079E-16    0.350016628619276E+00  0.621415212049767E-17
  0.00000000  0.00000000  0.01000000    0.3553D-02  0.285700853903321E+01 -0.507229870741221E-16    0.350016454741991E+00  0.621415017387937E-17
  0.00000000  0.00000000  0.01000000    0.3681D-02  0.285701005457994E+01 -0.507230214703153E-16    0.350016269070158E+00  0.621414779501559E-17
  0.00000000  0.00000000  0.01000000    0.3813D-02  0.285701167261412E+01 -0.507230614911204E-16    0.350016070842656E+00  0.621414565940079E-17
  0.00000000  0.00000000  0.01000000    0.3950D-02  0.285701339974087E+01 -0.507231023453417E-16    0.350015859250327E+00  0.621414315132625E-17
  0.00000000  0.00000000  0.01000000    0.4090D-02  0.285701524298198E+01 -0.507231451077255E-16    0.350015633432974E+00  0.621414037191583E-17
  0.00000000  0.00000000  0.01000000    0.4235D-02  0.285701720980190E+01 -0.507231934171216E-16    0.350015392476176E+00  0.621413773449752E-17
  0.00000000  0.00000000  0.01000000    0.4385D-02  0.285701930813542E+01 -0.507232427413430E-16    0.350015135407898E+00  0.621413464931240E-17
  0.00000000  0.00000000  0.01000000    0.4538D-02  0.285702154641702E+01 -0.507232967229936E-16    0.350014861194903E+00  0.621413152592831E-17
  0.00000000  0.00000000  0.01000000    0.4697D-02  0.285702393361206E+01 -0.507233542947057E-16    0.350014568738921E+00  0.621412819458153E-17
  0.00000000  0.00000000  0.01000000    0.4860D-02  0.285702647924988E+01 -0.507234136703348E-16    0.350014256872605E+00  0.621412439499872E-17
  0.00000000  0.00000000  0.01000000    0.5029D-02  0.285702919345902E+01 -0.507234794770902E-16    0.350013924355212E+00  0.621412065000030E-17
  0.00000000  0.00000000  0.01000000    0.5202D-02  0.285703208700458E+01 -0.507235484023471E-16    0.350013569868036E+00  0.621411650692852E-17
  0.00000000  0.00000000  0.01000000    0.5381D-02  0.285703517132794E+01 -0.507236219371980E-16    0.350013192009535E+00  0.621411209868712E-17
  0.00000000  0.00000000  0.01000000    0.5565D-02  0.285703845858884E+01 -0.507236993514406E-16    0.350012789290181E+00  0.621410728292517E-17
  0.00000000  0.00000000  0.01000000    0.5755D-02  0.285704196171030E+01 -0.507237838493970E-16    0.350012360126966E+00  0.621410239598635E-17
  0.00000000  0.00000000  0.01000000    0.5950D-02  0.285704569442605E+01 -0.507238729438174E-16    0.350011902837588E+00  0.621409707341910E-17
  0.00000000  0.00000000  0.01000000    0.6152D-02  0.285704967133117E+01 -0.507239675457525E-16    0.350011415634253E+00  0.621409136334779E-17
  0.00000000  0.00000000  0.01000000    0.6360D-02  0.285705390793568E+01 -0.507240676973347E-16    0.350010896617115E+00  0.621408520346724E-17
  0.00000000  0.00000000  0.01000000    0.6574D-02  0.285705842072157E+01 -0.507241764319536E-16    0.350010343767294E+00  0.621407889369551E-17
  0.00000000  0.00000000  0.01000000    0.6794D-02  0.285706322720339E+01 -0.507242890340257E-16    0.350009754939460E+00  0.621407178015309E-17
  0.00000000  0.00000000  0.01000000    0.7021D-02  0.285706834599245E+01 -0.507244143586768E-16    0.350009127853969E+00  0.621406486669700E-17
  0.00000000  0.00000000  0.01000000    0.7255D-02  0.285707379686526E+01 -0.507245417787431E-16    0.350008460088496E+00  0.621405676540518E-17
  0.00000000  0.00000000  0.01000000    0.7497D-02  0.285707960083598E+01 -0.507246816190496E-16    0.350007749069155E+00  0.621404864972550E-17
  0.00000000  0.00000000  0.01000000    0.7745D-02  0.285708578023357E+01 -0.507248276087799E-16    0.350006992061067E+00  0.621403965432000E-17
  0.00000000  0.00000000  0.01000000    0.8001D-02  0.285709235878361E+01 -0.507249857945171E-16    0.350006186158345E+00  0.621403041672543E-17
  0.00000000  0.00000000  0.01000000    0.8265D-02  0.285709936169521E+01 -0.507251516805496E-16    0.350005328273452E+00  0.621402027654276E-17
  0.00000000  0.00000000  0.01000000    0.8537D-02  0.285710681575348E+01 -0.507253282637722E-16    0.350004415125894E+00  0.621400948439810E-17
  0.00000000  0.00000000  0.01000000    0.8818D-02  0.285711474941752E+01 -0.507255195587473E-16    0.350003443230228E+00  0.621399840829752E-17
  0.00000000  0.00000000  0.01000000    0.9107D-02  0.285712319292472E+01 -0.507257198566257E-16    0.350002408883301E+00  0.621398621736864E-17
  0.00000000  0.00000000  0.01000000    0.9404D-02  0.285713217840139E+01 -0.507259342990596E-16    0.350001308150719E+00  0.621397340173879E-17
  0.00000000  0.00000000  0.01000000    0.9711D-02  0.285714173998040E+01 -0.507261623020681E-16    0.350000136852455E+00  0.621395974140417E-17
  0.00000000  0.00000000  0.01000000    0.1003D-01  0.285715191392603E+01 -0.507264048524872E-16    0.349998890547578E+00  0.621394519951920E-17
  0.00000000  0.00000000  0.01000000    0.1035D-01  0.285716273876668E+01 -0.507266641173320E-16    0.349997564518030E+00  0.621392987396095E-17
  0.00000000  0.00000000  0.01000000    0.1069D-01  0.285717425543581E+01 -0.507269379135115E-16    0.349996153751381E+00  0.621391331926517E-17
  0.00000000  0.00000000  0.01000000    0.1103D-01  0.285718650742169E+01 -0.507272301146702E-16    0.349994652922534E+00  0.621389582079710E-17
  0.00000000  0.00000000  0.01000000    0.1139D-01  0.285719954092639E+01 -0.507275416605589E-16    0.349993056374274E+00  0.621387729271992E-17
  0.00000000  0.00000000  0.01000000    0.1176D-01  0.285721340503483E+01 -0.507278725795420E-16    0.349991358096618E+00  0.621385752502084E-17
  0.00000000  0.00000000  0.01000000    0.1214D-01  0.285722815189419E+01 -0.507282234301768E-16    0.349989551704876E+00  0.621383635931985E-17
  0.00000000  0.00000000  0.01000000    0.1253D-01  0.285724383690473E+01 -0.507285957560267E-16    0.349987630416347E+00  0.621381374374893E-17
  0.00000000  0.00000000  0.01000000    0.1293D-01  0.285726051892228E+01 -0.507289941513232E-16    0.349985587025571E+00  0.621378998508835E-17
  0.00000000  0.00000000  0.01000000    0.1334D-01  0.285727826047349E+01 -0.507294184643848E-16    0.349983413878033E+00  0.621376479281740E-17
  0.00000000  0.00000000  0.01000000    0.1377D-01  0.285729712798463E+01 -0.507298681598090E-16    0.349981102842231E+00  0.621373781246682E-17
  0.00000000  0.00000000  0.01000000    0.1421D-01  0.285731719202444E+01 -0.507303467236077E-16    0.349978645280012E+00  0.621370916413177E-17
  0.00000000  0.00000000  0.01000000    0.1466D-01  0.285733852756237E+01 -0.507308561616171E-16    0.349976032015049E+00  0.621367876746324E-17
  0.00000000  0.00000000  0.01000000    0.1513D-01  0.285736121424282E+01 -0.507313959142010E-16    0.349973253299371E+00  0.621364620756085E-17
  0.00000000  0.00000000  0.01000000    0.1561D-01  0.285738533667667E+01 -0.507319701469254E-16    0.349970298777786E+00  0.621361162668913E-17
  0.00000000  0.00000000  0.01000000    0.1610D-01  0.285741098475102E+01 -0.507325827354568E-16    0.349967157450098E+00  0.621357510864919E-17
  0.00000000  0.00000000  0.01000000    0.1662D-01  0.285743825395825E+01 -0.507332308270820E-16    0.349963817630969E+00  0.621353588879973E-17
  0.00000000  0.00000000  0.01000000    0.1714D-01  0.285746724574581E+01 -0.507339241915082E-16    0.349960266907275E+00  0.621349472255439E-17
  0.00000000  0.00000000  0.01000000    0.1768D-01  0.285749806788798E+01 -0.507346585042344E-16    0.349956492092789E+00  0.621345061163606E-17
  0.00000000  0.00000000  0.01000000    0.1824D-01  0.285753083488088E+01 -0.507354400031991E-16    0.349952479180049E+00  0.621340382216742E-17
  0.00000000  0.00000000  0.01000000    0.1882D-01  0.285756566836233E+01 -0.507362700664702E-16    0.349948213289216E+00  0.621335399402941E-17
  0.00000000  0.00000000  0.01000000    0.1941D-01  0.285760269755817E+01 -0.507371518669776E-16    0.349943678613721E+00  0.621330095393772E-17
  0.00000000  0.00000000  0.01000000    0.2002D-01  0.285764205975667E+01 -0.507380908784162E-16    0.349938858362531E+00  0.621324477530934E-17
  0.00000000  0.00000000  0.01000000    0.2065D-01  0.285768390081273E+01 -0.507390887071966E-16    0.349933734698788E+00  0.621318502073401E-17
  0.00000000  0.00000000  0.01000000    0.2130D-01  0.285772837568409E+01 -0.507401467220155E-16    0.349928288674607E+00  0.621312118415839E-17
  0.00000000  0.00000000  0.01000000    0.2197D-01  0.285777564900122E+01 -0.507412757591631E-16    0.349922500161794E+00  0.621305387679780E-17
  0.00000000  0.00000000  0.01000000    0.2266D-01  0.285782589567333E+01 -0.507424735481022E-16    0.349916347778209E+00  0.621298206026679E-17
  0.00000000  0.00000000  0.01000000    0.2337D-01  0.285787930153276E+01 -0.507437449696105E-16    0.349909808809515E+00  0.621290552441185E-17
  0.00000000  0.00000000  0.01000000    0.2410D-01  0.285793606402025E+01 -0.507450975506719E-16    0.349902859126002E+00  0.621282433261675E-17
  0.00000000  0.00000000  0.01000000    0.2486D-01  0.285799639291357E+01 -0.507465357831300E-16    0.349895473094196E+00  0.621273812302770E-17
  0.00000000  0.00000000  0.01000000    0.2564D-01  0.285806051110273E+01 -0.507480647207268E-16    0.349887623482880E+00  0.621264654562533E-17
  0.00000000  0.00000000  0.01000000    0.2644D-01  0.285812865541437E+01 -0.507496871163069E-16    0.349879281363217E+00  0.621254890819016E-17
  0.00000000  0.00000000  0.01000000    0.2726D-01  0.285820107748880E+01 -0.507514123704993E-16    0.349870416002569E+00  0.621244526798136E-17
  0.00000000  0.00000000  0.01000000    0.2811D-01  0.285827804471317E+01 -0.507532496680450E-16    0.349860994751597E+00  0.621233558735893E-17
  0.00000000  0.00000000  0.01000000    0.2899D-01  0.285835984121432E+01 -0.507551986356499E-16    0.349850982924238E+00  0.621221858604528E-17
  0.00000000  0.00000000  0.01000000    0.2989D-01  0.285844676891538E+01 -0.507572698630529E-16    0.349840343670085E+00  0.621209424843810E-17
  0.00000000  0.00000000  0.01000000    0.3082D-01  0.285853914866031E+01 -0.507594709145771E-16    0.349829037838668E+00  0.621196210643764E-17
  0.00000000  0.00000000  0.01000000    0.3178D-01  0.285863732141101E+01 -0.507618077599593E-16    0.349817023835121E+00  0.621182140948001E-17
  0.00000000  0.00000000  0.01000000    0.3277D-01  0.285874164952163E+01 -0.507642940572122E-16    0.349804257466685E+00  0.621167225498501E-17
  0.00000000  0.00000000  0.01000000    0.3379D-01  0.285885251809558E+01 -0.507669363681929E-16    0.349790691779424E+00  0.621151377321889E-17
  0.00000000  0.00000000  0.01000000    0.3484D-01  0.285897033643060E+01 -0.507697420881206E-16    0.349776276884527E+00  0.621134509151335E-17
  0.00000000  0.00000000  0.01000000    0.3592D-01  0.285909553955808E+01 -0.507727243431898E-16    0.349760959773512E+00  0.621116592673740E-17
  0.00000000  0.00000000  0.01000000    0.3703D-01  0.285922858988275E+01 -0.507758933970429E-16    0.349744684121603E+00  0.621097552674833E-17
  0.00000000  0.00000000  0.01000000    0.3818D-01  0.285936997893014E+01 -0.507792585920231E-16    0.349727390078481E+00  0.621077290045311E-17
  0.00000000  0.00000000  0.01000000    0.3936D-01  0.285952022920879E+01 -0.507828372720876E-16    0.349709014045581E+00  0.621055790109686E-17
  0.00000000  0.00000000  0.01000000    0.4058D-01  0.285967989619539E+01 -0.507866405319087E-16    0.349689488439050E+00  0.621032947455726E-17
  0.00000000  0.00000000  0.01000000    0.4184D-01  0.285984957045154E+01 -0.507906794944975E-16    0.349668741437372E+00  0.621008641821176E-17
  0.00000000  0.00000000  0.01000000    0.4313D-01  0.286002987988133E+01 -0.507949711072365E-16    0.349646696712655E+00  0.620982807983702E-17
  0.00000000  0.00000000  0.01000000    0.4447D-01  0.286022149213960E+01 -0.507995318855797E-16    0.349623273144468E+00  0.620955358207493E-17
  0.00000000  0.00000000  0.01000000    0.4584D-01  0.286042511720193E+01 -0.508043801334971E-16    0.349598384515027E+00  0.620926208280951E-17
  0.00000000  0.00000000  0.01000000    0.4726D-01  0.286064151010782E+01 -0.508095294600350E-16    0.349571939184477E+00  0.620895197096047E-17
  0.00000000  0.00000000  0.01000000    0.4872D-01  0.286087147388977E+01 -0.508150011167244E-16    0.349543839744872E+00  0.620862236178324E-17
  0.00000000  0.00000000  0.01000000    0.5022D-01  0.286111586270163E+01 -0.508208181185935E-16    0.349513982651420E+00  0.620827236456639E-17
  0.00000000  0.00000000  0.01000000    0.5177D-01  0.286137558516138E+01 -0.508269931462148E-16    0.349482257829358E+00  0.620789959050923E-17
  0.00000000  0.00000000  0.01000000    0.5337D-01  0.286165160792389E+01 -0.508335599615871E-16    0.349448548254794E+00  0.620750397498145E-17
  0.00000000  0.00000000  0.01000000    0.5501D-01  0.286194495950123E+01 -0.508405349227772E-16    0.349412729507655E+00  0.620708306007840E-17
  0.00000000  0.00000000  0.01000000    0.5671D-01  0.286225673434936E+01 -0.508479484580173E-16    0.349374669294757E+00  0.620663582118357E-17
  0.00000000  0.00000000  0.01000000    0.5846D-01  0.286258809724144E+01 -0.508558255216405E-16    0.349334226940879E+00  0.620616026146499E-17
  0.00000000  0.00000000  0.01000000    0.6026D-01  0.286294028795027E+01 -0.508641983149841E-16    0.349291252845498E+00  0.620565494474304E-17
  0.00000000  0.00000000  0.01000000    0.6211D-01  0.286331462626397E+01 -0.508730933498717E-16    0.349245587902714E+00  0.620511739521550E-17
  0.00000000  0.00000000  0.01000000    0.6403D-01  0.286371251736137E+01 -0.508825458949258E-16    0.349197062881647E+00  0.620454583717090E-17
  0.00000000  0.00000000  0.01000000    0.6600D-01  0.286413545757604E+01 -0.508925914326580E-16    0.349145497764382E+00  0.620393812774232E-17
  0.00000000  0.00000000  0.01000000    0.6803D-01  0.286458504058041E+01 -0.509032684240242E-16    0.349090701038285E+00  0.620329206762949E-17
  0.00000000  0.00000000  0.01000000    0.7012D-01  0.286506296402496E+01 -0.509146154423659E-16    0.349032468939237E+00  0.620260502337287E-17
  0.00000000  0.00000000  0.01000000    0.7227D-01  0.286557103666968E+01 -0.509266731883324E-16    0.348970584642069E+00  0.620187414270566E-17
  0.00000000  0.00000000  0.01000000    0.7450D-01  0.286611118605028E+01 -0.509394887181135E-16    0.348904817394079E+00  0.620109683666309E-17
  0.00000000  0.00000000  0.01000000    0.7678D-01  0.286668546672422E+01 -0.509531115685901E-16    0.348834921587232E+00  0.620027027205233E-17
  0.00000000  0.00000000  0.01000000    0.7914D-01  0.286729606914734E+01 -0.509675872966621E-16    0.348760635764193E+00  0.619939054784700E-17
  0.00000000  0.00000000  0.01000000    0.8157D-01  0.286794532923662E+01 -0.509829776433519E-16    0.348681681552897E+00  0.619845510792546E-17
  0.00000000  0.00000000  0.01000000    0.8408D-01  0.286863573868020E+01 -0.509993356927503E-16    0.348597762523895E+00  0.619745967498723E-17
  0.00000000  0.00000000  0.01000000    0.8666D-01  0.286936995606293E+01 -0.510167252149865E-16    0.348508562964150E+00  0.619640055624180E-17
  0.00000000  0.00000000  0.01000000    0.8932D-01  0.287015081888225E+01 -0.510352106932233E-16    0.348413746560343E+00  0.619527337976169E-17
  0.00000000  0.00000000  0.01000000    0.9206D-01  0.287098135653824E+01 -0.510548636733292E-16    0.348312954984068E+00  0.619407381098721E-17
  0.00000000  0.00000000  0.01000000    0.9488D-01  0.287186480439040E+01 -0.510757589687161E-16    0.348205806370564E+00  0.619279703226333E-17
  0.00000000  0.00000000  0.01000000    0.9779D-01  0.287280461898465E+01 -0.510979759331067E-16    0.348091893681735E+00  0.619143783336902E-17
  0.00000000  0.00000000  0.01000000    0.1008D+00  0.287380449456576E+01 -0.511215977212344E-16    0.347970782943292E+00  0.618999045272838E-17
  0.00000000  0.00000000  0.01000000    0.1039D+00  0.287486838100419E+01 -0.511467208892555E-16    0.347842011344777E+00  0.618844966446574E-17
  0.00000000  0.00000000  0.01000000    0.1071D+00  0.287600050328172E+01 -0.511734361471520E-16    0.347705085189982E+00  0.618680836623854E-17
  0.00000000  0.00000000  0.01000000    0.1103D+00  0.287720538269775E+01 -0.512018497290707E-16    0.347559477683992E+00  0.618506007784689E-17
  0.00000000  0.00000000  0.01000000    0.1137D+00  0.287848785997858E+01 -0.512320700997951E-16    0.347404626541466E+00  0.618319723609950E-17
  0.00000000  0.00000000  0.01000000    0.1172D+00  0.287985312049482E+01 -0.512642204109880E-16    0.347239931399064E+00  0.618121259450878E-17
  0.00000000  0.00000000  0.01000000    0.1208D+00  0.288130672181870E+01 -0.512984227891744E-16    0.347064751012968E+00  0.617909721233873E-17
  0.00000000  0.00000000  0.01000000    0.1245D+00  0.288285462388378E+01 -0.513348128981917E-16    0.346878400220127E+00  0.617684208776881E-17
  0.00000000  0.00000000  0.01000000    0.1283D+00  0.288450322204415E+01 -0.513735357109562E-16    0.346680146639370E+00  0.617443751060735E-17
  0.00000000  0.00000000  0.01000000    0.1322D+00  0.288625938337197E+01 -0.514147441834627E-16    0.346469207085511E+00  0.617187275418654E-17
  0.00000000  0.00000000  0.01000000    0.1363D+00  0.288813048657836E+01 -0.514586068588093E-16    0.346244743666248E+00  0.616913682537912E-17
  0.00000000  0.00000000  0.01000000    0.1405D+00  0.289012446599852E+01 -0.515052960460161E-16    0.346005859527751E+00  0.616621686653762E-17
  0.00000000  0.00000000  0.01000000    0.1448D+00  0.289224986014555E+01 -0.515550071375607E-16    0.345751594210355E+00  0.616310027462176E-17
  0.00000000  0.00000000  0.01000000    0.1492D+00  0.289451586541259E+01 -0.516079412080406E-16    0.345480918570629E+00  0.615977239825957E-17
  0.00000000  0.00000000  0.01000000    0.1537D+00  0.289693239559106E+01 -0.516643163034913E-16    0.345192729220031E+00  0.615621765120634E-17
  0.00000000  0.00000000  0.01000000    0.1585D+00  0.289951014797631E+01 -0.517243693688259E-16    0.344885842423398E+00  0.615241947541972E-17
  0.00000000  0.00000000  0.01000000    0.1633D+00  0.290226067695424E+01 -0.517883521144608E-16    0.344558987392354E+00  0.614835955466402E-17
  0.00000000  0.00000000  0.01000000    0.1683D+00  0.290519647610784E+01 -0.518565346006686E-16    0.344210798899125E+00  0.614401791749031E-17
  0.00000000  0.00000000  0.01000000    0.1734D+00  0.290833107005498E+01 -0.519292116756122E-16    0.343839809124996E+00  0.613937333833747E-17
  0.00000000  0.00000000  0.01000000    0.1787D+00  0.291167911743492E+01 -0.520066993532195E-16    0.343444438644380E+00  0.613440250272108E-17
  0.00000000  0.00000000  0.01000000    0.1842D+00  0.291525652670828E+01 -0.520893309837779E-16    0.343022986429649E+00  0.612907910898435E-17
  0.00000000  0.00000000  0.01000000    0.1898D+00  0.291908058673243E+01 -0.521774811914279E-16    0.342573618743216E+00  0.612337618560306E-17
  0.00000000  0.00000000  0.01000000    0.1956D+00  0.292317011443458E+01 -0.522715421825153E-16    0.342094356760836E+00  0.611726273182815E-17
  0.00000000  0.00000000  0.01000000    0.2016D+00  0.292754562234145E+01 -0.523719462150967E-16    0.341583062743255E+00  0.611070572340725E-17
  0.00000000  0.00000000  0.01000000    0.2078D+00  0.293222950925842E+01 -0.524791580360456E-16    0.341037424540792E+00  0.610366850281394E-17
  0.00000000  0.00000000  0.01000000    0.2141D+00  0.293724627804619E+01 -0.525936777605461E-16    0.340454938176033E+00  0.609611030721181E-17
  0.00000000  0.00000000  0.01000000    0.2207D+00  0.294262278525057E+01 -0.527160621556833E-16    0.339832888201757E+00  0.608798781372304E-17
  0.00000000  0.00000000  0.01000000    0.2274D+00  0.294838852834445E+01 -0.528469034523701E-16    0.339168325472190E+00  0.607925162441036E-17
  0.00000000  0.00000000  0.01000000    0.2343D+00  0.295457597759280E+01 -0.529868548374559E-16    0.338458041892947E+00  0.606984801553911E-17
  0.00000000  0.00000000  0.01000000    0.2415D+00  0.296122096112529E+01 -0.531366299228289E-16    0.337698541624530E+00  0.605971748388634E-17
  0.00000000  0.00000000  0.01000000    0.2489D+00  0.296836311379194E+01 -0.532970070132268E-16    0.336886008101127E+00  0.604879364421393E-17
  0.00000000  0.00000000  0.01000000    0.2565D+00  0.297604640291519E+01 -0.534688406158305E-16    0.336016266083905E+00  0.603700270196319E-17
  0.00000000  0.00000000  0.01000000    0.2643D+00  0.298431974731228E+01 -0.536530722864021E-16    0.335084737786765E+00  0.602426253913809E-17
  0.00000000  0.00000000  0.01000000    0.2724D+00  0.299323775018474E+01 -0.538507414944220E-16    0.334086391880592E+00  0.601048143431156E-17
  0.00000000  0.00000000  0.01000000    0.2807D+00  0.300286157199340E+01 -0.540629961885013E-16    0.333015683881880E+00  0.599555631079781E-17
  0.00000000  0.00000000  0.01000000    0.2893D+00  0.301325997672318E+01 -0.542911093131742E-16    0.331866486039969E+00  0.597937111638415E-17
  0.00000000  0.00000000  0.01000000    0.2981D+00  0.302451059466018E+01 -0.545364998103805E-16    0.330632004320142E+00  0.596179503313563E-17
  0.00000000  0.00000000  0.01000000    0.3072D+00  0.303670145791086E+01 -0.548007555865463E-16    0.329304679389841E+00  0.594268007536170E-17
  0.00000000  0.00000000  0.01000000    0.3166D+00  0.304993288278970E+01 -0.550856581958015E-16    0.327876067582617E+00  0.592185785180930E-17
  0.00000000  0.00000000  0.01000000    0.3262D+00  0.306431979796611E+01 -0.553932147458321E-16    0.326336696536612E+00  0.589913582867434E-17
  0.00000000  0.00000000  0.01000000    0.3362D+00  0.307999465203171E+01 -0.557256977992053E-16    0.324675888427388E+00  0.587429281062493E-17
  0.00000000  0.00000000  0.01000000    0.3464D+00  0.309711108375697E+01 -0.560857099669560E-16    0.322881541202889E+00  0.584707489781791E-17
  0.00000000  0.00000000  0.01000000    0.3570D+00  0.311584861034584E+01 -0.564762274138995E-16    0.320939854612836E+00  0.581718641756685E-17
  0.00000000  0.00000000  0.01000000    0.3679D+00  0.313641869568527E+01 -0.569006985255476E-16    0.318834982515468E+00  0.578428296083954E-17
  0.00000000  0.00000000  0.01000000    0.3791D+00  0.315907272208619E+01 -0.573631436402316E-16    0.316548584971991E+00  0.574795946351911E-17
  0.00000000  0.00000000  0.01000000    0.3907D+00  0.318411263958073E+01 -0.578682909483157E-16    0.314059241362666E+00  0.570773512477722E-17
  0.00000000  0.00000000  0.01000000    0.4026D+00  0.321190546659468E+01 -0.584217734874624E-16    0.311341666310067E+00  0.566303476100132E-17
  0.00000000  0.00000000  0.01000000    0.4149D+00  0.324290347424272E+01 -0.590303822254585E-16    0.308365638367796E+00  0.561316167521737E-17
  0.00000000  0.00000000  0.01000000    0.4276D+00  0.327767301167655E+01 -0.597024218105826E-16    0.305094497357591E+00  0.555725977192995E-17
  0.00000000  0.00000000  0.01000000    0.4406D+00  0.331693693738887E+01 -0.604482379779646E-16    0.301482970245196E+00  0.549426011880449E-17
  0.00000000  0.00000000  0.01000000    0.4540D+00  0.336163939107043E+01 -0.612809911361096E-16    0.297473905933014E+00  0.542279931664538E-17
  0.00000000  0.00000000  0.01000000    0.4679D+00  0.341304917204292E+01 -0.622178360600972E-16    0.292993141789821E+00  0.534108896289369E-17
  0.00000000  0.00000000  0.01000000    0.4822D+00  0.347293424041327E+01 -0.632818885284342E-16    0.287940954471111E+00  0.524670095148232E-17
  0.00000000  0.00000000  0.01000000    0.4969D+00  0.354387855862317E+01 -0.645054808340582E-16    0.282176712169423E+00  0.513616485372283E-17
  0.00000000  0.00000000  0.01000000    0.5120D+00  0.362991779685159E+01 -0.659362462957437E-16    0.275488332233680E+00  0.500415368676357E-17
  0.00000000  0.00000000  0.01000000    0.5276D+00  0.373801860945775E+01 -0.676491272228617E-16    0.267521407590067E+00  0.484149268040289E-17
  0.00000000  0.00000000  0.01000000    0.5437D+00  0.388255820335131E+01 -0.697732755127662E-16    0.257562140121126E+00  0.462863741458326E-17
  0.00000000  0.00000000  0.01000000    0.5603D+00  0.411681860667893E+01  0.351359917125089E-03    0.242906012689863E+00 -0.207314056415875E-04
  0.00000000  0.00000000  0.01000000    0.5774D+00  0.447807968628591E+01  0.137332305391231E+00    0.223100178479099E+00 -0.684196441112051E-02
  0.00000000  0.00000000  0.01000000    0.5950D+00  0.466985821928872E+01  0.685995701444221E+00    0.209615919111495E+00 -0.307922880550894E-01
  0.00000000  0.00000000  0.01000000    0.6131D+00  0.457965761941577E+01  0.106705503487736E+01    0.207113082030579E+00 -0.482571133773732E-01
  0.00000000  0.00000000  0.01000000    0.6318D+00  0.443732057016129E+01  0.131639287709843E+01    0.207131674879121E+00 -0.614484928733542E-01
  0.00000000  0.00000000  0.01000000    0.6511D+00  0.430912603452870E+01  0.149503080581269E+01    0.207132831574017E+00 -0.718637518645325E-01
  0.00000000  0.00000000  0.01000000    0.6709D+00  0.420353187754799E+01  0.165422811345342E+01    0.205993374193180E+00 -0.810651710756770E-01
  0.00000000  0.00000000  0.01000000    0.6914D+00  0.409950259651327E+01  0.182059615483666E+01    0.203747632877525E+00 -0.904846742356958E-01
  0.00000000  0.00000000  0.01000000    0.7125D+00  0.397121601659272E+01  0.198618365579822E+01    0.201426269129858E+00 -0.100742332303896E+00
  0.00000000  0.00000000  0.01000000    0.7342D+00  0.384751490885149E+01  0.209569704855091E+01    0.200440289169623E+00 -0.109177516494371E+00
  0.00000000  0.00000000  0.01000000    0.7565D+00  0.374490725997308E+01  0.225610885634062E+01    0.195921168091363E+00 -0.118032157217880E+00
  0.00000000  0.00000000  0.01000000    0.7796D+00  0.354676194173224E+01  0.248798830326090E+01    0.188963046362903E+00 -0.132554103383052E+00
  0.00000000  0.00000000  0.01000000    0.8034D+00  0.328369480700122E+01  0.249801055693640E+01    0.192900844196582E+00 -0.146745776805325E+00
  0.00000000  0.00000000  0.01000000    0.8279D+00  0.316806522877651E+01  0.245592972988541E+01    0.197163321479329E+00 -0.152843842502272E+00
  0.00000000  0.00000000  0.01000000    0.8531D+00  0.312671697586563E+01  0.257527006451745E+01    0.190556163236309E+00 -0.156948513913994E+00
  0.00000000  0.00000000  0.01000000    0.8791D+00  0.302749707783188E+01  0.274866658811743E+01    0.181060582173241E+00 -0.164385021636779E+00
  0.00000000  0.00000000  0.01000000    0.9059D+00  0.289565159683250E+01  0.297946371679408E+01    0.167747145529074E+00 -0.172602440931213E+00
  0.00000000  0.00000000  0.01000000    0.9335D+00  0.246947429359283E+01  0.373727237503951E+01    0.123070608642282E+00 -0.186253562975512E+00
  0.00000000  0.00000000  0.01000000    0.9619D+00  0.124919769599999E+01  0.321275727997483E+01    0.105130930203417E+00 -0.270381671726649E+00
  0.00000000  0.00000000  0.01000000    0.9913D+00  0.104735829516912E+01  0.213238337883568E+01    0.185569614509875E+00 -0.377812982837843E+00
  0.00000000  0.00000000  0.01000000    0.1021D+01  0.145000105299976E+01  0.189369683998451E+01    0.254896354867527E+00 -0.332893842206254E+00
  0.00000000  0.00000000  0.01000000    0.1053D+01  0.191347201677072E+01  0.153297468770318E+01    0.318307931154625E+00 -0.255011830368290E+00
  0.00000000  0.00000000  0.01000000    0.1085D+01  0.252723134447504E+01  0.202170603853048E+01    0.241281710753635E+00 -0.193017822718923E+00
  0.00000000  0.00000000  0.01000000    0.1118D+01  0.246822497023086E+01  0.355101228759889E+01    0.131977775671368E+00 -0.189875197257713E+00
  0.00000000  0.00000000  0.01000000    0.1152D+01  0.710574058060743E+00  0.370364059206082E+01    0.499634789005517E-01 -0.260418694543502E+00
  0.00000000  0.00000000  0.01000000    0.1187D+01 -0.176705058007781E+00  0.213607802490785E+01   -0.384638617169580E-01 -0.464965806259324E+00
  0.00000000  0.00000000  0.01000000    0.1223D+01  0.265576782004221E+00  0.170848340120724E+01    0.888381099084849E-01 -0.571504914804104E+00
  0.00000000  0.00000000  0.01000000    0.1260D+01  0.377403408480147E+00  0.150156020718311E+01    0.157440585816471E+00 -0.626402712179126E+00
  0.00000000  0.00000000  0.01000000    0.1299D+01  0.357119219737410E+00  0.120962346519496E+01    0.224501189221526E+00 -0.760423666489335E+00
  0.00000000  0.00000000  0.01000000    0.1338D+01  0.744672873323272E+00  0.533068908982616E+00    0.887889281210229E+00 -0.635589380770457E+00
  0.00000000  0.00000000  0.01000000    0.1379D+01  0.138498833597703E+01  0.879588027104271E+00    0.514508306105957E+00 -0.326757514226463E+00
  0.00000000  0.00000000  0.01000000    0.1421D+01  0.133832247711141E+01  0.170530253450652E+01    0.284800134192395E+00 -0.362894891905531E+00
  0.00000000  0.00000000  0.01000000    0.1464D+01  0.592604934923484E+00  0.158417081294620E+01    0.207148189005014E+00 -0.553755285582929E+00
  0.00000000  0.00000000  0.01000000    0.1509D+01  0.406071156504035E+00  0.846477177320236E+00    0.460702453125386E+00 -0.960359054958414E+00
  0.00000000  0.00000000  0.01000000    0.1555D+01  0.792095611511472E+00  0.563726369615448E+00    0.838016504502404E+00 -0.596407800896048E+00
  0.00000000  0.00000000  0.01000000    0.1602D+01  0.107767525726466E+01  0.709553581078926E+00    0.647310627966351E+00 -0.426196640451565E+00
  0.00000000  0.00000000  0.01000000    0.1651D+01  0.112700164354490E+01  0.907867834981947E+00    0.538113511407419E+00 -0.433482906945310E+00
  0.00000000  0.00000000  0.01000000    0.1701D+01  0.960586474133938E+00  0.108123986207710E+01    0.459213936604642E+00 -0.516892988656692E+00
  0.00000000  0.00000000  0.01000000    0.1753D+01  0.665350258995919E+00  0.763110594422480E+00    0.649103999560992E+00 -0.744477261787668E+00
  0.00000000  0.00000000  0.01000000    0.1807D+01  0.664862432578296E+00  0.523828129891832E+00    0.928011169230315E+00 -0.731156298621823E+00
  0.00000000  0.00000000  0.01000000    0.1862D+01  0.844803794778757E+00  0.328018872171833E+00    0.102863052930177E+01 -0.399394780407497E+00
  0.00000000  0.00000000  0.01000000    0.1919D+01  0.102904959323555E+01  0.236675819862759E+00    0.922948777812441E+00 -0.212273208323488E+00
  0.00000000  0.00000000  0.01000000    0.1977D+01  0.118424340303605E+01  0.259466809275107E+00    0.805741793822226E+00 -0.176537400847391E+00
  0.00000000  0.00000000  0.01000000    0.2037D+01  0.130580516691383E+01  0.253007585181381E+00    0.738101669459862E+00 -0.143011626650049E+00
  0.00000000  0.00000000  0.01000000    0.2099D+01  0.142562192484903E+01  0.326352658120410E+00    0.666519849164379E+00 -0.152579390561663E+00
  0.00000000  0.00000000  0.01000000    0.2163D+01  0.149866562149471E+01  0.365741538458297E+00    0.629753482079073E+00 -0.153688056949855E+00
  0.00000000  0.00000000  0.01000000    0.2229D+01  0.160733576892710E+01  0.532566393775311E+00    0.560602979464642E+00 -0.185747317321550E+00
  0.00000000  0.00000000  0.01000000    0.2297D+01  0.154927221693631E+01  0.619431514087651E+00    0.556503490258440E+00 -0.222501762955206E+00
  0.00000000  0.00000000  0.01000000    0.2367D+01  0.151414857795056E+01  0.742806388254001E+00    0.532324820853995E+00 -0.261146285981867E+00
  0.00000000  0.00000000  0.01000000    0.2439D+01  0.139974288146468E+01  0.889893239668987E+00    0.508777228897276E+00 -0.323457559590833E+00
  0.00000000  0.00000000  0.01000000    0.2513D+01  0.121723637490563E+01  0.557474831902066E+00    0.679093650241103E+00 -0.311014053078451E+00
  0.00000000  0.00000000  0.01000000    0.2590D+01  0.141912783221097E+01  0.643232651456293E+00    0.584563237587124E+00 -0.264958626504580E+00
  0.00000000  0.00000000  0.01000000    0.2669D+01  0.147174578502571E+01  0.643309506597995E+00    0.570470022178890E+00 -0.249356099559298E+00
  0.00000000  0.00000000  0.01000000    0.2750D+01  0.150756892635951E+01  0.858313209724548E+00    0.500942396374802E+00 -0.285204522726432E+00
  0.00000000  0.00000000  0.01000000    0.2834D+01  0.122856798868059E+01  0.100460996427433E+01    0.487794011408112E+00 -0.398873101764775E+00
  0.00000000  0.00000000  0.01000000    0.2920D+01  0.122415079250561E+01  0.858116856622956E+00    0.547740604993635E+00 -0.383960414909210E+00
  0.00000000  0.00000000  0.01000000    0.3009D+01  0.128070476731960E+01  0.980078484654366E+00    0.492435091163449E+00 -0.376843321156833E+00
  0.00000000  0.00000000  0.01000000    0.3101D+01  0.916932781440745E+00  0.732852135568535E+00    0.665486650745425E+00 -0.531885567909161E+00
  0.00000000  0.00000000  0.01000000    0.3195D+01  0.108541347548024E+01  0.646893225427015E+00    0.679830927594424E+00 -0.405170961510329E+00
  0.00000000  0.00000000  0.01000000    0.3293D+01  0.119379877565132E+01  0.906772078814973E+00    0.531193153343624E+00 -0.403477646093987E+00
  0.00000000  0.00000000  0.01000000    0.3393D+01  0.429009229208447E+00  0.771527090274030E+00    0.550503778182132E+00 -0.990022007100814E+00
  0.00000000  0.00000000  0.01000000    0.3496D+01  0.825540170348157E+00  0.422265251609070E+00    0.960126346009274E+00 -0.491106317580065E+00
  0.00000000  0.00000000  0.01000000    0.3603D+01  0.100696621302397E+01  0.462726325580067E+00    0.819940554878088E+00 -0.376783327231444E+00
  0.00000000  0.00000000  0.01000000    0.3713D+01  0.808295629873243E+00  0.517332536809748E+00    0.877652296652689E+00 -0.561722805720772E+00
  0.00000000  0.00000000  0.01000000    0.3826D+01  0.930613766349308E+00  0.396935805426896E+00    0.909157631917954E+00 -0.387784094685213E+00
  0.00000000  0.00000000  0.01000000    0.3942D+01  0.818763328321746E+00  0.302763246437563E+00    0.107443760656317E+01 -0.397306775481080E+00
  0.00000000  0.00000000  0.01000000    0.4062D+01  0.101251805940859E+01  0.188020953338711E+00    0.954715119375965E+00 -0.177287155763719E+00
  0.00000000  0.00000000  0.01000000    0.4186D+01  0.116895387629455E+01  0.252260156444248E+00    0.817399760737125E+00 -0.176394805391861E+00
  0.00000000  0.00000000  0.01000000    0.4313D+01  0.116202070169171E+01  0.365558115548430E+00    0.783072474349528E+00 -0.246345437430086E+00
  0.00000000  0.00000000  0.01000000    0.4445D+01  0.107653737109783E+01  0.351302811534430E+00    0.839505917126667E+00 -0.273953136142067E+00
  0.00000000  0.00000000  0.01000000    0.4580D+01  0.113890890078869E+01  0.227203154235756E+00    0.844427634402660E+00 -0.168456513007548E+00
  0.00000000  0.00000000  0.01000000    0.4720D+01  0.123060916207825E+01  0.294895413474962E+00    0.768476457604283E+00 -0.184152848600830E+00
  0.00000000  0.00000000  0.01000000    0.4863D+01  0.129512872050584E+01  0.271779760156032E+00    0.739556861816881E+00 -0.155194293311506E+00
  0.00000000  0.00000000  0.01000000    0.5012D+01  0.136270918305005E+01  0.422460216589571E+00    0.669488262821509E+00 -0.207551369018229E+00
  0.00000000  0.00000000  0.01000000    0.5164D+01  0.130944117353933E+01  0.476959920012312E+00    0.674230472944510E+00 -0.245586376038769E+00
  0.00000000  0.00000000  0.01000000    0.5322D+01  0.138868347515510E+01  0.339477216542750E+00    0.679499240408253E+00 -0.166110215109273E+00
  0.00000000  0.00000000  0.01000000    0.5484D+01  0.159721324421567E+01  0.621701438032233E+00    0.543713135868535E+00 -0.211635634547017E+00
  0.00000000  0.00000000  0.01000000    0.5651D+01  0.138776287207080E+01  0.118868731717911E+01    0.415639316769388E+00 -0.356015565993292E+00
  0.00000000  0.00000000  0.01000000    0.5823D+01  0.889000704069123E+00  0.870024296250028E+00    0.574562841736747E+00 -0.562298353359416E+00
  0.00000000  0.00000000  0.01000000    0.6000D+01  0.958351903599073E+00  0.755336816065420E+00    0.643633227585872E+00 -0.507287428566540E+00
  0.00000000  0.00000000  0.01000000    0.6183D+01  0.939335968309468E+00  0.862534888763651E+00    0.577584262121048E+00 -0.530360375933229E+00
  0.00000000  0.00000000  0.01000000    0.6371D+01  0.714108397424252E+00  0.840799229127774E+00    0.586828689414092E+00 -0.690938674673361E+00
  0.00000000  0.00000000  0.01000000    0.6565D+01  0.544948394444433E+00  0.683870927240927E+00    0.712678583510855E+00 -0.894360215937870E+00
  0.00000000  0.00000000  0.01000000    0.6765D+01  0.588396609215473E+00  0.351701015187014E+00    0.125216297704361E+01 -0.748452630943971E+00
  0.00000000  0.00000000  0.01000000    0.6971D+01  0.774710104359867E+00  0.370190313510097E+00    0.105085817334168E+01 -0.502145918137267E+00
  0.00000000  0.00000000  0.01000000    0.7184D+01  0.875287419649566E+00  0.371955505861746E+00    0.967725567086904E+00 -0.411237320176800E+00
  0.00000000  0.00000000  0.01000000    0.7402D+01  0.907491070432723E+00  0.692534483623761E+00    0.696385842916361E+00 -0.531433559888382E+00
  0.00000000  0.00000000  0.01000000    0.7628D+01  0.574332835292034E+00  0.522833601640821E+00    0.952122489475803E+00 -0.866747641413779E+00
  0.00000000  0.00000000  0.01000000    0.7860D+01  0.599485440635111E+00  0.477615266028317E+00    0.102040225087387E+01 -0.812963350687371E+00
  0.00000000  0.00000000  0.01000000    0.8100D+01  0.516123959824007E+00  0.468671055757705E+00    0.106190370350623E+01 -0.964271315761015E+00
  0.00000000  0.00000000  0.01000000    0.8346D+01  0.446123956840023E+00  0.254661021247828E+00    0.169063949812052E+01 -0.965068059117200E+00
  0.00000000  0.00000000  0.01000000    0.8600D+01  0.502351388358880E+00  0.174425575818818E+00    0.177646671821954E+01 -0.616821685833669E+00
  0.00000000  0.00000000  0.01000000    0.8862D+01  0.559946119694797E+00  0.714788790547855E-01    0.175725113861029E+01 -0.224318621359626E+00
  0.00000000  0.00000000  0.01000000    0.9132D+01  0.624114189231123E+00  0.544499640962332E-01    0.159016742307808E+01 -0.138731918914180E+00
  0.00000000  0.00000000  0.01000000    0.9410D+01  0.670419295904109E+00  0.131489585839445E-01    0.149103028924482E+01 -0.292436325154506E-01
  0.00000000  0.00000000  0.01000000    0.9697D+01  0.721120525527196E+00  0.495452879375342E-02    0.138666528232407E+01 -0.952721885644583E-02
  0.00000000  0.00000000  0.01000000    0.9992D+01  0.757317145340410E+00  0.613085033077051E-04    0.132045075118010E+01 -0.106896905404139E-03
  0.00000000  0.00000000  0.01000000    0.1030D+02  0.786409047762913E+00 -0.721853368418503E-17    0.127160286729239E+01  0.116721802178753E-16
  0.00000000  0.00000000  0.01000000    0.1061D+02  0.808929228528971E+00 -0.552338356484099E-17    0.123620208632897E+01  0.844081045120382E-17
  0.00000000  0.00000000  0.01000000    0.1093D+02  0.827582713177574E+00 -0.444993256383688E-17    0.120833843442720E+01  0.649726542359459E-17
  0.00000000  0.00000000  0.01000000    0.1127D+02  0.843455545387788E+00 -0.368443701998880E-17    0.118559893934924E+01  0.517900990382304E-17
  0.00000000  0.00000000  0.01000000    0.1161D+02  0.857195677821443E+00 -0.310795027363945E-17    0.116659477628433E+01  0.422974432558266E-17
