 q(1:3)   w(Ry)   eps    epsi  --- NO LFC
  0.00000000  0.00000000  0.04000000    0.0000D+00  0.282655345765323E+01  0.787655188840759E-18    0.353787754232060E+00 -0.985874721791263E-19
  0.00000000  0.00000000  0.04000000    0.1015D-04  0.282655345784269E+01  0.787655188856895E-18    0.353787754208345E+00 -0.985874721679293E-19
  0.00000000  0.00000000  0.04000000    0.3076D-04  0.282655345939309E+01  0.787655188991254E-18    0.353787754014288E+00 -0.985874720765935E-19
  0.00000000  0.00000000  0.04000000    0.5200D-04  0.282655346262492E+01  0.787655189272043E-18    0.353787753609774E+00 -0.985874718862925E-19
  0.00000000  0.00000000  0.04000000    0.7389D-04  0.282655346769044E+01  0.787655189711455E-18    0.353787752975745E+00 -0.985874715879312E-19
  0.00000000  0.00000000  0.04000000    0.9644D-04  0.282655347475278E+01  0.787655190324291E-18    0.353787752091781E+00 -0.985874711719818E-19
  0.00000000  0.00000000  0.04000000    0.1197D-03  0.282655348398671E+01  0.787655191125510E-18    0.353787750936010E+00 -0.985874706281260E-19
  0.00000000  0.00000000  0.04000000    0.1436D-03  0.282655349557933E+01  0.787655192131428E-18    0.353787749485010E+00 -0.985874699453534E-19
  0.00000000  0.00000000  0.04000000    0.1683D-03  0.282655350973095E+01  0.787655193359596E-18    0.353787747713711E+00 -0.985874691118881E-19
  0.00000000  0.00000000  0.04000000    0.1937D-03  0.282655352665592E+01  0.787655194828218E-18    0.353787745595285E+00 -0.985874681150563E-19
  0.00000000  0.00000000  0.04000000    0.2199D-03  0.282655354658353E+01  0.787655196557052E-18    0.353787743101031E+00 -0.985874669413356E-19
  0.00000000  0.00000000  0.04000000    0.2469D-03  0.282655356975901E+01  0.787655198568430E-18    0.353787740200253E+00 -0.985874655764139E-19
  0.00000000  0.00000000  0.04000000    0.2748D-03  0.282655359644462E+01  0.787655200884190E-18    0.353787736860129E+00 -0.985874640047315E-19
  0.00000000  0.00000000  0.04000000    0.3034D-03  0.282655362692063E+01  0.787655203528805E-18    0.353787733045576E+00 -0.985874622097988E-19
  0.00000000  0.00000000  0.04000000    0.3330D-03  0.282655366148663E+01  0.787655206527907E-18    0.353787728719096E+00 -0.985874601739260E-19
  0.00000000  0.00000000  0.04000000    0.3634D-03  0.282655370046271E+01  0.787655209909786E-18    0.353787723840626E+00 -0.985874578783262E-19
  0.00000000  0.00000000  0.04000000    0.3948D-03  0.282655374419076E+01  0.787655213704235E-18    0.353787718367372E+00 -0.985874553028771E-19
  0.00000000  0.00000000  0.04000000    0.4271D-03  0.282655379303594E+01  0.787655217943035E-18    0.353787712253628E+00 -0.985874524260845E-19
  0.00000000  0.00000000  0.04000000    0.4604D-03  0.282655384738820E+01  0.787655222659260E-18    0.353787705450587E+00 -0.985874492248860E-19
  0.00000000  0.00000000  0.04000000    0.4948D-03  0.282655390766379E+01  0.787655227889288E-18    0.353787697906148E+00 -0.985874456747984E-19
  0.00000000  0.00000000  0.04000000    0.5301D-03  0.282655397430702E+01  0.787655233672165E-18    0.353787689564699E+00 -0.985874417497147E-19
  0.00000000  0.00000000  0.04000000    0.5666D-03  0.282655404779208E+01  0.787655240048653E-18    0.353787680366889E+00 -0.985874374216590E-19
  0.00000000  0.00000000  0.04000000    0.6041D-03  0.282655412862488E+01  0.787655247063232E-18    0.353787670249393E+00 -0.985874326609058E-19
  0.00000000  0.00000000  0.04000000    0.6428D-03  0.282655421734519E+01  0.787655254761441E-18    0.353787659144653E+00 -0.985874274355036E-19
  0.00000000  0.00000000  0.04000000    0.6827D-03  0.282655431452872E+01  0.787655263194482E-18    0.353787646980607E+00 -0.985874217116995E-19
  0.00000000  0.00000000  0.04000000    0.7238D-03  0.282655442078948E+01  0.787655272415447E-18    0.353787633680406E+00 -0.985874154533081E-19
  0.00000000  0.00000000  0.04000000    0.7662D-03  0.282655453678220E+01  0.787655282479978E-18    0.353787619162097E+00 -0.985874086216200E-19
  0.00000000  0.00000000  0.04000000    0.8098D-03  0.282655466320496E+01  0.787655293450488E-18    0.353787603338308E+00 -0.985874011757520E-19
  0.00000000  0.00000000  0.04000000    0.8548D-03  0.282655480080191E+01  0.787655305390179E-18    0.353787586115894E+00 -0.985873930717037E-19
  0.00000000  0.00000000  0.04000000    0.9011D-03  0.282655495036626E+01  0.787655318368193E-18    0.353787567395575E+00 -0.985873842627974E-19
  0.00000000  0.00000000  0.04000000    0.9488D-03  0.282655511274338E+01  0.787655332457790E-18    0.353787547071540E+00 -0.985873746992314E-19
  0.00000000  0.00000000  0.04000000    0.9980D-03  0.282655528883411E+01  0.787655347737743E-18    0.353787525031034E+00 -0.985873643280249E-19
  0.00000000  0.00000000  0.04000000    0.1049D-02  0.282655547959833E+01  0.787655364291588E-18    0.353787501153915E+00 -0.985873530926755E-19
  0.00000000  0.00000000  0.04000000    0.1101D-02  0.282655568605865E+01  0.787655382206406E-18    0.353787475312188E+00 -0.985873409327475E-19
  0.00000000  0.00000000  0.04000000    0.1155D-02  0.282655590930446E+01  0.787655401578072E-18    0.353787447369500E+00 -0.985873277842490E-19
  0.00000000  0.00000000  0.04000000    0.1210D-02  0.282655615049610E+01  0.787655422506918E-18    0.353787417180615E+00 -0.985873135787942E-19
  0.00000000  0.00000000  0.04000000    0.1267D-02  0.282655641086943E+01  0.787655445100544E-18    0.353787384590852E+00 -0.985872982436429E-19
  0.00000000  0.00000000  0.04000000    0.1326D-02  0.282655669174051E+01  0.787655469472666E-18    0.353787349435481E+00 -0.985872817012213E-19
  0.00000000  0.00000000  0.04000000    0.1387D-02  0.282655699451084E+01  0.787655495744629E-18    0.353787311539090E+00 -0.985872638689555E-19
  0.00000000  0.00000000  0.04000000    0.1450D-02  0.282655732067255E+01  0.787655524046401E-18    0.353787270714913E+00 -0.985872446590242E-19
  0.00000000  0.00000000  0.04000000    0.1514D-02  0.282655767181434E+01  0.787655554516333E-18    0.353787226764105E+00 -0.985872239779228E-19
  0.00000000  0.00000000  0.04000000    0.1580D-02  0.282655804962745E+01  0.787655587300219E-18    0.353787179474982E+00 -0.985872017259238E-19
  0.00000000  0.00000000  0.04000000    0.1649D-02  0.282655845591212E+01  0.787655622554543E-18    0.353787128622218E+00 -0.985871777970336E-19
  0.00000000  0.00000000  0.04000000    0.1719D-02  0.282655889258461E+01  0.787655660445443E-18    0.353787073965969E+00 -0.985871520783764E-19
  0.00000000  0.00000000  0.04000000    0.1792D-02  0.282655936168435E+01  0.787655701150561E-18    0.353787015250972E+00 -0.985871244499226E-19
  0.00000000  0.00000000  0.04000000    0.1867D-02  0.282655986538178E+01  0.787655744857460E-18    0.353786952205567E+00 -0.985870947837462E-19
  0.00000000  0.00000000  0.04000000    0.1944D-02  0.282656040598663E+01  0.787655791767393E-18    0.353786884540663E+00 -0.985870629439198E-19
  0.00000000  0.00000000  0.04000000    0.2024D-02  0.282656098595659E+01  0.787655842092443E-18    0.353786811948645E+00 -0.985870287855487E-19
  0.00000000  0.00000000  0.04000000    0.2106D-02  0.282656160790672E+01  0.787655896060410E-18    0.353786734102207E+00 -0.985869921547298E-19
  0.00000000  0.00000000  0.04000000    0.2190D-02  0.282656227461929E+01  0.787655953911730E-18    0.353786650653112E+00 -0.985869528874773E-19
  0.00000000  0.00000000  0.04000000    0.2277D-02  0.282656298905431E+01  0.787656015905255E-18    0.353786561230879E+00 -0.985869108097134E-19
  0.00000000  0.00000000  0.04000000    0.2367D-02  0.282656375436070E+01  0.787656082312005E-18    0.353786465441384E+00 -0.985868657357063E-19
  0.00000000  0.00000000  0.04000000    0.2459D-02  0.282656457388808E+01  0.787656153423767E-18    0.353786362865381E+00 -0.985868174683224E-19
  0.00000000  0.00000000  0.04000000    0.2554D-02  0.282656545119951E+01  0.787656229549429E-18    0.353786253056914E+00 -0.985867657976831E-19
  0.00000000  0.00000000  0.04000000    0.2652D-02  0.282656639008474E+01  0.787656311017586E-18    0.353786135541652E+00 -0.985867105005629E-19
  0.00000000  0.00000000  0.04000000    0.2753D-02  0.282656739457448E+01  0.787656398178244E-18    0.353786009815110E+00 -0.985866513396093E-19
  0.00000000  0.00000000  0.04000000    0.2858D-02  0.282656846895557E+01  0.787656491403427E-18    0.353785875340747E+00 -0.985865880623617E-19
  0.00000000  0.00000000  0.04000000    0.2965D-02  0.282656961778687E+01  0.787656591088780E-18    0.353785731547972E+00 -0.985865204003399E-19
  0.00000000  0.00000000  0.04000000    0.3075D-02  0.282657084591647E+01  0.787656697654304E-18    0.353785577830003E+00 -0.985864480679409E-19
  0.00000000  0.00000000  0.04000000    0.3189D-02  0.282657215849970E+01  0.787656811547374E-18    0.353785413541604E+00 -0.985863707615581E-19
  0.00000000  0.00000000  0.04000000    0.3307D-02  0.282657356101835E+01  0.787656933244404E-18    0.353785237996679E+00 -0.985862881584480E-19
  0.00000000  0.00000000  0.04000000    0.3428D-02  0.282657505930120E+01  0.787657063249841E-18    0.353785050465712E+00 -0.985861999151762E-19
  0.00000000  0.00000000  0.04000000    0.3553D-02  0.282657665954560E+01  0.787657202103217E-18    0.353784850173057E+00 -0.985861056669920E-19
  0.00000000  0.00000000  0.04000000    0.3681D-02  0.282657836834059E+01  0.787657350373697E-18    0.353784636294048E+00 -0.985860050255344E-19
  0.00000000  0.00000000  0.04000000    0.3813D-02  0.282658019269137E+01  0.787657508671265E-18    0.353784407951941E+00 -0.985858975785271E-19
  0.00000000  0.00000000  0.04000000    0.3950D-02  0.282658214004530E+01  0.787657677640825E-18    0.353784164214656E+00 -0.985857828872259E-19
  0.00000000  0.00000000  0.04000000    0.4090D-02  0.282658421831955E+01  0.787657857969606E-18    0.353783904091320E+00 -0.985856604854187E-19
  0.00000000  0.00000000  0.04000000    0.4235D-02  0.282658643593039E+01  0.787658050387066E-18    0.353783626528598E+00 -0.985855298773691E-19
  0.00000000  0.00000000  0.04000000    0.4385D-02  0.282658880182444E+01  0.787658255670394E-18    0.353783330406794E+00 -0.985853905363296E-19
  0.00000000  0.00000000  0.04000000    0.4538D-02  0.282659132551166E+01  0.787658474644405E-18    0.353783014535709E+00 -0.985852419022246E-19
  0.00000000  0.00000000  0.04000000    0.4697D-02  0.282659401710066E+01  0.787658708185581E-18    0.353782677650233E+00 -0.985850833796962E-19
  0.00000000  0.00000000  0.04000000    0.4860D-02  0.282659688733592E+01  0.787658957225039E-18    0.353782318405687E+00 -0.985849143358811E-19
  0.00000000  0.00000000  0.04000000    0.5029D-02  0.282659994763754E+01  0.787659222754339E-18    0.353781935372848E+00 -0.985847340983661E-19
  0.00000000  0.00000000  0.04000000    0.5202D-02  0.282660321014333E+01  0.787659505827408E-18    0.353781527032686E+00 -0.985845419524944E-19
  0.00000000  0.00000000  0.04000000    0.5381D-02  0.282660668775366E+01  0.787659807561884E-18    0.353781091770753E+00 -0.985843371384078E-19
  0.00000000  0.00000000  0.04000000    0.5565D-02  0.282661039417886E+01  0.787660129146603E-18    0.353780627871251E+00 -0.985841188486775E-19
  0.00000000  0.00000000  0.04000000    0.5755D-02  0.282661434398984E+01  0.787660471846837E-18    0.353780133510705E+00 -0.985838862254357E-19
  0.00000000  0.00000000  0.04000000    0.5950D-02  0.282661855267167E+01  0.787660837004209E-18    0.353779606751261E+00 -0.985836383566277E-19
  0.00000000  0.00000000  0.04000000    0.6152D-02  0.282662303668057E+01  0.787661226046858E-18    0.353779045533552E+00 -0.985833742733114E-19
  0.00000000  0.00000000  0.04000000    0.6360D-02  0.282662781350440E+01  0.787661640491137E-18    0.353778447669139E+00 -0.985830929456566E-19
  0.00000000  0.00000000  0.04000000    0.6574D-02  0.282663290172696E+01  0.787662081948349E-18    0.353777810832471E+00 -0.985827932793056E-19
  0.00000000  0.00000000  0.04000000    0.6794D-02  0.282663832109627E+01  0.787662552131506E-18    0.353777132552340E+00 -0.985824741114630E-19
  0.00000000  0.00000000  0.04000000    0.7021D-02  0.282664409259701E+01  0.787663052860184E-18    0.353776410202828E+00 -0.985821342064530E-19
  0.00000000  0.00000000  0.04000000    0.7255D-02  0.282665023852764E+01  0.787663586067210E-18    0.353775640993660E+00 -0.985817722511859E-19
  0.00000000  0.00000000  0.04000000    0.7497D-02  0.282665678258215E+01  0.787664153808491E-18    0.353774821959990E+00 -0.985813868506928E-19
  0.00000000  0.00000000  0.04000000    0.7745D-02  0.282666374993699E+01  0.787664758265522E-18    0.353773949951526E+00 -0.985809765223823E-19
  0.00000000  0.00000000  0.04000000    0.8001D-02  0.282667116734335E+01  0.787665401758436E-18    0.353773021620994E+00 -0.985805396912472E-19
  0.00000000  0.00000000  0.04000000    0.8265D-02  0.282667906322522E+01  0.787666086751792E-18    0.353772033411889E+00 -0.985800746837615E-19
  0.00000000  0.00000000  0.04000000    0.8537D-02  0.282668746778354E+01  0.787666815861982E-18    0.353770981545447E+00 -0.985795797215487E-19
  0.00000000  0.00000000  0.04000000    0.8818D-02  0.282669641310681E+01  0.787667591872076E-18    0.353769862006831E+00 -0.985790529155447E-19
  0.00000000  0.00000000  0.04000000    0.9107D-02  0.282670593328860E+01  0.787668417737174E-18    0.353768670530435E+00 -0.985784922584806E-19
  0.00000000  0.00000000  0.04000000    0.9404D-02  0.282671606455236E+01  0.787669296596120E-18    0.353767402584298E+00 -0.985778956176618E-19
  0.00000000  0.00000000  0.04000000    0.9711D-02  0.282672684538404E+01  0.787670231784245E-18    0.353766053353534E+00 -0.985772607273336E-19
  0.00000000  0.00000000  0.04000000    0.1003D-01  0.282673831667291E+01  0.787671226845652E-18    0.353764617722736E+00 -0.985765851804153E-19
  0.00000000  0.00000000  0.04000000    0.1035D-01  0.282675052186113E+01  0.787672285543478E-18    0.353763090257290E+00 -0.985758664193757E-19
  0.00000000  0.00000000  0.04000000    0.1069D-01  0.282676350710279E+01  0.787673411877272E-18    0.353761465183524E+00 -0.985751017273470E-19
  0.00000000  0.00000000  0.04000000    0.1103D-01  0.282677732143263E+01  0.787674610095983E-18    0.353759736367629E+00 -0.985742882180084E-19
  0.00000000  0.00000000  0.04000000    0.1139D-01  0.282679201694548E+01  0.787675884710451E-18    0.353757897293258E+00 -0.985734228246725E-19
  0.00000000  0.00000000  0.04000000    0.1176D-01  0.282680764898675E+01  0.787677240515452E-18    0.353755941037744E+00 -0.985725022897952E-19
  0.00000000  0.00000000  0.04000000    0.1214D-01  0.282682427635484E+01  0.787678682603271E-18    0.353753860246838E+00 -0.985715231526027E-19
  0.00000000  0.00000000  0.04000000    0.1253D-01  0.282684196151626E+01  0.787680216382060E-18    0.353751647107863E+00 -0.985704817364369E-19
  0.00000000  0.00000000  0.04000000    0.1293D-01  0.282686077083398E+01  0.787681847598831E-18    0.353749293321220E+00 -0.985693741357608E-19
  0.00000000  0.00000000  0.04000000    0.1334D-01  0.282688077481024E+01  0.787683582356388E-18    0.353746790070101E+00 -0.985681962014103E-19
  0.00000000  0.00000000  0.04000000    0.1377D-01  0.282690204834442E+01  0.787685427138352E-18    0.353744127988323E+00 -0.985669435258117E-19
  0.00000000  0.00000000  0.04000000    0.1421D-01  0.282692467100705E+01  0.787687388829945E-18    0.353741297126168E+00 -0.985656114265574E-19
  0.00000000  0.00000000  0.04000000    0.1466D-01  0.282694872733093E+01  0.787689474745888E-18    0.353738286914086E+00 -0.985641949296833E-19
  0.00000000  0.00000000  0.04000000    0.1513D-01  0.282697430712049E+01  0.787691692655924E-18    0.353735086124141E+00 -0.985626887513973E-19
  0.00000000  0.00000000  0.04000000    0.1561D-01  0.282700150578045E+01  0.787694050811292E-18    0.353731682829058E+00 -0.985610872785843E-19
  0.00000000  0.00000000  0.04000000    0.1610D-01  0.282703042466520E+01  0.787696557976470E-18    0.353728064358709E+00 -0.985593845485524E-19
  0.00000000  0.00000000  0.04000000    0.1662D-01  0.282706117144992E+01  0.787699223462471E-18    0.353724217253894E+00 -0.985575742274661E-19
  0.00000000  0.00000000  0.04000000    0.1714D-01  0.282709386052504E+01  0.787702057155673E-18    0.353720127217241E+00 -0.985556495866189E-19
  0.00000000  0.00000000  0.04000000    0.1768D-01  0.282712861341550E+01  0.787705069558818E-18    0.353715779061032E+00 -0.985536034785172E-19
  0.00000000  0.00000000  0.04000000    0.1824D-01  0.282716555922629E+01  0.787708271825164E-18    0.353711156651778E+00 -0.985514283103045E-19
  0.00000000  0.00000000  0.04000000    0.1882D-01  0.282720483511595E+01  0.787711675801048E-18    0.353706242851338E+00 -0.985491160163117E-19
  0.00000000  0.00000000  0.04000000    0.1941D-01  0.282724658680002E+01  0.787715294068104E-18    0.353701019454351E+00 -0.985466580285165E-19
  0.00000000  0.00000000  0.04000000    0.2002D-01  0.282729096908602E+01  0.787719139989869E-18    0.353695467121756E+00 -0.985440452453792E-19
  0.00000000  0.00000000  0.04000000    0.2065D-01  0.282733814644225E+01  0.787723227757398E-18    0.353689565310163E+00 -0.985412679982470E-19
  0.00000000  0.00000000  0.04000000    0.2130D-01  0.282738829360254E+01  0.787727572442467E-18    0.353683292196786E+00 -0.985383160162430E-19
  0.00000000  0.00000000  0.04000000    0.2197D-01  0.282744159620909E+01  0.787732190052446E-18    0.353676624599694E+00 -0.985351783887638E-19
  0.00000000  0.00000000  0.04000000    0.2266D-01  0.282749825149602E+01  0.787737097586901E-18    0.353669537893049E+00 -0.985318435254083E-19
  0.00000000  0.00000000  0.04000000    0.2337D-01  0.282755846901629E+01  0.787742313099683E-18    0.353662005917034E+00 -0.985282991136455E-19
  0.00000000  0.00000000  0.04000000    0.2410D-01  0.282762247141470E+01  0.787747855763234E-18    0.353654000882122E+00 -0.985245320736181E-19
  0.00000000  0.00000000  0.04000000    0.2486D-01  0.282769049524984E+01  0.787753745939231E-18    0.353645493267340E+00 -0.985205285104089E-19
  0.00000000  0.00000000  0.04000000    0.2564D-01  0.282776279186867E+01  0.787760005250293E-18    0.353636451712121E+00 -0.985162736628771E-19
  0.00000000  0.00000000  0.04000000    0.2644D-01  0.282783962833653E+01  0.787766656658505E-18    0.353626842901359E+00 -0.985117518495834E-19
  0.00000000  0.00000000  0.04000000    0.2726D-01  0.282792128842656E+01  0.787773724549413E-18    0.353616631443230E+00 -0.985069464113851E-19
  0.00000000  0.00000000  0.04000000    0.2811D-01  0.282800807367268E+01  0.787781234818247E-18    0.353605779739277E+00 -0.985018396500230E-19
  0.00000000  0.00000000  0.04000000    0.2899D-01  0.282810030448969E+01  0.787789214962822E-18    0.353594247846326E+00 -0.984964127630156E-19
  0.00000000  0.00000000  0.04000000    0.2989D-01  0.282819832136553E+01  0.787797694184228E-18    0.353581993329652E+00 -0.984906457746821E-19
  0.00000000  0.00000000  0.04000000    0.3082D-01  0.282830248613021E+01  0.787806703490279E-18    0.353568971106848E+00 -0.984845174623632E-19
  0.00000000  0.00000000  0.04000000    0.3178D-01  0.282841318330662E+01  0.787816275807978E-18    0.353555133281810E+00 -0.984780052782954E-19
  0.00000000  0.00000000  0.04000000    0.3277D-01  0.282853082154862E+01  0.787826446100685E-18    0.353540428968174E+00 -0.984710852662423E-19
  0.00000000  0.00000000  0.04000000    0.3379D-01  0.282865583517252E+01  0.787837251494583E-18    0.353524804101525E+00 -0.984637319730768E-19
  0.00000000  0.00000000  0.04000000    0.3484D-01  0.282878868578800E+01  0.787848731411420E-18    0.353508201239654E+00 -0.984559183545417E-19
  0.00000000  0.00000000  0.04000000    0.3592D-01  0.282892986403551E+01  0.787860927709086E-18    0.353490559350060E+00 -0.984476156749450E-19
  0.00000000  0.00000000  0.04000000    0.3703D-01  0.282907989143715E+01  0.787873884833099E-18    0.353471813583889E+00 -0.984387934007293E-19
  0.00000000  0.00000000  0.04000000    0.3818D-01  0.282923932236916E+01  0.787887649975234E-18    0.353451895035382E+00 -0.984294190869387E-19
  0.00000000  0.00000000  0.04000000    0.3936D-01  0.282940874616429E+01  0.787902273240417E-18    0.353430730485886E+00 -0.984194582562026E-19
  0.00000000  0.00000000  0.04000000    0.4058D-01  0.282958878935300E+01  0.787917807829176E-18    0.353408242131414E+00 -0.984088742706026E-19
  0.00000000  0.00000000  0.04000000    0.4184D-01  0.282978011805349E+01  0.787934310223186E-18    0.353384347292633E+00 -0.983976281942442E-19
  0.00000000  0.00000000  0.04000000    0.4313D-01  0.282998344052082E+01  0.787951840391255E-18    0.353358958106117E+00 -0.983856786480736E-19
  0.00000000  0.00000000  0.04000000    0.4447D-01  0.283019950986668E+01  0.787970461999635E-18    0.353331981195596E+00 -0.983729816542348E-19
  0.00000000  0.00000000  0.04000000    0.4584D-01  0.283042912696182E+01  0.787990242640503E-18    0.353303317321850E+00 -0.983594904709637E-19
  0.00000000  0.00000000  0.04000000    0.4726D-01  0.283067314353447E+01  0.788011254069219E-18    0.353272861009791E+00 -0.983451554160534E-19
  0.00000000  0.00000000  0.04000000    0.4872D-01  0.283093246547912E+01  0.788033572463471E-18    0.353240500151160E+00 -0.983299236796844E-19
  0.00000000  0.00000000  0.04000000    0.5022D-01  0.283120805639071E+01  0.788057278690861E-18    0.353206115581214E+00 -0.983137391240489E-19
  0.00000000  0.00000000  0.04000000    0.5177D-01  0.283150094134161E+01  0.788082458592582E-18    0.353169580627505E+00 -0.982965420697194E-19
  0.00000000  0.00000000  0.04000000    0.5337D-01  0.283181221091883E+01  0.788109203290313E-18    0.353130760628910E+00 -0.982782690686440E-19
  0.00000000  0.00000000  0.04000000    0.5501D-01  0.283214302554163E+01  0.788137609505859E-18    0.353089512422755E+00 -0.982588526613125E-19
  0.00000000  0.00000000  0.04000000    0.5671D-01  0.283249462008070E+01  0.788167779902074E-18    0.353045683797807E+00 -0.982382211179624E-19
  0.00000000  0.00000000  0.04000000    0.5846D-01  0.283286830880211E+01  0.788199823440056E-18    0.352999112910708E+00 -0.982162981619039E-19
  0.00000000  0.00000000  0.04000000    0.6026D-01  0.283326549066147E+01  0.788233855766365E-18    0.352949627663214E+00 -0.981930026752723E-19
  0.00000000  0.00000000  0.04000000    0.6211D-01  0.283368765497580E+01  0.788269999609733E-18    0.352897045037428E+00 -0.981682483831495E-19
  0.00000000  0.00000000  0.04000000    0.6403D-01  0.283413638750316E+01  0.788308385214827E-18    0.352841170385942E+00 -0.981419435178617E-19
  0.00000000  0.00000000  0.04000000    0.6600D-01  0.283461337696295E+01  0.788349150789266E-18    0.352781796673596E+00 -0.981139904587332E-19
  0.00000000  0.00000000  0.04000000    0.6803D-01  0.283512042203287E+01  0.788392442982300E-18    0.352718703667257E+00 -0.980842853477054E-19
  0.00000000  0.00000000  0.04000000    0.7012D-01  0.283565943886190E+01  0.788438417391056E-18    0.352651657069706E+00 -0.980527176782435E-19
  0.00000000  0.00000000  0.04000000    0.7227D-01  0.283623246914237E+01  0.788487239092511E-18    0.352580407593452E+00 -0.980191698551200E-19
  0.00000000  0.00000000  0.04000000    0.7450D-01  0.283684168878888E+01  0.788539083205548E-18    0.352504689969826E+00 -0.979835167231811E-19
  0.00000000  0.00000000  0.04000000    0.7678D-01  0.283748941727577E+01  0.788594135486238E-18    0.352424221888406E+00 -0.979456250629204E-19
  0.00000000  0.00000000  0.04000000    0.7914D-01  0.283817812769119E+01  0.788652592950821E-18    0.352338702861290E+00 -0.979053530493276E-19
  0.00000000  0.00000000  0.04000000    0.8157D-01  0.283891045757068E+01  0.788714664537115E-18    0.352247813006305E+00 -0.978625496722923E-19
  0.00000000  0.00000000  0.04000000    0.8408D-01  0.283968922058056E+01  0.788780571795688E-18    0.352151211742655E+00 -0.978170541141564E-19
  0.00000000  0.00000000  0.04000000    0.8666D-01  0.284051741912876E+01  0.788850549621337E-18    0.352048536391908E+00 -0.977686950820828E-19
  0.00000000  0.00000000  0.04000000    0.8932D-01  0.284139825798859E+01  0.788924847014045E-18    0.351939400676587E+00 -0.977172900899647E-19
  0.00000000  0.00000000  0.04000000    0.9206D-01  0.284233515903157E+01  0.789003727882992E-18    0.351823393107770E+00 -0.976626446872133E-19
  0.00000000  0.00000000  0.04000000    0.9488D-01  0.284333177717470E+01  0.789087471884423E-18    0.351700075252441E+00 -0.976045516286079E-19
  0.00000000  0.00000000  0.04000000    0.9779D-01  0.284439201766099E+01  0.789176375296962E-18    0.351568979870195E+00 -0.975427899804627E-19
  0.00000000  0.00000000  0.04000000    0.1008D+00  0.284552005480492E+01  0.789270751934796E-18    0.351429608908013E+00 -0.974771241575363E-19
  0.00000000  0.00000000  0.04000000    0.1039D+00  0.284672035235060E+01  0.789370934092711E-18    0.351281431340552E+00 -0.974073028837378E-19
  0.00000000  0.00000000  0.04000000    0.1071D+00  0.284799768560806E+01  0.789477273530950E-18    0.351123880842092E+00 -0.973330580708096E-19
  0.00000000  0.00000000  0.04000000    0.1103D+00  0.284935716555323E+01  0.789590142483348E-18    0.350956353274806E+00 -0.972541036054656E-19
  0.00000000  0.00000000  0.04000000    0.1137D+00  0.285080426510060E+01  0.789709934699173E-18    0.350778203976312E+00 -0.971701340380347E-19
  0.00000000  0.00000000  0.04000000    0.1172D+00  0.285234484778419E+01  0.789837066502575E-18    0.350588744827554E+00 -0.970808231615218E-19
  0.00000000  0.00000000  0.04000000    0.1208D+00  0.285398519911263E+01  0.789971977869145E-18    0.350387241079920E+00 -0.969858224710063E-19
  0.00000000  0.00000000  0.04000000    0.1245D+00  0.285573206089996E+01  0.790115133502054E-18    0.350172907917999E+00 -0.968847594900900E-19
  0.00000000  0.00000000  0.04000000    0.1283D+00  0.285759266891373E+01  0.790267023909033E-18    0.349944906731628E+00 -0.967772359522656E-19
  0.00000000  0.00000000  0.04000000    0.1322D+00  0.285957479422949E+01  0.790428166449235E-18    0.349702341067616E+00 -0.966628258197250E-19
  0.00000000  0.00000000  0.04000000    0.1363D+00  0.286168678873513E+01  0.790599106340946E-18    0.349444252227897E+00 -0.965410731233333E-19
  0.00000000  0.00000000  0.04000000    0.1405D+00  0.286393763529197E+01  0.790780417599668E-18    0.349169614476627E+00 -0.964114896031223E-19
  0.00000000  0.00000000  0.04000000    0.1448D+00  0.286633700313372E+01  0.790972703876426E-18    0.348877329813877E+00 -0.962735521267652E-19
  0.00000000  0.00000000  0.04000000    0.1492D+00  0.286889530917096E+01  0.791176599153314E-18    0.348566222267963E+00 -0.961266998597375E-19
  0.00000000  0.00000000  0.04000000    0.1537D+00  0.287162378597087E+01  0.791392768249179E-18    0.348235031651930E+00 -0.959703311578425E-19
  0.00000000  0.00000000  0.04000000    0.1585D+00  0.287453455730153E+01  0.791621907070948E-18    0.347882406722134E+00 -0.958038001478509E-19
  0.00000000  0.00000000  0.04000000    0.1633D+00  0.287764072227195E+01  0.791864742526900E-18    0.347506897668060E+00 -0.956264129564383E-19
  0.00000000  0.00000000  0.04000000    0.1683D+00  0.288095644926691E+01  0.792122032006537E-18    0.347106947852149E+00 -0.954374235425168E-19
  0.00000000  0.00000000  0.04000000    0.1734D+00  0.288449708107595E+01  0.792394562301120E-18    0.346680884706248E+00 -0.952360290801552E-19
  0.00000000  0.00000000  0.04000000    0.1787D+00  0.288827925285409E+01  0.792683147799608E-18    0.346226909677047E+00 -0.950213648297798E-19
  0.00000000  0.00000000  0.04000000    0.1842D+00  0.289232102483910E+01  0.792988627776334E-18    0.345743087095815E+00 -0.947924984276308E-19
  0.00000000  0.00000000  0.04000000    0.1898D+00  0.289664203209490E+01  0.793311862500751E-18    0.345227331827669E+00 -0.945484235068922E-19
  0.00000000  0.00000000  0.04000000    0.1956D+00  0.290126365396824E+01  0.793653727875007E-18    0.344677395531508E+00 -0.942880525538146E-19
  0.00000000  0.00000000  0.04000000    0.2016D+00  0.290620920645346E+01  0.794015108181104E-18    0.344090851332871E+00 -0.940102088791497E-19
  0.00000000  0.00000000  0.04000000    0.2078D+00  0.291150416127995E+01  0.794396886447893E-18    0.343465076677198E+00 -0.937136175673555E-19
  0.00000000  0.00000000  0.04000000    0.2141D+00  0.291717639629787E+01  0.794799931778109E-18    0.342797234088786E+00 -0.933968952351524E-19
  0.00000000  0.00000000  0.04000000    0.2207D+00  0.292325648267708E+01  0.795225082827556E-18    0.342084249509373E+00 -0.930585384013133E-19
  0.00000000  0.00000000  0.04000000    0.2274D+00  0.292977801560034E+01  0.795673126375584E-18    0.341322787827353E+00 -0.926969102258659E-19
  0.00000000  0.00000000  0.04000000    0.2343D+00  0.293677799658803E+01  0.796144769629670E-18    0.340509225131013E+00 -0.923102253264179E-19
  0.00000000  0.00000000  0.04000000    0.2415D+00  0.294429727742300E+01  0.796640604519752E-18    0.339639617122919E+00 -0.918965323163551E-19
  0.00000000  0.00000000  0.04000000    0.2489D+00  0.295238107796083E+01  0.797161061702862E-18    0.338709663012298E+00 -0.914536936276504E-19
  0.00000000  0.00000000  0.04000000    0.2565D+00  0.296107959306587E+01  0.797706351313184E-18    0.337714664050827E+00 -0.909793620798998E-19
  0.00000000  0.00000000  0.04000000    0.2643D+00  0.297044870770965E+01  0.798276386564575E-18    0.336649475685121E+00 -0.904709535267442E-19
  0.00000000  0.00000000  0.04000000    0.2724D+00  0.298055084418714E+01  0.798870685061646E-18    0.335508452053507E+00 -0.899256147428864E-19
  0.00000000  0.00000000  0.04000000    0.2807D+00  0.299145597183774E+01  0.799488240991629E-18    0.334285381237175E+00 -0.893401854984819E-19
  0.00000000  0.00000000  0.04000000    0.2893D+00  0.300324281814606E+01  0.800127359049659E-18    0.332973409262097E+00 -0.887111534827902E-19
  0.00000000  0.00000000  0.04000000    0.2981D+00  0.301600033141899E+01  0.800785437782424E-18    0.331564950302745E+00 -0.880346003664299E-19
  0.00000000  0.00000000  0.04000000    0.3072D+00  0.302982946050521E+01  0.801458685573479E-18    0.330051579811774E+00 -0.873061367893908E-19
  0.00000000  0.00000000  0.04000000    0.3166D+00  0.304484533786984E+01  0.802141746308570E-18    0.328423906318866E+00 -0.865208233953848E-19
  0.00000000  0.00000000  0.04000000    0.3262D+00  0.306117998117672E+01  0.802827202866399E-18    0.326671416299932E+00 -0.856730741142720E-19
  0.00000000  0.00000000  0.04000000    0.3362D+00  0.307898566901108E+01  0.803504913882075E-18    0.324782284654538E+00 -0.847565366374653E-19
  0.00000000  0.00000000  0.04000000    0.3464D+00  0.309843920410328E+01  0.804161120692427E-18    0.322743140699903E+00 -0.837639432709607E-19
  0.00000000  0.00000000  0.04000000    0.3570D+00  0.311974736119702E+01  0.804777233944700E-18    0.320538775811741E+00 -0.826869228509628E-19
  0.00000000  0.00000000  0.04000000    0.3679D+00  0.314315394068909E+01  0.805328168247423E-18    0.318151773304735E+00 -0.815157608106205E-19
  0.00000000  0.00000000  0.04000000    0.3791D+00  0.316894903666856E+01  0.805780030317852E-18    0.315562032847104E+00 -0.802390891909118E-19
  0.00000000  0.00000000  0.04000000    0.3907D+00  0.319748141854070E+01  0.806086868048991E-18    0.312746148953820E+00 -0.788434804476906E-19
  0.00000000  0.00000000  0.04000000    0.4026D+00  0.322917538828144E+01  0.806186031496222E-18    0.309676582953333E+00 -0.773129066833761E-19
  0.00000000  0.00000000  0.04000000    0.4149D+00  0.326455423633112E+01  0.805991440733780E-18    0.306320534935836E+00 -0.756280065840618E-19
  0.00000000  0.00000000  0.04000000    0.4276D+00  0.330427371657266E+01  0.805383623260970E-18    0.302638366484131E+00 -0.737650706460204E-19
  0.00000000  0.00000000  0.04000000    0.4406D+00  0.334917126908968E+01  0.804194626962605E-18    0.298581326440139E+00 -0.716946011840690E-19
  0.00000000  0.00000000  0.04000000    0.4540D+00  0.340034103856134E+01  0.802184529909217E-18    0.294088148412047E+00 -0.693792065002995E-19
  0.00000000  0.00000000  0.04000000    0.4679D+00  0.345925332659796E+01  0.799003589708688E-18    0.289079724896431E+00 -0.667704027711101E-19
  0.00000000  0.00000000  0.04000000    0.4822D+00  0.352795554347072E+01  0.794128509423924E-18    0.283450283791338E+00 -0.638035112941246E-19
  0.00000000  0.00000000  0.04000000    0.4969D+00  0.360943526817557E+01  0.786748574057716E-18    0.277051650937478E+00 -0.603889459487583E-19
  0.00000000  0.00000000  0.04000000    0.5120D+00  0.370834319538751E+01  0.775544222026433E-18    0.269662204200467E+00 -0.563957954664794E-19
  0.00000000  0.00000000  0.04000000    0.5276D+00  0.383265442354358E+01  0.758195857517065E-18    0.260915775201936E+00 -0.516157310462803E-19
  0.00000000  0.00000000  0.04000000    0.5437D+00  0.399854741705496E+01  0.730016008926626E-18    0.250090819414748E+00 -0.456591563925512E-19
  0.00000000  0.00000000  0.04000000    0.5603D+00  0.426330103925043E+01  0.212612566621665E-05    0.234560025387175E+00 -0.116976044068374E-06
  0.00000000  0.00000000  0.04000000    0.5774D+00  0.469355173586637E+01  0.133084787119340E+00    0.212887106957645E+00 -0.603637435024048E-02
  0.00000000  0.00000000  0.04000000    0.5950D+00  0.494079036238672E+01  0.785912890716363E+00    0.197402087375207E+00 -0.314000056152049E-01
  0.00000000  0.00000000  0.04000000    0.6131D+00  0.483592451035779E+01  0.125630494904693E+01    0.193712299871553E+00 -0.503237220718919E-01
  0.00000000  0.00000000  0.04000000    0.6318D+00  0.466081085898167E+01  0.155785325124055E+01    0.192993722094248E+00 -0.645072084086306E-01
  0.00000000  0.00000000  0.04000000    0.6511D+00  0.450000009155855E+01  0.177889156782512E+01    0.192188965868082E+00 -0.759740719679300E-01
  0.00000000  0.00000000  0.04000000    0.6709D+00  0.436555748361980E+01  0.196656481534829E+01    0.190423909037262E+00 -0.857807876585905E-01
  0.00000000  0.00000000  0.04000000    0.6914D+00  0.423261470848887E+01  0.217180874444465E+01    0.187020844860395E+00 -0.959627875994987E-01
  0.00000000  0.00000000  0.04000000    0.7125D+00  0.405485034919462E+01  0.237709515308424E+01    0.183540569840911E+00 -0.107597904087830E+00
  0.00000000  0.00000000  0.04000000    0.7342D+00  0.389784724686798E+01  0.248605269308071E+01    0.182366764184888E+00 -0.116313789770636E+00
  0.00000000  0.00000000  0.04000000    0.7565D+00  0.375207865174833E+01  0.269780581976017E+01    0.175689953652035E+00 -0.126323945585469E+00
  0.00000000  0.00000000  0.04000000    0.7796D+00  0.346744046211579E+01  0.293317304892139E+01    0.168104897475596E+00 -0.142203091892813E+00
  0.00000000  0.00000000  0.04000000    0.8034D+00  0.316968065920604E+01  0.291570206511528E+01    0.170888910092115E+00 -0.157196008567528E+00
  0.00000000  0.00000000  0.04000000    0.8279D+00  0.303533449729559E+01  0.288162854121819E+01    0.173278975603817E+00 -0.164504321397822E+00
  0.00000000  0.00000000  0.04000000    0.8531D+00  0.293789353027328E+01  0.302183600562125E+01    0.165396683567226E+00 -0.170122452860740E+00
  0.00000000  0.00000000  0.04000000    0.8791D+00  0.275843056138834E+01  0.321736290363333E+01    0.153584341712009E+00 -0.179136850686014E+00
  0.00000000  0.00000000  0.04000000    0.9059D+00  0.247756311129950E+01  0.347755923388516E+01    0.135892871025497E+00 -0.190742066790789E+00
  0.00000000  0.00000000  0.04000000    0.9335D+00  0.161152733936425E+01  0.396253142178828E+01    0.880679766985033E-01 -0.216547443159610E+00
  0.00000000  0.00000000  0.04000000    0.9619D+00  0.838544458088773E+00  0.293467681003550E+01    0.900161910209262E-01 -0.315032108039848E+00
  0.00000000  0.00000000  0.04000000    0.9913D+00  0.105491514342113E+01  0.207988571272430E+01    0.193962061110442E+00 -0.382418360595206E+00
  0.00000000  0.00000000  0.04000000    0.1021D+01  0.142912301107295E+01  0.202269294719594E+01    0.232996042341104E+00 -0.329768290004716E+00
  0.00000000  0.00000000  0.04000000    0.1053D+01  0.191899227249792E+01  0.177240502332517E+01    0.281214255230830E+00 -0.259732968050453E+00
  0.00000000  0.00000000  0.04000000    0.1085D+01  0.249860243343789E+01  0.252204977216264E+01    0.198242792601911E+00 -0.200103138948201E+00
  0.00000000  0.00000000  0.04000000    0.1118D+01  0.152545953382145E+01  0.429134257922360E+01    0.735421793586003E-01 -0.206884993441852E+00
  0.00000000  0.00000000  0.04000000    0.1152D+01 -0.610901739102578E-01  0.336974926702519E+01   -0.537815697980747E-02 -0.296660483685570E+00
  0.00000000  0.00000000  0.04000000    0.1187D+01 -0.249261969340007E+00  0.203445625031504E+01   -0.593319303870332E-01 -0.484262468674086E+00
  0.00000000  0.00000000  0.04000000    0.1223D+01  0.688768711498132E-01  0.172635304720149E+01    0.230740282520773E-01 -0.578335199018329E+00
  0.00000000  0.00000000  0.04000000    0.1260D+01  0.130819136577260E+00  0.152104868110427E+01    0.561286235746128E-01 -0.652613761977717E+00
  0.00000000  0.00000000  0.04000000    0.1299D+01  0.137828644275545E+00  0.117763168954284E+01    0.980419382897970E-01 -0.837687216914421E+00
  0.00000000  0.00000000  0.04000000    0.1338D+01  0.615908528589514E+00  0.539801545571362E+00    0.918267297785157E+00 -0.804798251011757E+00
  0.00000000  0.00000000  0.04000000    0.1379D+01  0.125208212096452E+01  0.971435667498815E+00    0.498560034095586E+00 -0.386810889957273E+00
  0.00000000  0.00000000  0.04000000    0.1421D+01  0.971888449362789E+00  0.182375267006884E+01    0.227574375499958E+00 -0.427044251044875E+00
  0.00000000  0.00000000  0.04000000    0.1464D+01  0.306305293498772E+00  0.149132787055547E+01    0.132148800712706E+00 -0.643401187463086E+00
  0.00000000  0.00000000  0.04000000    0.1509D+01  0.308834018553540E+00  0.744671306209047E+00    0.475192273239446E+00 -0.114580010476507E+01
  0.00000000  0.00000000  0.04000000    0.1555D+01  0.756824478267252E+00  0.559358441807362E+00    0.854526648143807E+00 -0.631568756183649E+00
  0.00000000  0.00000000  0.04000000    0.1602D+01  0.101104564331264E+01  0.837926580834737E+00    0.586339710321897E+00 -0.485942085728104E+00
  0.00000000  0.00000000  0.04000000    0.1651D+01  0.888536097402280E+00  0.109984154971260E+01    0.444457425151777E+00 -0.550155187492497E+00
  0.00000000  0.00000000  0.04000000    0.1701D+01  0.563248025457732E+00  0.106725053444681E+01    0.386773905851696E+00 -0.732864811012602E+00
  0.00000000  0.00000000  0.04000000    0.1753D+01  0.474677728073603E+00  0.582598344249983E+00    0.840524694796497E+00 -0.103162264949101E+01
  0.00000000  0.00000000  0.04000000    0.1807D+01  0.676544819576743E+00  0.371431112938894E+00    0.113576362210489E+01 -0.623547670437933E+00
  0.00000000  0.00000000  0.04000000    0.1862D+01  0.885621112887046E+00  0.275130198135298E+00    0.102976638944095E+01 -0.319910881343334E+00
  0.00000000  0.00000000  0.04000000    0.1919D+01  0.110694155167404E+01  0.238351820858436E+00    0.863360599045483E+00 -0.185902833377889E+00
  0.00000000  0.00000000  0.04000000    0.1977D+01  0.127213965334109E+01  0.342107190276639E+00    0.733062571761753E+00 -0.197137142973043E+00
  0.00000000  0.00000000  0.04000000    0.2037D+01  0.138375915154065E+01  0.377841749302495E+00    0.672526359707585E+00 -0.183636390712237E+00
  0.00000000  0.00000000  0.04000000    0.2099D+01  0.152473874040189E+01  0.441369595020202E+00    0.605142622280101E+00 -0.175172012783535E+00
  0.00000000  0.00000000  0.04000000    0.2163D+01  0.172909177743486E+01  0.540619752946881E+00    0.526836373403720E+00 -0.164721244846519E+00
  0.00000000  0.00000000  0.04000000    0.2229D+01  0.177773467118036E+01  0.956254316120468E+00    0.436279293866244E+00 -0.234677291587378E+00
  0.00000000  0.00000000  0.04000000    0.2297D+01  0.167812863908715E+01  0.109607294731091E+01    0.417705571407854E+00 -0.272825197125675E+00
  0.00000000  0.00000000  0.04000000    0.2367D+01  0.158443266808405E+01  0.132663877837632E+01    0.371026990322732E+00 -0.310659331318636E+00
  0.00000000  0.00000000  0.04000000    0.2439D+01  0.127516321426373E+01  0.154685566696608E+01    0.317299205587752E+00 -0.384904511671192E+00
  0.00000000  0.00000000  0.04000000    0.2513D+01  0.133309461169029E+01  0.111886079691581E+01    0.440111816779927E+00 -0.369384028512489E+00
  0.00000000  0.00000000  0.04000000    0.2590D+01  0.147658825169066E+01  0.183174359768809E+01    0.266744151642562E+00 -0.330902600256071E+00
  0.00000000  0.00000000  0.04000000    0.2669D+01  0.620438441670550E+00  0.254291500728833E+01    0.905569679395141E-01 -0.371154746904280E+00
  0.00000000  0.00000000  0.04000000    0.2750D+01 -0.166795833034504E+00  0.170019637980828E+01   -0.571514427663690E-01 -0.582560573153525E+00
  0.00000000  0.00000000  0.04000000    0.2834D+01 -0.333377338220362E+00  0.126187231162539E+01   -0.195705746825155E+00 -0.740769197039407E+00
  0.00000000  0.00000000  0.04000000    0.2920D+01 -0.313488472890887E+00  0.672400021688271E+00   -0.569568111894784E+00 -0.122166409265166E+01
  0.00000000  0.00000000  0.04000000    0.3009D+01 -0.380570624834837E-01  0.344814903487189E+00   -0.316231289269168E+00 -0.286520436348181E+01
  0.00000000  0.00000000  0.04000000    0.3101D+01  0.186673754456304E+00  0.321667431738118E+00    0.134960791289461E+01 -0.232558086410518E+01
  0.00000000  0.00000000  0.04000000    0.3195D+01  0.252189764562971E+00  0.298630160156186E+00    0.165067641351054E+01 -0.195464618711599E+01
  0.00000000  0.00000000  0.04000000    0.3293D+01  0.345603738663849E+00  0.143114654347327E+00    0.246994339738123E+01 -0.102280460547186E+01
  0.00000000  0.00000000  0.04000000    0.3393D+01  0.504614203475650E+00  0.124033902353466E+00    0.186880373387851E+01 -0.459350962079814E+00
  0.00000000  0.00000000  0.04000000    0.3496D+01  0.595942510055231E+00  0.186957255652431E+00    0.152766408710985E+01 -0.479254089892602E+00
  0.00000000  0.00000000  0.04000000    0.3603D+01  0.591107267519952E+00  0.242326837494988E+00    0.144833049702250E+01 -0.593749000014048E+00
  0.00000000  0.00000000  0.04000000    0.3713D+01  0.575632444121361E+00  0.185769949002520E+00    0.157335438007713E+01 -0.507757972877911E+00
  0.00000000  0.00000000  0.04000000    0.3826D+01  0.606068508859599E+00  0.137736076107653E+00    0.156894585547709E+01 -0.356561086081508E+00
  0.00000000  0.00000000  0.04000000    0.3942D+01  0.670534321130185E+00  0.912332007054374E-01    0.146424128470190E+01 -0.199225326428086E+00
  0.00000000  0.00000000  0.04000000    0.4062D+01  0.734268639845129E+00  0.120485981244243E+00    0.132619107247420E+01 -0.217614404338597E+00
  0.00000000  0.00000000  0.04000000    0.4186D+01  0.736667631710938E+00  0.166720531153561E+00    0.129132339803435E+01 -0.292248652640389E+00
  0.00000000  0.00000000  0.04000000    0.4313D+01  0.719526209694124E+00  0.144431699374177E+00    0.133597281259187E+01 -0.268172056890562E+00
  0.00000000  0.00000000  0.04000000    0.4445D+01  0.724698825739126E+00  0.116837100366798E+00    0.134492571542548E+01 -0.216831068601208E+00
  0.00000000  0.00000000  0.04000000    0.4580D+01  0.751320743725482E+00  0.815948510417024E-01    0.131547428158801E+01 -0.142862990209921E+00
  0.00000000  0.00000000  0.04000000    0.4720D+01  0.783225030037099E+00  0.807873928586139E-01    0.126333127873003E+01 -0.130308961551578E+00
  0.00000000  0.00000000  0.04000000    0.4863D+01  0.808089735185299E+00  0.746091936775571E-01    0.122702662262889E+01 -0.113288738798600E+00
  0.00000000  0.00000000  0.04000000    0.5012D+01  0.824507630474533E+00  0.863871692741583E-01    0.119967544256705E+01 -0.125695095716027E+00
  0.00000000  0.00000000  0.04000000    0.5164D+01  0.828995224047740E+00  0.813242629282952E-01    0.119478150354528E+01 -0.117207822575567E+00
  0.00000000  0.00000000  0.04000000    0.5322D+01  0.860063023236905E+00  0.549719775907906E-01    0.115797483616973E+01 -0.740133746304399E-01
  0.00000000  0.00000000  0.04000000    0.5484D+01  0.894481163433303E+00  0.930605262412151E-01    0.110599521233610E+01 -0.115066141901977E+00
  0.00000000  0.00000000  0.04000000    0.5651D+01  0.874576091524490E+00  0.139578851905861E+00    0.111501077590078E+01 -0.177951267443875E+00
  0.00000000  0.00000000  0.04000000    0.5823D+01  0.856535215106052E+00  0.110574886670453E+00    0.114835620577916E+01 -0.148247678638198E+00
  0.00000000  0.00000000  0.04000000    0.6000D+01  0.845280188442628E+00  0.129845214925241E+00    0.115576742571342E+01 -0.177539793132791E+00
  0.00000000  0.00000000  0.04000000    0.6183D+01  0.826694156966889E+00  0.963758854829739E-01    0.119341761855298E+01 -0.139128453696852E+00
  0.00000000  0.00000000  0.04000000    0.6371D+01  0.832242396054143E+00  0.732993584821005E-01    0.119232400502885E+01 -0.105013377215329E+00
  0.00000000  0.00000000  0.04000000    0.6565D+01  0.840937389447898E+00  0.576214234357061E-01    0.118359214192081E+01 -0.811002874180309E-01
  0.00000000  0.00000000  0.04000000    0.6765D+01  0.858648291810950E+00  0.372161146226208E-01    0.116243745482190E+01 -0.503831498564309E-01
  0.00000000  0.00000000  0.04000000    0.6971D+01  0.874571096975263E+00  0.433666582703853E-01    0.114061308787718E+01 -0.565586699260630E-01
  0.00000000  0.00000000  0.04000000    0.7184D+01  0.885534575977139E+00  0.366089133649587E-01    0.112733467683541E+01 -0.466051791055605E-01
  0.00000000  0.00000000  0.04000000    0.7402D+01  0.888147506431290E+00  0.505879722658322E-01    0.112229799607796E+01 -0.639249443234046E-01
  0.00000000  0.00000000  0.04000000    0.7628D+01  0.887592676285434E+00  0.352751159027451E-01    0.112486623015933E+01 -0.447049504847355E-01
  0.00000000  0.00000000  0.04000000    0.7860D+01  0.896562974104685E+00  0.345369968999114E-01    0.111371796251441E+01 -0.429021439984700E-01
  0.00000000  0.00000000  0.04000000    0.8100D+01  0.897501308950578E+00  0.369031464561048E-01    0.111232394009076E+01 -0.457361486367049E-01
  0.00000000  0.00000000  0.04000000    0.8346D+01  0.896999151332223E+00  0.284716880151097E-01    0.111370620448346E+01 -0.353501957582131E-01
  0.00000000  0.00000000  0.04000000    0.8600D+01  0.902207360366437E+00  0.204573077747041E-01    0.110782306236944E+01 -0.251195881815929E-01
  0.00000000  0.00000000  0.04000000    0.8862D+01  0.908747825627722E+00  0.168953841530283E-01    0.110003504938554E+01 -0.204517845512599E-01
  0.00000000  0.00000000  0.04000000    0.9132D+01  0.910814928756646E+00  0.159766026344184E-01    0.109758017405779E+01 -0.192526513858033E-01
  0.00000000  0.00000000  0.04000000    0.9410D+01  0.915270338445017E+00  0.450703774176099E-02    0.109254687949083E+01 -0.537999519232117E-02
  0.00000000  0.00000000  0.04000000    0.9697D+01  0.924842746289524E+00  0.121783385525168E-02    0.108126302557935E+01 -0.142380823579512E-02
  0.00000000  0.00000000  0.04000000    0.9992D+01  0.932539042523148E+00  0.836788690858622E-04    0.107234115286202E+01 -0.962236333858333E-04
  0.00000000  0.00000000  0.04000000    0.1030D+02  0.938705278065745E+00  0.142561467122068E-04    0.106529708859197E+01 -0.161787005377743E-04
  0.00000000  0.00000000  0.04000000    0.1061D+02  0.943696508774751E+00 -0.360338933878540E-19    0.105966271009983E+01  0.404619205091662E-19
  0.00000000  0.00000000  0.04000000    0.1093D+02  0.948005612036542E+00 -0.253438146094811E-19    0.105484607612371E+01  0.282000687078078E-19
  0.00000000  0.00000000  0.04000000    0.1127D+02  0.951819514360130E+00 -0.192475039189189E-19    0.105061935053124E+01  0.212454144525881E-19
  0.00000000  0.00000000  0.04000000    0.1161D+02  0.955245677205872E+00 -0.155523716628337E-19    0.104685111261119E+01  0.170438013669979E-19
