 q(1:3)   w(Ry)   eps    epsi  --- NO LFC
  0.00000000  0.00000000  0.02000000    0.0000D+00  0.287700121330991E+01  0.275733796045351E-16    0.347584142604350E+00 -0.333127058278866E-17
  0.00000000  0.00000000  0.02000000    0.1015D-04  0.287700121350019E+01  0.275733796073486E-16    0.347584142581361E+00 -0.333127058268793E-17
  0.00000000  0.00000000  0.02000000    0.3076D-04  0.287700121505725E+01  0.275733796303735E-16    0.347584142393246E+00 -0.333127058186385E-17
  0.00000000  0.00000000  0.02000000    0.5200D-04  0.287700121830296E+01  0.275733796783645E-16    0.347584142001116E+00 -0.333127058014548E-17
  0.00000000  0.00000000  0.02000000    0.7389D-04  0.287700122339023E+01  0.275733797535869E-16    0.347584141386499E+00 -0.333127057745238E-17
  0.00000000  0.00000000  0.02000000    0.9644D-04  0.287700123048291E+01  0.275733798584620E-16    0.347584140529599E+00 -0.333127057369765E-17
  0.00000000  0.00000000  0.02000000    0.1197D-03  0.287700123975650E+01  0.275733799955841E-16    0.347584139409213E+00 -0.333127056878831E-17
  0.00000000  0.00000000  0.02000000    0.1436D-03  0.287700125139891E+01  0.275733801677324E-16    0.347584138002637E+00 -0.333127056262493E-17
  0.00000000  0.00000000  0.02000000    0.1683D-03  0.287700126561132E+01  0.275733803778821E-16    0.347584136285570E+00 -0.333127055510111E-17
  0.00000000  0.00000000  0.02000000    0.1937D-03  0.287700128260898E+01  0.275733806292168E-16    0.347584134232002E+00 -0.333127054610297E-17
  0.00000000  0.00000000  0.02000000    0.2199D-03  0.287700130262218E+01  0.275733809251395E-16    0.347584131814112E+00 -0.333127053550835E-17
  0.00000000  0.00000000  0.02000000    0.2469D-03  0.287700132589721E+01  0.275733812692912E-16    0.347584129002146E+00 -0.333127052318677E-17
  0.00000000  0.00000000  0.02000000    0.2748D-03  0.287700135269744E+01  0.275733816655696E-16    0.347584125764284E+00 -0.333127050899925E-17
  0.00000000  0.00000000  0.02000000    0.3034D-03  0.287700138330435E+01  0.275733821181347E-16    0.347584122066518E+00 -0.333127049279649E-17
  0.00000000  0.00000000  0.02000000    0.3330D-03  0.287700141801882E+01  0.275733826314366E-16    0.347584117872499E+00 -0.333127047441937E-17
  0.00000000  0.00000000  0.02000000    0.3634D-03  0.287700145716230E+01  0.275733832102243E-16    0.347584113143390E+00 -0.333127045369723E-17
  0.00000000  0.00000000  0.02000000    0.3948D-03  0.287700150107817E+01  0.275733838595805E-16    0.347584107837707E+00 -0.333127043044893E-17
  0.00000000  0.00000000  0.02000000    0.4271D-03  0.287700155013316E+01  0.275733845849268E-16    0.347584101911143E+00 -0.333127040448024E-17
  0.00000000  0.00000000  0.02000000    0.4604D-03  0.287700160471888E+01  0.275733853920495E-16    0.347584095316386E+00 -0.333127037558329E-17
  0.00000000  0.00000000  0.02000000    0.4948D-03  0.287700166525336E+01  0.275733862871355E-16    0.347584088002929E+00 -0.333127034353747E-17
  0.00000000  0.00000000  0.02000000    0.5301D-03  0.287700173218284E+01  0.275733872767775E-16    0.347584079916865E+00 -0.333127030810596E-17
  0.00000000  0.00000000  0.02000000    0.5666D-03  0.287700180598353E+01  0.275733883680213E-16    0.347584071000658E+00 -0.333127026903712E-17
  0.00000000  0.00000000  0.02000000    0.6041D-03  0.287700188716353E+01  0.275733895683783E-16    0.347584061192922E+00 -0.333127022606181E-17
  0.00000000  0.00000000  0.02000000    0.6428D-03  0.287700197626490E+01  0.275733908858632E-16    0.347584050428168E+00 -0.333127017889300E-17
  0.00000000  0.00000000  0.02000000    0.6827D-03  0.287700207386586E+01  0.275733923290263E-16    0.347584038636541E+00 -0.333127012722468E-17
  0.00000000  0.00000000  0.02000000    0.7238D-03  0.287700218058303E+01  0.275733939069841E-16    0.347584025743543E+00 -0.333127007073028E-17
  0.00000000  0.00000000  0.02000000    0.7662D-03  0.287700229707397E+01  0.275733956294636E-16    0.347584011669731E+00 -0.333127000906221E-17
  0.00000000  0.00000000  0.02000000    0.8098D-03  0.287700242403973E+01  0.275733975068225E-16    0.347583996330407E+00 -0.333126994184830E-17
  0.00000000  0.00000000  0.02000000    0.8548D-03  0.287700256222769E+01  0.275733995501205E-16    0.347583979635280E+00 -0.333126986869399E-17
  0.00000000  0.00000000  0.02000000    0.9011D-03  0.287700271243445E+01  0.275734017711300E-16    0.347583961488109E+00 -0.333126978917680E-17
  0.00000000  0.00000000  0.02000000    0.9488D-03  0.287700287550902E+01  0.275734041824097E-16    0.347583941786319E+00 -0.333126970284786E-17
  0.00000000  0.00000000  0.02000000    0.9980D-03  0.287700305235610E+01  0.275734067973355E-16    0.347583920420612E+00 -0.333126960922806E-17
  0.00000000  0.00000000  0.02000000    0.1049D-02  0.287700324393969E+01  0.275734096301585E-16    0.347583897274522E+00 -0.333126950780673E-17
  0.00000000  0.00000000  0.02000000    0.1101D-02  0.287700345128680E+01  0.275734126960686E-16    0.347583872223973E+00 -0.333126939804069E-17
  0.00000000  0.00000000  0.02000000    0.1155D-02  0.287700367549149E+01  0.275734160112376E-16    0.347583845136787E+00 -0.333126927935013E-17
  0.00000000  0.00000000  0.02000000    0.1210D-02  0.287700391771911E+01  0.275734195929030E-16    0.347583815872173E+00 -0.333126915111886E-17
  0.00000000  0.00000000  0.02000000    0.1267D-02  0.287700417921079E+01  0.275734234594119E-16    0.347583784280187E+00 -0.333126901268929E-17
  0.00000000  0.00000000  0.02000000    0.1326D-02  0.287700446128828E+01  0.275734276303112E-16    0.347583750201144E+00 -0.333126886336207E-17
  0.00000000  0.00000000  0.02000000    0.1387D-02  0.287700476535906E+01  0.275734321264127E-16    0.347583713464999E+00 -0.333126870239213E-17
  0.00000000  0.00000000  0.02000000    0.1450D-02  0.287700509292171E+01  0.275734369698693E-16    0.347583673890706E+00 -0.333126852898546E-17
  0.00000000  0.00000000  0.02000000    0.1514D-02  0.287700544557172E+01  0.275734421842792E-16    0.347583631285508E+00 -0.333126834229825E-17
  0.00000000  0.00000000  0.02000000    0.1580D-02  0.287700582500762E+01  0.275734477947532E-16    0.347583585444201E+00 -0.333126814143084E-17
  0.00000000  0.00000000  0.02000000    0.1649D-02  0.287700623303737E+01  0.275734538280248E-16    0.347583536148359E+00 -0.333126792542611E-17
  0.00000000  0.00000000  0.02000000    0.1719D-02  0.287700667158546E+01  0.275734603125551E-16    0.347583483165480E+00 -0.333126769326588E-17
  0.00000000  0.00000000  0.02000000    0.1792D-02  0.287700714270008E+01  0.275734672786240E-16    0.347583426248117E+00 -0.333126744386521E-17
  0.00000000  0.00000000  0.02000000    0.1867D-02  0.287700764856100E+01  0.275734747584607E-16    0.347583365132926E+00 -0.333126717606998E-17
  0.00000000  0.00000000  0.02000000    0.1944D-02  0.287700819148786E+01  0.275734827863705E-16    0.347583299539667E+00 -0.333126688865297E-17
  0.00000000  0.00000000  0.02000000    0.2024D-02  0.287700877394891E+01  0.275734913988462E-16    0.347583229170144E+00 -0.333126658030705E-17
  0.00000000  0.00000000  0.02000000    0.2106D-02  0.287700939857045E+01  0.275735006347192E-16    0.347583153707071E+00 -0.333126624964168E-17
  0.00000000  0.00000000  0.02000000    0.2190D-02  0.287701006814670E+01  0.275735105353109E-16    0.347583072812872E+00 -0.333126589517822E-17
  0.00000000  0.00000000  0.02000000    0.2277D-02  0.287701078565037E+01  0.275735211445704E-16    0.347582986128410E+00 -0.333126551534220E-17
  0.00000000  0.00000000  0.02000000    0.2367D-02  0.287701155424391E+01  0.275735325092652E-16    0.347582893271628E+00 -0.333126510846024E-17
  0.00000000  0.00000000  0.02000000    0.2459D-02  0.287701237729134E+01  0.275735446791330E-16    0.347582793836112E+00 -0.333126467275097E-17
  0.00000000  0.00000000  0.02000000    0.2554D-02  0.287701325837101E+01  0.275735577070826E-16    0.347582687389564E+00 -0.333126420631984E-17
  0.00000000  0.00000000  0.02000000    0.2652D-02  0.287701420128895E+01  0.275735716493969E-16    0.347582573472172E+00 -0.333126370715266E-17
  0.00000000  0.00000000  0.02000000    0.2753D-02  0.287701521009320E+01  0.275735865659275E-16    0.347582451594897E+00 -0.333126317310596E-17
  0.00000000  0.00000000  0.02000000    0.2858D-02  0.287701628908898E+01  0.275736025203307E-16    0.347582321237623E+00 -0.333126260190031E-17
  0.00000000  0.00000000  0.02000000    0.2965D-02  0.287701744285476E+01  0.275736195803099E-16    0.347582181847232E+00 -0.333126199111248E-17
  0.00000000  0.00000000  0.02000000    0.3075D-02  0.287701867625945E+01  0.275736378178535E-16    0.347582032835515E+00 -0.333126133816431E-17
  0.00000000  0.00000000  0.02000000    0.3189D-02  0.287701999448050E+01  0.275736573095205E-16    0.347581873576992E+00 -0.333126064031529E-17
  0.00000000  0.00000000  0.02000000    0.3307D-02  0.287702140302328E+01  0.275736781367144E-16    0.347581703406573E+00 -0.333125989465091E-17
  0.00000000  0.00000000  0.02000000    0.3428D-02  0.287702290774159E+01  0.275737003859899E-16    0.347581521617074E+00 -0.333125909807198E-17
  0.00000000  0.00000000  0.02000000    0.3553D-02  0.287702451485939E+01  0.275737241493745E-16    0.347581327456598E+00 -0.333125824728333E-17
  0.00000000  0.00000000  0.02000000    0.3681D-02  0.287702623099403E+01  0.275737495247180E-16    0.347581120125726E+00 -0.333125733878218E-17
  0.00000000  0.00000000  0.02000000    0.3813D-02  0.287702806318080E+01  0.275737766160418E-16    0.347580898774555E+00 -0.333125636884354E-17
  0.00000000  0.00000000  0.02000000    0.3950D-02  0.287703001889905E+01  0.275738055339424E-16    0.347580662499542E+00 -0.333125533350840E-17
  0.00000000  0.00000000  0.02000000    0.4090D-02  0.287703210609995E+01  0.275738363959804E-16    0.347580410340148E+00 -0.333125422856648E-17
  0.00000000  0.00000000  0.02000000    0.4235D-02  0.287703433323593E+01  0.275738693271429E-16    0.347580141275288E+00 -0.333125304954388E-17
  0.00000000  0.00000000  0.02000000    0.4385D-02  0.287703670929203E+01  0.275739044602790E-16    0.347579854219543E+00 -0.333125179168319E-17
  0.00000000  0.00000000  0.02000000    0.4538D-02  0.287703924381906E+01  0.275739419366116E-16    0.347579548019155E+00 -0.333125044992839E-17
  0.00000000  0.00000000  0.02000000    0.4697D-02  0.287704194696906E+01  0.275739819062490E-16    0.347579221447742E+00 -0.333124901890463E-17
  0.00000000  0.00000000  0.02000000    0.4860D-02  0.287704482953264E+01  0.275740245287456E-16    0.347578873201793E+00 -0.333124749289947E-17
  0.00000000  0.00000000  0.02000000    0.5029D-02  0.287704790297897E+01  0.275740699736855E-16    0.347578501895840E+00 -0.333124586584082E-17
  0.00000000  0.00000000  0.02000000    0.5202D-02  0.287705117949799E+01  0.275741184213082E-16    0.347578106057358E+00 -0.333124413127470E-17
  0.00000000  0.00000000  0.02000000    0.5381D-02  0.287705467204547E+01  0.275741700631838E-16    0.347577684121324E+00 -0.333124228234252E-17
  0.00000000  0.00000000  0.02000000    0.5565D-02  0.287705839439065E+01  0.275742251029021E-16    0.347577234424467E+00 -0.333124031175402E-17
  0.00000000  0.00000000  0.02000000    0.5755D-02  0.287706236116702E+01  0.275742837568380E-16    0.347576755199137E+00 -0.333123821176208E-17
  0.00000000  0.00000000  0.02000000    0.5950D-02  0.287706658792615E+01  0.275743462549391E-16    0.347576244566804E+00 -0.333123597413326E-17
  0.00000000  0.00000000  0.02000000    0.6152D-02  0.287707109119497E+01  0.275744128415727E-16    0.347575700531146E+00 -0.333123359011748E-17
  0.00000000  0.00000000  0.02000000    0.6360D-02  0.287707588853644E+01  0.275744837764236E-16    0.347575120970722E+00 -0.333123105041594E-17
  0.00000000  0.00000000  0.02000000    0.6574D-02  0.287708099861419E+01  0.275745593354559E-16    0.347574503631170E+00 -0.333122834514765E-17
  0.00000000  0.00000000  0.02000000    0.6794D-02  0.287708644126106E+01  0.275746398119171E-16    0.347573846116938E+00 -0.333122546381206E-17
  0.00000000  0.00000000  0.02000000    0.7021D-02  0.287709223755188E+01  0.275747255174151E-16    0.347573145882491E+00 -0.333122239525049E-17
  0.00000000  0.00000000  0.02000000    0.7255D-02  0.287709840988087E+01  0.275748167830808E-16    0.347572400222975E+00 -0.333121912760745E-17
  0.00000000  0.00000000  0.02000000    0.7497D-02  0.287710498204381E+01  0.275749139607449E-16    0.347571606264304E+00 -0.333121564828256E-17
  0.00000000  0.00000000  0.02000000    0.7745D-02  0.287711197932530E+01  0.275750174242704E-16    0.347570760952623E+00 -0.333121194388933E-17
  0.00000000  0.00000000  0.02000000    0.8001D-02  0.287711942859143E+01  0.275751275708928E-16    0.347569861043126E+00 -0.333120800020245E-17
  0.00000000  0.00000000  0.02000000    0.8265D-02  0.287712735838827E+01  0.275752448226921E-16    0.347568903088179E+00 -0.333120380210770E-17
  0.00000000  0.00000000  0.02000000    0.8537D-02  0.287713579904652E+01  0.275753696281323E-16    0.347567883424689E+00 -0.333119933354542E-17
  0.00000000  0.00000000  0.02000000    0.8818D-02  0.287714478279248E+01  0.275755024637019E-16    0.347566798160719E+00 -0.333119457745174E-17
  0.00000000  0.00000000  0.02000000    0.9107D-02  0.287715434386620E+01  0.275756438356660E-16    0.347565643161237E+00 -0.333118951569675E-17
  0.00000000  0.00000000  0.02000000    0.9404D-02  0.287716451864672E+01  0.275757942819147E-16    0.347564414033005E+00 -0.333118412901756E-17
  0.00000000  0.00000000  0.02000000    0.9711D-02  0.287717534578530E+01  0.275759543739321E-16    0.347563106108522E+00 -0.333117839694778E-17
  0.00000000  0.00000000  0.02000000    0.1003D-01  0.287718686634685E+01  0.275761247188884E-16    0.347561714428960E+00 -0.333117229774267E-17
  0.00000000  0.00000000  0.02000000    0.1035D-01  0.287719912396017E+01  0.275763059618582E-16    0.347560233726056E+00 -0.333116580829926E-17
  0.00000000  0.00000000  0.02000000    0.1069D-01  0.287721216497758E+01  0.275764987881856E-16    0.347558658402862E+00 -0.333115890407220E-17
  0.00000000  0.00000000  0.02000000    0.1103D-01  0.287722603864448E+01  0.275767039259843E-16    0.347556982513310E+00 -0.333115155898335E-17
  0.00000000  0.00000000  0.02000000    0.1139D-01  0.287724079727946E+01  0.275769221488039E-16    0.347555199740507E+00 -0.333114374532659E-17
  0.00000000  0.00000000  0.02000000    0.1176D-01  0.287725649646570E+01  0.275771542784641E-16    0.347553303373668E+00 -0.333113543366700E-17
  0.00000000  0.00000000  0.02000000    0.1214D-01  0.287727319525417E+01  0.275774011880463E-16    0.347551286283631E+00 -0.333112659273167E-17
  0.00000000  0.00000000  0.02000000    0.1253D-01  0.287729095637973E+01  0.275776638050966E-16    0.347549140896832E+00 -0.333111718929619E-17
  0.00000000  0.00000000  0.02000000    0.1293D-01  0.287730984649044E+01  0.275779431150145E-16    0.347546859167683E+00 -0.333110718806286E-17
  0.00000000  0.00000000  0.02000000    0.1334D-01  0.287732993639139E+01  0.275782401646582E-16    0.347544432549210E+00 -0.333109655153158E-17
  0.00000000  0.00000000  0.02000000    0.1377D-01  0.287735130130375E+01  0.275785560661647E-16    0.347541851961869E+00 -0.333108523986147E-17
  0.00000000  0.00000000  0.02000000    0.1421D-01  0.287737402113985E+01  0.275788920010304E-16    0.347539107760435E+00 -0.333107321072655E-17
  0.00000000  0.00000000  0.02000000    0.1466D-01  0.287739818079568E+01  0.275792492244206E-16    0.347536189698803E+00 -0.333106041915907E-17
  0.00000000  0.00000000  0.02000000    0.1513D-01  0.287742387046144E+01  0.275796290697647E-16    0.347533086892629E+00 -0.333104681738527E-17
  0.00000000  0.00000000  0.02000000    0.1561D-01  0.287745118595174E+01  0.275800329536426E-16    0.347529787779611E+00 -0.333103235465099E-17
  0.00000000  0.00000000  0.02000000    0.1610D-01  0.287748022905641E+01  0.275804623809561E-16    0.347526280077317E+00 -0.333101697703382E-17
  0.00000000  0.00000000  0.02000000    0.1662D-01  0.287751110791322E+01  0.275809189504507E-16    0.347522550738371E+00 -0.333100062724692E-17
  0.00000000  0.00000000  0.02000000    0.1714D-01  0.287754393740407E+01  0.275814043605578E-16    0.347518585902857E+00 -0.333098324442718E-17
  0.00000000  0.00000000  0.02000000    0.1768D-01  0.287757883957599E+01  0.275819204156280E-16    0.347514370847733E+00 -0.333096476391297E-17
  0.00000000  0.00000000  0.02000000    0.1824D-01  0.287761594408868E+01  0.275824690325382E-16    0.347509889933103E+00 -0.333094511700591E-17
  0.00000000  0.00000000  0.02000000    0.1882D-01  0.287765538869000E+01  0.275830522477125E-16    0.347505126545132E+00 -0.333092423071750E-17
  0.00000000  0.00000000  0.02000000    0.1941D-01  0.287769731972155E+01  0.275836722246065E-16    0.347500063035386E+00 -0.333090202750221E-17
  0.00000000  0.00000000  0.02000000    0.2002D-01  0.287774189265602E+01  0.275843312616294E-16    0.347494680656383E+00 -0.333087842496983E-17
  0.00000000  0.00000000  0.02000000    0.2065D-01  0.287778927266841E+01  0.275850318006034E-16    0.347488959493117E+00 -0.333085333558427E-17
  0.00000000  0.00000000  0.02000000    0.2130D-01  0.287783963524337E+01  0.275857764357144E-16    0.347482878390281E+00 -0.333082666633792E-17
  0.00000000  0.00000000  0.02000000    0.2197D-01  0.287789316682077E+01  0.275865679230676E-16    0.347476414874951E+00 -0.333079831841056E-17
  0.00000000  0.00000000  0.02000000    0.2266D-01  0.287795006548231E+01  0.275874091908155E-16    0.347469545074408E+00 -0.333076818680235E-17
  0.00000000  0.00000000  0.02000000    0.2337D-01  0.287801054168143E+01  0.275883033499516E-16    0.347462243628811E+00 -0.333073615994679E-17
  0.00000000  0.00000000  0.02000000    0.2410D-01  0.287807481901973E+01  0.275892537057707E-16    0.347454483598379E+00 -0.333070211929660E-17
  0.00000000  0.00000000  0.02000000    0.2486D-01  0.287814313507243E+01  0.275902637700623E-16    0.347446236364765E+00 -0.333066593888425E-17
  0.00000000  0.00000000  0.02000000    0.2564D-01  0.287821574226667E+01  0.275913372740830E-16    0.347437471526187E+00 -0.333062748485428E-17
  0.00000000  0.00000000  0.02000000    0.2644D-01  0.287829290881560E+01  0.275924781823425E-16    0.347428156785994E+00 -0.333058661496469E-17
  0.00000000  0.00000000  0.02000000    0.2726D-01  0.287837491971202E+01  0.275936907072883E-16    0.347418257834198E+00 -0.333054317805858E-17
  0.00000000  0.00000000  0.02000000    0.2811D-01  0.287846207778590E+01  0.275949793249078E-16    0.347407738221515E+00 -0.333049701349888E-17
  0.00000000  0.00000000  0.02000000    0.2899D-01  0.287855470482929E+01  0.275963487913440E-16    0.347396559225476E+00 -0.333044795056885E-17
  0.00000000  0.00000000  0.02000000    0.2989D-01  0.287865314279374E+01  0.275978041605620E-16    0.347384679708059E+00 -0.333039580783195E-17
  0.00000000  0.00000000  0.02000000    0.3082D-01  0.287875775506470E+01  0.275993508031675E-16    0.347372055964301E+00 -0.333034039245196E-17
  0.00000000  0.00000000  0.02000000    0.3178D-01  0.287886892781811E+01  0.276009944264260E-16    0.347358641561323E+00 -0.333028149946767E-17
  0.00000000  0.00000000  0.02000000    0.3277D-01  0.287898707146475E+01  0.276027410955707E-16    0.347344387167126E+00 -0.333021891101995E-17
  0.00000000  0.00000000  0.02000000    0.3379D-01  0.287911262218827E+01  0.276045972565074E-16    0.347329240368496E+00 -0.333015239553002E-17
  0.00000000  0.00000000  0.02000000    0.3484D-01  0.287924604358318E+01  0.276065697599677E-16    0.347313145477319E+00 -0.333008170682111E-17
  0.00000000  0.00000000  0.02000000    0.3592D-01  0.287938782839973E+01  0.276086658872570E-16    0.347296043324517E+00 -0.333000658318467E-17
  0.00000000  0.00000000  0.02000000    0.3703D-01  0.287953850040276E+01  0.276108933776610E-16    0.347277871040839E+00 -0.332992674638264E-17
  0.00000000  0.00000000  0.02000000    0.3818D-01  0.287969861635273E+01  0.276132604576709E-16    0.347258561823579E+00 -0.332984190058595E-17
  0.00000000  0.00000000  0.02000000    0.3936D-01  0.287986876811717E+01  0.276157758721028E-16    0.347238044688331E+00 -0.332975173123931E-17
  0.00000000  0.00000000  0.02000000    0.4058D-01  0.288004958492154E+01  0.276184489172831E-16    0.347216244204783E+00 -0.332965590385207E-17
  0.00000000  0.00000000  0.02000000    0.4184D-01  0.288024173574957E+01  0.276212894764357E-16    0.347193080215455E+00 -0.332955406270811E-17
  0.00000000  0.00000000  0.02000000    0.4313D-01  0.288044593190347E+01  0.276243080573866E-16    0.347168467536266E+00 -0.332944582948485E-17
  0.00000000  0.00000000  0.02000000    0.4447D-01  0.288066292973538E+01  0.276275158328311E-16    0.347142315637693E+00 -0.332933080178423E-17
  0.00000000  0.00000000  0.02000000    0.4584D-01  0.288089353356239E+01  0.276309246832500E-16    0.347114528305197E+00 -0.332920855155756E-17
  0.00000000  0.00000000  0.02000000    0.4726D-01  0.288113859877836E+01  0.276345472427468E-16    0.347085003277528E+00 -0.332907862342640E-17
  0.00000000  0.00000000  0.02000000    0.4872D-01  0.288139903517706E+01  0.276383969479683E-16    0.347053631861354E+00 -0.332894053288552E-17
  0.00000000  0.00000000  0.02000000    0.5022D-01  0.288167581050164E+01  0.276424880903460E-16    0.347020298520645E+00 -0.332879376438095E-17
  0.00000000  0.00000000  0.02000000    0.5177D-01  0.288196995423795E+01  0.276468358719171E-16    0.346984880438984E+00 -0.332863776925458E-17
  0.00000000  0.00000000  0.02000000    0.5337D-01  0.288228256166935E+01  0.276514564649642E-16    0.346947247052983E+00 -0.332847196354278E-17
  0.00000000  0.00000000  0.02000000    0.5501D-01  0.288261479821297E+01  0.276563670757903E-16    0.346907259554740E+00 -0.332829572562041E-17
  0.00000000  0.00000000  0.02000000    0.5671D-01  0.288296790405898E+01  0.276615860129144E-16    0.346864770361155E+00 -0.332810839367520E-17
  0.00000000  0.00000000  0.02000000    0.5846D-01  0.288334319913605E+01  0.276671327600448E-16    0.346819622547755E+00 -0.332790926300154E-17
  0.00000000  0.00000000  0.02000000    0.6026D-01  0.288374208842853E+01  0.276730280541855E-16    0.346771649244452E+00 -0.332769758309671E-17
  0.00000000  0.00000000  0.02000000    0.6211D-01  0.288416606767296E+01  0.276792939692952E-16    0.346720672990523E+00 -0.332747255454667E-17
  0.00000000  0.00000000  0.02000000    0.6403D-01  0.288461672946424E+01  0.276859540059054E-16    0.346666505045795E+00 -0.332723332567944E-17
  0.00000000  0.00000000  0.02000000    0.6600D-01  0.288509576980439E+01  0.276930331872111E-16    0.346608944654826E+00 -0.332697898897169E-17
  0.00000000  0.00000000  0.02000000    0.6803D-01  0.288560499512992E+01  0.277005581621353E-16    0.346547778260613E+00 -0.332670857718511E-17
  0.00000000  0.00000000  0.02000000    0.7012D-01  0.288614632985783E+01  0.277085573159250E-16    0.346482778663984E+00 -0.332642105920696E-17
  0.00000000  0.00000000  0.02000000    0.7227D-01  0.288672182449284E+01  0.277170608889455E-16    0.346413704124638E+00 -0.332611533557607E-17
  0.00000000  0.00000000  0.02000000    0.7450D-01  0.288733366434440E+01  0.277261011043042E-16    0.346340297399283E+00 -0.332579023365757E-17
  0.00000000  0.00000000  0.02000000    0.7678D-01  0.288798417890510E+01  0.277357123051181E-16    0.346262284712073E+00 -0.332544450244460E-17
  0.00000000  0.00000000  0.02000000    0.7914D-01  0.288867585194890E+01  0.277459311021954E-16    0.346179374651999E+00 -0.332507680694434E-17
  0.00000000  0.00000000  0.02000000    0.8157D-01  0.288941133241235E+01  0.277567965330692E-16    0.346091256991475E+00 -0.332468572211428E-17
  0.00000000  0.00000000  0.02000000    0.8408D-01  0.289019344612949E+01  0.277683502334333E-16    0.345997601419790E+00 -0.332426972631164E-17
  0.00000000  0.00000000  0.02000000    0.8666D-01  0.289102520849829E+01  0.277806366219921E-16    0.345898056184519E+00 -0.332382719419696E-17
  0.00000000  0.00000000  0.02000000    0.8932D-01  0.289190983816471E+01  0.277937031000630E-16    0.345792246633328E+00 -0.332335638905319E-17
  0.00000000  0.00000000  0.02000000    0.9206D-01  0.289285077182078E+01  0.278076002672389E-16    0.345679773647845E+00 -0.332285545445495E-17
  0.00000000  0.00000000  0.02000000    0.9488D-01  0.289385168022264E+01  0.278223821546299E-16    0.345560211960505E+00 -0.332232240522445E-17
  0.00000000  0.00000000  0.02000000    0.9779D-01  0.289491648554801E+01  0.278381064773956E-16    0.345433108344298E+00 -0.332175511760435E-17
  0.00000000  0.00000000  0.02000000    0.1008D+00  0.289604938022523E+01  0.278548349084340E-16    0.345297979664362E+00 -0.332115131856577E-17
  0.00000000  0.00000000  0.02000000    0.1039D+00  0.289725484738252E+01  0.278726333753314E-16    0.345154310779197E+00 -0.332050857416120E-17
  0.00000000  0.00000000  0.02000000    0.1071D+00  0.289853768308345E+01  0.278915723829025E-16    0.345001552277976E+00 -0.331982427681890E-17
  0.00000000  0.00000000  0.02000000    0.1103D+00  0.289990302053542E+01  0.279117273639938E-16    0.344839118038978E+00 -0.331909563146940E-17
  0.00000000  0.00000000  0.02000000    0.1137D+00  0.290135635648078E+01  0.279331790614523E-16    0.344666382592505E+00 -0.331831964036894E-17
  0.00000000  0.00000000  0.02000000    0.1172D+00  0.290290358000775E+01  0.279560139446324E-16    0.344482678269779E+00 -0.331749308648018E-17
  0.00000000  0.00000000  0.02000000    0.1208D+00  0.290455100404790E+01  0.279803246641446E-16    0.344287292117218E+00 -0.331661251524026E-17
  0.00000000  0.00000000  0.02000000    0.1245D+00  0.290630539986368E+01  0.280062105491184E-16    0.344079462553008E+00 -0.331567421453334E-17
  0.00000000  0.00000000  0.02000000    0.1283D+00  0.290817403486888E+01  0.280337781517224E-16    0.343858375740256E+00 -0.331467419264974E-17
  0.00000000  0.00000000  0.02000000    0.1322D+00  0.291016471417357E+01  0.280631418444332E-16    0.343623161647736E+00 -0.331360815399464E-17
  0.00000000  0.00000000  0.02000000    0.1363D+00  0.291228582629878E+01  0.280944244761943E-16    0.343372889765734E+00 -0.331247147226485E-17
  0.00000000  0.00000000  0.02000000    0.1405D+00  0.291454639357082E+01  0.281277580945199E-16    0.343106564440317E+00 -0.331125916077635E-17
  0.00000000  0.00000000  0.02000000    0.1448D+00  0.291695612777918E+01  0.281632847416236E-16    0.342823119784578E+00 -0.330996583958074E-17
  0.00000000  0.00000000  0.02000000    0.1492D+00  0.291952549176928E+01  0.282011573337612E-16    0.342521414119931E+00 -0.330858569894683E-17
  0.00000000  0.00000000  0.02000000    0.1537D+00  0.292226576774388E+01  0.282415406344120E-16    0.342200223894093E+00 -0.330711245872449E-17
  0.00000000  0.00000000  0.02000000    0.1585D+00  0.292518913316737E+01  0.282846123335002E-16    0.341858237014989E+00 -0.330553932302932E-17
  0.00000000  0.00000000  0.02000000    0.1633D+00  0.292830874530954E+01  0.283305642467553E-16    0.341494045531150E+00 -0.330385892959588E-17
  0.00000000  0.00000000  0.02000000    0.1683D+00  0.293163883563493E+01  0.283796036515209E-16    0.341106137578991E+00 -0.330206329303737E-17
  0.00000000  0.00000000  0.02000000    0.1734D+00  0.293519481544450E+01  0.284319547780274E-16    0.340692888505447E+00 -0.330014374112865E-17
  0.00000000  0.00000000  0.02000000    0.1787D+00  0.293899339441698E+01  0.284878604782032E-16    0.340252551060385E+00 -0.329809084306697E-17
  0.00000000  0.00000000  0.02000000    0.1842D+00  0.294305271398566E+01  0.285475840978981E-16    0.339783244536500E+00 -0.329589432848659E-17
  0.00000000  0.00000000  0.02000000    0.1898D+00  0.294739249783348E+01  0.286114115828407E-16    0.339282942714642E+00 -0.329354299577729E-17
  0.00000000  0.00000000  0.02000000    0.1956D+00  0.295203422220987E+01  0.286796538540687E-16    0.338749460448804E+00 -0.329102460799099E-17
  0.00000000  0.00000000  0.02000000    0.2016D+00  0.295700130928351E+01  0.287526494949948E-16    0.338180438696628E+00 -0.328832577428373E-17
  0.00000000  0.00000000  0.02000000    0.2078D+00  0.296231934736910E+01  0.288307678002337E-16    0.337573327767015E+00 -0.328543181444859E-17
  0.00000000  0.00000000  0.02000000    0.2141D+00  0.296801634263299E+01  0.289144122457800E-16    0.336925368514945E+00 -0.328232660358607E-17
  0.00000000  0.00000000  0.02000000    0.2207D+00  0.297412300782786E+01  0.290040244519042E-16    0.336233571162999E+00 -0.327899239335266E-17
  0.00000000  0.00000000  0.02000000    0.2274D+00  0.298067309478173E+01  0.291000887244688E-16    0.335494691367095E+00 -0.327540960545547E-17
  0.00000000  0.00000000  0.02000000    0.2343D+00  0.298770377883339E+01  0.292031372781572E-16    0.334705203067511E+00 -0.327155659210321E-17
  0.00000000  0.00000000  0.02000000    0.2415D+00  0.299525610525151E+01  0.293137562671029E-16    0.333861267571319E+00 -0.326740935690034E-17
  0.00000000  0.00000000  0.02000000    0.2489D+00  0.300337551000981E+01  0.294325927760205E-16    0.332958698193798E+00 -0.326294122813166E-17
  0.00000000  0.00000000  0.02000000    0.2565D+00  0.301211243026908E+01  0.295603629594773E-16    0.331992919637022E+00 -0.325812247438927E-17
  0.00000000  0.00000000  0.02000000    0.2643D+00  0.302152302374500E+01  0.296978615607670E-16    0.330958921094223E+00 -0.325291984992881E-17
  0.00000000  0.00000000  0.02000000    0.2724D+00  0.303167002110107E+01  0.298459730975619E-16    0.329851201825986E+00 -0.324729605378403E-17
  0.00000000  0.00000000  0.02000000    0.2807D+00  0.304262374199437E+01  0.300056850729869E-16    0.328663707640867E+00 -0.324120908224029E-17
  0.00000000  0.00000000  0.02000000    0.2893D+00  0.305446331396754E+01  0.301781036631326E-16    0.327389756304216E+00 -0.323461144837353E-17
  0.00000000  0.00000000  0.02000000    0.2981D+00  0.306727814480834E+01  0.303644724524187E-16    0.326021949360085E+00 -0.322744923442432E-17
  0.00000000  0.00000000  0.02000000    0.3072D+00  0.308116971441843E+01  0.305661949463119E-16    0.324552067132320E+00 -0.321966093194171E-17
  0.00000000  0.00000000  0.02000000    0.3166D+00  0.309625377329168E+01  0.307848618006963E-16    0.322970942700502E+00 -0.321117600968005E-17
  0.00000000  0.00000000  0.02000000    0.3262D+00  0.311266306385022E+01  0.310222839882321E-16    0.321268309318082E+00 -0.320191312828979E-17
  0.00000000  0.00000000  0.02000000    0.3362D+00  0.313055072181708E+01  0.312805335022727E-16    0.319432613894709E+00 -0.319177789103263E-17
  0.00000000  0.00000000  0.02000000    0.3464D+00  0.315009457320752E+01  0.315619937197383E-16    0.317450786559011E+00 -0.318065997666206E-17
  0.00000000  0.00000000  0.02000000    0.3570D+00  0.317150262733332E+01  0.318694222657598E-16    0.315307952571625E+00 -0.316842943709192E-17
  0.00000000  0.00000000  0.02000000    0.3679D+00  0.319502019180770E+01  0.322060302359522E-16    0.312987067363169E+00 -0.315493184700566E-17
  0.00000000  0.00000000  0.02000000    0.3791D+00  0.322093922561727E+01  0.325755830739568E-16    0.310468447230127E+00 -0.313998184571432E-17
  0.00000000  0.00000000  0.02000000    0.3907D+00  0.324961084113905E+01  0.329825304855601E-16    0.307729155546970E+00 -0.312335438004815E-17
  0.00000000  0.00000000  0.02000000    0.4026D+00  0.328146233608666E+01  0.334321758292832E-16    0.304742184300845E+00 -0.310477258145090E-17
  0.00000000  0.00000000  0.02000000    0.4149D+00  0.331702091015064E+01  0.339308999892645E-16    0.301475337987721E+00 -0.308389058121027E-17
  0.00000000  0.00000000  0.02000000    0.4276D+00  0.335694754219895E+01  0.344864616697712E-16    0.297889671324728E+00 -0.306026847390996E-17
  0.00000000  0.00000000  0.02000000    0.4406D+00  0.340208685811178E+01  0.351084067554471E-16    0.293937233735125E+00 -0.303333465397509E-17
  0.00000000  0.00000000  0.02000000    0.4540D+00  0.345354323326364E+01  0.358086361421995E-16    0.289557689728120E+00 -0.300232695910154E-17
  0.00000000  0.00000000  0.02000000    0.4679D+00  0.351280217436668E+01  0.366022078468948E-16    0.284673018963924E+00 -0.296619635587624E-17
  0.00000000  0.00000000  0.02000000    0.4822D+00  0.358193496341676E+01  0.375084901385889E-16    0.279178714916173E+00 -0.292344003514473E-17
  0.00000000  0.00000000  0.02000000    0.4969D+00  0.366396948641842E+01  0.385528405944776E-16    0.272928037121159E+00 -0.287179004844313E-17
  0.00000000  0.00000000  0.02000000    0.5120D+00  0.376363182247742E+01  0.397690378473682E-16    0.265700803683222E+00 -0.280757146717892E-17
  0.00000000  0.00000000  0.02000000    0.5276D+00  0.388906218801866E+01  0.412025418799324E-16    0.257131398690609E+00 -0.272417017548206E-17
  0.00000000  0.00000000  0.02000000    0.5437D+00  0.405694126017597E+01  0.429129294701495E-16    0.246491121233692E+00 -0.260729831224145E-17
  0.00000000  0.00000000  0.02000000    0.5603D+00  0.432774860095679E+01  0.247252402128715E-03    0.231067025592676E+00 -0.132012929581666E-04
  0.00000000  0.00000000  0.02000000    0.5774D+00  0.475675544504878E+01  0.149367251007052E+00    0.210020244913694E+00 -0.659486219146266E-02
  0.00000000  0.00000000  0.02000000    0.5950D+00  0.499275237823426E+01  0.803443486930333E+00    0.195234555767077E+00 -0.314175269213472E-01
  0.00000000  0.00000000  0.02000000    0.6131D+00  0.488312655069897E+01  0.126601884671779E+01    0.191888502963218E+00 -0.497497778723599E-01
  0.00000000  0.00000000  0.02000000    0.6318D+00  0.470803525693375E+01  0.156522948041204E+01    0.191262730352507E+00 -0.635870480389767E-01
  0.00000000  0.00000000  0.02000000    0.6511D+00  0.454998385249233E+01  0.178164145548369E+01    0.190562474533125E+00 -0.746187273393941E-01
  0.00000000  0.00000000  0.02000000    0.6709D+00  0.441654883566472E+01  0.197472956222603E+01    0.188697370123700E+00 -0.843704641254112E-01
  0.00000000  0.00000000  0.02000000    0.6914D+00  0.428027798543356E+01  0.217808049498199E+01    0.185576087210654E+00 -0.944330385232349E-01
  0.00000000  0.00000000  0.02000000    0.7125D+00  0.410768881834662E+01  0.237645619066428E+01    0.182396536203345E+00 -0.105523421267980E+00
  0.00000000  0.00000000  0.02000000    0.7342D+00  0.394850313192243E+01  0.250051533232303E+01    0.180765335979440E+00 -0.114475404746366E+00
  0.00000000  0.00000000  0.02000000    0.7565D+00  0.380126694738689E+01  0.269744194532175E+01    0.174965379585808E+00 -0.124158329421810E+00
  0.00000000  0.00000000  0.02000000    0.7796D+00  0.351811252953557E+01  0.294542726007014E+01    0.167110139280789E+00 -0.139907622493454E+00
  0.00000000  0.00000000  0.02000000    0.8034D+00  0.321377334563508E+01  0.292169014580065E+01    0.170359892543824E+00 -0.154876765021706E+00
  0.00000000  0.00000000  0.02000000    0.8279D+00  0.308484420353789E+01  0.287948032279190E+01    0.173231202291156E+00 -0.161698875333443E+00
  0.00000000  0.00000000  0.02000000    0.8531D+00  0.298845216495929E+01  0.303110154465703E+01    0.164939971804907E+00 -0.167293895206233E+00
  0.00000000  0.00000000  0.02000000    0.8791D+00  0.280148356407486E+01  0.322102157767657E+01    0.153730942048246E+00 -0.176753020379567E+00
  0.00000000  0.00000000  0.02000000    0.9059D+00  0.253743940828712E+01  0.346122624941967E+01    0.137764410664714E+00 -0.187919283065925E+00
  0.00000000  0.00000000  0.02000000    0.9335D+00  0.167441979552215E+01  0.398793456955564E+01    0.895062065048196E-01 -0.213175271855316E+00
  0.00000000  0.00000000  0.02000000    0.9619D+00  0.881704361677997E+00  0.294954895353039E+01    0.930338592069802E-01 -0.311224412618996E+00
  0.00000000  0.00000000  0.02000000    0.9913D+00  0.109701970917942E+01  0.208408849366209E+01    0.197772492708098E+00 -0.375722854354300E+00
  0.00000000  0.00000000  0.02000000    0.1021D+01  0.148064769546868E+01  0.202054478555242E+01    0.235962844449727E+00 -0.322003334348956E+00
  0.00000000  0.00000000  0.02000000    0.1053D+01  0.197247843572240E+01  0.178580479777367E+01    0.278607701693751E+00 -0.252240511921833E+00
  0.00000000  0.00000000  0.02000000    0.1085D+01  0.254672384247639E+01  0.253299114881041E+01    0.197392198433910E+00 -0.196327800893848E+00
  0.00000000  0.00000000  0.02000000    0.1118D+01  0.156486161512922E+01  0.430932684713326E+01    0.744495424752899E-01 -0.205019670138092E+00
  0.00000000  0.00000000  0.02000000    0.1152D+01 -0.284394860167312E-01  0.337015923940548E+01   -0.250374430621670E-02 -0.296700756185992E+00
  0.00000000  0.00000000  0.02000000    0.1187D+01 -0.206727402781328E+00  0.202364874437237E+01   -0.499596122218965E-01 -0.489053242008335E+00
  0.00000000  0.00000000  0.02000000    0.1223D+01  0.124645036892832E+00  0.171919431219172E+01    0.419515635271518E-01 -0.578626242980212E+00
  0.00000000  0.00000000  0.02000000    0.1260D+01  0.184766489002573E+00  0.153105760649277E+01    0.776892526894122E-01 -0.643767827786169E+00
  0.00000000  0.00000000  0.02000000    0.1299D+01  0.185311249247839E+00  0.117991594347839E+01    0.129902423606860E+00 -0.827116223825282E+00
  0.00000000  0.00000000  0.02000000    0.1338D+01  0.667574577576371E+00  0.539498105459408E+00    0.906151582920841E+00 -0.732303294142310E+00
  0.00000000  0.00000000  0.02000000    0.1379D+01  0.130781796372638E+01  0.976024686208339E+00    0.491104792876310E+00 -0.366511559450331E+00
  0.00000000  0.00000000  0.02000000    0.1421D+01  0.101956683906031E+01  0.183940952517242E+01    0.230517694266889E+00 -0.415879004995982E+00
  0.00000000  0.00000000  0.02000000    0.1464D+01  0.350593913299509E+00  0.149031230220317E+01    0.149574173697006E+00 -0.635813180709989E+00
  0.00000000  0.00000000  0.02000000    0.1509D+01  0.357676721563896E+00  0.748376701053536E+00    0.519878711064489E+00 -0.108775632094051E+01
  0.00000000  0.00000000  0.02000000    0.1555D+01  0.807654498319907E+00  0.559235913013347E+00    0.836903787691547E+00 -0.579488698184194E+00
  0.00000000  0.00000000  0.02000000    0.1602D+01  0.106110740446211E+01  0.845328466336221E+00    0.576523012602712E+00 -0.459285565251553E+00
  0.00000000  0.00000000  0.02000000    0.1651D+01  0.940188786351426E+00  0.109854479022137E+01    0.449688515390326E+00 -0.525429555186987E+00
  0.00000000  0.00000000  0.02000000    0.1701D+01  0.613907923023085E+00  0.107897950636533E+01    0.398362211767372E+00 -0.700145162634097E+00
  0.00000000  0.00000000  0.02000000    0.1753D+01  0.519949385668789E+00  0.584853731877516E+00    0.849033839372379E+00 -0.955017205777687E+00
  0.00000000  0.00000000  0.02000000    0.1807D+01  0.725342453789943E+00  0.371079579604245E+00    0.109267657470525E+01 -0.559004869860346E+00
  0.00000000  0.00000000  0.02000000    0.1862D+01  0.936925412264479E+00  0.275580076733844E+00    0.982335226667737E+00 -0.288936572324537E+00
  0.00000000  0.00000000  0.02000000    0.1919D+01  0.115930308734749E+01  0.239130606895002E+00    0.827383893813343E+00 -0.170665302992875E+00
  0.00000000  0.00000000  0.02000000    0.1977D+01  0.132648312724199E+01  0.342253114452582E+00    0.706818823819871E+00 -0.182370162754381E+00
  0.00000000  0.00000000  0.02000000    0.2037D+01  0.144020106209420E+01  0.380429904108312E+00    0.649059065515442E+00 -0.171449309789857E+00
  0.00000000  0.00000000  0.02000000    0.2099D+01  0.157929755075788E+01  0.447776002953036E+00    0.586078920792427E+00 -0.166170128258304E+00
  0.00000000  0.00000000  0.02000000    0.2163D+01  0.178299119214236E+01  0.542770066959080E+00    0.513289373291510E+00 -0.156253215797475E+00
  0.00000000  0.00000000  0.02000000    0.2229D+01  0.183271086434401E+01  0.960051033842642E+00    0.428150744426077E+00 -0.224283367782555E+00
  0.00000000  0.00000000  0.02000000    0.2297D+01  0.173759298300971E+01  0.109540928110587E+01    0.411834759523899E+00 -0.259627900363109E+00
  0.00000000  0.00000000  0.02000000    0.2367D+01  0.164403849322073E+01  0.133843274930929E+01    0.365808106431110E+00 -0.297809054732687E+00
  0.00000000  0.00000000  0.02000000    0.2439D+01  0.132911676261001E+01  0.155453832621863E+01    0.317731779463315E+00 -0.371619892644676E+00
  0.00000000  0.00000000  0.02000000    0.2513D+01  0.138723260650464E+01  0.112356041665852E+01    0.435305509922131E+00 -0.352566712899147E+00
  0.00000000  0.00000000  0.02000000    0.2590D+01  0.153418178548936E+01  0.183354301640955E+01    0.268420369644516E+00 -0.320796595865455E+00
  0.00000000  0.00000000  0.02000000    0.2669D+01  0.679171722573625E+00  0.254928615835827E+01    0.975802633013519E-01 -0.366269687466450E+00
  0.00000000  0.00000000  0.02000000    0.2750D+01 -0.106908434466659E+00  0.170231501707248E+01   -0.367470595006324E-01 -0.585127558300288E+00
  0.00000000  0.00000000  0.02000000    0.2834D+01 -0.271406525926748E+00  0.126791982147496E+01   -0.161428301447709E+00 -0.754138620851830E+00
  0.00000000  0.00000000  0.02000000    0.2920D+01 -0.250526811842558E+00  0.676200539407503E+00   -0.481772275372289E+00 -0.130035851285671E+01
  0.00000000  0.00000000  0.02000000    0.3009D+01  0.277516601586406E-01  0.350005203211907E+00    0.225122133435483E+00 -0.283925061096035E+01
  0.00000000  0.00000000  0.02000000    0.3101D+01  0.256923584821765E+00  0.326627414062597E+00    0.148772861487189E+01 -0.189135205566916E+01
  0.00000000  0.00000000  0.02000000    0.3195D+01  0.322188721052788E+00  0.313184492940623E+00    0.159586192339096E+01 -0.155126227152612E+01
  0.00000000  0.00000000  0.02000000    0.3293D+01  0.413777359292674E+00  0.152908717653551E+00    0.212637571354909E+01 -0.785788241686913E+00
  0.00000000  0.00000000  0.02000000    0.3393D+01  0.577838084253142E+00  0.134049981292321E+00    0.164220946377984E+01 -0.380968568699117E+00
  0.00000000  0.00000000  0.02000000    0.3496D+01  0.671268412195370E+00  0.203846130475507E+00    0.136393830914430E+01 -0.414191315240156E+00
  0.00000000  0.00000000  0.02000000    0.3603D+01  0.664750370086917E+00  0.261819277583115E+00    0.130230244367391E+01 -0.512926205596313E+00
  0.00000000  0.00000000  0.02000000    0.3713D+01  0.646852454756676E+00  0.206657734167416E+00    0.140276872666206E+01 -0.448159397836623E+00
  0.00000000  0.00000000  0.02000000    0.3826D+01  0.676195541867429E+00  0.154697074277968E+00    0.140531059606689E+01 -0.321500844360781E+00
  0.00000000  0.00000000  0.02000000    0.3942D+01  0.746041219136462E+00  0.102176401198937E+00    0.131572869613915E+01 -0.180199725802385E+00
  0.00000000  0.00000000  0.02000000    0.4062D+01  0.817975053019377E+00  0.132821146122821E+00    0.119112523469888E+01 -0.193412523113674E+00
  0.00000000  0.00000000  0.02000000    0.4186D+01  0.831372348944105E+00  0.178380891565531E+00    0.114989303608639E+01 -0.246723318670148E+00
  0.00000000  0.00000000  0.02000000    0.4313D+01  0.830129234864709E+00  0.166050712822708E+00    0.115828637604823E+01 -0.231691970741142E+00
  0.00000000  0.00000000  0.02000000    0.4445D+01  0.829133763017464E+00  0.170761660815077E+00    0.115700239118725E+01 -0.238286822583523E+00
  0.00000000  0.00000000  0.02000000    0.4580D+01  0.853139025963552E+00  0.115406999055306E+00    0.115107844674489E+01 -0.155710271331259E+00
  0.00000000  0.00000000  0.02000000    0.4720D+01  0.900800225786961E+00  0.130395938757731E+00    0.108733971791855E+01 -0.157398587619901E+00
  0.00000000  0.00000000  0.02000000    0.4863D+01  0.940290091246897E+00  0.137282190520829E+00    0.104130517400255E+01 -0.152030375113468E+00
  0.00000000  0.00000000  0.02000000    0.5012D+01  0.941192320486666E+00  0.205709327645618E+00    0.101404178000475E+01 -0.221631486178597E+00
  0.00000000  0.00000000  0.02000000    0.5164D+01  0.913485367586193E+00  0.183680368910281E+00    0.105216734179767E+01 -0.211566044026984E+00
  0.00000000  0.00000000  0.02000000    0.5322D+01  0.977646032968199E+00  0.123551908802885E+00    0.100678558942159E+01 -0.127234476624037E+00
  0.00000000  0.00000000  0.02000000    0.5484D+01  0.105295101795655E+01  0.243341594305757E+00    0.901560155207230E+00 -0.208354502526086E+00
  0.00000000  0.00000000  0.02000000    0.5651D+01  0.935110437969770E+00  0.425601734559413E+00    0.885883346469296E+00 -0.403196749352100E+00
  0.00000000  0.00000000  0.02000000    0.5823D+01  0.824730719942604E+00  0.276388875015518E+00    0.109008949309939E+01 -0.365317553206875E+00
  0.00000000  0.00000000  0.02000000    0.6000D+01  0.826859599443097E+00  0.272880040429061E+00    0.109061313887042E+01 -0.359923931013038E+00
  0.00000000  0.00000000  0.02000000    0.6183D+01  0.793938913663520E+00  0.250622895620326E+00    0.114540569558264E+01 -0.361570502650278E+00
  0.00000000  0.00000000  0.02000000    0.6371D+01  0.772480207933093E+00  0.201714348050674E+00    0.121189648162980E+01 -0.316457180632432E+00
  0.00000000  0.00000000  0.02000000    0.6565D+01  0.768848657771790E+00  0.155594831422182E+00    0.124947369595839E+01 -0.252860751103504E+00
  0.00000000  0.00000000  0.02000000    0.6765D+01  0.804152189262579E+00  0.895579210839552E-01    0.122831079757518E+01 -0.136796197218197E+00
  0.00000000  0.00000000  0.02000000    0.6971D+01  0.846669843058045E+00  0.105930005562911E+00    0.116289462922043E+01 -0.145494061885413E+00
  0.00000000  0.00000000  0.02000000    0.7184D+01  0.873187505909885E+00  0.104775833192648E+00    0.112897423590979E+01 -0.135468287647131E+00
  0.00000000  0.00000000  0.02000000    0.7402D+01  0.849763352323229E+00  0.172011954433263E+00    0.113047669133431E+01 -0.228834892192076E+00
  0.00000000  0.00000000  0.02000000    0.7628D+01  0.818972801327284E+00  0.105841206638738E+00    0.120098285736249E+01 -0.155210862399431E+00
  0.00000000  0.00000000  0.02000000    0.7860D+01  0.833266096497647E+00  0.100304525223571E+00    0.118295559530327E+01 -0.142398448522255E+00
  0.00000000  0.00000000  0.02000000    0.8100D+01  0.823643828521536E+00  0.978733044786234E-01    0.119721182014291E+01 -0.142264256636982E+00
  0.00000000  0.00000000  0.02000000    0.8346D+01  0.820273777636639E+00  0.611828312971048E-01    0.121236030226661E+01 -0.904279008632932E-01
  0.00000000  0.00000000  0.02000000    0.8600D+01  0.832600583048341E+00  0.437004999386861E-01    0.119775643881944E+01 -0.628663446157484E-01
  0.00000000  0.00000000  0.02000000    0.8862D+01  0.847427872813785E+00  0.250164487721340E-01    0.117901397168481E+01 -0.348050183036222E-01
  0.00000000  0.00000000  0.02000000    0.9132D+01  0.859815861651764E+00  0.214089409518866E-01    0.116231910362062E+01 -0.289411049115326E-01
  0.00000000  0.00000000  0.02000000    0.9410D+01  0.871506919191906E+00  0.591000098124870E-02    0.114738505600943E+01 -0.778082956951558E-02
  0.00000000  0.00000000  0.02000000    0.9697D+01  0.887586405814729E+00  0.202708740090329E-02    0.112664499776385E+01 -0.257305414469646E-02
  0.00000000  0.00000000  0.02000000    0.9992D+01  0.900077810066584E+00  0.102235796805246E-03    0.111101504327093E+01 -0.126195209948589E-03
  0.00000000  0.00000000  0.02000000    0.1030D+02  0.910246882116833E+00  0.920650694610818E-07    0.109860304896011E+01 -0.111115970842389E-06
  0.00000000  0.00000000  0.02000000    0.1061D+02  0.918346122272543E+00 -0.664790152436956E-18    0.108891405511181E+01  0.788264166561904E-18
  0.00000000  0.00000000  0.02000000    0.1093D+02  0.925217932936696E+00 -0.615656838011060E-18    0.108082643494159E+01  0.719201565044067E-18
  0.00000000  0.00000000  0.02000000    0.1127D+02  0.931210334896953E+00 -0.570338584290811E-18    0.107387124318230E+01  0.657714139969230E-18
  0.00000000  0.00000000  0.02000000    0.1161D+02  0.936516691936021E+00 -0.529214919895416E-18    0.106778662741477E+01  0.603394065859649E-18
