 q(1:3)   w(Ry)   eps    epsi  --- NO LFC
  0.00000000  0.00000000  0.02500000    0.0000D+00  0.285380402261591E+01  0.946177094961885E-17    0.350409485751359E+00 -0.116178065013517E-17
  0.00000000  0.00000000  0.02500000    0.1015D-04  0.285380402280598E+01  0.946177095048167E-17    0.350409485728021E+00 -0.116178065008637E-17
  0.00000000  0.00000000  0.02500000    0.3076D-04  0.285380402436130E+01  0.946177095754490E-17    0.350409485537048E+00 -0.116178064968729E-17
  0.00000000  0.00000000  0.02500000    0.5200D-04  0.285380402760340E+01  0.946177097226972E-17    0.350409485138961E+00 -0.116178064885560E-17
  0.00000000  0.00000000  0.02500000    0.7389D-04  0.285380403268501E+01  0.946177099534545E-17    0.350409484515007E+00 -0.116178064755156E-17
  0.00000000  0.00000000  0.02500000    0.9644D-04  0.285380403976979E+01  0.946177102752107E-17    0.350409483645089E+00 -0.116178064573389E-17
  0.00000000  0.00000000  0.02500000    0.1197D-03  0.285380404903305E+01  0.946177106958939E-17    0.350409482507683E+00 -0.116178064335719E-17
  0.00000000  0.00000000  0.02500000    0.1436D-03  0.285380406066250E+01  0.946177112240229E-17    0.350409481079739E+00 -0.116178064037324E-17
  0.00000000  0.00000000  0.02500000    0.1683D-03  0.285380407485908E+01  0.946177118687452E-17    0.350409479336587E+00 -0.116178063673076E-17
  0.00000000  0.00000000  0.02500000    0.1937D-03  0.285380409183781E+01  0.946177126398010E-17    0.350409477251822E+00 -0.116178063237426E-17
  0.00000000  0.00000000  0.02500000    0.2199D-03  0.285380411182873E+01  0.946177135476658E-17    0.350409474797202E+00 -0.116178062724508E-17
  0.00000000  0.00000000  0.02500000    0.2469D-03  0.285380413507784E+01  0.946177146034937E-17    0.350409471942517E+00 -0.116178062127987E-17
  0.00000000  0.00000000  0.02500000    0.2748D-03  0.285380416184823E+01  0.946177158192362E-17    0.350409468655468E+00 -0.116178061441120E-17
  0.00000000  0.00000000  0.02500000    0.3034D-03  0.285380419242106E+01  0.946177172076638E-17    0.350409464901528E+00 -0.116178060656692E-17
  0.00000000  0.00000000  0.02500000    0.3330D-03  0.285380422709688E+01  0.946177187824148E-17    0.350409460643795E+00 -0.116178059766980E-17
  0.00000000  0.00000000  0.02500000    0.3634D-03  0.285380426619677E+01  0.946177205580796E-17    0.350409455842845E+00 -0.116178058763757E-17
  0.00000000  0.00000000  0.02500000    0.3948D-03  0.285380431006374E+01  0.946177225502334E-17    0.350409450456560E+00 -0.116178057638220E-17
  0.00000000  0.00000000  0.02500000    0.4271D-03  0.285380435906410E+01  0.946177247755279E-17    0.350409444439964E+00 -0.116178056380989E-17
  0.00000000  0.00000000  0.02500000    0.4604D-03  0.285380441358904E+01  0.946177272517005E-17    0.350409437745023E+00 -0.116178054981993E-17
  0.00000000  0.00000000  0.02500000    0.4948D-03  0.285380447405612E+01  0.946177299977187E-17    0.350409430320465E+00 -0.116178053430524E-17
  0.00000000  0.00000000  0.02500000    0.5301D-03  0.285380454091108E+01  0.946177330338474E-17    0.350409422111561E+00 -0.116178051715174E-17
  0.00000000  0.00000000  0.02500000    0.5666D-03  0.285380461462959E+01  0.946177363816715E-17    0.350409413059905E+00 -0.116178049823715E-17
  0.00000000  0.00000000  0.02500000    0.6041D-03  0.285380469571919E+01  0.946177400642514E-17    0.350409403103175E+00 -0.116178047743139E-17
  0.00000000  0.00000000  0.02500000    0.6428D-03  0.285380478472136E+01  0.946177441061557E-17    0.350409392174889E+00 -0.116178045459527E-17
  0.00000000  0.00000000  0.02500000    0.6827D-03  0.285380488221363E+01  0.946177485336347E-17    0.350409380204130E+00 -0.116178042958086E-17
  0.00000000  0.00000000  0.02500000    0.7238D-03  0.285380498881197E+01  0.946177533746516E-17    0.350409367115269E+00 -0.116178040223002E-17
  0.00000000  0.00000000  0.02500000    0.7662D-03  0.285380510517319E+01  0.946177586590274E-17    0.350409352827656E+00 -0.116178037237413E-17
  0.00000000  0.00000000  0.02500000    0.8098D-03  0.285380523199759E+01  0.946177644185904E-17    0.350409337255306E+00 -0.116178033983382E-17
  0.00000000  0.00000000  0.02500000    0.8548D-03  0.285380537003168E+01  0.946177706872077E-17    0.350409320306556E+00 -0.116178030441712E-17
  0.00000000  0.00000000  0.02500000    0.9011D-03  0.285380552007118E+01  0.946177775010369E-17    0.350409301883703E+00 -0.116178026592011E-17
  0.00000000  0.00000000  0.02500000    0.9488D-03  0.285380568296416E+01  0.946177848985926E-17    0.350409281882616E+00 -0.116178022412523E-17
  0.00000000  0.00000000  0.02500000    0.9980D-03  0.285380585961432E+01  0.946177929209086E-17    0.350409260192333E+00 -0.116178017880052E-17
  0.00000000  0.00000000  0.02500000    0.1049D-02  0.285380605098459E+01  0.946178016117240E-17    0.350409236694621E+00 -0.116178012969902E-17
  0.00000000  0.00000000  0.02500000    0.1101D-02  0.285380625810082E+01  0.946178110176125E-17    0.350409211263518E+00 -0.116178007655735E-17
  0.00000000  0.00000000  0.02500000    0.1155D-02  0.285380648205586E+01  0.946178211882038E-17    0.350409183764839E+00 -0.116178001909511E-17
  0.00000000  0.00000000  0.02500000    0.1210D-02  0.285380672401376E+01  0.946178321763803E-17    0.350409154055655E+00 -0.116177995701385E-17
  0.00000000  0.00000000  0.02500000    0.1267D-02  0.285380698521427E+01  0.946178440384210E-17    0.350409121983741E+00 -0.116177988999520E-17
  0.00000000  0.00000000  0.02500000    0.1326D-02  0.285380726697766E+01  0.946178568342934E-17    0.350409087386989E+00 -0.116177981770053E-17
  0.00000000  0.00000000  0.02500000    0.1387D-02  0.285380757070986E+01  0.946178706278463E-17    0.350409050092770E+00 -0.116177973976911E-17
  0.00000000  0.00000000  0.02500000    0.1450D-02  0.285380789790778E+01  0.946178854870575E-17    0.350409009917288E+00 -0.116177965581685E-17
  0.00000000  0.00000000  0.02500000    0.1514D-02  0.285380825016512E+01  0.946179014843090E-17    0.350408966664856E+00 -0.116177956543491E-17
  0.00000000  0.00000000  0.02500000    0.1580D-02  0.285380862917851E+01  0.946179186966386E-17    0.350408920127156E+00 -0.116177946818782E-17
  0.00000000  0.00000000  0.02500000    0.1649D-02  0.285380903675393E+01  0.946179372060678E-17    0.350408870082440E+00 -0.116177936361228E-17
  0.00000000  0.00000000  0.02500000    0.1719D-02  0.285380947481369E+01  0.946179570998902E-17    0.350408816294677E+00 -0.116177925121499E-17
  0.00000000  0.00000000  0.02500000    0.1792D-02  0.285380994540373E+01  0.946179784710253E-17    0.350408758512659E+00 -0.116177913047111E-17
  0.00000000  0.00000000  0.02500000    0.1867D-02  0.285381045070138E+01  0.946180014183445E-17    0.350408696469042E+00 -0.116177900082185E-17
  0.00000000  0.00000000  0.02500000    0.1944D-02  0.285381099302369E+01  0.946180260470743E-17    0.350408629879330E+00 -0.116177886167274E-17
  0.00000000  0.00000000  0.02500000    0.2024D-02  0.285381157483617E+01  0.946180524691909E-17    0.350408558440796E+00 -0.116177871239127E-17
  0.00000000  0.00000000  0.02500000    0.2106D-02  0.285381219876220E+01  0.946180808038051E-17    0.350408481831333E+00 -0.116177855230405E-17
  0.00000000  0.00000000  0.02500000    0.2190D-02  0.285381286759288E+01  0.946181111776750E-17    0.350408399708239E+00 -0.116177838069497E-17
  0.00000000  0.00000000  0.02500000    0.2277D-02  0.285381358429762E+01  0.946181437256786E-17    0.350408311706919E+00 -0.116177819680250E-17
  0.00000000  0.00000000  0.02500000    0.2367D-02  0.285381435203533E+01  0.946181785912326E-17    0.350408217439513E+00 -0.116177799981563E-17
  0.00000000  0.00000000  0.02500000    0.2459D-02  0.285381517416631E+01  0.946182159269546E-17    0.350408116493435E+00 -0.116177778887236E-17
  0.00000000  0.00000000  0.02500000    0.2554D-02  0.285381605426490E+01  0.946182558951646E-17    0.350408008429816E+00 -0.116177756305557E-17
  0.00000000  0.00000000  0.02500000    0.2652D-02  0.285381699613291E+01  0.946182986684989E-17    0.350407892781863E+00 -0.116177732138959E-17
  0.00000000  0.00000000  0.02500000    0.2753D-02  0.285381800381386E+01  0.946183444305908E-17    0.350407769053105E+00 -0.116177706283698E-17
  0.00000000  0.00000000  0.02500000    0.2858D-02  0.285381908160819E+01  0.946183933767451E-17    0.350407636715527E+00 -0.116177678629445E-17
  0.00000000  0.00000000  0.02500000    0.2965D-02  0.285382023408926E+01  0.946184457146309E-17    0.350407495207606E+00 -0.116177649058829E-17
  0.00000000  0.00000000  0.02500000    0.3075D-02  0.285382146612056E+01  0.946185016651039E-17    0.350407343932199E+00 -0.116177617447050E-17
  0.00000000  0.00000000  0.02500000    0.3189D-02  0.285382278287380E+01  0.946185614630231E-17    0.350407182254324E+00 -0.116177583661409E-17
  0.00000000  0.00000000  0.02500000    0.3307D-02  0.285382418984818E+01  0.946186253581341E-17    0.350407009498788E+00 -0.116177547560818E-17
  0.00000000  0.00000000  0.02500000    0.3428D-02  0.285382569289099E+01  0.946186936159384E-17    0.350406824947664E+00 -0.116177508995197E-17
  0.00000000  0.00000000  0.02500000    0.3553D-02  0.285382729821929E+01  0.946187665187943E-17    0.350406627837632E+00 -0.116177467805059E-17
  0.00000000  0.00000000  0.02500000    0.3681D-02  0.285382901244303E+01  0.946188443668390E-17    0.350406417357130E+00 -0.116177423820754E-17
  0.00000000  0.00000000  0.02500000    0.3813D-02  0.285383084258969E+01  0.946189274792192E-17    0.350406192643344E+00 -0.116177376861985E-17
  0.00000000  0.00000000  0.02500000    0.3950D-02  0.285383279613027E+01  0.946190161951778E-17    0.350405952779005E+00 -0.116177326737014E-17
  0.00000000  0.00000000  0.02500000    0.4090D-02  0.285383488100710E+01  0.946191108753930E-17    0.350405696788983E+00 -0.116177273242052E-17
  0.00000000  0.00000000  0.02500000    0.4235D-02  0.285383710566321E+01  0.946192119032461E-17    0.350405423636682E+00 -0.116177216160419E-17
  0.00000000  0.00000000  0.02500000    0.4385D-02  0.285383947907361E+01  0.946193196863209E-17    0.350405132220195E+00 -0.116177155261840E-17
  0.00000000  0.00000000  0.02500000    0.4538D-02  0.285384201077848E+01  0.946194346578241E-17    0.350404821368235E+00 -0.116177090301485E-17
  0.00000000  0.00000000  0.02500000    0.4697D-02  0.285384471091857E+01  0.946195572782399E-17    0.350404489835794E+00 -0.116177021019124E-17
  0.00000000  0.00000000  0.02500000    0.4860D-02  0.285384759027247E+01  0.946196880369994E-17    0.350404136299557E+00 -0.116176947138136E-17
  0.00000000  0.00000000  0.02500000    0.5029D-02  0.285385066029659E+01  0.946198274543383E-17    0.350403759353012E+00 -0.116176868364541E-17
  0.00000000  0.00000000  0.02500000    0.5202D-02  0.285385393316727E+01  0.946199760831886E-17    0.350403357501264E+00 -0.116176784385886E-17
  0.00000000  0.00000000  0.02500000    0.5381D-02  0.285385742182588E+01  0.946201345111680E-17    0.350402929155518E+00 -0.116176694870026E-17
  0.00000000  0.00000000  0.02500000    0.5565D-02  0.285386114002631E+01  0.946203033628213E-17    0.350402472627235E+00 -0.116176599464002E-17
  0.00000000  0.00000000  0.02500000    0.5755D-02  0.285386510238578E+01  0.946204833018793E-17    0.350401986121915E+00 -0.116176497792684E-17
  0.00000000  0.00000000  0.02500000    0.5950D-02  0.285386932443853E+01  0.946206750337076E-17    0.350401467732493E+00 -0.116176389457402E-17
  0.00000000  0.00000000  0.02500000    0.6152D-02  0.285387382269309E+01  0.946208793078935E-17    0.350400915432322E+00 -0.116176274034463E-17
  0.00000000  0.00000000  0.02500000    0.6360D-02  0.285387861469287E+01  0.946210969210312E-17    0.350400327067737E+00 -0.116176151073635E-17
  0.00000000  0.00000000  0.02500000    0.6574D-02  0.285388371908071E+01  0.946213287196095E-17    0.350399700350131E+00 -0.116176020096440E-17
  0.00000000  0.00000000  0.02500000    0.6794D-02  0.285388915566738E+01  0.946215756031260E-17    0.350399032847564E+00 -0.116175880594405E-17
  0.00000000  0.00000000  0.02500000    0.7021D-02  0.285389494550423E+01  0.946218385274276E-17    0.350398321975835E+00 -0.116175732027238E-17
  0.00000000  0.00000000  0.02500000    0.7255D-02  0.285390111096058E+01  0.946221185081496E-17    0.350397564989003E+00 -0.116175573820765E-17
  0.00000000  0.00000000  0.02500000    0.7497D-02  0.285390767580569E+01  0.946224166245244E-17    0.350396758969328E+00 -0.116175405364922E-17
  0.00000000  0.00000000  0.02500000    0.7745D-02  0.285391466529600E+01  0.946227340232360E-17    0.350395900816565E+00 -0.116175226011389E-17
  0.00000000  0.00000000  0.02500000    0.8001D-02  0.285392210626772E+01  0.946230719227168E-17    0.350394987236625E+00 -0.116175035071333E-17
  0.00000000  0.00000000  0.02500000    0.8265D-02  0.285393002723512E+01  0.946234316175492E-17    0.350394014729505E+00 -0.116174831812806E-17
  0.00000000  0.00000000  0.02500000    0.8537D-02  0.285393845849514E+01  0.946238144832066E-17    0.350392979576473E+00 -0.116174615458053E-17
  0.00000000  0.00000000  0.02500000    0.8818D-02  0.285394743223821E+01  0.946242219811448E-17    0.350391877826478E+00 -0.116174385180741E-17
  0.00000000  0.00000000  0.02500000    0.9107D-02  0.285395698266623E+01  0.946246556640714E-17    0.350390705281682E+00 -0.116174140102825E-17
  0.00000000  0.00000000  0.02500000    0.9404D-02  0.285396714611777E+01  0.946251171816735E-17    0.350389457482120E+00 -0.116173879291393E-17
  0.00000000  0.00000000  0.02500000    0.9711D-02  0.285397796120106E+01  0.946256082866250E-17    0.350388129689398E+00 -0.116173601755211E-17
  0.00000000  0.00000000  0.02500000    0.1003D-01  0.285398946893528E+01  0.946261308410152E-17    0.350386716869374E+00 -0.116173306441121E-17
  0.00000000  0.00000000  0.02500000    0.1035D-01  0.285400171290067E+01  0.946266868231375E-17    0.350385213673768E+00 -0.116172992230155E-17
  0.00000000  0.00000000  0.02500000    0.1069D-01  0.285401473939795E+01  0.946272783347100E-17    0.350383614420627E+00 -0.116172657933422E-17
  0.00000000  0.00000000  0.02500000    0.1103D-01  0.285402859761771E+01  0.946279076086195E-17    0.350381913073580E+00 -0.116172302287839E-17
  0.00000000  0.00000000  0.02500000    0.1139D-01  0.285404333982029E+01  0.946285770169295E-17    0.350380103219794E+00 -0.116171923951308E-17
  0.00000000  0.00000000  0.02500000    0.1176D-01  0.285405902152700E+01  0.946292890797050E-17    0.350378178046568E+00 -0.116171521498002E-17
  0.00000000  0.00000000  0.02500000    0.1214D-01  0.285407570172308E+01  0.946300464741143E-17    0.350376130316471E+00 -0.116171093413012E-17
  0.00000000  0.00000000  0.02500000    0.1253D-01  0.285409344307356E+01  0.946308520442388E-17    0.350373952340924E+00 -0.116170638086829E-17
  0.00000000  0.00000000  0.02500000    0.1293D-01  0.285411231215232E+01  0.946317088114424E-17    0.350371635952157E+00 -0.116170153809433E-17
  0.00000000  0.00000000  0.02500000    0.1334D-01  0.285413237968564E+01  0.946326199854134E-17    0.350369172473402E+00 -0.116169638764026E-17
  0.00000000  0.00000000  0.02500000    0.1377D-01  0.285415372081097E+01  0.946335889758715E-17    0.350366552687241E+00 -0.116169091020355E-17
  0.00000000  0.00000000  0.02500000    0.1421D-01  0.285417641535170E+01  0.946346194049848E-17    0.350363766801982E+00 -0.116168508527588E-17
  0.00000000  0.00000000  0.02500000    0.1466D-01  0.285420054810933E+01  0.946357151206306E-17    0.350360804415939E+00 -0.116167889106830E-17
  0.00000000  0.00000000  0.02500000    0.1513D-01  0.285422620917369E+01  0.946368802104558E-17    0.350357654479497E+00 -0.116167230443138E-17
  0.00000000  0.00000000  0.02500000    0.1561D-01  0.285425349425277E+01  0.946381190167154E-17    0.350354305254795E+00 -0.116166530076903E-17
  0.00000000  0.00000000  0.02500000    0.1610D-01  0.285428250502311E+01  0.946394361522139E-17    0.350350744272913E+00 -0.116165785394913E-17
  0.00000000  0.00000000  0.02500000    0.1662D-01  0.285431334950216E+01  0.946408365171026E-17    0.350346958288381E+00 -0.116164993620683E-17
  0.00000000  0.00000000  0.02500000    0.1714D-01  0.285434614244397E+01  0.946423253167583E-17    0.350342933230857E+00 -0.116164151804209E-17
  0.00000000  0.00000000  0.02500000    0.1768D-01  0.285438100575980E+01  0.946439080808351E-17    0.350338654153780E+00 -0.116163256811148E-17
  0.00000000  0.00000000  0.02500000    0.1824D-01  0.285441806896505E+01  0.946455906833963E-17    0.350334105179827E+00 -0.116162305311170E-17
  0.00000000  0.00000000  0.02500000    0.1882D-01  0.285445746965435E+01  0.946473793644552E-17    0.350329269442958E+00 -0.116161293765765E-17
  0.00000000  0.00000000  0.02500000    0.1941D-01  0.285449935400647E+01  0.946492807526986E-17    0.350324129026842E+00 -0.116160218415068E-17
  0.00000000  0.00000000  0.02500000    0.2002D-01  0.285454387732117E+01  0.946513018897968E-17    0.350318664899432E+00 -0.116159075264044E-17
  0.00000000  0.00000000  0.02500000    0.2065D-01  0.285459120458969E+01  0.946534502560980E-17    0.350312856843450E+00 -0.116157860067635E-17
  0.00000000  0.00000000  0.02500000    0.2130D-01  0.285464151110147E+01  0.946557337979754E-17    0.350306683382512E+00 -0.116156568314991E-17
  0.00000000  0.00000000  0.02500000    0.2197D-01  0.285469498308905E+01  0.946581609569717E-17    0.350300121702636E+00 -0.116155195212814E-17
  0.00000000  0.00000000  0.02500000    0.2266D-01  0.285475181841380E+01  0.946607407006369E-17    0.350293147568826E+00 -0.116153735667456E-17
  0.00000000  0.00000000  0.02500000    0.2337D-01  0.285481222729513E+01  0.946634825554325E-17    0.350285735236421E+00 -0.116152184266030E-17
  0.00000000  0.00000000  0.02500000    0.2410D-01  0.285487643308597E+01  0.946663966416025E-17    0.350277857356877E+00 -0.116150535256172E-17
  0.00000000  0.00000000  0.02500000    0.2486D-01  0.285494467309740E+01  0.946694937102933E-17    0.350269484877644E+00 -0.116148782524587E-17
  0.00000000  0.00000000  0.02500000    0.2564D-01  0.285501719947590E+01  0.946727851830489E-17    0.350260586935719E+00 -0.116146919574219E-17
  0.00000000  0.00000000  0.02500000    0.2644D-01  0.285509428013644E+01  0.946762831936429E-17    0.350251130744520E+00 -0.116144939499781E-17
  0.00000000  0.00000000  0.02500000    0.2726D-01  0.285517619975504E+01  0.946800006327938E-17    0.350241081473640E+00 -0.116142834961988E-17
  0.00000000  0.00000000  0.02500000    0.2811D-01  0.285526326082505E+01  0.946839511954975E-17    0.350230402120973E+00 -0.116140598159833E-17
  0.00000000  0.00000000  0.02500000    0.2899D-01  0.285535578478093E+01  0.946881494314014E-17    0.350219053376819E+00 -0.116138220801134E-17
  0.00000000  0.00000000  0.02500000    0.2989D-01  0.285545411319423E+01  0.946926107985408E-17    0.350206993479352E+00 -0.116135694071340E-17
  0.00000000  0.00000000  0.02500000    0.3082D-01  0.285555860904664E+01  0.946973517201915E-17    0.350194178060965E+00 -0.116133008599933E-17
  0.00000000  0.00000000  0.02500000    0.3178D-01  0.285566965808510E+01  0.947023896456331E-17    0.350180559984855E+00 -0.116130154424967E-17
  0.00000000  0.00000000  0.02500000    0.3277D-01  0.285578767026453E+01  0.947077431145394E-17    0.350166089171249E+00 -0.116127120954975E-17
  0.00000000  0.00000000  0.02500000    0.3379D-01  0.285591308128413E+01  0.947134318256719E-17    0.350150712412564E+00 -0.116123896928565E-17
  0.00000000  0.00000000  0.02500000    0.3484D-01  0.285604635422364E+01  0.947194767098318E-17    0.350134373176807E+00 -0.116120470371172E-17
  0.00000000  0.00000000  0.02500000    0.3592D-01  0.285618798128624E+01  0.947259000075324E-17    0.350117011398411E+00 -0.116116828548962E-17
  0.00000000  0.00000000  0.02500000    0.3703D-01  0.285633848565538E+01  0.947327253516745E-17    0.350098563255732E+00 -0.116112957919661E-17
  0.00000000  0.00000000  0.02500000    0.3818D-01  0.285649842347361E+01  0.947399778555322E-17    0.350078960934262E+00 -0.116108844080047E-17
  0.00000000  0.00000000  0.02500000    0.3936D-01  0.285666838595175E+01  0.947476842063138E-17    0.350058132374659E+00 -0.116104471709747E-17
  0.00000000  0.00000000  0.02500000    0.4058D-01  0.285684900161720E+01  0.947558727649930E-17    0.350036001004575E+00 -0.116099824511484E-17
  0.00000000  0.00000000  0.02500000    0.4184D-01  0.285704093871176E+01  0.947645736723116E-17    0.350012485453184E+00 -0.116094885146843E-17
  0.00000000  0.00000000  0.02500000    0.4313D-01  0.285724490774891E+01  0.947738189619394E-17    0.349987499247256E+00 -0.116089635167936E-17
  0.00000000  0.00000000  0.02500000    0.4447D-01  0.285746166424235E+01  0.947836426808268E-17    0.349960950487554E+00 -0.116084054944093E-17
  0.00000000  0.00000000  0.02500000    0.4584D-01  0.285769201161780E+01  0.947940810174873E-17    0.349932741504176E+00 -0.116078123583511E-17
  0.00000000  0.00000000  0.02500000    0.4726D-01  0.285793680432142E+01  0.948051724387089E-17    0.349902768489465E+00 -0.116071818849409E-17
  0.00000000  0.00000000  0.02500000    0.4872D-01  0.285819695113931E+01  0.948169578351936E-17    0.349870921106885E+00 -0.116065117070146E-17
  0.00000000  0.00000000  0.02500000    0.5022D-01  0.285847341874311E+01  0.948294806768747E-17    0.349837082074286E+00 -0.116057993043031E-17
  0.00000000  0.00000000  0.02500000    0.5177D-01  0.285876723547923E+01  0.948427871784344E-17    0.349801126719701E+00 -0.116050419931064E-17
  0.00000000  0.00000000  0.02500000    0.5337D-01  0.285907949541915E+01  0.948569264759345E-17    0.349762922507825E+00 -0.116042369152344E-17
  0.00000000  0.00000000  0.02500000    0.5501D-01  0.285941136269104E+01  0.948719508151712E-17    0.349722328535088E+00 -0.116033810261294E-17
  0.00000000  0.00000000  0.02500000    0.5671D-01  0.285976407611399E+01  0.948879157526430E-17    0.349679194991098E+00 -0.116024710821092E-17
  0.00000000  0.00000000  0.02500000    0.5846D-01  0.286013895415802E+01  0.949048803701155E-17    0.349633362584086E+00 -0.116015036266698E-17
  0.00000000  0.00000000  0.02500000    0.6026D-01  0.286053740025558E+01  0.949229075036662E-17    0.349584661927739E+00 -0.116004749757519E-17
  0.00000000  0.00000000  0.02500000    0.6211D-01  0.286096090849184E+01  0.949420639882896E-17    0.349532912886654E+00 -0.115993812018885E-17
  0.00000000  0.00000000  0.02500000    0.6403D-01  0.286141106970430E+01  0.949624209193245E-17    0.349477923877376E+00 -0.115982181171490E-17
  0.00000000  0.00000000  0.02500000    0.6600D-01  0.286188957802446E+01  0.949840539316965E-17    0.349419491121768E+00 -0.115969812547437E-17
  0.00000000  0.00000000  0.02500000    0.6803D-01  0.286239823789768E+01  0.950070434985719E-17    0.349357397849176E+00 -0.115956658492015E-17
  0.00000000  0.00000000  0.02500000    0.7012D-01  0.286293897162099E+01  0.950314752508101E-17    0.349291413443509E+00 -0.115942668149797E-17
  0.00000000  0.00000000  0.02500000    0.7227D-01  0.286351382744169E+01  0.950574403186735E-17    0.349221292531147E+00 -0.115927787233517E-17
  0.00000000  0.00000000  0.02500000    0.7450D-01  0.286412498826499E+01  0.950850356977080E-17    0.349146774005059E+00 -0.115911957774306E-17
  0.00000000  0.00000000  0.02500000    0.7678D-01  0.286477478102245E+01  0.951143646405265E-17    0.349067579980265E+00 -0.115895117851392E-17
  0.00000000  0.00000000  0.02500000    0.7914D-01  0.286546568675932E+01  0.951455370765481E-17    0.348983414675240E+00 -0.115877201299295E-17
  0.00000000  0.00000000  0.02500000    0.8157D-01  0.286620035150435E+01  0.951786700621111E-17    0.348893963213402E+00 -0.115858137390576E-17
  0.00000000  0.00000000  0.02500000    0.8408D-01  0.286698159799209E+01  0.952138882630076E-17    0.348798890338311E+00 -0.115837850491235E-17
  0.00000000  0.00000000  0.02500000    0.8666D-01  0.286781243831593E+01  0.952513244725171E-17    0.348697839035537E+00 -0.115816259686578E-17
  0.00000000  0.00000000  0.02500000    0.8932D-01  0.286869608759773E+01  0.952911201675175E-17    0.348590429053573E+00 -0.115793278374103E-17
  0.00000000  0.00000000  0.02500000    0.9206D-01  0.286963597877025E+01  0.953334261059814E-17    0.348476255315330E+00 -0.115768813820176E-17
  0.00000000  0.00000000  0.02500000    0.9488D-01  0.287063577857832E+01  0.953784029693830E-17    0.348354886211044E+00 -0.115742766676745E-17
  0.00000000  0.00000000  0.02500000    0.9779D-01  0.287169940491806E+01  0.954262220537085E-17    0.348225861762343E+00 -0.115715030453633E-17
  0.00000000  0.00000000  0.02500000    0.1008D+00  0.287283104564625E+01  0.954770660134004E-17    0.348088691646344E+00 -0.115685490941776E-17
  0.00000000  0.00000000  0.02500000    0.1039D+00  0.287403517900809E+01  0.955311296626502E-17    0.347942853067348E+00 -0.115654025581695E-17
  0.00000000  0.00000000  0.02500000    0.1071D+00  0.287531659584957E+01  0.955886208394590E-17    0.347787788462484E+00 -0.115620502771492E-17
  0.00000000  0.00000000  0.02500000    0.1103D+00  0.287668042380064E+01  0.956497613376448E-17    0.347622903026125E+00 -0.115584781106893E-17
  0.00000000  0.00000000  0.02500000    0.1137D+00  0.287813215363900E+01  0.957147879133280E-17    0.347447562036245E+00 -0.115546708545869E-17
  0.00000000  0.00000000  0.02500000    0.1172D+00  0.287967766807108E+01  0.957839533725160E-17    0.347261087964001E+00 -0.115506121488636E-17
  0.00000000  0.00000000  0.02500000    0.1208D+00  0.288132327319693E+01  0.958575277474411E-17    0.347062757345678E+00 -0.115462843762943E-17
  0.00000000  0.00000000  0.02500000    0.1245D+00  0.288307573296213E+01  0.959357995699135E-17    0.346851797393674E+00 -0.115416685502867E-17
  0.00000000  0.00000000  0.02500000    0.1283D+00  0.288494230693930E+01  0.960190772511258E-17    0.346627382320489E+00 -0.115367441908040E-17
  0.00000000  0.00000000  0.02500000    0.1322D+00  0.288693079183016E+01  0.961076905779300E-17    0.346388629346411E+00 -0.115314891867684E-17
  0.00000000  0.00000000  0.02500000    0.1363D+00  0.288904956713334E+01  0.962019923373258E-17    0.346134594358050E+00 -0.115258796432341E-17
  0.00000000  0.00000000  0.02500000    0.1405D+00  0.289130764548684E+01  0.963023600814689E-17    0.345864267180610E+00 -0.115198897112632E-17
  0.00000000  0.00000000  0.02500000    0.1448D+00  0.289371472826891E+01  0.964091980477370E-17    0.345576566422020E+00 -0.115134913982238E-17
  0.00000000  0.00000000  0.02500000    0.1492D+00  0.289628126712760E+01  0.965229392491593E-17    0.345270333841490E+00 -0.115066543557666E-17
  0.00000000  0.00000000  0.02500000    0.1537D+00  0.289901853221220E+01  0.966440477529781E-17    0.344944328188517E+00 -0.114993456423789E-17
  0.00000000  0.00000000  0.02500000    0.1585D+00  0.290193868799970E+01  0.967730211666719E-17    0.344597218450986E+00 -0.114915294568543E-17
  0.00000000  0.00000000  0.02500000    0.1633D+00  0.290505487775186E+01  0.969103933532973E-17    0.344227576442161E+00 -0.114831668384446E-17
  0.00000000  0.00000000  0.02500000    0.1683D+00  0.290838131780766E+01  0.970567374001286E-17    0.343833868646151E+00 -0.114742153286884E-17
  0.00000000  0.00000000  0.02500000    0.1734D+00  0.291193340311636E+01  0.972126688677502E-17    0.343414447229390E+00 -0.114646285890962E-17
  0.00000000  0.00000000  0.02500000    0.1787D+00  0.291572782565666E+01  0.973788493493677E-17    0.342967540111460E+00 -0.114543559677815E-17
  0.00000000  0.00000000  0.02500000    0.1842D+00  0.291978270767571E+01  0.975559903738014E-17    0.342491239971775E+00 -0.114433420069110E-17
  0.00000000  0.00000000  0.02500000    0.1898D+00  0.292411775202814E+01  0.977448576888610E-17    0.341983492048639E+00 -0.114315258812848E-17
  0.00000000  0.00000000  0.02500000    0.1956D+00  0.292875441231554E+01  0.979462759660360E-17    0.341442080563313E+00 -0.114188407565491E-17
  0.00000000  0.00000000  0.02500000    0.2016D+00  0.293371608603677E+01  0.981611339714206E-17    0.340864613573062E+00 -0.114052130532724E-17
  0.00000000  0.00000000  0.02500000    0.2078D+00  0.293902833458288E+01  0.983903902517305E-17    0.340248506022629E+00 -0.113905616003141E-17
  0.00000000  0.00000000  0.02500000    0.2141D+00  0.294471913467567E+01  0.986350793889260E-17    0.339590960721671E+00 -0.113747966575538E-17
  0.00000000  0.00000000  0.02500000    0.2207D+00  0.295081916679366E+01  0.988963188804521E-17    0.338888946924726E+00 -0.113578187837736E-17
  0.00000000  0.00000000  0.02500000    0.2274D+00  0.295736214730210E+01  0.991753167053025E-17    0.338139176127708E+00 -0.113395175202092E-17
  0.00000000  0.00000000  0.02500000    0.2343D+00  0.296438521246899E+01  0.994733796379060E-17    0.337338074617879E+00 -0.113197698536744E-17
  0.00000000  0.00000000  0.02500000    0.2415D+00  0.297192936439117E+01  0.997919223708328E-17    0.336481752218516E+00 -0.112984384147605E-17
  0.00000000  0.00000000  0.02500000    0.2489D+00  0.298003999118653E+01  0.100132477503059E-16    0.335565966549946E+00 -0.112753693560254E-17
  0.00000000  0.00000000  0.02500000    0.2565D+00  0.298876747678228E+01  0.100496706438961E-16    0.334586081978048E+00 -0.112503898414039E-17
  0.00000000  0.00000000  0.02500000    0.2643D+00  0.299816791945130E+01  0.100886411222808E-16    0.333537022230233E+00 -0.112233050605479E-17
  0.00000000  0.00000000  0.02500000    0.2724D+00  0.300830398320130E+01  0.101303547297030E-16    0.332413215414436E+00 -0.111938946588965E-17
  0.00000000  0.00000000  0.02500000    0.2807D+00  0.301924591259925E+01  0.101750237112853E-16    0.331208529860725E+00 -0.111619084442564E-17
  0.00000000  0.00000000  0.02500000    0.2893D+00  0.303107275016409E+01  0.102228784426053E-16    0.329916198793270E+00 -0.111270611908851E-17
  0.00000000  0.00000000  0.02500000    0.2981D+00  0.304387380686959E+01  0.102741688958721E-16    0.328528731297316E+00 -0.110890263087697E-17
  0.00000000  0.00000000  0.02500000    0.3072D+00  0.305775045169007E+01  0.103291660869205E-16    0.327037806321730E+00 -0.110474280735767E-17
  0.00000000  0.00000000  0.02500000    0.3166D+00  0.307281830714117E+01  0.103881634099711E-16    0.325434145480070E+00 -0.110018320138704E-17
  0.00000000  0.00000000  0.02500000    0.3262D+00  0.308920996685696E+01  0.104514777084461E-16    0.323707359075183E+00 -0.109517329146662E-17
  0.00000000  0.00000000  0.02500000    0.3362D+00  0.310707839209070E+01  0.105194498378102E-16    0.321845757913793E+00 -0.108965397027142E-17
  0.00000000  0.00000000  0.02500000    0.3464D+00  0.312660120230145E+01  0.105924443295084E-16    0.319836120853505E+00 -0.108355562014526E-17
  0.00000000  0.00000000  0.02500000    0.3570D+00  0.314798615960622E+01  0.106708475288961E-16    0.317663404252416E+00 -0.107679563391461E-17
  0.00000000  0.00000000  0.02500000    0.3679D+00  0.317147827216467E+01  0.107550631951367E-16    0.315310373959289E+00 -0.106927517926828E-17
  0.00000000  0.00000000  0.02500000    0.3791D+00  0.319736913115208E+01  0.108455039125447E-16    0.312757132186260E+00 -0.106087491361378E-17
  0.00000000  0.00000000  0.02500000    0.3907D+00  0.322600938997651E+01  0.109425755825832E-16    0.309980498850092E+00 -0.105144921410742E-17
  0.00000000  0.00000000  0.02500000    0.4026D+00  0.325782576311791E+01  0.110466503929890E-16    0.306953186791349E+00 -0.104081825979936E-17
  0.00000000  0.00000000  0.02500000    0.4149D+00  0.329334469329151E+01  0.111580203213889E-16    0.303642677317374E+00 -0.102875692630948E-17
  0.00000000  0.00000000  0.02500000    0.4276D+00  0.333322615219052E+01  0.112768170741008E-16    0.300009646613034E+00 -0.101497880757280E-17
  0.00000000  0.00000000  0.02500000    0.4406D+00  0.337831338540647E+01  0.114028725502146E-16    0.296005694533778E+00 -0.999112522682767E-18
  0.00000000  0.00000000  0.02500000    0.4540D+00  0.342970880770764E+01  0.115354701620226E-16    0.291569942542260E+00 -0.980665287029697E-18
  0.00000000  0.00000000  0.02500000    0.4679D+00  0.348889501463656E+01  0.116728867172493E-16    0.286623700571331E+00 -0.958964363562671E-18
  0.00000000  0.00000000  0.02500000    0.4822D+00  0.355793871439819E+01  0.118115087720399E-16    0.281061614679652E+00 -0.933057591418887E-18
  0.00000000  0.00000000  0.02500000    0.4969D+00  0.363986004847697E+01  0.119440177381722E-16    0.274735837829378E+00 -0.901531838214150E-18
  0.00000000  0.00000000  0.02500000    0.5120D+00  0.373937052821204E+01  0.120553241067717E-16    0.267424688849474E+00 -0.862148127314484E-18
  0.00000000  0.00000000  0.02500000    0.5276D+00  0.386457809961874E+01  0.121122468494421E-16    0.258760458249933E+00 -0.810999406508864E-18
  0.00000000  0.00000000  0.02500000    0.5437D+00  0.403206019167415E+01  0.120316558196240E-16    0.248012170568513E+00 -0.740067591629689E-18
  0.00000000  0.00000000  0.02500000    0.5603D+00  0.430171055495053E+01  0.163827403000900E-03    0.232465663548367E+00 -0.885327951741928E-05
  0.00000000  0.00000000  0.02500000    0.5774D+00  0.473095941213310E+01  0.146215975449140E+00    0.211171906441047E+00 -0.652652107066176E-02
  0.00000000  0.00000000  0.02500000    0.5950D+00  0.496925479409092E+01  0.799923477698554E+00    0.196154504565792E+00 -0.315758800786567E-01
  0.00000000  0.00000000  0.02500000    0.6131D+00  0.486073303372402E+01  0.126429308852696E+01    0.192693823358790E+00 -0.501203146488595E-01
  0.00000000  0.00000000  0.02500000    0.6318D+00  0.468537733425725E+01  0.156448129515768E+01    0.192020808572074E+00 -0.641171333406994E-01
  0.00000000  0.00000000  0.02500000    0.6511D+00  0.452613269064549E+01  0.178178429855339E+01    0.191293817101800E+00 -0.753058611000909E-01
  0.00000000  0.00000000  0.02500000    0.6709D+00  0.439225928193369E+01  0.197301781713338E+01    0.189446123191748E+00 -0.850998432587085E-01
  0.00000000  0.00000000  0.02500000    0.6914D+00  0.425695692117544E+01  0.217635807495524E+01    0.186233115960034E+00 -0.952111927014240E-01
  0.00000000  0.00000000  0.02500000    0.7125D+00  0.408364399880360E+01  0.237605140735003E+01    0.182944464307605E+00 -0.106445481538629E+00
  0.00000000  0.00000000  0.02500000    0.7342D+00  0.392536999810600E+01  0.249689868473103E+01    0.181368760056620E+00 -0.115367320444997E+00
  0.00000000  0.00000000  0.02500000    0.7565D+00  0.377924577652095E+01  0.269721551080627E+01    0.175308637252281E+00 -0.125116280743839E+00
  0.00000000  0.00000000  0.02500000    0.7796D+00  0.349489363546099E+01  0.294487552859070E+01    0.167327285724774E+00 -0.140993712654547E+00
  0.00000000  0.00000000  0.02500000    0.8034D+00  0.319108924959382E+01  0.292047046554413E+01    0.170535240797702E+00 -0.156073081988396E+00
  0.00000000  0.00000000  0.02500000    0.8279D+00  0.306142940463290E+01  0.288063468796126E+01    0.173251784317233E+00 -0.163020286830769E+00
  0.00000000  0.00000000  0.02500000    0.8531D+00  0.296366427663071E+01  0.303029442105661E+01    0.164959695506185E+00 -0.168668377499182E+00
  0.00000000  0.00000000  0.02500000    0.8791D+00  0.277881807541655E+01  0.321856198967574E+01    0.153687434602622E+00 -0.178008247347616E+00
  0.00000000  0.00000000  0.02500000    0.9059D+00  0.251214853932810E+01  0.346495683495603E+01    0.137149847359643E+00 -0.189168074093690E+00
  0.00000000  0.00000000  0.02500000    0.9335D+00  0.164927429887747E+01  0.398167479248497E+01    0.887955485118755E-01 -0.214370039862531E+00
  0.00000000  0.00000000  0.02500000    0.9619D+00  0.859913877012070E+00  0.294976064417749E+01    0.910873637798302E-01 -0.312456779733827E+00
  0.00000000  0.00000000  0.02500000    0.9913D+00  0.107183018475338E+01  0.208487923181693E+01    0.195036324045165E+00 -0.379376497542139E+00
  0.00000000  0.00000000  0.02500000    0.1021D+01  0.145610302935498E+01  0.201652039638361E+01    0.235364377143589E+00 -0.325950195503965E+00
  0.00000000  0.00000000  0.02500000    0.1053D+01  0.194893055924146E+01  0.178531967574645E+01    0.278988718160599E+00 -0.255567878230232E+00
  0.00000000  0.00000000  0.02500000    0.1085D+01  0.252314110412771E+01  0.252984280932415E+01    0.197640042742555E+00 -0.198164993685371E+00
  0.00000000  0.00000000  0.02500000    0.1118D+01  0.154129892935252E+01  0.430879216483614E+01    0.736009462349369E-01 -0.205755791055305E+00
  0.00000000  0.00000000  0.02500000    0.1152D+01 -0.503455320993842E-01  0.336570343050380E+01   -0.444336592628934E-02 -0.297048244749382E+00
  0.00000000  0.00000000  0.02500000    0.1187D+01 -0.227750530910571E+00  0.202599917717314E+01   -0.547932578927779E-01 -0.487424090567736E+00
  0.00000000  0.00000000  0.02500000    0.1223D+01  0.982582132275976E-01  0.172220863657263E+01    0.330206756015612E-01 -0.578765793091984E+00
  0.00000000  0.00000000  0.02500000    0.1260D+01  0.158990377080421E+00  0.152620453345954E+01    0.675239309817436E-01 -0.648185956117450E+00
  0.00000000  0.00000000  0.02500000    0.1299D+01  0.161958612698302E+00  0.117957518324776E+01    0.114246183949120E+00 -0.832076547964614E+00
  0.00000000  0.00000000  0.02500000    0.1338D+01  0.642597189865627E+00  0.538525542924635E+00    0.914155346226199E+00 -0.766103574537675E+00
  0.00000000  0.00000000  0.02500000    0.1379D+01  0.128265606197609E+01  0.974046374495120E+00    0.494475503407268E+00 -0.375503679940880E+00
  0.00000000  0.00000000  0.02500000    0.1421D+01  0.994724309647757E+00  0.183682872318379E+01    0.227969155738606E+00 -0.420961153959243E+00
  0.00000000  0.00000000  0.02500000    0.1464D+01  0.327262370714777E+00  0.148669643242045E+01    0.141221644643355E+00 -0.641545542841552E+00
  0.00000000  0.00000000  0.02500000    0.1509D+01  0.334707643586473E+00  0.747669957594637E+00    0.498789724884190E+00 -0.111419652224481E+01
  0.00000000  0.00000000  0.02500000    0.1555D+01  0.783100471117187E+00  0.558346292776601E+00    0.846597913223157E+00 -0.603619616836906E+00
  0.00000000  0.00000000  0.02500000    0.1602D+01  0.103661423025735E+01  0.842941980659860E+00    0.580697145239867E+00 -0.472204594037360E+00
  0.00000000  0.00000000  0.02500000    0.1651D+01  0.915698785590444E+00  0.109709557065540E+01    0.448405313898539E+00 -0.537232866831013E+00
  0.00000000  0.00000000  0.02500000    0.1701D+01  0.589931604000839E+00  0.107565820235663E+01    0.391965540671696E+00 -0.714694629013400E+00
  0.00000000  0.00000000  0.02500000    0.1753D+01  0.497447780071935E+00  0.582986798604022E+00    0.846967731342930E+00 -0.992608723965202E+00
  0.00000000  0.00000000  0.02500000    0.1807D+01  0.701860737042763E+00  0.371537609224536E+00    0.111291872794446E+01 -0.589135624232112E+00
  0.00000000  0.00000000  0.02500000    0.1862D+01  0.912405037778430E+00  0.274891657757382E+00    0.100479782952459E+01 -0.302727987716468E+00
  0.00000000  0.00000000  0.02500000    0.1919D+01  0.113462020955634E+01  0.239280294591131E+00    0.843823407562541E+00 -0.177954095867382E+00
  0.00000000  0.00000000  0.02500000    0.1977D+01  0.129988539664894E+01  0.343275646021841E+00    0.719146045486600E+00 -0.189913144639425E+00
  0.00000000  0.00000000  0.02500000    0.2037D+01  0.141256498751803E+01  0.378571227481954E+00    0.660491904949331E+00 -0.177013612405830E+00
  0.00000000  0.00000000  0.02500000    0.2099D+01  0.155297151650501E+01  0.444930131346082E+00    0.595080439473911E+00 -0.170491998908312E+00
  0.00000000  0.00000000  0.02500000    0.2163D+01  0.175694621532779E+01  0.541294685051362E+00    0.519828113210390E+00 -0.160152992940973E+00
  0.00000000  0.00000000  0.02500000    0.2229D+01  0.180662166581999E+01  0.957905702209782E+00    0.432054695908785E+00 -0.229083744929901E+00
  0.00000000  0.00000000  0.02500000    0.2297D+01  0.170972749304232E+01  0.109559076957876E+01    0.414631450436420E+00 -0.265695200974319E+00
  0.00000000  0.00000000  0.02500000    0.2367D+01  0.161646356570792E+01  0.133324273456036E+01    0.368173786283573E+00 -0.303666000293166E+00
  0.00000000  0.00000000  0.02500000    0.2439D+01  0.130318277428615E+01  0.155290312037117E+01    0.317092036838137E+00 -0.377854298849616E+00
  0.00000000  0.00000000  0.02500000    0.2513D+01  0.136083422088229E+01  0.112130993213030E+01    0.437679051953520E+00 -0.360641921337533E+00
  0.00000000  0.00000000  0.02500000    0.2590D+01  0.150607884186070E+01  0.183428625731377E+01    0.267372811373896E+00 -0.325639176284134E+00
  0.00000000  0.00000000  0.02500000    0.2669D+01  0.649167469299851E+00  0.254683226232117E+01    0.939763758295390E-01 -0.368690788090210E+00
  0.00000000  0.00000000  0.02500000    0.2750D+01 -0.136273779277449E+00  0.169935568613688E+01   -0.468878005066948E-01 -0.584698324387700E+00
  0.00000000  0.00000000  0.02500000    0.2834D+01 -0.300781404289180E+00  0.126541035253451E+01   -0.177794863287331E+00 -0.747996576327375E+00
  0.00000000  0.00000000  0.02500000    0.2920D+01 -0.280848093758529E+00  0.674274351873417E+00   -0.526404401075639E+00 -0.126381839238605E+01
  0.00000000  0.00000000  0.02500000    0.3009D+01 -0.386130590590761E-02  0.347821970150908E+00   -0.319129291743602E-01 -0.287467975063304E+01
  0.00000000  0.00000000  0.02500000    0.3101D+01  0.222454556096961E+00  0.324867121555967E+00    0.143496223669062E+01 -0.209558329374923E+01
  0.00000000  0.00000000  0.02500000    0.3195D+01  0.288035804851950E+00  0.305132640318280E+00    0.163591128578290E+01 -0.173301347106475E+01
  0.00000000  0.00000000  0.02500000    0.3293D+01  0.381474080555227E+00  0.147814436078574E+00    0.227920461046936E+01 -0.883151336819176E+00
  0.00000000  0.00000000  0.02500000    0.3393D+01  0.542900697994419E+00  0.129696312547469E+00    0.174251087376432E+01 -0.416277296632661E+00
  0.00000000  0.00000000  0.02500000    0.3496D+01  0.634693797931828E+00  0.196041085845383E+00    0.143833980988882E+01 -0.444267297181835E+00
  0.00000000  0.00000000  0.02500000    0.3603D+01  0.629344605685909E+00  0.251835848180109E+00    0.136964131458259E+01 -0.548069815875359E+00
  0.00000000  0.00000000  0.02500000    0.3713D+01  0.612535517604149E+00  0.197242707859907E+00    0.147918121461350E+01 -0.476311495090183E+00
  0.00000000  0.00000000  0.02500000    0.3826D+01  0.642379444407936E+00  0.145815115946984E+00    0.148043237758164E+01 -0.336046585344426E+00
  0.00000000  0.00000000  0.02500000    0.3942D+01  0.710152870937155E+00  0.971621861970126E-01    0.138227227009704E+01 -0.189120682572050E+00
  0.00000000  0.00000000  0.02500000    0.4062D+01  0.777292579787574E+00  0.127630725749637E+00    0.125274126815249E+01 -0.205698962512313E+00
  0.00000000  0.00000000  0.02500000    0.4186D+01  0.785292112096507E+00  0.171976395231307E+00    0.121513418781877E+01 -0.266110399078746E+00
  0.00000000  0.00000000  0.02500000    0.4313D+01  0.777253554326808E+00  0.155018185594736E+00    0.123736200658636E+01 -0.246783835361181E+00
  0.00000000  0.00000000  0.02500000    0.4445D+01  0.779356799873388E+00  0.144805172144808E+00    0.124029203737946E+01 -0.230447340693947E+00
  0.00000000  0.00000000  0.02500000    0.4580D+01  0.804557505081269E+00  0.990799204547969E-01    0.122435132020092E+01 -0.150776831547894E+00
  0.00000000  0.00000000  0.02500000    0.4720D+01  0.844532177951546E+00  0.106823757195596E+00    0.116544116350220E+01 -0.147415109957899E+00
  0.00000000  0.00000000  0.02500000    0.4863D+01  0.876899197238595E+00  0.107172129378002E+00    0.112359869902650E+01 -0.137323041827644E+00
  0.00000000  0.00000000  0.02500000    0.5012D+01  0.885183565108328E+00  0.148604129266339E+00    0.109874275381353E+01 -0.184456328217275E+00
  0.00000000  0.00000000  0.02500000    0.5164D+01  0.873180213515956E+00  0.134222835122469E+00    0.111880278752248E+01 -0.171979254407881E+00
  0.00000000  0.00000000  0.02500000    0.5322D+01  0.921357408062247E+00  0.913415303059591E-01    0.107479171987269E+01 -0.106552701041193E+00
  0.00000000  0.00000000  0.02500000    0.5484D+01  0.976284959594211E+00  0.171436561464557E+00    0.993651183224530E+00 -0.174486086744598E+00
  0.00000000  0.00000000  0.02500000    0.5651D+01  0.905963224175672E+00  0.287323712618653E+00    0.100292137036957E+01 -0.318073718567736E+00
  0.00000000  0.00000000  0.02500000    0.5823D+01  0.840699363278108E+00  0.196633639293411E+00    0.112778913023393E+01 -0.263781906731489E+00
  0.00000000  0.00000000  0.02500000    0.6000D+01  0.836004282458536E+00  0.204807130241480E+00    0.112844067555601E+01 -0.276449177662971E+00
  0.00000000  0.00000000  0.02500000    0.6183D+01  0.809930704041593E+00  0.176450032934717E+00    0.117872849409819E+01 -0.256795650006662E+00
  0.00000000  0.00000000  0.02500000    0.6371D+01  0.801361787613627E+00  0.140936254203717E+00    0.121043631454484E+01 -0.212880577488120E+00
  0.00000000  0.00000000  0.02500000    0.6565D+01  0.803070691055847E+00  0.108964336933060E+00    0.122270991693536E+01 -0.165902923421560E+00
  0.00000000  0.00000000  0.02500000    0.6765D+01  0.829958236182049E+00  0.644541518447517E-01    0.119765683588137E+01 -0.930094457679082E-01
  0.00000000  0.00000000  0.02500000    0.6971D+01  0.859755655598224E+00  0.758725228294776E-01    0.115413292245449E+01 -0.101851003755538E+00
  0.00000000  0.00000000  0.02500000    0.7184D+01  0.879270633807904E+00  0.714983591404637E-01    0.112983554812252E+01 -0.918731783859110E-01
  0.00000000  0.00000000  0.02500000    0.7402D+01  0.868341716211723E+00  0.114297517657915E+00    0.113200747171535E+01 -0.149003141933271E+00
  0.00000000  0.00000000  0.02500000    0.7628D+01  0.851847579238248E+00  0.718005944905412E-01    0.116563768193372E+01 -0.982493588797411E-01
  0.00000000  0.00000000  0.02500000    0.7860D+01  0.863694103874972E+00  0.690986496933939E-01    0.115045375920112E+01 -0.920404584665240E-01
  0.00000000  0.00000000  0.02500000    0.8100D+01  0.858670509856891E+00  0.689166857778490E-01    0.115713721284735E+01 -0.928715505938918E-01
  0.00000000  0.00000000  0.02500000    0.8346D+01  0.856940394101167E+00  0.448848542926410E-01    0.116374960761071E+01 -0.609549181369997E-01
  0.00000000  0.00000000  0.02500000    0.8600D+01  0.866205137750360E+00  0.326646134258058E-01    0.115282157791876E+01 -0.434729252350572E-01
  0.00000000  0.00000000  0.02500000    0.8862D+01  0.876804960669939E+00  0.212340974976325E-01    0.113983599231469E+01 -0.276040735143968E-01
  0.00000000  0.00000000  0.02500000    0.9132D+01  0.884231264148934E+00  0.187494109478837E-01    0.113041760087443E+01 -0.239695937034245E-01
  0.00000000  0.00000000  0.02500000    0.9410D+01  0.892522849144374E+00  0.524254065285331E-02    0.112038083965785E+01 -0.658094311447042E-02
  0.00000000  0.00000000  0.02500000    0.9697D+01  0.905443594753221E+00  0.170666445103922E-02    0.110442710400187E+01 -0.208172710932692E-02
  0.00000000  0.00000000  0.02500000    0.9992D+01  0.915600415956827E+00  0.104195250329637E-03    0.109217948094153E+01 -0.124289933073776E-03
  0.00000000  0.00000000  0.02500000    0.1030D+02  0.923866792299564E+00  0.182514180550380E-05    0.108240712658048E+01 -0.213834560757403E-05
  0.00000000  0.00000000  0.02500000    0.1061D+02  0.930485619665097E+00 -0.221456035703731E-18    0.107470763530975E+01  0.255780946450187E-18
  0.00000000  0.00000000  0.02500000    0.1093D+02  0.936130361042173E+00 -0.220393846907195E-18    0.106822729142843E+01  0.251493522619078E-18
  0.00000000  0.00000000  0.02500000    0.1127D+02  0.941079882261662E+00 -0.212587155467113E-18    0.106260905035685E+01  0.240040234253103E-18
  0.00000000  0.00000000  0.02500000    0.1161D+02  0.945486013310585E+00 -0.202141681828743E-18    0.105765710536377E+01  0.226123478366169E-18
