 q(1:3)   w(Ry)   eps    epsi  --- NO LFC
  0.00000000  0.00000000  0.03000000    0.0000D+00  0.284057058243074E+01 -0.117925188996889E-16    0.352041947552762E+00  0.146148852828249E-17
  0.00000000  0.00000000  0.03000000    0.1015D-04  0.284057058262060E+01 -0.117925189011266E-16    0.352041947529232E+00  0.146148852826530E-17
  0.00000000  0.00000000  0.03000000    0.3076D-04  0.284057058417421E+01 -0.117925189128913E-16    0.352041947336687E+00  0.146148852812466E-17
  0.00000000  0.00000000  0.03000000    0.5200D-04  0.284057058741275E+01 -0.117925189374170E-16    0.352041946935324E+00  0.146148852783173E-17
  0.00000000  0.00000000  0.03000000    0.7389D-04  0.284057059248877E+01 -0.117925189758579E-16    0.352041946306235E+00  0.146148852737257E-17
  0.00000000  0.00000000  0.03000000    0.9644D-04  0.284057059956576E+01 -0.117925190294517E-16    0.352041945429158E+00  0.146148852673233E-17
  0.00000000  0.00000000  0.03000000    0.1197D-03  0.284057060881884E+01 -0.117925190995252E-16    0.352041944282391E+00  0.146148852589528E-17
  0.00000000  0.00000000  0.03000000    0.1436D-03  0.284057062043551E+01 -0.117925191874983E-16    0.352041942842697E+00  0.146148852484442E-17
  0.00000000  0.00000000  0.03000000    0.1683D-03  0.284057063461648E+01 -0.117925192948908E-16    0.352041941085198E+00  0.146148852356158E-17
  0.00000000  0.00000000  0.03000000    0.1937D-03  0.284057065157655E+01 -0.117925194233290E-16    0.352041938983277E+00  0.146148852202728E-17
  0.00000000  0.00000000  0.03000000    0.2199D-03  0.284057067154550E+01 -0.117925195745540E-16    0.352041936508455E+00  0.146148852022088E-17
  0.00000000  0.00000000  0.03000000    0.2469D-03  0.284057069476905E+01 -0.117925197504263E-16    0.352041933630278E+00  0.146148851812006E-17
  0.00000000  0.00000000  0.03000000    0.2748D-03  0.284057072151001E+01 -0.117925199529353E-16    0.352041930316177E+00  0.146148851570100E-17
  0.00000000  0.00000000  0.03000000    0.3034D-03  0.284057075204924E+01 -0.117925201842086E-16    0.352041926531343E+00  0.146148851293833E-17
  0.00000000  0.00000000  0.03000000    0.3330D-03  0.284057078668694E+01 -0.117925204465199E-16    0.352041922238571E+00  0.146148850980494E-17
  0.00000000  0.00000000  0.03000000    0.3634D-03  0.284057082574386E+01 -0.117925207422976E-16    0.352041917398110E+00  0.146148850627173E-17
  0.00000000  0.00000000  0.03000000    0.3948D-03  0.284057086956261E+01 -0.117925210741363E-16    0.352041911967498E+00  0.146148850230771E-17
  0.00000000  0.00000000  0.03000000    0.4271D-03  0.284057091850911E+01 -0.117925214448088E-16    0.352041905901387E+00  0.146148849787999E-17
  0.00000000  0.00000000  0.03000000    0.4604D-03  0.284057097297411E+01 -0.117925218572716E-16    0.352041899151349E+00  0.146148849295290E-17
  0.00000000  0.00000000  0.03000000    0.4948D-03  0.284057103337473E+01 -0.117925223146851E-16    0.352041891665689E+00  0.146148848748890E-17
  0.00000000  0.00000000  0.03000000    0.5301D-03  0.284057110015619E+01 -0.117925228204211E-16    0.352041883389229E+00  0.146148848144770E-17
  0.00000000  0.00000000  0.03000000    0.5666D-03  0.284057117379367E+01 -0.117925233780771E-16    0.352041874263080E+00  0.146148847478624E-17
  0.00000000  0.00000000  0.03000000    0.6041D-03  0.284057125479414E+01 -0.117925239914933E-16    0.352041864224410E+00  0.146148846745872E-17
  0.00000000  0.00000000  0.03000000    0.6428D-03  0.284057134369847E+01 -0.117925246647654E-16    0.352041853206188E+00  0.146148845941621E-17
  0.00000000  0.00000000  0.03000000    0.6827D-03  0.284057144108358E+01 -0.117925254022625E-16    0.352041841136914E+00  0.146148845060650E-17
  0.00000000  0.00000000  0.03000000    0.7238D-03  0.284057154756475E+01 -0.117925262086444E-16    0.352041827940335E+00  0.146148844097399E-17
  0.00000000  0.00000000  0.03000000    0.7662D-03  0.284057166379807E+01 -0.117925270888783E-16    0.352041813535140E+00  0.146148843045915E-17
  0.00000000  0.00000000  0.03000000    0.8098D-03  0.284057179048305E+01 -0.117925280482638E-16    0.352041797834634E+00  0.146148841899896E-17
  0.00000000  0.00000000  0.03000000    0.8548D-03  0.284057192836541E+01 -0.117925290924460E-16    0.352041780746402E+00  0.146148840652572E-17
  0.00000000  0.00000000  0.03000000    0.9011D-03  0.284057207823999E+01 -0.117925302274456E-16    0.352041762171934E+00  0.146148839296765E-17
  0.00000000  0.00000000  0.03000000    0.9488D-03  0.284057224095392E+01 -0.117925314596775E-16    0.352041742006245E+00  0.146148837824810E-17
  0.00000000  0.00000000  0.03000000    0.9980D-03  0.284057241740990E+01 -0.117925327959777E-16    0.352041720137458E+00  0.146148836228537E-17
  0.00000000  0.00000000  0.03000000    0.1049D-02  0.284057260856981E+01 -0.117925342436310E-16    0.352041696446368E+00  0.146148834499251E-17
  0.00000000  0.00000000  0.03000000    0.1101D-02  0.284057281545838E+01 -0.117925358103979E-16    0.352041670805975E+00  0.146148832627684E-17
  0.00000000  0.00000000  0.03000000    0.1155D-02  0.284057303916724E+01 -0.117925375045439E-16    0.352041643080991E+00  0.146148830603944E-17
  0.00000000  0.00000000  0.03000000    0.1210D-02  0.284057328085918E+01 -0.117925393348760E-16    0.352041613127310E+00  0.146148828417527E-17
  0.00000000  0.00000000  0.03000000    0.1267D-02  0.284057354177257E+01 -0.117925413107719E-16    0.352041580791455E+00  0.146148826057222E-17
  0.00000000  0.00000000  0.03000000    0.1326D-02  0.284057382322625E+01 -0.117925434422201E-16    0.352041545909983E+00  0.146148823511112E-17
  0.00000000  0.00000000  0.03000000    0.1387D-02  0.284057412662459E+01 -0.117925457398541E-16    0.352041508308845E+00  0.146148820766470E-17
  0.00000000  0.00000000  0.03000000    0.1450D-02  0.284057445346284E+01 -0.117925482149989E-16    0.352041467802732E+00  0.146148817809784E-17
  0.00000000  0.00000000  0.03000000    0.1514D-02  0.284057480533297E+01 -0.117925508797104E-16    0.352041424194347E+00  0.146148814626655E-17
  0.00000000  0.00000000  0.03000000    0.1580D-02  0.284057518392975E+01 -0.117925537468223E-16    0.352041377273657E+00  0.146148811201739E-17
  0.00000000  0.00000000  0.03000000    0.1649D-02  0.284057559105715E+01 -0.117925568299975E-16    0.352041326817090E+00  0.146148807518734E-17
  0.00000000  0.00000000  0.03000000    0.1719D-02  0.284057602863540E+01 -0.117925601437757E-16    0.352041272586672E+00  0.146148803560241E-17
  0.00000000  0.00000000  0.03000000    0.1792D-02  0.284057649870816E+01 -0.117925637036352E-16    0.352041214329127E+00  0.146148799307794E-17
  0.00000000  0.00000000  0.03000000    0.1867D-02  0.284057700345038E+01 -0.117925675260468E-16    0.352041151774912E+00  0.146148794741711E-17
  0.00000000  0.00000000  0.03000000    0.1944D-02  0.284057754517656E+01 -0.117925716285377E-16    0.352041084637189E+00  0.146148789841050E-17
  0.00000000  0.00000000  0.03000000    0.2024D-02  0.284057812634951E+01 -0.117925760297582E-16    0.352041012610740E+00  0.146148784583523E-17
  0.00000000  0.00000000  0.03000000    0.2106D-02  0.284057874958971E+01 -0.117925807495554E-16    0.352040935370807E+00  0.146148778945448E-17
  0.00000000  0.00000000  0.03000000    0.2190D-02  0.284057941768520E+01 -0.117925858090403E-16    0.352040852571869E+00  0.146148772901570E-17
  0.00000000  0.00000000  0.03000000    0.2277D-02  0.284058013360213E+01 -0.117925912306772E-16    0.352040763846329E+00  0.146148766425069E-17
  0.00000000  0.00000000  0.03000000    0.2367D-02  0.284058090049594E+01 -0.117925970383627E-16    0.352040668803134E+00  0.146148759487409E-17
  0.00000000  0.00000000  0.03000000    0.2459D-02  0.284058172172322E+01 -0.117926032575156E-16    0.352040567026305E+00  0.146148752058209E-17
  0.00000000  0.00000000  0.03000000    0.2554D-02  0.284058260085439E+01 -0.117926099151744E-16    0.352040458073361E+00  0.146148744105162E-17
  0.00000000  0.00000000  0.03000000    0.2652D-02  0.284058354168710E+01 -0.117926170400992E-16    0.352040341473666E+00  0.146148735593921E-17
  0.00000000  0.00000000  0.03000000    0.2753D-02  0.284058454826039E+01 -0.117926246628776E-16    0.352040216726664E+00  0.146148726487935E-17
  0.00000000  0.00000000  0.03000000    0.2858D-02  0.284058562486999E+01 -0.117926328160410E-16    0.352040083299995E+00  0.146148716748341E-17
  0.00000000  0.00000000  0.03000000    0.2965D-02  0.284058677608424E+01 -0.117926415341858E-16    0.352039940627515E+00  0.146148706333808E-17
  0.00000000  0.00000000  0.03000000    0.3075D-02  0.284058800676128E+01 -0.117926508541022E-16    0.352039788107167E+00  0.146148695200374E-17
  0.00000000  0.00000000  0.03000000    0.3189D-02  0.284058932206712E+01 -0.117926608149134E-16    0.352039625098742E+00  0.146148683301311E-17
  0.00000000  0.00000000  0.03000000    0.3307D-02  0.284059072749494E+01 -0.117926714582190E-16    0.352039450921492E+00  0.146148670586912E-17
  0.00000000  0.00000000  0.03000000    0.3428D-02  0.284059222888559E+01 -0.117926828282511E-16    0.352039264851582E+00  0.146148657004320E-17
  0.00000000  0.00000000  0.03000000    0.3553D-02  0.284059383244929E+01 -0.117926949720406E-16    0.352039066119409E+00  0.146148642497355E-17
  0.00000000  0.00000000  0.03000000    0.3681D-02  0.284059554478874E+01 -0.117927079395893E-16    0.352038853906734E+00  0.146148627006265E-17
  0.00000000  0.00000000  0.03000000    0.3813D-02  0.284059737292367E+01 -0.117927217840588E-16    0.352038627343640E+00  0.146148610467543E-17
  0.00000000  0.00000000  0.03000000    0.3950D-02  0.284059932431690E+01 -0.117927365619638E-16    0.352038385505312E+00  0.146148592813651E-17
  0.00000000  0.00000000  0.03000000    0.4090D-02  0.284060140690201E+01 -0.117927523333873E-16    0.352038127408594E+00  0.146148573972815E-17
  0.00000000  0.00000000  0.03000000    0.4235D-02  0.284060362911274E+01 -0.117927691621961E-16    0.352037852008360E+00  0.146148553868694E-17
  0.00000000  0.00000000  0.03000000    0.4385D-02  0.284060599991425E+01 -0.117927871162851E-16    0.352037558193634E+00  0.146148532420183E-17
  0.00000000  0.00000000  0.03000000    0.4538D-02  0.284060852883625E+01 -0.117928062678224E-16    0.352037244783492E+00  0.146148509541035E-17
  0.00000000  0.00000000  0.03000000    0.4697D-02  0.284061122600830E+01 -0.117928266935205E-16    0.352036910522678E+00  0.146148485139592E-17
  0.00000000  0.00000000  0.03000000    0.4860D-02  0.284061410219718E+01 -0.117928484749149E-16    0.352036554076990E+00  0.146148459118399E-17
  0.00000000  0.00000000  0.03000000    0.5029D-02  0.284061716884668E+01 -0.117928716986717E-16    0.352036174028340E+00  0.146148431373913E-17
  0.00000000  0.00000000  0.03000000    0.5202D-02  0.284062043811978E+01 -0.117928964569008E-16    0.352035768869531E+00  0.146148401796043E-17
  0.00000000  0.00000000  0.03000000    0.5381D-02  0.284062392294360E+01 -0.117929228474990E-16    0.352035336998693E+00  0.146148370267785E-17
  0.00000000  0.00000000  0.03000000    0.5565D-02  0.284062763705694E+01 -0.117929509745129E-16    0.352034876713394E+00  0.146148336664814E-17
  0.00000000  0.00000000  0.03000000    0.5755D-02  0.284063159506092E+01 -0.117929809485165E-16    0.352034386204366E+00  0.146148300854963E-17
  0.00000000  0.00000000  0.03000000    0.5950D-02  0.284063581247274E+01 -0.117930128870215E-16    0.352033863548848E+00  0.146148262697768E-17
  0.00000000  0.00000000  0.03000000    0.6152D-02  0.284064030578275E+01 -0.117930469149123E-16    0.352033306703520E+00  0.146148222043986E-17
  0.00000000  0.00000000  0.03000000    0.6360D-02  0.284064509251509E+01 -0.117930831648992E-16    0.352032713496992E+00  0.146148178734972E-17
  0.00000000  0.00000000  0.03000000    0.6574D-02  0.284065019129211E+01 -0.117931217780103E-16    0.352032081621826E+00  0.146148132602144E-17
  0.00000000  0.00000000  0.03000000    0.6794D-02  0.284065562190280E+01 -0.117931629041095E-16    0.352031408626067E+00  0.146148083466360E-17
  0.00000000  0.00000000  0.03000000    0.7021D-02  0.284066140537538E+01 -0.117932067024449E-16    0.352030691904252E+00  0.146148031137240E-17
  0.00000000  0.00000000  0.03000000    0.7255D-02  0.284066756405456E+01 -0.117932533422359E-16    0.352029928687845E+00  0.146147975412489E-17
  0.00000000  0.00000000  0.03000000    0.7497D-02  0.284067412168348E+01 -0.117933030032901E-16    0.352029116035093E+00  0.146147916077112E-17
  0.00000000  0.00000000  0.03000000    0.7745D-02  0.284068110349084E+01 -0.117933558766681E-16    0.352028250820244E+00  0.146147852902684E-17
  0.00000000  0.00000000  0.03000000    0.8001D-02  0.284068853628331E+01 -0.117934121653780E-16    0.352027329722102E+00  0.146147785646434E-17
  0.00000000  0.00000000  0.03000000    0.8265D-02  0.284069644854386E+01 -0.117934720851271E-16    0.352026349211864E+00  0.146147714050456E-17
  0.00000000  0.00000000  0.03000000    0.8537D-02  0.284070487053609E+01 -0.117935358651029E-16    0.352025305540200E+00  0.146147637840627E-17
  0.00000000  0.00000000  0.03000000    0.8818D-02  0.284071383441506E+01 -0.117936037488209E-16    0.352024194723547E+00  0.146147556725726E-17
  0.00000000  0.00000000  0.03000000    0.9107D-02  0.284072337434507E+01 -0.117936759950119E-16    0.352023012529528E+00  0.146147470396283E-17
  0.00000000  0.00000000  0.03000000    0.9404D-02  0.284073352662476E+01 -0.117937528785708E-16    0.352021754461481E+00  0.146147378523478E-17
  0.00000000  0.00000000  0.03000000    0.9711D-02  0.284074432981991E+01 -0.117938346915614E-16    0.352020415742024E+00  0.146147280757904E-17
  0.00000000  0.00000000  0.03000000    0.1003D-01  0.284075582490460E+01 -0.117939217442883E-16    0.352018991295593E+00  0.146147176728325E-17
  0.00000000  0.00000000  0.03000000    0.1035D-01  0.284076805541119E+01 -0.117940143664299E-16    0.352017475729906E+00  0.146147066040278E-17
  0.00000000  0.00000000  0.03000000    0.1069D-01  0.284078106758948E+01 -0.117941129082434E-16    0.352015863316261E+00  0.146146948274604E-17
  0.00000000  0.00000000  0.03000000    0.1103D-01  0.284079491057599E+01 -0.117942177418502E-16    0.352014147968621E+00  0.146146822985965E-17
  0.00000000  0.00000000  0.03000000    0.1139D-01  0.284080963657362E+01 -0.117943292625947E-16    0.352012323221392E+00  0.146146689701163E-17
  0.00000000  0.00000000  0.03000000    0.1176D-01  0.284082530104265E+01 -0.117944478904894E-16    0.352010382205825E+00  0.146146547917398E-17
  0.00000000  0.00000000  0.03000000    0.1214D-01  0.284084196290348E+01 -0.117945740717534E-16    0.352008317624945E+00  0.146146397100434E-17
  0.00000000  0.00000000  0.03000000    0.1253D-01  0.284085968475225E+01 -0.117947082804427E-16    0.352006121726920E+00  0.146146236682616E-17
  0.00000000  0.00000000  0.03000000    0.1293D-01  0.284087853308966E+01 -0.117948510201865E-16    0.352003786276786E+00  0.146146066060798E-17
  0.00000000  0.00000000  0.03000000    0.1334D-01  0.284089857856424E+01 -0.117950028260261E-16    0.352001302526396E+00  0.146145884594093E-17
  0.00000000  0.00000000  0.03000000    0.1377D-01  0.284091989623085E+01 -0.117951642663766E-16    0.351998661182505E+00  0.146145691601539E-17
  0.00000000  0.00000000  0.03000000    0.1421D-01  0.284094256582513E+01 -0.117953359451013E-16    0.351995852372875E+00  0.146145486359541E-17
  0.00000000  0.00000000  0.03000000    0.1466D-01  0.284096667205536E+01 -0.117955185037266E-16    0.351992865610257E+00  0.146145268099246E-17
  0.00000000  0.00000000  0.03000000    0.1513D-01  0.284099230491233E+01 -0.117957126237873E-16    0.351989689754143E+00  0.146145036003681E-17
  0.00000000  0.00000000  0.03000000    0.1561D-01  0.284101955999883E+01 -0.117959190293214E-16    0.351986312970127E+00  0.146144789204714E-17
  0.00000000  0.00000000  0.03000000    0.1610D-01  0.284104853887962E+01 -0.117961384895218E-16    0.351982722686728E+00  0.146144526779854E-17
  0.00000000  0.00000000  0.03000000    0.1662D-01  0.284107934945341E+01 -0.117963718215558E-16    0.351978905549536E+00  0.146144247748849E-17
  0.00000000  0.00000000  0.03000000    0.1714D-01  0.284111210634811E+01 -0.117966198935561E-16    0.351974847372487E+00  0.146143951070015E-17
  0.00000000  0.00000000  0.03000000    0.1768D-01  0.284114693134094E+01 -0.117968836278041E-16    0.351970533086097E+00  0.146143635636371E-17
  0.00000000  0.00000000  0.03000000    0.1824D-01  0.284118395380496E+01 -0.117971640041127E-16    0.351965946682468E+00  0.146143300271535E-17
  0.00000000  0.00000000  0.03000000    0.1882D-01  0.284122331118350E+01 -0.117974620634215E-16    0.351961071156866E+00  0.146142943725347E-17
  0.00000000  0.00000000  0.03000000    0.1941D-01  0.284126514949466E+01 -0.117977789116158E-16    0.351955888445631E+00  0.146142564669172E-17
  0.00000000  0.00000000  0.03000000    0.2002D-01  0.284130962386745E+01 -0.117981157235910E-16    0.351950379360222E+00  0.146142161690976E-17
  0.00000000  0.00000000  0.03000000    0.2065D-01  0.284135689911175E+01 -0.117984737475679E-16    0.351944523517132E+00  0.146141733290010E-17
  0.00000000  0.00000000  0.03000000    0.2130D-01  0.284140715032429E+01 -0.117988543096853E-16    0.351938299263401E+00  0.146141277871190E-17
  0.00000000  0.00000000  0.03000000    0.2197D-01  0.284146056353288E+01 -0.117992588188791E-16    0.351931683597491E+00  0.146140793739108E-17
  0.00000000  0.00000000  0.03000000    0.2266D-01  0.284151733638134E+01 -0.117996887720743E-16    0.351924652085176E+00  0.146140279091661E-17
  0.00000000  0.00000000  0.03000000    0.2337D-01  0.284157767885801E+01 -0.118001457597013E-16    0.351917178770170E+00  0.146139732013230E-17
  0.00000000  0.00000000  0.03000000    0.2410D-01  0.284164181407026E+01 -0.118006314715649E-16    0.351909236079138E+00  0.146139150467440E-17
  0.00000000  0.00000000  0.03000000    0.2486D-01  0.284170997906824E+01 -0.118011477030888E-16    0.351900794720750E+00  0.146138532289476E-17
  0.00000000  0.00000000  0.03000000    0.2564D-01  0.284178242572126E+01 -0.118016963619499E-16    0.351891823578363E+00  0.146137875177782E-17
  0.00000000  0.00000000  0.03000000    0.2644D-01  0.284185942164972E+01 -0.118022794751450E-16    0.351882289595976E+00  0.146137176685353E-17
  0.00000000  0.00000000  0.03000000    0.2726D-01  0.284194125121665E+01 -0.118028991965030E-16    0.351872157656987E+00  0.146136434210364E-17
  0.00000000  0.00000000  0.03000000    0.2811D-01  0.284202821658284E+01 -0.118035578146802E-16    0.351861390455287E+00  0.146135644986186E-17
  0.00000000  0.00000000  0.03000000    0.2899D-01  0.284212063882934E+01 -0.118042577616660E-16    0.351849948358243E+00  0.146134806070734E-17
  0.00000000  0.00000000  0.03000000    0.2989D-01  0.284221885915214E+01 -0.118050016218371E-16    0.351837789260997E+00  0.146133914335107E-17
  0.00000000  0.00000000  0.03000000    0.3082D-01  0.284232324013384E+01 -0.118057921415963E-16    0.351824868431541E+00  0.146132966451475E-17
  0.00000000  0.00000000  0.03000000    0.3178D-01  0.284243416709725E+01 -0.118066322396306E-16    0.351811138345984E+00  0.146131958880113E-17
  0.00000000  0.00000000  0.03000000    0.3277D-01  0.284255204954650E+01 -0.118075250178346E-16    0.351796548513347E+00  0.146130887855576E-17
  0.00000000  0.00000000  0.03000000    0.3379D-01  0.284267732270176E+01 -0.118084737729418E-16    0.351781045289225E+00  0.146129749371898E-17
  0.00000000  0.00000000  0.03000000    0.3484D-01  0.284281044913354E+01 -0.118094820089173E-16    0.351764571677577E+00  0.146128539166830E-17
  0.00000000  0.00000000  0.03000000    0.3592D-01  0.284295192050380E+01 -0.118105534501499E-16    0.351747067119865E+00  0.146127252704873E-17
  0.00000000  0.00000000  0.03000000    0.3703D-01  0.284310225942068E+01 -0.118116920555215E-16    0.351728467270736E+00  0.146125885159300E-17
  0.00000000  0.00000000  0.03000000    0.3818D-01  0.284326202141516E+01 -0.118129020333862E-16    0.351708703759309E+00  0.146124431392717E-17
  0.00000000  0.00000000  0.03000000    0.3936D-01  0.284343179704790E+01 -0.118141878575490E-16    0.351687703935159E+00  0.146122885936414E-17
  0.00000000  0.00000000  0.03000000    0.4058D-01  0.284361221415512E+01 -0.118155542842939E-16    0.351665390597964E+00  0.146121242968152E-17
  0.00000000  0.00000000  0.03000000    0.4184D-01  0.284380394024368E+01 -0.118170063705452E-16    0.351641681709715E+00  0.146119496288372E-17
  0.00000000  0.00000000  0.03000000    0.4313D-01  0.284400768504565E+01 -0.118185494932459E-16    0.351616490088334E+00  0.146117639294764E-17
  0.00000000  0.00000000  0.03000000    0.4447D-01  0.284422420324379E+01 -0.118201893700233E-16    0.351589723081435E+00  0.146115664954857E-17
  0.00000000  0.00000000  0.03000000    0.4584D-01  0.284445429738013E+01 -0.118219320812550E-16    0.351561282218894E+00  0.146113565776699E-17
  0.00000000  0.00000000  0.03000000    0.4726D-01  0.284469882096101E+01 -0.118237840936202E-16    0.351531062842770E+00  0.146111333777317E-17
  0.00000000  0.00000000  0.03000000    0.4872D-01  0.284495868177288E+01 -0.118257522852581E-16    0.351498953713041E+00  0.146108960448856E-17
  0.00000000  0.00000000  0.03000000    0.5022D-01  0.284523484542401E+01 -0.118278439726383E-16    0.351464836587497E+00  0.146106436722141E-17
  0.00000000  0.00000000  0.03000000    0.5177D-01  0.284552833912951E+01 -0.118300669392828E-16    0.351428585773957E+00  0.146103752927487E-17
  0.00000000  0.00000000  0.03000000    0.5337D-01  0.284584025575721E+01 -0.118324294664684E-16    0.351390067652945E+00  0.146100898752476E-17
  0.00000000  0.00000000  0.03000000    0.5501D-01  0.284617175815449E+01 -0.118349403660685E-16    0.351349140168694E+00  0.146097863196499E-17
  0.00000000  0.00000000  0.03000000    0.5671D-01  0.284652408377735E+01 -0.118376090156917E-16    0.351305652286278E+00  0.146094634521729E-17
  0.00000000  0.00000000  0.03000000    0.5846D-01  0.284689854964499E+01 -0.118404453962923E-16    0.351259443412447E+00  0.146091200200153E-17
  0.00000000  0.00000000  0.03000000    0.6026D-01  0.284729655764542E+01 -0.118434601324577E-16    0.351210342777555E+00  0.146087546856466E-17
  0.00000000  0.00000000  0.03000000    0.6211D-01  0.284771960021949E+01 -0.118466645355709E-16    0.351158168775790E+00  0.146083660206276E-17
  0.00000000  0.00000000  0.03000000    0.6403D-01  0.284816926645371E+01 -0.118500706500822E-16    0.351102728260638E+00  0.146079524989243E-17
  0.00000000  0.00000000  0.03000000    0.6600D-01  0.284864724861473E+01 -0.118536913031467E-16    0.351043815792317E+00  0.146075124896715E-17
  0.00000000  0.00000000  0.03000000    0.6803D-01  0.284915534916141E+01 -0.118575401578976E-16    0.350981212833597E+00  0.146070442493314E-17
  0.00000000  0.00000000  0.03000000    0.7012D-01  0.284969548827428E+01 -0.118616317706552E-16    0.350914686890135E+00  0.146065459131783E-17
  0.00000000  0.00000000  0.03000000    0.7227D-01  0.285026971194520E+01 -0.118659816524061E-16    0.350843990591171E+00  0.146060154860594E-17
  0.00000000  0.00000000  0.03000000    0.7450D-01  0.285088020067530E+01 -0.118706063349173E-16    0.350768860705941E+00  0.146054508323478E-17
  0.00000000  0.00000000  0.03000000    0.7678D-01  0.285152927883306E+01 -0.118755234418762E-16    0.350689017090938E+00  0.146048496650059E-17
  0.00000000  0.00000000  0.03000000    0.7914D-01  0.285221942473049E+01 -0.118807517655092E-16    0.350604161562531E+00  0.146042095336775E-17
  0.00000000  0.00000000  0.03000000    0.8157D-01  0.285295328148077E+01 -0.118863113491540E-16    0.350513976689086E+00  0.146035278116932E-17
  0.00000000  0.00000000  0.03000000    0.8408D-01  0.285373366870757E+01 -0.118922235763282E-16    0.350418124496141E+00  0.146028016818858E-17
  0.00000000  0.00000000  0.03000000    0.8666D-01  0.285456359518405E+01 -0.118985112668871E-16    0.350316245077568E+00  0.146020281210805E-17
  0.00000000  0.00000000  0.03000000    0.8932D-01  0.285544627248718E+01 -0.119051987809267E-16    0.350207955105024E+00  0.146012038831169E-17
  0.00000000  0.00000000  0.03000000    0.9206D-01  0.285638512976372E+01 -0.119123121311716E-16    0.350092846227190E+00  0.146003254802461E-17
  0.00000000  0.00000000  0.03000000    0.9488D-01  0.285738382971350E+01 -0.119198791046520E-16    0.349970483349542E+00  0.145993891627134E-17
  0.00000000  0.00000000  0.03000000    0.9779D-01  0.285844628590932E+01 -0.119279293945790E-16    0.349840402784368E+00  0.145983908963171E-17
  0.00000000  0.00000000  0.03000000    0.1008D+00  0.285957668158514E+01 -0.119364947434376E-16    0.349702110259786E+00  0.145973263377259E-17
  0.00000000  0.00000000  0.03000000    0.1039D+00  0.286077949004099E+01 -0.119456090984205E-16    0.349555078775286E+00  0.145961908072730E-17
  0.00000000  0.00000000  0.03000000    0.1071D+00  0.286205949683037E+01 -0.119553087804740E-16    0.349398746290028E+00  0.145949792589353E-17
  0.00000000  0.00000000  0.03000000    0.1103D+00  0.286342182391618E+01 -0.119656326683853E-16    0.349232513228646E+00  0.145936862471622E-17
  0.00000000  0.00000000  0.03000000    0.1137D+00  0.286487195600479E+01 -0.119766223995017E-16    0.349055739787600E+00  0.145923058901549E-17
  0.00000000  0.00000000  0.03000000    0.1172D+00  0.286641576929438E+01 -0.119883225889070E-16    0.348867743023255E+00  0.145908318291740E-17
  0.00000000  0.00000000  0.03000000    0.1208D+00  0.286805956290430E+01 -0.120007810690641E-16    0.348667793700687E+00  0.145892571833424E-17
  0.00000000  0.00000000  0.03000000    0.1245D+00  0.286981009328766E+01 -0.120140491522718E-16    0.348455112879750E+00  0.145875744994048E-17
  0.00000000  0.00000000  0.03000000    0.1283D+00  0.287167461196986E+01 -0.120281819185218E-16    0.348228868212210E+00  0.145857756957507E-17
  0.00000000  0.00000000  0.03000000    0.1322D+00  0.287366090700313E+01 -0.120432385317510E-16    0.347988169920463E+00  0.145838519999571E-17
  0.00000000  0.00000000  0.03000000    0.1363D+00  0.287577734858194E+01 -0.120592825878883E-16    0.347732066424790E+00  0.145817938789827E-17
  0.00000000  0.00000000  0.03000000    0.1405D+00  0.287803293932740E+01 -0.120763824985670E-16    0.347459539581817E+00  0.145795909609938E-17
  0.00000000  0.00000000  0.03000000    0.1448D+00  0.288043736982386E+01 -0.120946119149497E-16    0.347169499492069E+00  0.145772319476631E-17
  0.00000000  0.00000000  0.03000000    0.1492D+00  0.288300108007693E+01 -0.121140501967796E-16    0.346860778828885E+00  0.145747045155982E-17
  0.00000000  0.00000000  0.03000000    0.1537D+00  0.288573532766519E+01 -0.121347829325267E-16    0.346532126634456E+00  0.145719952053200E-17
  0.00000000  0.00000000  0.03000000    0.1585D+00  0.288865226347765E+01 -0.121569025174322E-16    0.346182201521238E+00  0.145690892959790E-17
  0.00000000  0.00000000  0.03000000    0.1633D+00  0.289176501607106E+01 -0.121805087973046E-16    0.345809564208182E+00  0.145659706636631E-17
  0.00000000  0.00000000  0.03000000    0.1683D+00  0.289508778585032E+01 -0.122057097872158E-16    0.345412669310920E+00  0.145626216208099E-17
  0.00000000  0.00000000  0.03000000    0.1734D+00  0.289863595047526E+01 -0.122326224757475E-16    0.344989856292936E+00  0.145590227337860E-17
  0.00000000  0.00000000  0.03000000    0.1787D+00  0.290242618313715E+01 -0.122613737272381E-16    0.344539339470515E+00  0.145551526151737E-17
  0.00000000  0.00000000  0.03000000    0.1842D+00  0.290647658563578E+01 -0.122921012966543E-16    0.344059196947309E+00  0.145509876866829E-17
  0.00000000  0.00000000  0.03000000    0.1898D+00  0.291080683853438E+01 -0.123249549742867E-16    0.343547358334334E+00  0.145465019078276E-17
  0.00000000  0.00000000  0.03000000    0.1956D+00  0.291543837108871E+01 -0.123600978806254E-16    0.343001591087165E+00  0.145416664646025E-17
  0.00000000  0.00000000  0.03000000    0.2016D+00  0.292039455415615E+01 -0.123977079355502E-16    0.342419485263337E+00  0.145364494112438E-17
  0.00000000  0.00000000  0.03000000    0.2078D+00  0.292570091991288E+01 -0.124379795306100E-16    0.341798436468270E+00  0.145308152567879E-17
  0.00000000  0.00000000  0.03000000    0.2141D+00  0.293138541297136E+01 -0.124811254388228E-16    0.341135626715957E+00  0.145247244864245E-17
  0.00000000  0.00000000  0.03000000    0.2207D+00  0.293747867843325E+01 -0.125273790034083E-16    0.340428002879451E+00  0.145181330055437E-17
  0.00000000  0.00000000  0.03000000    0.2274D+00  0.294401439358401E+01 -0.125769966554648E-16    0.339672252343377E+00  0.145109914917097E-17
  0.00000000  0.00000000  0.03000000    0.2343D+00  0.295102965139811E+01 -0.126302608213592E-16    0.338864775393303E+00  0.145032446365322E-17
  0.00000000  0.00000000  0.03000000    0.2415D+00  0.295856540586251E+01 -0.126874832940012E-16    0.338001653780736E+00  0.144948302551983E-17
  0.00000000  0.00000000  0.03000000    0.2489D+00  0.296666699145378E+01 -0.127490091591232E-16    0.337078614782430E+00  0.144856782361673E-17
  0.00000000  0.00000000  0.03000000    0.2565D+00  0.297538473207274E+01 -0.128152213891304E-16    0.336090989921620E+00  0.144757092967172E-17
  0.00000000  0.00000000  0.03000000    0.2643D+00  0.298477465855473E+01 -0.128865462445677E-16    0.335033667326904E+00  0.144648335013198E-17
  0.00000000  0.00000000  0.03000000    0.2724D+00  0.299489935881688E+01 -0.129634596585826E-16    0.333901036459217E+00  0.144529484884192E-17
  0.00000000  0.00000000  0.03000000    0.2807D+00  0.300582899116759E+01 -0.130464948257107E-16    0.332686923620215E+00  0.144399373362446E-17
  0.00000000  0.00000000  0.03000000    0.2893D+00  0.301764249983648E+01 -0.131362512765688E-16    0.331384516242129E+00  0.144256659785137E-17
  0.00000000  0.00000000  0.03000000    0.2981D+00  0.303042908316567E+01 -0.132334057997593E-16    0.329986273414249E+00  0.144099800543076E-17
  0.00000000  0.00000000  0.03000000    0.3072D+00  0.304428998025990E+01 -0.133387256790202E-16    0.328483819374732E+00  0.143927010404650E-17
  0.00000000  0.00000000  0.03000000    0.3166D+00  0.305934066286137E+01 -0.134530848581046E-16    0.326867815715793E+00  0.143736214655318E-17
  0.00000000  0.00000000  0.03000000    0.3262D+00  0.307571354823264E+01 -0.135774838438227E-16    0.325127806708339E+00  0.143524989357237E-17
  0.00000000  0.00000000  0.03000000    0.3362D+00  0.309356138957016E+01 -0.137130744328179E-16    0.323252030288285E+00  0.143290486067214E-17
  0.00000000  0.00000000  0.03000000    0.3464D+00  0.311306155858763E+01 -0.138611907356837E-16    0.321227184615550E+00  0.143029335965426E-17
  0.00000000  0.00000000  0.03000000    0.3570D+00  0.313442151928302E+01 -0.140233885287835E-16    0.319038136334880E+00  0.142737526328189E-17
  0.00000000  0.00000000  0.03000000    0.3679D+00  0.315788591681176E+01 -0.142014957776485E-16    0.316667551122180E+00  0.142410239275531E-17
  0.00000000  0.00000000  0.03000000    0.3791D+00  0.318374589437049E+01 -0.143976783899111E-16    0.314095418785841E+00  0.142041638166514E-17
  0.00000000  0.00000000  0.03000000    0.3907D+00  0.321235154399437E+01 -0.146145271104438E-16    0.311298432411466E+00  0.141624579925615E-17
  0.00000000  0.00000000  0.03000000    0.4026D+00  0.324412886418662E+01 -0.148551743821166E-16    0.308249160826947E+00  0.141150220257157E-17
  0.00000000  0.00000000  0.03000000    0.4149D+00  0.327960336560494E+01 -0.151234547065139E-16    0.304914920653994E+00  0.140607460042668E-17
  0.00000000  0.00000000  0.03000000    0.4276D+00  0.331943377700724E+01 -0.154241299417822E-16    0.301256198248843E+00  0.139982149357616E-17
  0.00000000  0.00000000  0.03000000    0.4406D+00  0.336446163817377E+01 -0.157632148034031E-16    0.297224372735842E+00  0.139255908852775E-17
  0.00000000  0.00000000  0.03000000    0.4540D+00  0.341578693976666E+01 -0.161484632801053E-16    0.292758306543649E+00  0.138404322240570E-17
  0.00000000  0.00000000  0.03000000    0.4679D+00  0.347488868029859E+01 -0.165901264478322E-16    0.287779003013723E+00  0.137394043040784E-17
  0.00000000  0.00000000  0.03000000    0.4822D+00  0.354382792789260E+01 -0.171021971393278E-16    0.282180743632964E+00  0.136177907187578E-17
  0.00000000  0.00000000  0.03000000    0.4969D+00  0.362561530931773E+01 -0.177046005428744E-16    0.275815251946347E+00  0.134686072369362E-17
  0.00000000  0.00000000  0.03000000    0.5120D+00  0.372494454695849E+01 -0.184274305509762E-16    0.268460372334006E+00  0.132808282231033E-17
  0.00000000  0.00000000  0.03000000    0.5276D+00  0.384988458144305E+01 -0.193203339651987E-16    0.259748046686940E+00  0.130352453499234E-17
  0.00000000  0.00000000  0.03000000    0.5437D+00  0.401689203428636E+01 -0.204782681730894E-16    0.248948687558554E+00  0.126914986552991E-17
  0.00000000  0.00000000  0.03000000    0.5603D+00  0.428513896387752E+01  0.863059799237859E-04    0.233364660521878E+00 -0.470014295351986E-05
  0.00000000  0.00000000  0.03000000    0.5774D+00  0.471465057100141E+01  0.142461017985480E+00    0.211911311557538E+00 -0.640325316001367E-02
  0.00000000  0.00000000  0.03000000    0.5950D+00  0.495539263116296E+01  0.795871598760775E+00    0.196725878679320E+00 -0.315955871180653E-01
  0.00000000  0.00000000  0.03000000    0.6131D+00  0.484815785132886E+01  0.126152626850738E+01    0.193183846114559E+00 -0.502678551314091E-01
  0.00000000  0.00000000  0.03000000    0.6318D+00  0.467336969705109E+01  0.156246058877482E+01    0.192464941424064E+00 -0.643473350472805E-01
  0.00000000  0.00000000  0.03000000    0.6511D+00  0.451342112457767E+01  0.178177210231256E+01    0.191687847933499E+00 -0.756729873798777E-01
  0.00000000  0.00000000  0.03000000    0.6709D+00  0.437850778085182E+01  0.197197103686247E+01    0.189874577233422E+00 -0.855147885264169E-01
  0.00000000  0.00000000  0.03000000    0.6914D+00  0.424388118777950E+01  0.217477775341061E+01    0.186624736610812E+00 -0.956358831595065E-01
  0.00000000  0.00000000  0.03000000    0.7125D+00  0.406926967432607E+01  0.237675990597199E+01    0.183234872914800E+00 -0.107022963375338E+00
  0.00000000  0.00000000  0.03000000    0.7342D+00  0.391112153642442E+01  0.249324233429609E+01    0.181801612148953E+00 -0.115893988880600E+00
  0.00000000  0.00000000  0.03000000    0.7565D+00  0.376586895484447E+01  0.269645765429212E+01    0.175543275616677E+00 -0.125693436195432E+00
  0.00000000  0.00000000  0.03000000    0.7796D+00  0.348150631898632E+01  0.294169032298185E+01    0.167586144107214E+00 -0.141601506134727E+00
  0.00000000  0.00000000  0.03000000    0.8034D+00  0.317941856915818E+01  0.291860187157136E+01    0.170689264300789E+00 -0.156687141189254E+00
  0.00000000  0.00000000  0.03000000    0.8279D+00  0.304808689767594E+01  0.288166731068831E+01    0.173237543430354E+00 -0.163779112159772E+00
  0.00000000  0.00000000  0.03000000    0.8531D+00  0.294958267105050E+01  0.302755570742289E+01    0.165093527487513E+00 -0.169457820697524E+00
  0.00000000  0.00000000  0.03000000    0.8791D+00  0.276704994729760E+01  0.321671713544875E+01    0.153692256007980E+00 -0.178668445782657E+00
  0.00000000  0.00000000  0.03000000    0.9059D+00  0.249684423279503E+01  0.346812401692912E+01    0.136722618880271E+00 -0.189908121607297E+00
  0.00000000  0.00000000  0.03000000    0.9335D+00  0.163380387469403E+01  0.397508366663695E+01    0.884542683846464E-01 -0.215211337753730E+00
  0.00000000  0.00000000  0.03000000    0.9619D+00  0.847029967031954E+00  0.294812473650291E+01    0.900243425499285E-01 -0.313333649916596E+00
  0.00000000  0.00000000  0.03000000    0.9913D+00  0.106161937828736E+01  0.207854384263145E+01    0.194886227386831E+00 -0.381567609101162E+00
  0.00000000  0.00000000  0.03000000    0.1021D+01  0.144371636538750E+01  0.202197362215446E+01    0.233887554069928E+00 -0.327567433754681E+00
  0.00000000  0.00000000  0.03000000    0.1053D+01  0.193273114764157E+01  0.178023384446381E+01    0.279916016878136E+00 -0.257829945702502E+00
  0.00000000  0.00000000  0.03000000    0.1085D+01  0.251182762241343E+01  0.252491120721671E+01    0.198024093256779E+00 -0.199055559347086E+00
  0.00000000  0.00000000  0.03000000    0.1118D+01  0.153040830188805E+01  0.430773777121373E+01    0.732296423832024E-01 -0.206124140908947E+00
  0.00000000  0.00000000  0.03000000    0.1152D+01 -0.606676310310903E-01  0.336244334153160E+01   -0.536420948312327E-02 -0.297305995842580E+00
  0.00000000  0.00000000  0.03000000    0.1187D+01 -0.237958964134187E+00  0.202760457902872E+01   -0.570945559341815E-01 -0.486492212936667E+00
  0.00000000  0.00000000  0.03000000    0.1223D+01  0.851972606184966E-01  0.172328930420561E+01    0.286186433887532E-01 -0.578870748832572E+00
  0.00000000  0.00000000  0.03000000    0.1260D+01  0.145587870264953E+00  0.152518813466493E+01    0.620210448084668E-01 -0.649736557511597E+00
  0.00000000  0.00000000  0.03000000    0.1299D+01  0.149281037398937E+00  0.117885152451026E+01    0.105724930425358E+00 -0.834895024728455E+00
  0.00000000  0.00000000  0.03000000    0.1338D+01  0.629448577931683E+00  0.538599962101008E+00    0.917168538649829E+00 -0.784793162580868E+00
  0.00000000  0.00000000  0.03000000    0.1379D+01  0.126801667193660E+01  0.973768877158111E+00    0.496076283302297E+00 -0.380960011068531E+00
  0.00000000  0.00000000  0.03000000    0.1421D+01  0.981422788538704E+00  0.183284790707199E+01    0.227048643518518E+00 -0.424022792150642E+00
  0.00000000  0.00000000  0.03000000    0.1464D+01  0.315921516043308E+00  0.148567128737407E+01    0.136938887456436E+00 -0.643976946448578E+00
  0.00000000  0.00000000  0.03000000    0.1509D+01  0.322072734027813E+00  0.748047121181717E+00    0.485557274864475E+00 -0.112775681781198E+01
  0.00000000  0.00000000  0.03000000    0.1555D+01  0.768891057193749E+00  0.557954144778214E+00    0.851950916620160E+00 -0.618227433689655E+00
  0.00000000  0.00000000  0.03000000    0.1602D+01  0.102378455327438E+01  0.839782345744932E+00    0.583895595646071E+00 -0.478953517528193E+00
  0.00000000  0.00000000  0.03000000    0.1651D+01  0.902686747365489E+00  0.109799183243810E+01    0.446779647370524E+00 -0.543444783192086E+00
  0.00000000  0.00000000  0.03000000    0.1701D+01  0.576657842938854E+00  0.107257332658543E+01    0.388859162504499E+00 -0.723271122742539E+00
  0.00000000  0.00000000  0.03000000    0.1753D+01  0.485316777221357E+00  0.582794470387642E+00    0.843762447639843E+00 -0.101323529679040E+01
  0.00000000  0.00000000  0.03000000    0.1807D+01  0.688846522350845E+00  0.371021799470806E+00    0.112525969549133E+01 -0.606079676018928E+00
  0.00000000  0.00000000  0.03000000    0.1862D+01  0.899070847648533E+00  0.274713181040756E+00    0.101728354908020E+01 -0.310833345913914E+00
  0.00000000  0.00000000  0.03000000    0.1919D+01  0.112075982511948E+01  0.238966771040179E+00    0.853452064235141E+00 -0.181971801144911E+00
  0.00000000  0.00000000  0.03000000    0.1977D+01  0.128579663473403E+01  0.342591216790802E+00    0.726175495927646E+00 -0.193484210514346E+00
  0.00000000  0.00000000  0.03000000    0.2037D+01  0.139815949147471E+01  0.377909905642406E+00    0.666531080035367E+00 -0.180157341919710E+00
  0.00000000  0.00000000  0.03000000    0.2099D+01  0.153890663653971E+01  0.443216886988765E+00    0.600039665691395E+00 -0.172816015203829E+00
  0.00000000  0.00000000  0.03000000    0.2163D+01  0.174296393099779E+01  0.540853955392620E+00    0.523342456800461E+00 -0.162396841811513E+00
  0.00000000  0.00000000  0.03000000    0.2229D+01  0.179233741968923E+01  0.956827810311465E+00    0.434191014808715E+00 -0.231790082264961E+00
  0.00000000  0.00000000  0.03000000    0.2297D+01  0.169460329093789E+01  0.109572889480425E+01    0.416129068792579E+00 -0.269068664673523E+00
  0.00000000  0.00000000  0.03000000    0.2367D+01  0.160070972511944E+01  0.133126698710154E+01    0.369291427458287E+00 -0.307129692710611E+00
  0.00000000  0.00000000  0.03000000    0.2439D+01  0.128838074399300E+01  0.155070351882224E+01    0.316975528429150E+00 -0.381513826256232E+00
  0.00000000  0.00000000  0.03000000    0.2513D+01  0.134587367691299E+01  0.112011749054380E+01    0.438961674153688E+00 -0.365330459561191E+00
  0.00000000  0.00000000  0.03000000    0.2590D+01  0.149092189474748E+01  0.183208987924292E+01    0.267218968849527E+00 -0.328366744157223E+00
  0.00000000  0.00000000  0.03000000    0.2669D+01  0.634540292440016E+00  0.254504556472636E+01    0.922310569017661E-01 -0.369924881200596E+00
  0.00000000  0.00000000  0.03000000    0.2750D+01 -0.151423433066742E+00  0.169864013345973E+01   -0.520658288037853E-01 -0.584064861011119E+00
  0.00000000  0.00000000  0.03000000    0.2834D+01 -0.316907662810372E+00  0.126435494387780E+01   -0.186523370575251E+00 -0.744165488597495E+00
  0.00000000  0.00000000  0.03000000    0.2920D+01 -0.297118554175531E+00  0.672615626175310E+00   -0.549516148010863E+00 -0.124399214654704E+01
  0.00000000  0.00000000  0.03000000    0.3009D+01 -0.207271293039839E-01  0.347034641076064E+00   -0.171493246885737E+00 -0.287131404002586E+01
  0.00000000  0.00000000  0.03000000    0.3101D+01  0.204184429000667E+00  0.323467435677619E+00    0.139544144369936E+01 -0.221064783265247E+01
  0.00000000  0.00000000  0.03000000    0.3195D+01  0.269541381589351E+00  0.301997099512730E+00    0.164500139258407E+01 -0.184307747599086E+01
  0.00000000  0.00000000  0.03000000    0.3293D+01  0.363190144235437E+00  0.144754247947209E+00    0.237595230687347E+01 -0.946967297430173E+00
  0.00000000  0.00000000  0.03000000    0.3393D+01  0.524222026803748E+00  0.126317975937760E+00    0.180290643967084E+01 -0.434433275635004E+00
  0.00000000  0.00000000  0.03000000    0.3496D+01  0.615485611356709E+00  0.192305125077875E+00    0.148023085156458E+01 -0.462490062808766E+00
  0.00000000  0.00000000  0.03000000    0.3603D+01  0.609665946859897E+00  0.247183047934959E+00    0.140868109925521E+01 -0.571135864608639E+00
  0.00000000  0.00000000  0.03000000    0.3713D+01  0.593588665578025E+00  0.191153177601248E+00    0.152637810643287E+01 -0.491539077791347E+00
  0.00000000  0.00000000  0.03000000    0.3826D+01  0.624471922060860E+00  0.140879695035707E+00    0.152379996379625E+01 -0.343766415448404E+00
  0.00000000  0.00000000  0.03000000    0.3942D+01  0.690612352927155E+00  0.947816831178095E-01    0.142122072955573E+01 -0.195052538892860E+00
  0.00000000  0.00000000  0.03000000    0.4062D+01  0.755453108196447E+00  0.123986511961468E+00    0.128898863778030E+01 -0.211551456235170E+00
  0.00000000  0.00000000  0.03000000    0.4186D+01  0.760937488589375E+00  0.168979340807448E+00    0.125240732073100E+01 -0.278118724143646E+00
  0.00000000  0.00000000  0.03000000    0.4313D+01  0.748529825148483E+00  0.149688559519563E+00    0.128458082532695E+01 -0.256886294799943E+00
  0.00000000  0.00000000  0.03000000    0.4445D+01  0.752047908365446E+00  0.130901517341022E+00    0.129060128950600E+01 -0.224642160691338E+00
  0.00000000  0.00000000  0.03000000    0.4580D+01  0.777729273025608E+00  0.904550635943892E-01    0.126863337653513E+01 -0.147550460979847E+00
  0.00000000  0.00000000  0.03000000    0.4720D+01  0.813756880002677E+00  0.934453154736313E-01    0.121287482521063E+01 -0.139276820211289E+00
  0.00000000  0.00000000  0.03000000    0.4863D+01  0.842532328267508E+00  0.908526005462945E-01    0.117325556918368E+01 -0.126515405984417E+00
  0.00000000  0.00000000  0.03000000    0.5012D+01  0.854886786860668E+00  0.117336452190154E+00    0.114811661953233E+01 -0.157583358296112E+00
  0.00000000  0.00000000  0.03000000    0.5164D+01  0.851102178390373E+00  0.107873763866589E+00    0.115637049867595E+01 -0.146565290612197E+00
  0.00000000  0.00000000  0.03000000    0.5322D+01  0.890560676783638E+00  0.731632167234884E-01    0.111536021777747E+01 -0.916314221651131E-01
  0.00000000  0.00000000  0.03000000    0.5484D+01  0.935042512907904E+00  0.132202760333204E+00    0.104851010526034E+01 -0.148245591231560E+00
  0.00000000  0.00000000  0.03000000    0.5651D+01  0.890239781634300E+00  0.212669112699984E+00    0.106264929491508E+01 -0.253855969282766E+00
  0.00000000  0.00000000  0.03000000    0.5823D+01  0.849127105926971E+00  0.153354678329297E+00    0.114048053733966E+01 -0.205973905112375E+00
  0.00000000  0.00000000  0.03000000    0.6000D+01  0.840920138908012E+00  0.167673439017449E+00    0.114370280458309E+01 -0.228046128978873E+00
  0.00000000  0.00000000  0.03000000    0.6183D+01  0.818168895185884E+00  0.136578441502035E+00    0.118910562431775E+01 -0.198499593306741E+00
  0.00000000  0.00000000  0.03000000    0.6371D+01  0.816729060794757E+00  0.106850022768275E+00    0.120379256698587E+01 -0.157488290015732E+00
  0.00000000  0.00000000  0.03000000    0.6565D+01  0.822269752602106E+00  0.831232737720373E-01    0.120384360273737E+01 -0.121696585642834E+00
  0.00000000  0.00000000  0.03000000    0.6765D+01  0.844352037192601E+00  0.512500280059151E-01    0.117999281965719E+01 -0.716225725649729E-01
  0.00000000  0.00000000  0.03000000    0.6971D+01  0.866969501594811E+00  0.595007919079471E-01    0.114803565318155E+01 -0.787905807265464E-01
  0.00000000  0.00000000  0.03000000    0.7184D+01  0.882383680321772E+00  0.539083999789174E-01    0.112907958056546E+01 -0.689800536824927E-01
  0.00000000  0.00000000  0.03000000    0.7402D+01  0.878377252009085E+00  0.822804063605970E-01    0.112856025671982E+01 -0.105715848529700E+00
  0.00000000  0.00000000  0.03000000    0.7628D+01  0.869825569502111E+00  0.536720746535206E-01    0.114529515127274E+01 -0.706697630130732E-01
  0.00000000  0.00000000  0.03000000    0.7860D+01  0.880052230154245E+00  0.518533352027079E-01    0.113236501432672E+01 -0.667197930393421E-01
  0.00000000  0.00000000  0.03000000    0.8100D+01  0.878170219259368E+00  0.526851780032270E-01    0.113464744618030E+01 -0.680723410585847E-01
  0.00000000  0.00000000  0.03000000    0.8346D+01  0.877032308127878E+00  0.369108146984723E-01    0.113819284410925E+01 -0.479020268360721E-01
  0.00000000  0.00000000  0.03000000    0.8600D+01  0.884161659188561E+00  0.264465138252170E-01    0.113000388274330E+01 -0.337999991256646E-01
  0.00000000  0.00000000  0.03000000    0.8862D+01  0.892778565726015E+00  0.191197587972647E-01    0.111958508296543E+01 -0.239770504816130E-01
  0.00000000  0.00000000  0.03000000    0.9132D+01  0.897539541429005E+00  0.172411721983707E-01    0.111374606905070E+01 -0.213943641203696E-01
  0.00000000  0.00000000  0.03000000    0.9410D+01  0.903962056145919E+00  0.491561248159927E-02    0.110620841199477E+01 -0.601539836797509E-02
  0.00000000  0.00000000  0.03000000    0.9697D+01  0.915147077422238E+00  0.147365267426104E-02    0.109271769712459E+01 -0.175959296194862E-02
  0.00000000  0.00000000  0.03000000    0.9992D+01  0.924078000930283E+00  0.766552393590003E-04    0.108215972256893E+01 -0.897686261058918E-04
  0.00000000  0.00000000  0.03000000    0.1030D+02  0.931306315913402E+00  0.167192384456051E-05    0.107376056933105E+01 -0.192766425883489E-05
  0.00000000  0.00000000  0.03000000    0.1061D+02  0.937108540802453E+00  0.251498007686180E-18    0.106711224629720E+01 -0.286387960664042E-18
  0.00000000  0.00000000  0.03000000    0.1093D+02  0.942081691759290E+00  0.198213755689139E-18    0.106147907208827E+01 -0.223334935074609E-18
  0.00000000  0.00000000  0.03000000    0.1127D+02  0.946461615557748E+00  0.163888254948066E-18    0.105656688402593E+01 -0.182953962435004E-18
  0.00000000  0.00000000  0.03000000    0.1161D+02  0.950376459083852E+00  0.139780923553868E-18    0.105221461500002E+01 -0.154759231729459E-18
