 q(1:3)   w(Ry)   eps  epsi --- LFC included. 
  0.00000000  0.00000000  0.01250000    0.0000D+00  0.276775250675469E+01  0.441249295020020E-17    0.361303981320404E+00 -0.576009331240702E-18
  0.00000000  0.00000000  0.01250000    0.1015D-04  0.276775250692222E+01  0.441249453217293E-17    0.361303981298535E+00 -0.576009537682589E-18
  0.00000000  0.00000000  0.01250000    0.3076D-04  0.276775250829310E+01  0.441249376210927E-17    0.361303981119580E+00 -0.576009436587442E-18
  0.00000000  0.00000000  0.01250000    0.5200D-04  0.276775251115072E+01  0.441249360927891E-17    0.361303980746544E+00 -0.576009415447455E-18
  0.00000000  0.00000000  0.01250000    0.7389D-04  0.276775251562971E+01  0.441249404170714E-17    0.361303980161854E+00 -0.576009470032597E-18
  0.00000000  0.00000000  0.01250000    0.9644D-04  0.276775252187432E+01  0.441249282850879E-17    0.361303979346680E+00 -0.576009309061811E-18
  0.00000000  0.00000000  0.01250000    0.1197D-03  0.276775253003907E+01  0.441249430524669E-17    0.361303978280849E+00 -0.576009498437605E-18
  0.00000000  0.00000000  0.01250000    0.1436D-03  0.276775254028941E+01  0.441249357607259E-17    0.361303976942764E+00 -0.576009398984320E-18
  0.00000000  0.00000000  0.01250000    0.1683D-03  0.276775255280244E+01  0.441249335164714E-17    0.361303975309306E+00 -0.576009364479410E-18
  0.00000000  0.00000000  0.01250000    0.1937D-03  0.276775256776769E+01  0.441249306631341E-17    0.361303973355733E+00 -0.576009321002810E-18
  0.00000000  0.00000000  0.01250000    0.2199D-03  0.276775258538792E+01  0.441249455699249E-17    0.361303971055579E+00 -0.576009508262846E-18
  0.00000000  0.00000000  0.01250000    0.2469D-03  0.276775260587996E+01  0.441249435757948E-17    0.361303968380536E+00 -0.576009473701977E-18
  0.00000000  0.00000000  0.01250000    0.2748D-03  0.276775262947569E+01  0.441249441613499E-17    0.361303965300336E+00 -0.576009471524617E-18
  0.00000000  0.00000000  0.01250000    0.3034D-03  0.276775265642294E+01  0.441249510693998E-17    0.361303961782628E+00 -0.576009550486456E-18
  0.00000000  0.00000000  0.01250000    0.3330D-03  0.276775268698661E+01  0.441249444147222E-17    0.361303957792829E+00 -0.576009450894440E-18
  0.00000000  0.00000000  0.01250000    0.3634D-03  0.276775272144972E+01  0.441249465265512E-17    0.361303953293996E+00 -0.576009464117829E-18
  0.00000000  0.00000000  0.01250000    0.3948D-03  0.276775276011458E+01  0.441249432376098E-17    0.361303948246664E+00 -0.576009405090372E-18
  0.00000000  0.00000000  0.01250000    0.4271D-03  0.276775280330407E+01  0.441249646719040E-17    0.361303942608685E+00 -0.576009666918089E-18
  0.00000000  0.00000000  0.01250000    0.4604D-03  0.276775285136299E+01  0.441249601873687E-17    0.361303936335047E+00 -0.576009588373204E-18
  0.00000000  0.00000000  0.01250000    0.4948D-03  0.276775290465938E+01  0.441249589520702E-17    0.361303929377708E+00 -0.576009550064044E-18
  0.00000000  0.00000000  0.01250000    0.5301D-03  0.276775296358612E+01  0.441249560457451E-17    0.361303921685381E+00 -0.576009487597708E-18
  0.00000000  0.00000000  0.01250000    0.5666D-03  0.276775302856248E+01  0.441249685400985E-17    0.361303913203333E+00 -0.576009623654602E-18
  0.00000000  0.00000000  0.01250000    0.6041D-03  0.276775310003581E+01  0.441249789571649E-17    0.361303903873168E+00 -0.576009729890243E-18
  0.00000000  0.00000000  0.01250000    0.6428D-03  0.276775317848335E+01  0.441249829215283E-17    0.361303893632586E+00 -0.576009748989091E-18
  0.00000000  0.00000000  0.01250000    0.6827D-03  0.276775326441418E+01  0.441249864339181E-17    0.361303882415132E+00 -0.576009759073087E-18
  0.00000000  0.00000000  0.01250000    0.7238D-03  0.276775335837121E+01  0.441249902113870E-17    0.361303870149936E+00 -0.576009769276701E-18
  0.00000000  0.00000000  0.01250000    0.7662D-03  0.276775346093335E+01  0.441249920627051E-17    0.361303856761425E+00 -0.576009750754549E-18
  0.00000000  0.00000000  0.01250000    0.8098D-03  0.276775357271785E+01  0.441250063984563E-17    0.361303842169023E+00 -0.576009891366156E-18
  0.00000000  0.00000000  0.01250000    0.8548D-03  0.276775369438271E+01  0.441250097747178E-17    0.361303826286836E+00 -0.576009884799567E-18
  0.00000000  0.00000000  0.01250000    0.9011D-03  0.276775382662928E+01  0.441250295200695E-17    0.361303809023310E+00 -0.576010087511390E-18
  0.00000000  0.00000000  0.01250000    0.9488D-03  0.276775397020505E+01  0.441250398344692E-17    0.361303790280866E+00 -0.576010162395569E-18
  0.00000000  0.00000000  0.01250000    0.9980D-03  0.276775412590656E+01  0.441250439371022E-17    0.361303769955525E+00 -0.576010151143982E-18
  0.00000000  0.00000000  0.01250000    0.1049D-02  0.276775429458255E+01  0.441250637148487E-17    0.361303747936493E+00 -0.576010339115594E-18
  0.00000000  0.00000000  0.01250000    0.1101D-02  0.276775447713721E+01  0.441250731678904E-17    0.361303724105737E+00 -0.576010386531356E-18
  0.00000000  0.00000000  0.01250000    0.1155D-02  0.276775467453379E+01  0.441250853890570E-17    0.361303698337514E+00 -0.576010463904656E-18
  0.00000000  0.00000000  0.01250000    0.1210D-02  0.276775488779830E+01  0.441251107176697E-17    0.361303670497889E+00 -0.576010705778280E-18
  0.00000000  0.00000000  0.01250000    0.1267D-02  0.276775511802347E+01  0.441251046378675E-17    0.361303640444220E+00 -0.576010530585838E-18
  0.00000000  0.00000000  0.01250000    0.1326D-02  0.276775536637300E+01  0.441251255964309E-17    0.361303608024595E+00 -0.576010700809183E-18
  0.00000000  0.00000000  0.01250000    0.1387D-02  0.276775563408609E+01  0.441251524604962E-17    0.361303573077252E+00 -0.576010940063355E-18
  0.00000000  0.00000000  0.01250000    0.1450D-02  0.276775592248214E+01  0.441251578306527E-17    0.361303535429958E+00 -0.576010890126552E-18
  0.00000000  0.00000000  0.01250000    0.1514D-02  0.276775623296584E+01  0.441251778967295E-17    0.361303494899343E+00 -0.576011022837082E-18
  0.00000000  0.00000000  0.01250000    0.1580D-02  0.276775656703264E+01  0.441252099466916E-17    0.361303451290197E+00 -0.576011302169414E-18
  0.00000000  0.00000000  0.01250000    0.1649D-02  0.276775692627434E+01  0.441252410713669E-17    0.361303404394726E+00 -0.576011558944344E-18
  0.00000000  0.00000000  0.01250000    0.1719D-02  0.276775731238529E+01  0.441252725206678E-17    0.361303353991751E+00 -0.576011808772995E-18
  0.00000000  0.00000000  0.01250000    0.1792D-02  0.276775772716879E+01  0.441253013928083E-17    0.361303299845874E+00 -0.576012013024836E-18
  0.00000000  0.00000000  0.01250000    0.1867D-02  0.276775817254397E+01  0.441253271793183E-17    0.361303241706574E+00 -0.576012164263517E-18
  0.00000000  0.00000000  0.01250000    0.1944D-02  0.276775865055311E+01  0.441253618612771E-17    0.361303179307256E+00 -0.576012418040011E-18
  0.00000000  0.00000000  0.01250000    0.2024D-02  0.276775916336934E+01  0.441253962574039E-17    0.361303112364245E+00 -0.576012653597281E-18
  0.00000000  0.00000000  0.01250000    0.2106D-02  0.276775971330492E+01  0.441254353563548E-17    0.361303040575702E+00 -0.576012935094746E-18
  0.00000000  0.00000000  0.01250000    0.2190D-02  0.276776030281996E+01  0.441254631013304E-17    0.361302963620491E+00 -0.576013051903156E-18
  0.00000000  0.00000000  0.01250000    0.2277D-02  0.276776093453174E+01  0.441255164790713E-17    0.361302881156961E+00 -0.576013485757384E-18
  0.00000000  0.00000000  0.01250000    0.2367D-02  0.276776161122455E+01  0.441255669837553E-17    0.361302792821657E+00 -0.576013863383859E-18
  0.00000000  0.00000000  0.01250000    0.2459D-02  0.276776233586019E+01  0.441256194082232E-17    0.361302698227957E+00 -0.576014246115394E-18
  0.00000000  0.00000000  0.01250000    0.2554D-02  0.276776311158913E+01  0.441256694560869E-17    0.361302596964609E+00 -0.576014576555740E-18
  0.00000000  0.00000000  0.01250000    0.2652D-02  0.276776394176232E+01  0.441257357369184E-17    0.361302488594193E+00 -0.576015096238557E-18
  0.00000000  0.00000000  0.01250000    0.2753D-02  0.276776482994376E+01  0.441257957945638E-17    0.361302372651480E+00 -0.576015510538681E-18
  0.00000000  0.00000000  0.01250000    0.2858D-02  0.276776577992390E+01  0.441258487886165E-17    0.361302248641681E+00 -0.576015806907919E-18
  0.00000000  0.00000000  0.01250000    0.2965D-02  0.276776679573374E+01  0.441259338355254E-17    0.361302116038608E+00 -0.576016494291689E-18
  0.00000000  0.00000000  0.01250000    0.3075D-02  0.276776788166002E+01  0.441260059003234E-17    0.361301974282695E+00 -0.576016983022243E-18
  0.00000000  0.00000000  0.01250000    0.3189D-02  0.276776904226112E+01  0.441260940379627E-17    0.361301822778917E+00 -0.576017650483053E-18
  0.00000000  0.00000000  0.01250000    0.3307D-02  0.276777028238411E+01  0.441261745424400E-17    0.361301660894566E+00 -0.576018185200479E-18
  0.00000000  0.00000000  0.01250000    0.3428D-02  0.276777160718283E+01  0.441262679512846E-17    0.361301487956894E+00 -0.576018853123908E-18
  0.00000000  0.00000000  0.01250000    0.3553D-02  0.276777302213705E+01  0.441263560158839E-17    0.361301303250611E+00 -0.576019413757038E-18
  0.00000000  0.00000000  0.01250000    0.3681D-02  0.276777453307286E+01  0.441264708796566E-17    0.361301106015226E+00 -0.576020284270349E-18
  0.00000000  0.00000000  0.01250000    0.3813D-02  0.276777614618432E+01  0.441265759105054E-17    0.361300895442216E+00 -0.576020983895091E-18
  0.00000000  0.00000000  0.01250000    0.3950D-02  0.276777786805646E+01  0.441267047981232E-17    0.361300670672030E+00 -0.576021949669820E-18
  0.00000000  0.00000000  0.01250000    0.4090D-02  0.276777970568970E+01  0.441268277513778E-17    0.361300430790901E+00 -0.576022789791931E-18
  0.00000000  0.00000000  0.01250000    0.4235D-02  0.276778166652579E+01  0.441269727268064E-17    0.361300174827458E+00 -0.576023866102630E-18
  0.00000000  0.00000000  0.01250000    0.4385D-02  0.276778375847539E+01  0.441271131814836E-17    0.361299901749131E+00 -0.576024828822789E-18
  0.00000000  0.00000000  0.01250000    0.4538D-02  0.276778598994730E+01  0.441272569414207E-17    0.361299610458336E+00 -0.576025776611209E-18
  0.00000000  0.00000000  0.01250000    0.4697D-02  0.276778836987963E+01  0.441274323748523E-17    0.361299299788404E+00 -0.576027076058119E-18
  0.00000000  0.00000000  0.01250000    0.4860D-02  0.276779090777273E+01  0.441275959703607E-17    0.361298968499290E+00 -0.576028155221974E-18
  0.00000000  0.00000000  0.01250000    0.5029D-02  0.276779361372433E+01  0.441277893789603E-17    0.361298615272981E+00 -0.576029553598937E-18
  0.00000000  0.00000000  0.01250000    0.5202D-02  0.276779649846677E+01  0.441280042104702E-17    0.361298238708646E+00 -0.576031157196798E-18
  0.00000000  0.00000000  0.01250000    0.5381D-02  0.276779957340663E+01  0.441282127635921E-17    0.361297837317458E+00 -0.576032599663536E-18
  0.00000000  0.00000000  0.01250000    0.5565D-02  0.276780285066670E+01  0.441284402694398E-17    0.361297409517128E+00 -0.576034205309800E-18
  0.00000000  0.00000000  0.01250000    0.5755D-02  0.276780634313064E+01  0.441286693799441E-17    0.361296953626065E+00 -0.576035742316856E-18
  0.00000000  0.00000000  0.01250000    0.5950D-02  0.276781006449044E+01  0.441289271432174E-17    0.361296467857198E+00 -0.576037558057920E-18
  0.00000000  0.00000000  0.01250000    0.6152D-02  0.276781402929678E+01  0.441292186056161E-17    0.361295950311398E+00 -0.576039712345351E-18
  0.00000000  0.00000000  0.01250000    0.6360D-02  0.276781825301251E+01  0.441295006068896E-17    0.361295398970505E+00 -0.576041635348781E-18
  0.00000000  0.00000000  0.01250000    0.6574D-02  0.276782275206949E+01  0.441298184666838E-17    0.361294811689912E+00 -0.576043911804301E-18
  0.00000000  0.00000000  0.01250000    0.6794D-02  0.276782754392899E+01  0.441301535227206E-17    0.361294186190690E+00 -0.576046290833162E-18
  0.00000000  0.00000000  0.01250000    0.7021D-02  0.276783264714574E+01  0.441305147742642E-17    0.361293520051231E+00 -0.576048882178938E-18
  0.00000000  0.00000000  0.01250000    0.7255D-02  0.276783808143609E+01  0.441308925764540E-17    0.361292810698360E+00 -0.576051551733179E-18
  0.00000000  0.00000000  0.01250000    0.7497D-02  0.276784386775030E+01  0.441312908650160E-17    0.361292055397907E+00 -0.576054342145533E-18
  0.00000000  0.00000000  0.01250000    0.7745D-02  0.276785002834944E+01  0.441317136616603E-17    0.361291251244683E+00 -0.576057296641230E-18
  0.00000000  0.00000000  0.01250000    0.8001D-02  0.276785658688692E+01  0.441321848353628E-17    0.361290395151841E+00 -0.576060716932432E-18
  0.00000000  0.00000000  0.01250000    0.8265D-02  0.276786356849520E+01  0.441326512568789E-17    0.361289483839577E+00 -0.576063899050433E-18
  0.00000000  0.00000000  0.01250000    0.8537D-02  0.276787099987795E+01  0.441331735905947E-17    0.361288513823114E+00 -0.576067623727643E-18
  0.00000000  0.00000000  0.01250000    0.8818D-02  0.276787890940775E+01  0.441337301301434E-17    0.361287481399963E+00 -0.576071595809693E-18
  0.00000000  0.00000000  0.01250000    0.9107D-02  0.276788732723003E+01  0.441343111884541E-17    0.361286382636374E+00 -0.576075676295022E-18
  0.00000000  0.00000000  0.01250000    0.9404D-02  0.276789628537346E+01  0.441349305939566E-17    0.361285213352954E+00 -0.576080032341386E-18
  0.00000000  0.00000000  0.01250000    0.9711D-02  0.276790581786710E+01  0.441356028722326E-17    0.361283969109390E+00 -0.576084839367956E-18
  0.00000000  0.00000000  0.01250000    0.1003D-01  0.276791596086502E+01  0.441363062492095E-17    0.361282645188217E+00 -0.576089798100963E-18
  0.00000000  0.00000000  0.01250000    0.1035D-01  0.276792675277848E+01  0.441370589539172E-17    0.361281236577589E+00 -0.576095130471297E-18
  0.00000000  0.00000000  0.01250000    0.1069D-01  0.276793823441654E+01  0.441378540330481E-17    0.361279737952965E+00 -0.576100728715399E-18
  0.00000000  0.00000000  0.01250000    0.1103D-01  0.276795044913526E+01  0.441387004068267E-17    0.361278143657670E+00 -0.576106691195367E-18
  0.00000000  0.00000000  0.01250000    0.1139D-01  0.276796344299630E+01  0.441396052056542E-17    0.361276447682238E+00 -0.576113091780328E-18
  0.00000000  0.00000000  0.01250000    0.1176D-01  0.276797726493541E+01  0.441405683318291E-17    0.361274643642471E+00 -0.576119908796643E-18
  0.00000000  0.00000000  0.01250000    0.1214D-01  0.276799196694130E+01  0.441415880848993E-17    0.361272724756143E+00 -0.576127098378716E-18
  0.00000000  0.00000000  0.01250000    0.1253D-01  0.276800760424589E+01  0.441426794165461E-17    0.361270683818239E+00 -0.576134832647239E-18
  0.00000000  0.00000000  0.01250000    0.1293D-01  0.276802423552618E+01  0.441438383680803E-17    0.361268513174672E+00 -0.576143035468324E-18
  0.00000000  0.00000000  0.01250000    0.1334D-01  0.276804192311887E+01  0.441450671548592E-17    0.361266204694348E+00 -0.576151709763258E-18
  0.00000000  0.00000000  0.01250000    0.1377D-01  0.276806073324843E+01  0.441463753854354E-17    0.361263749739501E+00 -0.576160953319612E-18
  0.00000000  0.00000000  0.01250000    0.1421D-01  0.276808073626924E+01  0.441477719259429E-17    0.361261139134178E+00 -0.576170852505466E-18
  0.00000000  0.00000000  0.01250000    0.1466D-01  0.276810200692306E+01  0.441492485576122E-17    0.361258363130762E+00 -0.576181268879787E-18
  0.00000000  0.00000000  0.01250000    0.1513D-01  0.276812462461242E+01  0.441508242778893E-17    0.361255411374413E+00 -0.576192417249333E-18
  0.00000000  0.00000000  0.01250000    0.1561D-01  0.276814867369128E+01  0.441525005710656E-17    0.361252272865285E+00 -0.576204281784978E-18
  0.00000000  0.00000000  0.01250000    0.1610D-01  0.276817424377382E+01  0.441542791541436E-17    0.361248935918395E+00 -0.576216847496303E-18
  0.00000000  0.00000000  0.01250000    0.1662D-01  0.276820143006254E+01  0.441561709043898E-17    0.361245388120982E+00 -0.576230216597074E-18
  0.00000000  0.00000000  0.01250000    0.1714D-01  0.276823033369698E+01  0.441581903537608E-17    0.361241616287217E+00 -0.576244536501684E-18
  0.00000000  0.00000000  0.01250000    0.1768D-01  0.276826106212432E+01  0.441603382805348E-17    0.361237606410074E+00 -0.576259772496962E-18
  0.00000000  0.00000000  0.01250000    0.1824D-01  0.276829372949327E+01  0.441625925059271E-17    0.361233343610198E+00 -0.576275587501724E-18
  0.00000000  0.00000000  0.01250000    0.1882D-01  0.276832845707262E+01  0.441650171013126E-17    0.361228812081589E+00 -0.576292766933462E-18
  0.00000000  0.00000000  0.01250000    0.1941D-01  0.276836537369624E+01  0.441675844070430E-17    0.361223995033874E+00 -0.576310896029090E-18
  0.00000000  0.00000000  0.01250000    0.2002D-01  0.276840461623604E+01  0.441703176021912E-17    0.361218874630983E+00 -0.576330220040214E-18
  0.00000000  0.00000000  0.01250000    0.2065D-01  0.276844633010468E+01  0.441732250414537E-17    0.361213431925982E+00 -0.576350787188960E-18
  0.00000000  0.00000000  0.01250000    0.2130D-01  0.276849066979016E+01  0.441763138445632E-17    0.361207646791815E+00 -0.576372625772325E-18
  0.00000000  0.00000000  0.01250000    0.2197D-01  0.276853779942399E+01  0.441795878530544E-17    0.361201497847728E+00 -0.576395717267745E-18
  0.00000000  0.00000000  0.01250000    0.2266D-01  0.276858789338543E+01  0.441830742788521E-17    0.361194962381057E+00 -0.576420343748422E-18
  0.00000000  0.00000000  0.01250000    0.2337D-01  0.276864113694389E+01  0.441867844332096E-17    0.361188016264120E+00 -0.576446575237199E-18
  0.00000000  0.00000000  0.01250000    0.2410D-01  0.276869772694218E+01  0.441907224878672E-17    0.361180633865880E+00 -0.576474383745264E-18
  0.00000000  0.00000000  0.01250000    0.2486D-01  0.276875787252300E+01  0.441949126732138E-17    0.361172787958075E+00 -0.576503997772946E-18
  0.00000000  0.00000000  0.01250000    0.2564D-01  0.276882179590177E+01  0.441993714394726E-17    0.361164449615404E+00 -0.576535538795298E-18
  0.00000000  0.00000000  0.01250000    0.2644D-01  0.276888973318863E+01  0.442041073552069E-17    0.361155588109465E+00 -0.576569019609857E-18
  0.00000000  0.00000000  0.01250000    0.2726D-01  0.276896193526280E+01  0.442091319748775E-17    0.361146170795985E+00 -0.576604485732160E-18
  0.00000000  0.00000000  0.01250000    0.2811D-01  0.276903866870305E+01  0.442144791318496E-17    0.361136162994927E+00 -0.576642266609234E-18
  0.00000000  0.00000000  0.01250000    0.2899D-01  0.276912021677756E+01  0.442201615948304E-17    0.361125527863036E+00 -0.576682409863200E-18
  0.00000000  0.00000000  0.01250000    0.2989D-01  0.276920688049739E+01  0.442262005373220E-17    0.361114226258308E+00 -0.576725065211135E-18
  0.00000000  0.00000000  0.01250000    0.3082D-01  0.276929897973776E+01  0.442326310218234E-17    0.361102216595875E+00 -0.576770555462393E-18
  0.00000000  0.00000000  0.01250000    0.3178D-01  0.276939685443153E+01  0.442394278963472E-17    0.361089454694737E+00 -0.576818409739192E-18
  0.00000000  0.00000000  0.01250000    0.3277D-01  0.276950086583980E+01  0.442466852511489E-17    0.361075893614776E+00 -0.576869702898820E-18
  0.00000000  0.00000000  0.01250000    0.3379D-01  0.276961139790495E+01  0.442543731078413E-17    0.361061483483365E+00 -0.576923882427345E-18
  0.00000000  0.00000000  0.01250000    0.3484D-01  0.276972885869147E+01  0.442625827360759E-17    0.361046171310949E+00 -0.576981966268868E-18
  0.00000000  0.00000000  0.01250000    0.3592D-01  0.276985368192071E+01  0.442712788066264E-17    0.361029900794820E+00 -0.577043310985757E-18
  0.00000000  0.00000000  0.01250000    0.3703D-01  0.276998632860588E+01  0.442805383726175E-17    0.361012612110362E+00 -0.577108726438998E-18
  0.00000000  0.00000000  0.01250000    0.3818D-01  0.277012728879432E+01  0.442903824117314E-17    0.360994241688887E+00 -0.577178279045535E-18
  0.00000000  0.00000000  0.01250000    0.3936D-01  0.277027708342439E+01  0.443008120087899E-17    0.360974721981197E+00 -0.577251762796481E-18
  0.00000000  0.00000000  0.01250000    0.4058D-01  0.277043626630479E+01  0.443119013290774E-17    0.360953981205928E+00 -0.577329909879800E-18
  0.00000000  0.00000000  0.01250000    0.4184D-01  0.277060542622526E+01  0.443237224193162E-17    0.360931943081634E+00 -0.577413409574190E-18
  0.00000000  0.00000000  0.01250000    0.4313D-01  0.277078518920758E+01  0.443362689486197E-17    0.360908526541529E+00 -0.577501913931173E-18
  0.00000000  0.00000000  0.01250000    0.4447D-01  0.277097622090703E+01  0.443496035118658E-17    0.360883645429721E+00 -0.577595955821156E-18
  0.00000000  0.00000000  0.01250000    0.4584D-01  0.277117922917494E+01  0.443637842356850E-17    0.360857208177665E+00 -0.577695991473346E-18
  0.00000000  0.00000000  0.01250000    0.4726D-01  0.277139496679409E+01  0.443788440993488E-17    0.360829117459496E+00 -0.577802130050211E-18
  0.00000000  0.00000000  0.01250000    0.4872D-01  0.277162423439948E+01  0.443948609202260E-17    0.360799269824781E+00 -0.577915043648071E-18
  0.00000000  0.00000000  0.01250000    0.5022D-01  0.277186788359782E+01  0.444118871632132E-17    0.360767555307154E+00 -0.578035051860153E-18
  0.00000000  0.00000000  0.01250000    0.5177D-01  0.277212682030094E+01  0.444299809112981E-17    0.360733857007105E+00 -0.578162523572593E-18
  0.00000000  0.00000000  0.01250000    0.5337D-01  0.277240200828850E+01  0.444492249951300E-17    0.360698050647183E+00 -0.578298124174964E-18
  0.00000000  0.00000000  0.01250000    0.5501D-01  0.277269447301772E+01  0.444696759356932E-17    0.360660004097613E+00 -0.578442149369990E-18
  0.00000000  0.00000000  0.01250000    0.5671D-01  0.277300530569865E+01  0.444914087159838E-17    0.360619576870248E+00 -0.578595105914410E-18
  0.00000000  0.00000000  0.01250000    0.5846D-01  0.277333566765553E+01  0.445145410215257E-17    0.360576619578604E+00 -0.578758024527325E-18
  0.00000000  0.00000000  0.01250000    0.6026D-01  0.277368679499630E+01  0.445391119118730E-17    0.360530973361516E+00 -0.578930879983024E-18
  0.00000000  0.00000000  0.01250000    0.6211D-01  0.277406000361471E+01  0.445652483706480E-17    0.360482469267773E+00 -0.579114754376238E-18
  0.00000000  0.00000000  0.01250000    0.6403D-01  0.277445669455109E+01  0.445930489598031E-17    0.360430927598890E+00 -0.579310321642816E-18
  0.00000000  0.00000000  0.01250000    0.6600D-01  0.277487835974093E+01  0.446225928520193E-17    0.360376157206892E+00 -0.579517962658363E-18
  0.00000000  0.00000000  0.01250000    0.6803D-01  0.277532658818252E+01  0.446540298026686E-17    0.360317954743795E+00 -0.579738930837060E-18
  0.00000000  0.00000000  0.01250000    0.7012D-01  0.277580307255849E+01  0.446874572497749E-17    0.360256103859085E+00 -0.579973752436796E-18
  0.00000000  0.00000000  0.01250000    0.7227D-01  0.277630961634864E+01  0.447230117438475E-17    0.360190374341312E+00 -0.580223410488107E-18
  0.00000000  0.00000000  0.01250000    0.7450D-01  0.277684814147610E+01  0.447608487952075E-17    0.360120521199416E+00 -0.580489078847855E-18
  0.00000000  0.00000000  0.01250000    0.7678D-01  0.277742069653213E+01  0.448010764724172E-17    0.360046283679169E+00 -0.580771256902510E-18
  0.00000000  0.00000000  0.01250000    0.7914D-01  0.277802946563006E+01  0.448438697312934E-17    0.359967384209583E+00 -0.581071247973529E-18
  0.00000000  0.00000000  0.01250000    0.8157D-01  0.277867677794382E+01  0.448894207498629E-17    0.359883527273722E+00 -0.581390509503207E-18
  0.00000000  0.00000000  0.01250000    0.8408D-01  0.277936511799213E+01  0.449379071193628E-17    0.359794398197823E+00 -0.581730235571249E-18
  0.00000000  0.00000000  0.01250000    0.8666D-01  0.278009713673653E+01  0.449894798429771E-17    0.359699661852056E+00 -0.582091196475786E-18
  0.00000000  0.00000000  0.01250000    0.8932D-01  0.278087566356776E+01  0.450443950744421E-17    0.359598961255620E+00 -0.582475437192894E-18
  0.00000000  0.00000000  0.01250000    0.9206D-01  0.278170371926447E+01  0.451028483542068E-17    0.359491916078114E+00 -0.582884124687503E-18
  0.00000000  0.00000000  0.01250000    0.9488D-01  0.278258453001632E+01  0.451650748453232E-17    0.359378121028415E+00 -0.583318837538595E-18
  0.00000000  0.00000000  0.01250000    0.9779D-01  0.278352154261514E+01  0.452313442312627E-17    0.359257144121289E+00 -0.583781490622977E-18
  0.00000000  0.00000000  0.01250000    0.1008D+00  0.278451844092896E+01  0.453019103685319E-17    0.359128524811056E+00 -0.584273675571201E-18
  0.00000000  0.00000000  0.01250000    0.1039D+00  0.278557916378776E+01  0.453770833882177E-17    0.358991771980455E+00 -0.584797581221508E-18
  0.00000000  0.00000000  0.01250000    0.1071D+00  0.278670792442511E+01  0.454571810882290E-17    0.358846361771586E+00 -0.585355354500176E-18
  0.00000000  0.00000000  0.01250000    0.1103D+00  0.278790923163746E+01  0.455425069238095E-17    0.358691735244427E+00 -0.585948805309127E-18
  0.00000000  0.00000000  0.01250000    0.1137D+00  0.278918791284283E+01  0.456334641144089E-17    0.358527295846757E+00 -0.586580861537707E-18
  0.00000000  0.00000000  0.01250000    0.1172D+00  0.279054913924418E+01  0.457304392991838E-17    0.358352406677509E+00 -0.587254055154206E-18
  0.00000000  0.00000000  0.01250000    0.1208D+00  0.279199845332859E+01  0.458338259511952E-17    0.358166387523536E+00 -0.587970808069430E-18
  0.00000000  0.00000000  0.01250000    0.1245D+00  0.279354179896459E+01  0.459441046268197E-17    0.357968511647345E+00 -0.588734443076111E-18
  0.00000000  0.00000000  0.01250000    0.1283D+00  0.279518555439435E+01  0.460617434427070E-17    0.357758002300736E+00 -0.589547884956870E-18
  0.00000000  0.00000000  0.01250000    0.1322D+00  0.279693656845904E+01  0.461872984941246E-17    0.357534028936147E+00 -0.590414924045949E-18
  0.00000000  0.00000000  0.01250000    0.1363D+00  0.279880220044207E+01  0.463213184090387E-17    0.357295703084002E+00 -0.591338967295411E-18
  0.00000000  0.00000000  0.01250000    0.1405D+00  0.280079036397052E+01  0.464644310251686E-17    0.357042073860308E+00 -0.592324117769637E-18
  0.00000000  0.00000000  0.01250000    0.1448D+00  0.280290957547861E+01  0.466172986959842E-17    0.356772123064029E+00 -0.593374569510909E-18
  0.00000000  0.00000000  0.01250000    0.1492D+00  0.280516900781226E+01  0.467806607560574E-17    0.356484759818410E+00 -0.594495111250912E-18
  0.00000000  0.00000000  0.01250000    0.1537D+00  0.280757854964179E+01  0.469553089244291E-17    0.356178814704076E+00 -0.595690769859341E-18
  0.00000000  0.00000000  0.01250000    0.1585D+00  0.281014887145320E+01  0.471420919485389E-17    0.355853033324485E+00 -0.596966822205196E-18
  0.00000000  0.00000000  0.01250000    0.1633D+00  0.281289149901080E+01  0.473419366405420E-17    0.355506069235755E+00 -0.598329008104504E-18
  0.00000000  0.00000000  0.01250000    0.1683D+00  0.281581889532890E+01  0.475558879395136E-17    0.355136476162895E+00 -0.599783973736837E-18
  0.00000000  0.00000000  0.01250000    0.1734D+00  0.281894455236292E+01  0.477850517071012E-17    0.354742699412718E+00 -0.601338476840357E-18
  0.00000000  0.00000000  0.01250000    0.1787D+00  0.282228309383585E+01  0.480306343525285E-17    0.354323066379875E+00 -0.602999808244903E-18
  0.00000000  0.00000000  0.01250000    0.1842D+00  0.282585039086326E+01  0.482939790090037E-17    0.353875776025960E+00 -0.604776153558923E-18
  0.00000000  0.00000000  0.01250000    0.1898D+00  0.282966369233714E+01  0.485765560682794E-17    0.353398887192159E+00 -0.606676365981096E-18
  0.00000000  0.00000000  0.01250000    0.1956D+00  0.283374177238841E+01  0.488799969297866E-17    0.352890305582485E+00 -0.608710265045950E-18
  0.00000000  0.00000000  0.01250000    0.2016D+00  0.283810509768484E+01  0.492060526792379E-17    0.352347769226637E+00 -0.610887979734114E-18
  0.00000000  0.00000000  0.01250000    0.2078D+00  0.284277601785416E+01  0.495567176963263E-17    0.351768832197635E+00 -0.613221323174921E-18
  0.00000000  0.00000000  0.01250000    0.2141D+00  0.284777898297683E+01  0.499341676855573E-17    0.351150846318377E+00 -0.615722826378125E-18
  0.00000000  0.00000000  0.01250000    0.2207D+00  0.285314079290023E+01  0.503408136256485E-17    0.350490940541176E+00 -0.618406184481572E-18
  0.00000000  0.00000000  0.01250000    0.2274D+00  0.285889088412811E+01  0.507793864226193E-17    0.349785997622982E+00 -0.621287032573674E-18
  0.00000000  0.00000000  0.01250000    0.2343D+00  0.286506166129018E+01  0.512528570311401E-17    0.349032627643233E+00 -0.624381653124566E-18
  0.00000000  0.00000000  0.01250000    0.2415D+00  0.287168888176926E+01  0.517646209711654E-17    0.348227137817205E+00 -0.627708869001004E-18
  0.00000000  0.00000000  0.01250000    0.2489D+00  0.287881210405221E+01  0.523185046688689E-17    0.347365497940071E+00 -0.631289669798192E-18
  0.00000000  0.00000000  0.01250000    0.2565D+00  0.288647521290709E+01  0.529187616966429E-17    0.346443300648634E+00 -0.635146644822881E-18
  0.00000000  0.00000000  0.01250000    0.2643D+00  0.289472703774637E+01  0.535702383425642E-17    0.345455715499355E+00 -0.639305356767216E-18
  0.00000000  0.00000000  0.01250000    0.2724D+00  0.290362208475560E+01  0.542784453385371E-17    0.344397435620197E+00 -0.643794434619635E-18
  0.00000000  0.00000000  0.01250000    0.2807D+00  0.291322140888340E+01  0.550496998407547E-17    0.343262615381948E+00 -0.648646336516231E-18
  0.00000000  0.00000000  0.01250000    0.2893D+00  0.292359365906839E+01  0.558912027815036E-17    0.342044797127742E+00 -0.653897132979713E-18
  0.00000000  0.00000000  0.01250000    0.2981D+00  0.293481633978786E+01  0.568112625984281E-17    0.340736824462509E+00 -0.659587755085667E-18
  0.00000000  0.00000000  0.01250000    0.3072D+00  0.294697734510836E+01  0.578195282297421E-17    0.339330738887383E+00 -0.665764983530840E-18
  0.00000000  0.00000000  0.01250000    0.3166D+00  0.296017683929812E+01  0.589272493632588E-17    0.337817655595571E+00 -0.672482297892435E-18
  0.00000000  0.00000000  0.01250000    0.3262D+00  0.297452958280191E+01  0.601475978280464E-17    0.336187612919295E+00 -0.679800848293912E-18
  0.00000000  0.00000000  0.01250000    0.3362D+00  0.299016783711463E+01  0.614961671115713E-17    0.334429388072394E+00 -0.687791677799792E-18
  0.00000000  0.00000000  0.01250000    0.3464D+00  0.300724503164792E+01  0.629915277263007E-17    0.332530269225191E+00 -0.696537510355599E-18
  0.00000000  0.00000000  0.01250000    0.3570D+00  0.302594044764749E+01  0.646559746983399E-17    0.330475770194833E+00 -0.706135279454804E-18
  0.00000000  0.00000000  0.01250000    0.3679D+00  0.304646528079158E+01  0.665165290300965E-17    0.328249268522818E+00 -0.716699518503382E-18
  0.00000000  0.00000000  0.01250000    0.3791D+00  0.306907060541793E+01  0.686063743673258E-17    0.325831539435642E+00 -0.728367751974859E-18
  0.00000000  0.00000000  0.01250000    0.3907D+00  0.309405801359889E+01  0.709665910733904E-17    0.323200145441629E+00 -0.741305187414298E-18
  0.00000000  0.00000000  0.01250000    0.4026D+00  0.312179410154354E+01  0.736489725152160E-17    0.320328621130253E+00 -0.755715240854426E-18
  0.00000000  0.00000000  0.01250000    0.4149D+00  0.315273063337345E+01  0.767195862822469E-17    0.317185359705149E+00 -0.771849307827693E-18
  0.00000000  0.00000000  0.01250000    0.4276D+00  0.318743333593913E+01  0.802645006610744E-17    0.313732051655714E+00 -0.790025823711884E-18
  0.00000000  0.00000000  0.01250000    0.4406D+00  0.322662428283346E+01  0.843980832776827E-17    0.309921426340302E+00 -0.810654481495363E-18
  0.00000000  0.00000000  0.01250000    0.4540D+00  0.327124658939486E+01  0.892763875222598E-17    0.305693860940330E+00 -0.834276562364967E-18
  0.00000000  0.00000000  0.01250000    0.4679D+00  0.332256765867405E+01  0.951188593512456E-17    0.300972050152043E+00 -0.861626339867912E-18
  0.00000000  0.00000000  0.01250000    0.4822D+00  0.338235343668336E+01  0.102246006175838E-16    0.295652130600690E+00 -0.893734204221416E-18
  0.00000000  0.00000000  0.01250000    0.4969D+00  0.345318475075469E+01  0.111149183234190E-16    0.289587749332395E+00 -0.932108883137187E-18
  0.00000000  0.00000000  0.01250000    0.5120D+00  0.353909183566822E+01  0.122630439281421E-16    0.282558364245213E+00 -0.979071974929072E-18
  0.00000000  0.00000000  0.01250000    0.5276D+00  0.364703020136830E+01  0.138118816042084E-16    0.274195700278220E+00 -0.103842259030510E-17
  0.00000000  0.00000000  0.01250000    0.5437D+00  0.379134383445571E+01  0.160521327915755E-16    0.263758720829276E+00 -0.111672541361457E-17
  0.00000000  0.00000000  0.01250000    0.5603D+00  0.402513910143683E+01  0.325190875109498E-03    0.248438617466914E+00 -0.200713489370394E-04
  0.00000000  0.00000000  0.01250000    0.5774D+00  0.438632328473230E+01  0.136403855920148E+00    0.227761113935802E+00 -0.708280994190506E-02
  0.00000000  0.00000000  0.01250000    0.5950D+00  0.457856952179242E+01  0.684950120169934E+00    0.213627855881523E+00 -0.319585461924822E-01
  0.00000000  0.00000000  0.01250000    0.6131D+00  0.448842444528484E+01  0.106645141597605E+01    0.210889768911456E+00 -0.501074921527866E-01
  0.00000000  0.00000000  0.01250000    0.6318D+00  0.434585531388862E+01  0.131572460403796E+01    0.210783868975681E+00 -0.638156363971219E-01
  0.00000000  0.00000000  0.01250000    0.6511D+00  0.421744026608106E+01  0.149438760769047E+01    0.210661386466257E+00 -0.746447478784555E-01
  0.00000000  0.00000000  0.01250000    0.6709D+00  0.411165034602602E+01  0.165330126592673E+01    0.209360707158662E+00 -0.841842795594906E-01
  0.00000000  0.00000000  0.01250000    0.6914D+00  0.400754436928375E+01  0.181956643919050E+01    0.206881213158727E+00 -0.939313648646922E-01
  0.00000000  0.00000000  0.01250000    0.7125D+00  0.387895059845720E+01  0.198498765197937E+01    0.204301168660153E+00 -0.104547682880172E+00
  0.00000000  0.00000000  0.01250000    0.7342D+00  0.375569072319289E+01  0.209326413859778E+01    0.203153422028430E+00 -0.113229177881826E+00
  0.00000000  0.00000000  0.01250000    0.7565D+00  0.365360929720937E+01  0.225482203145370E+01    0.198209341307270E+00 -0.122324735149136E+00
  0.00000000  0.00000000  0.01250000    0.7796D+00  0.345546724050319E+01  0.248587870944263E+01    0.190700687322022E+00 -0.137190934103851E+00
  0.00000000  0.00000000  0.01250000    0.8034D+00  0.319344244464035E+01  0.249648344713797E+01    0.194360586640072E+00 -0.151941986033699E+00
  0.00000000  0.00000000  0.01250000    0.8279D+00  0.307777230309182E+01  0.245650585325014E+01    0.198474997701993E+00 -0.158411651534122E+00
  0.00000000  0.00000000  0.01250000    0.8531D+00  0.303488889130006E+01  0.257690508805820E+01    0.191463675881864E+00 -0.162570604140618E+00
  0.00000000  0.00000000  0.01250000    0.8791D+00  0.293379746241092E+01  0.274956868119339E+01    0.181464949749144E+00 -0.170069798258859E+00
  0.00000000  0.00000000  0.01250000    0.9059D+00  0.280122742848555E+01  0.298042880249946E+01    0.167439075527856E+00 -0.178150562961217E+00
  0.00000000  0.00000000  0.01250000    0.9335D+00  0.237383670381954E+01  0.373574863879678E+01    0.121170260244563E+00 -0.190687773107114E+00
  0.00000000  0.00000000  0.01250000    0.9619D+00  0.115482874736268E+01  0.321175285694692E+01    0.991355610049390E-01 -0.275710941565827E+00
  0.00000000  0.00000000  0.01250000    0.9913D+00  0.951908603035591E+00  0.213061735013456E+01    0.174801319560280E+00 -0.391250507762902E+00
  0.00000000  0.00000000  0.01250000    0.1021D+01  0.135423216296637E+01  0.189174296175878E+01    0.250198261399005E+00 -0.349504917243355E+00
  0.00000000  0.00000000  0.01250000    0.1053D+01  0.181830810634761E+01  0.152847605201331E+01    0.322253159440816E+00 -0.270887114879722E+00
  0.00000000  0.00000000  0.01250000    0.1085D+01  0.243463528835644E+01  0.201837118044734E+01    0.243432583457519E+00 -0.201811463582370E+00
  0.00000000  0.00000000  0.01250000    0.1118D+01  0.237342523263341E+01  0.355384412105983E+01    0.129958442340182E+00 -0.194593046346063E+00
  0.00000000  0.00000000  0.01250000    0.1152D+01  0.611704159862752E+00  0.369678386290112E+01    0.435674531234464E-01 -0.263296325613667E+00
  0.00000000  0.00000000  0.01250000    0.1187D+01 -0.270199291656407E+00  0.213331716656563E+01   -0.584334736660524E-01 -0.461352550962154E+00
  0.00000000  0.00000000  0.01250000    0.1223D+01  0.170941338367011E+00  0.170555189407553E+01    0.581803537716448E-01 -0.580489269132590E+00
  0.00000000  0.00000000  0.01250000    0.1260D+01  0.281980556621265E+00  0.150136421370516E+01    0.120834610023306E+00 -0.643366200279104E+00
  0.00000000  0.00000000  0.01250000    0.1299D+01  0.259241620988103E+00  0.120790614778870E+01    0.169856005545054E+00 -0.791424280386360E+00
  0.00000000  0.00000000  0.01250000    0.1338D+01  0.646431504774650E+00  0.530744545037877E+00    0.924049838892743E+00 -0.758679624543394E+00
  0.00000000  0.00000000  0.01250000    0.1379D+01  0.128677773759223E+01  0.877049157072208E+00    0.530627331925414E+00 -0.361667940459923E+00
  0.00000000  0.00000000  0.01250000    0.1421D+01  0.123851388057285E+01  0.170388249720991E+01    0.279124854901181E+00 -0.384005348880227E+00
  0.00000000  0.00000000  0.01250000    0.1464D+01  0.490358465111930E+00  0.158176123334541E+01    0.178805019248809E+00 -0.576775701650807E+00
  0.00000000  0.00000000  0.01250000    0.1509D+01  0.303147774797446E+00  0.841265397538255E+00    0.379111933204290E+00 -0.105207353546205E+01
  0.00000000  0.00000000  0.01250000    0.1555D+01  0.688221640922301E+00  0.557587555743086E+00    0.877215077169960E+00 -0.710707396653053E+00
  0.00000000  0.00000000  0.01250000    0.1602D+01  0.973830784878534E+00  0.702531205628051E+00    0.675381894589543E+00 -0.487227210345923E+00
  0.00000000  0.00000000  0.01250000    0.1651D+01  0.102185980578562E+01  0.900428641890603E+00    0.550876965927293E+00 -0.485414335186009E+00
  0.00000000  0.00000000  0.01250000    0.1701D+01  0.852831412180680E+00  0.107270379124339E+01    0.454113244157117E+00 -0.571190263050457E+00
  0.00000000  0.00000000  0.01250000    0.1753D+01  0.546704719496007E+00  0.744911139652909E+00    0.640335425889420E+00 -0.872487423008066E+00
  0.00000000  0.00000000  0.01250000    0.1807D+01  0.584389379095473E+00  0.498368584870544E+00    0.990688286988203E+00 -0.844861212909676E+00
  0.00000000  0.00000000  0.01250000    0.1862D+01  0.753167185046024E+00  0.323330447568122E+00    0.112111251546392E+01 -0.481287313887714E+00
  0.00000000  0.00000000  0.01250000    0.1919D+01  0.929757872173240E+00  0.233660789401541E+00    0.101165425276348E+01 -0.254242462878654E+00
  0.00000000  0.00000000  0.01250000    0.1977D+01  0.107961188591704E+01  0.255723599165696E+00    0.877051291573343E+00 -0.207743834483212E+00
  0.00000000  0.00000000  0.01250000    0.2037D+01  0.119614639655483E+01  0.247029480044192E+00    0.801819682514981E+00 -0.165592689850815E+00
  0.00000000  0.00000000  0.01250000    0.2099D+01  0.131230451892957E+01  0.313688682968344E+00    0.720831084655567E+00 -0.172304941670617E+00
  0.00000000  0.00000000  0.01250000    0.2163D+01  0.139275773846021E+01  0.348168422182406E+00    0.675769465530461E+00 -0.168932171098836E+00
  0.00000000  0.00000000  0.01250000    0.2229D+01  0.149837776160679E+01  0.518819488239128E+00    0.595940044457606E+00 -0.206346701618917E+00
  0.00000000  0.00000000  0.01250000    0.2297D+01  0.143528935826507E+01  0.604410195958319E+00    0.591782284484574E+00 -0.249203580079723E+00
  0.00000000  0.00000000  0.01250000    0.2367D+01  0.141101443177687E+01  0.713043644116501E+00    0.564542851596690E+00 -0.285286729247346E+00
  0.00000000  0.00000000  0.01250000    0.2439D+01  0.128990799976114E+01  0.874171685463912E+00    0.531255105362851E+00 -0.360032010773131E+00
  0.00000000  0.00000000  0.01250000    0.2513D+01  0.110171849040290E+01  0.538453005801881E+00    0.732664295724863E+00 -0.358081756558791E+00
  0.00000000  0.00000000  0.01250000    0.2590D+01  0.129964344476862E+01  0.615842106767972E+00    0.628352615105521E+00 -0.297747816785736E+00
  0.00000000  0.00000000  0.01250000    0.2669D+01  0.135256302081672E+01  0.614003193829521E+00    0.613010644366287E+00 -0.278279449977212E+00
  0.00000000  0.00000000  0.01250000    0.2750D+01  0.138830145364273E+01  0.801721167001162E+00    0.540166164442931E+00 -0.311937041191901E+00
  0.00000000  0.00000000  0.01250000    0.2834D+01  0.113764402483998E+01  0.962165711036507E+00    0.512453006094678E+00 -0.433408606045495E+00
  0.00000000  0.00000000  0.01250000    0.2920D+01  0.113936546215023E+01  0.827523622890746E+00    0.574581323347778E+00 -0.417319669708769E+00
  0.00000000  0.00000000  0.01250000    0.3009D+01  0.118694911386867E+01  0.968726777267618E+00    0.505670065450299E+00 -0.412701881774665E+00
  0.00000000  0.00000000  0.01250000    0.3101D+01  0.799642984707083E+00  0.726758032486770E+00    0.684856782421612E+00 -0.622434232834885E+00
  0.00000000  0.00000000  0.01250000    0.3195D+01  0.960871648568710E+00  0.607658651275258E+00    0.743407567859306E+00 -0.470133592458580E+00
  0.00000000  0.00000000  0.01250000    0.3293D+01  0.108800322298905E+01  0.882747127359130E+00    0.554257169327952E+00 -0.449694370112520E+00
  0.00000000  0.00000000  0.01250000    0.3393D+01  0.309316033618318E+00  0.737811843858204E+00    0.483274039764759E+00 -0.115275404962558E+01
  0.00000000  0.00000000  0.01250000    0.3496D+01  0.708440290339429E+00  0.381078095995561E+00    0.109477879261235E+01 -0.588893973866373E+00
  0.00000000  0.00000000  0.01250000    0.3603D+01  0.896678820443404E+00  0.423474008365274E+00    0.911849124115898E+00 -0.430638479252556E+00
  0.00000000  0.00000000  0.01250000    0.3713D+01  0.697132552417580E+00  0.482547082041486E+00    0.969794719237580E+00 -0.671280677289365E+00
  0.00000000  0.00000000  0.01250000    0.3826D+01  0.819165301727437E+00  0.361448600877259E+00    0.102181479780198E+01 -0.450865690041271E+00
  0.00000000  0.00000000  0.01250000    0.3942D+01  0.706841473336796E+00  0.272390559631798E+00    0.123181423372000E+01 -0.474695644132825E+00
  0.00000000  0.00000000  0.01250000    0.4062D+01  0.890735007834567E+00  0.171389415540033E+00    0.108258776194562E+01 -0.208304470082208E+00
  0.00000000  0.00000000  0.01250000    0.4186D+01  0.102341791868217E+01  0.236925300345247E+00    0.927414027161934E+00 -0.214700019335868E+00
  0.00000000  0.00000000  0.01250000    0.4313D+01  0.998507481018052E+00  0.324872645350381E+00    0.905626905964486E+00 -0.294653184111541E+00
  0.00000000  0.00000000  0.01250000    0.4445D+01  0.921957602456173E+00  0.297540456512144E+00    0.982335745257963E+00 -0.317026103275878E+00
  0.00000000  0.00000000  0.01250000    0.4580D+01  0.974053550424861E+00  0.186257933218749E+00    0.990422927005600E+00 -0.189388075548888E+00
  0.00000000  0.00000000  0.01250000    0.4720D+01  0.104790705501154E+01  0.230171070745269E+00    0.910362309300371E+00 -0.199959592308971E+00
  0.00000000  0.00000000  0.01250000    0.4863D+01  0.109281267182700E+01  0.203817344210816E+00    0.884309300422081E+00 -0.164929980882841E+00
  0.00000000  0.00000000  0.01250000    0.5012D+01  0.115036702638049E+01  0.293072000262426E+00    0.816305743307011E+00 -0.207965241988398E+00
  0.00000000  0.00000000  0.01250000    0.5164D+01  0.112587011094659E+01  0.332709467304023E+00    0.816866564923427E+00 -0.241394843891574E+00
  0.00000000  0.00000000  0.01250000    0.5322D+01  0.117845464094001E+01  0.236325536665994E+00    0.815762481326327E+00 -0.163591791736379E+00
  0.00000000  0.00000000  0.01250000    0.5484D+01  0.132390779442629E+01  0.416907626136606E+00    0.687193191678748E+00 -0.216401839649396E+00
  0.00000000  0.00000000  0.01250000    0.5651D+01  0.119822007839860E+01  0.783649987394109E+00    0.584543604505564E+00 -0.382298374530915E+00
  0.00000000  0.00000000  0.01250000    0.5823D+01  0.879329313020593E+00  0.582779504035502E+00    0.790158367944447E+00 -0.523681054368970E+00
  0.00000000  0.00000000  0.01250000    0.6000D+01  0.923963175831240E+00  0.522266294051561E+00    0.820228811618935E+00 -0.463630881537188E+00
  0.00000000  0.00000000  0.01250000    0.6183D+01  0.899271763904935E+00  0.578589490898510E+00    0.786451034164212E+00 -0.506000879531430E+00
  0.00000000  0.00000000  0.01250000    0.6371D+01  0.757609276484142E+00  0.557040364861468E+00    0.856766472567676E+00 -0.629946759225249E+00
  0.00000000  0.00000000  0.01250000    0.6565D+01  0.654203456264480E+00  0.449520487485040E+00    0.103833440767698E+01 -0.713467018007850E+00
  0.00000000  0.00000000  0.01250000    0.6765D+01  0.688797296702739E+00  0.234980886732725E+00    0.130045735895184E+01 -0.443646664740728E+00
  0.00000000  0.00000000  0.01250000    0.6971D+01  0.811144759175691E+00  0.247770627407190E+00    0.112761402960678E+01 -0.344438686718196E+00
  0.00000000  0.00000000  0.01250000    0.7184D+01  0.877883288841933E+00  0.244866189265005E+00    0.105687765286735E+01 -0.294792720930318E+00
  0.00000000  0.00000000  0.01250000    0.7402D+01  0.903262966137996E+00  0.449686382816958E+00    0.887202969790447E+00 -0.441690968484340E+00
  0.00000000  0.00000000  0.01250000    0.7628D+01  0.691849293193270E+00  0.340634685270118E+00    0.116338307226845E+01 -0.572796171896993E+00
  0.00000000  0.00000000  0.01250000    0.7860D+01  0.711709726858767E+00  0.309669262160908E+00    0.118140647685106E+01 -0.514037195491619E+00
  0.00000000  0.00000000  0.01250000    0.8100D+01  0.661910960716754E+00  0.306440672357743E+00    0.124411868789770E+01 -0.575981649857206E+00
  0.00000000  0.00000000  0.01250000    0.8346D+01  0.616949566141081E+00  0.171692173909962E+00    0.150436988492679E+01 -0.418654214352259E+00
  0.00000000  0.00000000  0.01250000    0.8600D+01  0.652943555520761E+00  0.117239321124409E+00    0.148369170032329E+01 -0.266404356445619E+00
  0.00000000  0.00000000  0.01250000    0.8862D+01  0.691673061263033E+00  0.518390990385297E-01    0.143769407590089E+01 -0.107751435991507E+00
  0.00000000  0.00000000  0.01250000    0.9132D+01  0.732145465701465E+00  0.412033547919845E-01    0.136153658398364E+01 -0.766239464153420E-01
  0.00000000  0.00000000  0.01250000    0.9410D+01  0.762128367968820E+00  0.103695520645894E-01    0.131187205706250E+01 -0.178493888556397E-01
  0.00000000  0.00000000  0.01250000    0.9697D+01  0.797605963223345E+00  0.367035360353975E-02    0.125372536163864E+01 -0.576928409655211E-02
  0.00000000  0.00000000  0.01250000    0.9992D+01  0.823266802097761E+00  0.501347947586484E-04    0.121467304857115E+01 -0.739704113342165E-04
  0.00000000  0.00000000  0.01250000    0.1030D+02  0.843871483282338E+00  0.146213134569963E-06    0.118501456656688E+01 -0.205321186604002E-06
  0.00000000  0.00000000  0.01250000    0.1061D+02  0.859849731971229E+00 -0.343516288324693E-18    0.116299390790932E+01  0.464624614900277E-18
  0.00000000  0.00000000  0.01250000    0.1093D+02  0.873135239940621E+00 -0.989741834604467E-19    0.114529794956851E+01  0.129825168189496E-18
  0.00000000  0.00000000  0.01250000    0.1127D+02  0.884488048812546E+00  0.393837122426958E-19    0.113059752626679E+01 -0.503422603579256E-19
  0.00000000  0.00000000  0.01250000    0.1161D+02  0.894356515358367E+00  0.122022535891634E-18    0.111812234028317E+01 -0.152552277593429E-18
