 q(1:3)   w(Ry)   eps  epsi --- LFC included. 
  0.00000000  0.00000000  0.01500000    0.0000D+00  0.271914104326683E+01 -0.428097621137047E-16    0.367763195835762E+00  0.579001040306089E-17
  0.00000000  0.00000000  0.01500000    0.1015D-04  0.271914104343407E+01 -0.428097622505716E-16    0.367763195813144E+00  0.579001042085989E-17
  0.00000000  0.00000000  0.01500000    0.3076D-04  0.271914104480258E+01 -0.428097613106019E-16    0.367763195628053E+00  0.579001028790112E-17
  0.00000000  0.00000000  0.01500000    0.5200D-04  0.271914104765526E+01 -0.428097622681303E-16    0.367763195242228E+00  0.579001040525788E-17
  0.00000000  0.00000000  0.01500000    0.7389D-04  0.271914105212651E+01 -0.428097625027658E-16    0.367763194637494E+00  0.579001041795056E-17
  0.00000000  0.00000000  0.01500000    0.9644D-04  0.271914105836032E+01 -0.428097618013379E-16    0.367763193794372E+00  0.579001029653463E-17
  0.00000000  0.00000000  0.01500000    0.1197D-03  0.271914106651095E+01 -0.428097628427170E-16    0.367763192692001E+00  0.579001040266978E-17
  0.00000000  0.00000000  0.01500000    0.1436D-03  0.271914107674356E+01 -0.428097622706085E-16    0.367763191308043E+00  0.579001028171456E-17
  0.00000000  0.00000000  0.01500000    0.1683D-03  0.271914108923496E+01 -0.428097626552851E-16    0.367763189618584E+00  0.579001028054480E-17
  0.00000000  0.00000000  0.01500000    0.1937D-03  0.271914110417434E+01 -0.428097631746111E-16    0.367763187598037E+00  0.579001028716111E-17
  0.00000000  0.00000000  0.01500000    0.2199D-03  0.271914112176410E+01 -0.428097646226793E-16    0.367763185219026E+00  0.579001040810238E-17
  0.00000000  0.00000000  0.01500000    0.2469D-03  0.271914114222071E+01 -0.428097654133096E-16    0.367763182452275E+00  0.579001042791628E-17
  0.00000000  0.00000000  0.01500000    0.2748D-03  0.271914116577564E+01 -0.428097651732914E-16    0.367763179266476E+00  0.579001029514036E-17
  0.00000000  0.00000000  0.01500000    0.3034D-03  0.271914119267630E+01 -0.428097659479023E-16    0.367763175628168E+00  0.579001028534432E-17
  0.00000000  0.00000000  0.01500000    0.3330D-03  0.271914122318713E+01 -0.428097664796787E-16    0.367763171501586E+00  0.579001022733031E-17
  0.00000000  0.00000000  0.01500000    0.3634D-03  0.271914125759064E+01 -0.428097664104699E-16    0.367763166848520E+00  0.579001007145543E-17
  0.00000000  0.00000000  0.01500000    0.3948D-03  0.271914129618865E+01 -0.428097676344706E-16    0.367763161628149E+00  0.579001007262368E-17
  0.00000000  0.00000000  0.01500000    0.4271D-03  0.271914133930346E+01 -0.428097682490912E-16    0.367763155796881E+00  0.579000997213769E-17
  0.00000000  0.00000000  0.01500000    0.4604D-03  0.271914138727928E+01 -0.428097692145254E-16    0.367763149308164E+00  0.579000989839757E-17
  0.00000000  0.00000000  0.01500000    0.4948D-03  0.271914144048353E+01 -0.428097705393020E-16    0.367763142112304E+00  0.579000985099208E-17
  0.00000000  0.00000000  0.01500000    0.5301D-03  0.271914149930838E+01 -0.428097713258664E-16    0.367763134156260E+00  0.579000970685707E-17
  0.00000000  0.00000000  0.01500000    0.5666D-03  0.271914156417239E+01 -0.428097724286972E-16    0.367763125383421E+00  0.579000957977801E-17
  0.00000000  0.00000000  0.01500000    0.6041D-03  0.271914163552213E+01 -0.428097752611217E-16    0.367763115733388E+00  0.579000965900515E-17
  0.00000000  0.00000000  0.01500000    0.6428D-03  0.271914171383404E+01 -0.428097754395627E-16    0.367763105141725E+00  0.579000934963202E-17
  0.00000000  0.00000000  0.01500000    0.6827D-03  0.271914179961630E+01 -0.428097784670524E-16    0.367763093539701E+00  0.579000939377789E-17
  0.00000000  0.00000000  0.01500000    0.7238D-03  0.271914189341086E+01 -0.428097807508415E-16    0.367763080854015E+00  0.579000930321642E-17
  0.00000000  0.00000000  0.01500000    0.7662D-03  0.271914199579567E+01 -0.428097824594608E-16    0.367763067006503E+00  0.579000909828013E-17
  0.00000000  0.00000000  0.01500000    0.8098D-03  0.271914210738689E+01 -0.428097843834493E-16    0.367763051913827E+00  0.579000888326507E-17
  0.00000000  0.00000000  0.01500000    0.8548D-03  0.271914222884138E+01 -0.428097874632265E-16    0.367763035487149E+00  0.579000878256533E-17
  0.00000000  0.00000000  0.01500000    0.9011D-03  0.271914236085929E+01 -0.428097895408683E-16    0.367763017631774E+00  0.579000850134067E-17
  0.00000000  0.00000000  0.01500000    0.9488D-03  0.271914250418682E+01 -0.428097924981753E-16    0.367762998246779E+00  0.579000829092615E-17
  0.00000000  0.00000000  0.01500000    0.9980D-03  0.271914265961912E+01 -0.428097964155695E-16    0.367762977224620E+00  0.579000815881245E-17
  0.00000000  0.00000000  0.01500000    0.1049D-02  0.271914282800346E+01 -0.428098008284806E-16    0.367762954450706E+00  0.579000803855834E-17
  0.00000000  0.00000000  0.01500000    0.1101D-02  0.271914301024247E+01 -0.428098040297980E-16    0.367762929802956E+00  0.579000769543379E-17
  0.00000000  0.00000000  0.01500000    0.1155D-02  0.271914320729775E+01 -0.428098080736989E-16    0.367762903151316E+00  0.579000740317028E-17
  0.00000000  0.00000000  0.01500000    0.1210D-02  0.271914342019351E+01 -0.428098110931986E-16    0.367762874357261E+00  0.579000690489714E-17
  0.00000000  0.00000000  0.01500000    0.1267D-02  0.271914365002061E+01 -0.428098170874897E-16    0.367762843273256E+00  0.579000673685771E-17
  0.00000000  0.00000000  0.01500000    0.1326D-02  0.271914389794074E+01 -0.428098213120157E-16    0.367762809742184E+00  0.579000625240570E-17
  0.00000000  0.00000000  0.01500000    0.1387D-02  0.271914416519094E+01 -0.428098273283026E-16    0.367762773596735E+00  0.579000592796752E-17
  0.00000000  0.00000000  0.01500000    0.1450D-02  0.271914445308834E+01 -0.428098326635973E-16    0.367762734658772E+00  0.579000542349542E-17
  0.00000000  0.00000000  0.01500000    0.1514D-02  0.271914476303521E+01 -0.428098400110526E-16    0.367762692738640E+00  0.579000509726492E-17
  0.00000000  0.00000000  0.01500000    0.1580D-02  0.271914509652440E+01 -0.428098469532816E-16    0.367762647634434E+00  0.579000461596828E-17
  0.00000000  0.00000000  0.01500000    0.1649D-02  0.271914545514495E+01 -0.428098546536443E-16    0.367762599131238E+00  0.579000413018196E-17
  0.00000000  0.00000000  0.01500000    0.1719D-02  0.271914584058830E+01 -0.428098620620117E-16    0.367762547000291E+00  0.579000349067349E-17
  0.00000000  0.00000000  0.01500000    0.1792D-02  0.271914625465463E+01 -0.428098716417654E-16    0.367762490998122E+00  0.579000302294708E-17
  0.00000000  0.00000000  0.01500000    0.1867D-02  0.271914669925974E+01 -0.428098810652387E-16    0.367762430865624E+00  0.579000240402864E-17
  0.00000000  0.00000000  0.01500000    0.1944D-02  0.271914717644239E+01 -0.428098910763957E-16    0.367762366327061E+00  0.579000172585642E-17
  0.00000000  0.00000000  0.01500000    0.2024D-02  0.271914768837194E+01 -0.428099015991104E-16    0.367762297089033E+00  0.579000096889580E-17
  0.00000000  0.00000000  0.01500000    0.2106D-02  0.271914823735666E+01 -0.428099132384817E-16    0.367762222839355E+00  0.579000020515574E-17
  0.00000000  0.00000000  0.01500000    0.2190D-02  0.271914882585242E+01 -0.428099254377660E-16    0.367762143245878E+00  0.578999934887843E-17
  0.00000000  0.00000000  0.01500000    0.2277D-02  0.271914945647195E+01 -0.428099388109438E-16    0.367762057955241E+00  0.578999847197735E-17
  0.00000000  0.00000000  0.01500000    0.2367D-02  0.271915013199475E+01 -0.428099531125178E-16    0.367761966591528E+00  0.578999752941227E-17
  0.00000000  0.00000000  0.01500000    0.2459D-02  0.271915085537748E+01 -0.428099670669980E-16    0.367761868754861E+00  0.578999633608326E-17
  0.00000000  0.00000000  0.01500000    0.2554D-02  0.271915162976516E+01 -0.428099833941178E-16    0.367761764019892E+00  0.578999524643749E-17
  0.00000000  0.00000000  0.01500000    0.2652D-02  0.271915245850297E+01 -0.428100015080771E-16    0.367761651934203E+00  0.578999416700008E-17
  0.00000000  0.00000000  0.01500000    0.2753D-02  0.271915334514872E+01 -0.428100198026317E-16    0.367761532016616E+00  0.578999286537715E-17
  0.00000000  0.00000000  0.01500000    0.2858D-02  0.271915429348633E+01 -0.428100404654046E-16    0.367761403755379E+00  0.578999162132722E-17
  0.00000000  0.00000000  0.01500000    0.2965D-02  0.271915530753983E+01 -0.428100606314495E-16    0.367761266606267E+00  0.578999003023381E-17
  0.00000000  0.00000000  0.01500000    0.3075D-02  0.271915639158853E+01 -0.428100834679435E-16    0.367761119990528E+00  0.578998850222856E-17
  0.00000000  0.00000000  0.01500000    0.3189D-02  0.271915755018294E+01 -0.428101081212390E-16    0.367760963292739E+00  0.578998690247792E-17
  0.00000000  0.00000000  0.01500000    0.3307D-02  0.271915878816174E+01 -0.428101341067111E-16    0.367760795858501E+00  0.578998514483103E-17
  0.00000000  0.00000000  0.01500000    0.3428D-02  0.271916011066989E+01 -0.428101623786912E-16    0.367760616992003E+00  0.578998333644894E-17
  0.00000000  0.00000000  0.01500000    0.3553D-02  0.271916152317765E+01 -0.428101908430195E-16    0.367760425953433E+00  0.578998117080520E-17
  0.00000000  0.00000000  0.01500000    0.3681D-02  0.271916303150106E+01 -0.428102231265709E-16    0.367760221956228E+00  0.578997911365847E-17
  0.00000000  0.00000000  0.01500000    0.3813D-02  0.271916464182346E+01 -0.428102564198624E-16    0.367760004164148E+00  0.578997675870006E-17
  0.00000000  0.00000000  0.01500000    0.3950D-02  0.271916636071850E+01 -0.428102926152392E-16    0.367759771688174E+00  0.578997433387053E-17
  0.00000000  0.00000000  0.01500000    0.4090D-02  0.271916819517451E+01 -0.428103314210312E-16    0.367759523583213E+00  0.578997176996161E-17
  0.00000000  0.00000000  0.01500000    0.4235D-02  0.271917015262035E+01 -0.428103720593099E-16    0.367759258844594E+00  0.578996893012428E-17
  0.00000000  0.00000000  0.01500000    0.4385D-02  0.271917224095302E+01 -0.428104148520709E-16    0.367758976404347E+00  0.578996582427787E-17
  0.00000000  0.00000000  0.01500000    0.4538D-02  0.271917446856679E+01 -0.428104629122097E-16    0.367758675127262E+00  0.578996283768334E-17
  0.00000000  0.00000000  0.01500000    0.4697D-02  0.271917684438430E+01 -0.428105119635001E-16    0.367758353806675E+00  0.578995935399804E-17
  0.00000000  0.00000000  0.01500000    0.4860D-02  0.271917937788948E+01 -0.428105655336112E-16    0.367758011160029E+00  0.578995580993877E-17
  0.00000000  0.00000000  0.01500000    0.5029D-02  0.271918207916262E+01 -0.428106221649881E-16    0.367757645824127E+00  0.578995196544933E-17
  0.00000000  0.00000000  0.01500000    0.5202D-02  0.271918495891750E+01 -0.428106821359529E-16    0.367757256350115E+00  0.578994781254694E-17
  0.00000000  0.00000000  0.01500000    0.5381D-02  0.271918802854098E+01 -0.428107467506078E-16    0.367756841198129E+00  0.578994347911434E-17
  0.00000000  0.00000000  0.01500000    0.5565D-02  0.271919130013488E+01 -0.428108150766692E-16    0.367756398731636E+00  0.578993878752883E-17
  0.00000000  0.00000000  0.01500000    0.5755D-02  0.271919478656062E+01 -0.428108867453124E-16    0.367755927211397E+00  0.578993363313933E-17
  0.00000000  0.00000000  0.01500000    0.5950D-02  0.271919850148651E+01 -0.428109658671452E-16    0.367755424789079E+00  0.578992851367635E-17
  0.00000000  0.00000000  0.01500000    0.6152D-02  0.271920245943807E+01 -0.428110482827080E-16    0.367754889500450E+00  0.578992280474004E-17
  0.00000000  0.00000000  0.01500000    0.6360D-02  0.271920667585143E+01 -0.428111364105277E-16    0.367754319258165E+00  0.578991676768828E-17
  0.00000000  0.00000000  0.01500000    0.6574D-02  0.271921116713005E+01 -0.428112305315773E-16    0.367753711844099E+00  0.578991037066744E-17
  0.00000000  0.00000000  0.01500000    0.6794D-02  0.271921595070502E+01 -0.428113300369749E-16    0.367753064901199E+00  0.578990345710215E-17
  0.00000000  0.00000000  0.01500000    0.7021D-02  0.271922104509900E+01 -0.428114375155098E-16    0.367752375924846E+00  0.578989629822962E-17
  0.00000000  0.00000000  0.01500000    0.7255D-02  0.271922646999427E+01 -0.428115506917463E-16    0.367751642253654E+00  0.578988850250065E-17
  0.00000000  0.00000000  0.01500000    0.7497D-02  0.271923224630488E+01 -0.428116722727557E-16    0.367750861059729E+00  0.578988034696452E-17
  0.00000000  0.00000000  0.01500000    0.7745D-02  0.271923839625342E+01 -0.428118011183599E-16    0.367750029338290E+00  0.578987158279102E-17
  0.00000000  0.00000000  0.01500000    0.8001D-02  0.271924494345243E+01 -0.428119380882005E-16    0.367749143896677E+00  0.578986222568983E-17
  0.00000000  0.00000000  0.01500000    0.8265D-02  0.271925191299095E+01 -0.428120835301339E-16    0.367748201342657E+00  0.578985221586961E-17
  0.00000000  0.00000000  0.01500000    0.8537D-02  0.271925933152650E+01 -0.428122390227364E-16    0.367747198071997E+00  0.578984165330113E-17
  0.00000000  0.00000000  0.01500000    0.8818D-02  0.271926722738262E+01 -0.428124042336442E-16    0.367746130255293E+00  0.578983037242800E-17
  0.00000000  0.00000000  0.01500000    0.9107D-02  0.271927563065268E+01 -0.428125813944734E-16    0.367744993823955E+00  0.578981854690444E-17
  0.00000000  0.00000000  0.01500000    0.9404D-02  0.271928457330998E+01 -0.428127679711911E-16    0.367743784455326E+00  0.578980569788965E-17
  0.00000000  0.00000000  0.01500000    0.9711D-02  0.271929408932482E+01 -0.428129668319240E-16    0.367742497556890E+00  0.578979206861041E-17
  0.00000000  0.00000000  0.01500000    0.1003D-01  0.271930421478879E+01 -0.428131789720034E-16    0.367741128249481E+00  0.578977763998881E-17
  0.00000000  0.00000000  0.01500000    0.1035D-01  0.271931498804680E+01 -0.428134054941415E-16    0.367739671349463E+00  0.578976239787340E-17
  0.00000000  0.00000000  0.01500000    0.1069D-01  0.271932644983742E+01 -0.428136444912280E-16    0.367738121349788E+00  0.578974591089761E-17
  0.00000000  0.00000000  0.01500000    0.1103D-01  0.271933864344180E+01 -0.428138997734157E-16    0.367736472399893E+00  0.578972851002896E-17
  0.00000000  0.00000000  0.01500000    0.1139D-01  0.271935161484208E+01 -0.428141716454829E-16    0.367734718284334E+00  0.578971004069405E-17
  0.00000000  0.00000000  0.01500000    0.1176D-01  0.271936541288946E+01 -0.428144600969816E-16    0.367732852400094E+00  0.578969029348062E-17
  0.00000000  0.00000000  0.01500000    0.1214D-01  0.271938008948290E+01 -0.428147678620470E-16    0.367730867732489E+00  0.578966941714628E-17
  0.00000000  0.00000000  0.01500000    0.1253D-01  0.271939569975891E+01 -0.428150948935244E-16    0.367728756829561E+00  0.578964717055750E-17
  0.00000000  0.00000000  0.01500000    0.1293D-01  0.271941230229320E+01 -0.428154425636679E-16    0.367726511774890E+00  0.578962348988382E-17
  0.00000000  0.00000000  0.01500000    0.1334D-01  0.271942995931484E+01 -0.428158120672196E-16    0.367724124158708E+00  0.578959827173817E-17
  0.00000000  0.00000000  0.01500000    0.1377D-01  0.271944873693396E+01 -0.428162051940171E-16    0.367721585047214E+00  0.578957147668162E-17
  0.00000000  0.00000000  0.01500000    0.1421D-01  0.271946870538351E+01 -0.428166231859956E-16    0.367718884949983E+00  0.578954297363666E-17
  0.00000000  0.00000000  0.01500000    0.1466D-01  0.271948993927625E+01 -0.428170670741046E-16    0.367716013785341E+00  0.578951258435597E-17
  0.00000000  0.00000000  0.01500000    0.1513D-01  0.271951251787767E+01 -0.428175407341727E-16    0.367712960843589E+00  0.578948049545689E-17
  0.00000000  0.00000000  0.01500000    0.1561D-01  0.271953652539617E+01 -0.428180432176149E-16    0.367709714747929E+00  0.578944622018639E-17
  0.00000000  0.00000000  0.01500000    0.1610D-01  0.271956205129131E+01 -0.428185770152146E-16    0.367706263412956E+00  0.578940971449742E-17
  0.00000000  0.00000000  0.01500000    0.1662D-01  0.271958919060135E+01 -0.428191440189051E-16    0.367702594000559E+00  0.578937082962647E-17
  0.00000000  0.00000000  0.01500000    0.1714D-01  0.271961804429139E+01 -0.428197496402119E-16    0.367698692873085E+00  0.578932986744507E-17
  0.00000000  0.00000000  0.01500000    0.1768D-01  0.271964871962330E+01 -0.428203911549257E-16    0.367694545543555E+00  0.578928600304253E-17
  0.00000000  0.00000000  0.01500000    0.1824D-01  0.271968133054894E+01 -0.428210745449867E-16    0.367690136622793E+00  0.578923956013737E-17
  0.00000000  0.00000000  0.01500000    0.1882D-01  0.271971599812805E+01 -0.428217994597836E-16    0.367685449763243E+00  0.578918997604125E-17
  0.00000000  0.00000000  0.01500000    0.1941D-01  0.271975285097242E+01 -0.428225712299113E-16    0.367680467599274E+00  0.578913742400804E-17
  0.00000000  0.00000000  0.01500000    0.2002D-01  0.271979202571807E+01 -0.428233925981636E-16    0.367675171683755E+00  0.578908169327899E-17
  0.00000000  0.00000000  0.01500000    0.2065D-01  0.271983366752712E+01 -0.428242641099903E-16    0.367669542420659E+00  0.578902223978171E-17
  0.00000000  0.00000000  0.01500000    0.2130D-01  0.271987793062143E+01 -0.428251899541097E-16    0.367663558993444E+00  0.578895897342746E-17
  0.00000000  0.00000000  0.01500000    0.2197D-01  0.271992497884985E+01 -0.428261745081165E-16    0.367657199288953E+00  0.578889178868901E-17
  0.00000000  0.00000000  0.01500000    0.2266D-01  0.271997498629137E+01 -0.428272210901970E-16    0.367650439816536E+00  0.578882039330793E-17
  0.00000000  0.00000000  0.01500000    0.2337D-01  0.272002813789651E+01 -0.428283323447052E-16    0.367643255622103E+00  0.578874435771440E-17
  0.00000000  0.00000000  0.01500000    0.2410D-01  0.272008463016933E+01 -0.428295157709661E-16    0.367635620196769E+00  0.578866385940582E-17
  0.00000000  0.00000000  0.01500000    0.2486D-01  0.272014467189271E+01 -0.428307719012058E-16    0.367627505379774E+00  0.578857808197913E-17
  0.00000000  0.00000000  0.01500000    0.2564D-01  0.272020848489992E+01 -0.428321082579970E-16    0.367618881255270E+00  0.578848709832944E-17
  0.00000000  0.00000000  0.01500000    0.2644D-01  0.272027630489516E+01 -0.428335262420570E-16    0.367609716042628E+00  0.578839009501054E-17
  0.00000000  0.00000000  0.01500000    0.2726D-01  0.272034838232649E+01 -0.428350353359054E-16    0.367599975979835E+00  0.578828728808175E-17
  0.00000000  0.00000000  0.01500000    0.2811D-01  0.272042498331471E+01 -0.428366361644223E-16    0.367589625199496E+00  0.578817762998964E-17
  0.00000000  0.00000000  0.01500000    0.2899D-01  0.272050639064155E+01 -0.428383403049601E-16    0.367578625597046E+00  0.578806148234867E-17
  0.00000000  0.00000000  0.01500000    0.2989D-01  0.272059290480138E+01 -0.428401503379391E-16    0.367566936690592E+00  0.578793791577220E-17
  0.00000000  0.00000000  0.01500000    0.3082D-01  0.272068484512058E+01 -0.428420737449387E-16    0.367554515471887E+00  0.578780658310093E-17
  0.00000000  0.00000000  0.01500000    0.3178D-01  0.272078255094906E+01 -0.428441178857833E-16    0.367541316247850E+00  0.578766703562035E-17
  0.00000000  0.00000000  0.01500000    0.3277D-01  0.272088638292870E+01 -0.428462891978162E-16    0.367527290472019E+00  0.578751860954371E-17
  0.00000000  0.00000000  0.01500000    0.3379D-01  0.272099672434418E+01 -0.428485968646546E-16    0.367512386565265E+00  0.578736091587821E-17
  0.00000000  0.00000000  0.01500000    0.3484D-01  0.272111398256130E+01 -0.428510498688479E-16    0.367496549725098E+00  0.578719343615182E-17
  0.00000000  0.00000000  0.01500000    0.3592D-01  0.272123859055932E+01 -0.428536534507315E-16    0.367479721722769E+00  0.578701503775234E-17
  0.00000000  0.00000000  0.01500000    0.3703D-01  0.272137100856315E+01 -0.428564226443954E-16    0.367461840687422E+00  0.578682579502545E-17
  0.00000000  0.00000000  0.01500000    0.3818D-01  0.272151172578277E+01 -0.428593644643668E-16    0.367442840876380E+00  0.578662457624119E-17
  0.00000000  0.00000000  0.01500000    0.3936D-01  0.272166126226703E+01 -0.428624897208893E-16    0.367422652430685E+00  0.578641063139289E-17
  0.00000000  0.00000000  0.01500000    0.4058D-01  0.272182017087979E+01 -0.428658121731305E-16    0.367401201114901E+00  0.578618346930806E-17
  0.00000000  0.00000000  0.01500000    0.4184D-01  0.272198903940707E+01 -0.428693412967836E-16    0.367378408040111E+00  0.578594187240784E-17
  0.00000000  0.00000000  0.01500000    0.4313D-01  0.272216849280441E+01 -0.428730904232357E-16    0.367354189369001E+00  0.578568498599665E-17
  0.00000000  0.00000000  0.01500000    0.4447D-01  0.272235919559441E+01 -0.428770754714913E-16    0.367328456001801E+00  0.578541213676130E-17
  0.00000000  0.00000000  0.01500000    0.4584D-01  0.272256185442513E+01 -0.428813087353096E-16    0.367301113241796E+00  0.578512198359955E-17
  0.00000000  0.00000000  0.01500000    0.4726D-01  0.272277722080106E+01 -0.428858070981547E-16    0.367272060439007E+00  0.578481361464272E-17
  0.00000000  0.00000000  0.01500000    0.4872D-01  0.272300609399918E+01 -0.428905864874135E-16    0.367241190610534E+00  0.578448578662143E-17
  0.00000000  0.00000000  0.01500000    0.5022D-01  0.272324932418346E+01 -0.428956644877277E-16    0.367208390035988E+00  0.578413726432682E-17
  0.00000000  0.00000000  0.01500000    0.5177D-01  0.272350781573292E+01 -0.429010612056242E-16    0.367173537826214E+00  0.578376692307343E-17
  0.00000000  0.00000000  0.01500000    0.5337D-01  0.272378253079871E+01 -0.429067950134607E-16    0.367136505463513E+00  0.578337315984695E-17
  0.00000000  0.00000000  0.01500000    0.5501D-01  0.272407449310779E+01 -0.429128865362533E-16    0.367097156311294E+00  0.578295441494905E-17
  0.00000000  0.00000000  0.01500000    0.5671D-01  0.272438479203185E+01 -0.429193616899278E-16    0.367055345091029E+00  0.578250956408913E-17
  0.00000000  0.00000000  0.01500000    0.5846D-01  0.272471458694174E+01 -0.429262379125671E-16    0.367010917324158E+00  0.578203604482819E-17
  0.00000000  0.00000000  0.01500000    0.6026D-01  0.272506511186985E+01 -0.429335480229093E-16    0.366963708736424E+00  0.578153305147617E-17
  0.00000000  0.00000000  0.01500000    0.6211D-01  0.272543768050439E+01 -0.429413138486532E-16    0.366913544621916E+00  0.578099796140472E-17
  0.00000000  0.00000000  0.01500000    0.6403D-01  0.272583369154200E+01 -0.429495664936450E-16    0.366860239163858E+00  0.578042904258372E-17
  0.00000000  0.00000000  0.01500000    0.6600D-01  0.272625463442755E+01 -0.429583362716649E-16    0.366803594708965E+00  0.577982407372298E-17
  0.00000000  0.00000000  0.01500000    0.6803D-01  0.272670209551242E+01 -0.429676556351297E-16    0.366743400991912E+00  0.577918071292471E-17
  0.00000000  0.00000000  0.01500000    0.7012D-01  0.272717776466619E+01 -0.429775592326430E-16    0.366679434306110E+00  0.577849647773577E-17
  0.00000000  0.00000000  0.01500000    0.7227D-01  0.272768344237879E+01 -0.429880831088725E-16    0.366611456616795E+00  0.577776860791570E-17
  0.00000000  0.00000000  0.01500000    0.7450D-01  0.272822104739544E+01 -0.429992660289620E-16    0.366539214611908E+00  0.577699421173763E-17
  0.00000000  0.00000000  0.01500000    0.7678D-01  0.272879262492942E+01 -0.430111517436621E-16    0.366462438685998E+00  0.577617053589172E-17
  0.00000000  0.00000000  0.01500000    0.7914D-01  0.272940035550319E+01 -0.430237841042987E-16    0.366380841851851E+00  0.577529427223920E-17
  0.00000000  0.00000000  0.01500000    0.8157D-01  0.273004656447323E+01 -0.430372091827743E-16    0.366294118574110E+00  0.577436180343527E-17
  0.00000000  0.00000000  0.01500000    0.8408D-01  0.273073373229972E+01 -0.430514768264825E-16    0.366201943518616E+00  0.577336936909165E-17
  0.00000000  0.00000000  0.01500000    0.8666D-01  0.273146450562891E+01 -0.430666431348072E-16    0.366103970210572E+00  0.577231335161154E-17
  0.00000000  0.00000000  0.01500000    0.8932D-01  0.273224170926301E+01 -0.430827630724543E-16    0.365999829594044E+00  0.577118923611344E-17
  0.00000000  0.00000000  0.01500000    0.9206D-01  0.273306835910110E+01 -0.430998970807343E-16    0.365889128484477E+00  0.576999244388720E-17
  0.00000000  0.00000000  0.01500000    0.9488D-01  0.273394767614336E+01 -0.431181120830337E-16    0.365771447905195E+00  0.576871840861182E-17
  0.00000000  0.00000000  0.01500000    0.9779D-01  0.273488310166195E+01 -0.431374756709008E-16    0.365646341297847E+00  0.576736173560936E-17
  0.00000000  0.00000000  0.01500000    0.1008D+00  0.273587831365345E+01 -0.431580607017049E-16    0.365513332595781E+00  0.576591675029057E-17
  0.00000000  0.00000000  0.01500000    0.1039D+00  0.273693724470151E+01 -0.431799465162581E-16    0.365371914148166E+00  0.576437758739376E-17
  0.00000000  0.00000000  0.01500000    0.1071D+00  0.273806410139374E+01 -0.432032170153289E-16    0.365221544481364E+00  0.576273785440968E-17
  0.00000000  0.00000000  0.01500000    0.1103D+00  0.273926338545451E+01 -0.432279598745014E-16    0.365061645882612E+00  0.576099044134617E-17
  0.00000000  0.00000000  0.01500000    0.1137D+00  0.274053991677535E+01 -0.432542719279168E-16    0.364891601789419E+00  0.575912814529768E-17
  0.00000000  0.00000000  0.01500000    0.1172D+00  0.274189885854792E+01 -0.432822533483370E-16    0.364710753966173E+00  0.575714279278222E-17
  0.00000000  0.00000000  0.01500000    0.1208D+00  0.274334574473060E+01 -0.433120112910562E-16    0.364518399447387E+00  0.575502561534159E-17
  0.00000000  0.00000000  0.01500000    0.1245D+00  0.274488651011094E+01 -0.433436649951919E-16    0.364313787224516E+00  0.575276780603612E-17
  0.00000000  0.00000000  0.01500000    0.1283D+00  0.274652752326029E+01 -0.433773347674132E-16    0.364096114650597E+00  0.575035892375314E-17
  0.00000000  0.00000000  0.01500000    0.1322D+00  0.274827562271889E+01 -0.434131532511232E-16    0.363864523533739E+00  0.574778824664955E-17
  0.00000000  0.00000000  0.01500000    0.1363D+00  0.275013815679582E+01 -0.434512625021836E-16    0.363618095886898E+00  0.574504422473593E-17
  0.00000000  0.00000000  0.01500000    0.1405D+00  0.275212302742372E+01 -0.434918122312419E-16    0.363355849297226E+00  0.574211407458471E-17
  0.00000000  0.00000000  0.01500000    0.1448D+00  0.275423873857210E+01 -0.435349631735410E-16    0.363076731873446E+00  0.573898403573931E-17
  0.00000000  0.00000000  0.01500000    0.1492D+00  0.275649444979774E+01 -0.435808878676542E-16    0.362779616724197E+00  0.573563926395277E-17
  0.00000000  0.00000000  0.01500000    0.1537D+00  0.275890003559893E+01 -0.436297721753901E-16    0.362463295913841E+00  0.573206380028510E-17
  0.00000000  0.00000000  0.01500000    0.1585D+00  0.276146615134363E+01 -0.436818137559082E-16    0.362126473834719E+00  0.572824011564846E-17
  0.00000000  0.00000000  0.01500000    0.1633D+00  0.276420430666372E+01 -0.437372220795132E-16    0.361767759926168E+00  0.572414883333865E-17
  0.00000000  0.00000000  0.01500000    0.1683D+00  0.276712694735275E+01 -0.437962263476874E-16    0.361385660660302E+00  0.571976945554623E-17
  0.00000000  0.00000000  0.01500000    0.1734D+00  0.277024754697670E+01 -0.438590702490803E-16    0.360978570702588E+00  0.571507932860938E-17
  0.00000000  0.00000000  0.01500000    0.1787D+00  0.277358070961324E+01 -0.439260133871147E-16    0.360544763141018E+00  0.571005344733410E-17
  0.00000000  0.00000000  0.01500000    0.1842D+00  0.277714228538177E+01 -0.439973368638125E-16    0.360082378660887E+00  0.570466475414602E-17
  0.00000000  0.00000000  0.01500000    0.1898D+00  0.278094950072382E+01 -0.440733410586136E-16    0.359589413522152E+00  0.569888337026750E-17
  0.00000000  0.00000000  0.01500000    0.1956D+00  0.278502110575247E+01 -0.441543501192598E-16    0.359063706172459E+00  0.569267664245375E-17
  0.00000000  0.00000000  0.01500000    0.2016D+00  0.278937754142653E+01 -0.442407111555663E-16    0.358502922300214E+00  0.568600843677795E-17
  0.00000000  0.00000000  0.01500000    0.2078D+00  0.279404112983796E+01 -0.443328003831024E-16    0.357904538097474E+00  0.567883925337991E-17
  0.00000000  0.00000000  0.01500000    0.2141D+00  0.279903629155534E+01 -0.444310161601161E-16    0.357265821460404E+00  0.567112457050131E-17
  0.00000000  0.00000000  0.01500000    0.2207D+00  0.280438979477348E+01 -0.445357964323779E-16    0.356583810803938E+00  0.566281621714734E-17
  0.00000000  0.00000000  0.01500000    0.2274D+00  0.281013104202091E+01 -0.446476062063634E-16    0.355855291104449E+00  0.565385979020264E-17
  0.00000000  0.00000000  0.01500000    0.2343D+00  0.281629240142773E+01 -0.447669473471660E-16    0.355076766706840E+00  0.564419479714132E-17
  0.00000000  0.00000000  0.01500000    0.2415D+00  0.282290959112807E+01 -0.448943646484499E-16    0.354244430336286E+00  0.563375415216340E-17
  0.00000000  0.00000000  0.01500000    0.2489D+00  0.283002212736024E+01 -0.450304424241262E-16    0.353354127634603E+00  0.562246229311970E-17
  0.00000000  0.00000000  0.01500000    0.2565D+00  0.283767384936263E+01 -0.451758127597097E-16    0.352401316389694E+00  0.561023455499364E-17
  0.00000000  0.00000000  0.01500000    0.2643D+00  0.284591353742015E+01 -0.453311532727847E-16    0.351381019434100E+00  0.559697497470491E-17
  0.00000000  0.00000000  0.01500000    0.2724D+00  0.285479564463455E+01 -0.454972005524107E-16    0.350287769942291E+00  0.558257574410769E-17
  0.00000000  0.00000000  0.01500000    0.2807D+00  0.286438116850668E+01 -0.456747444806055E-16    0.349115547537740E+00  0.556691393007102E-17
  0.00000000  0.00000000  0.01500000    0.2893D+00  0.287473869569732E+01 -0.458646373404988E-16    0.347857703205067E+00  0.554984960110584E-17
  0.00000000  0.00000000  0.01500000    0.2981D+00  0.288594566303919E+01 -0.460677918997990E-16    0.346506870453998E+00  0.553122208930120E-17
  0.00000000  0.00000000  0.01500000    0.3072D+00  0.289808989096576E+01 -0.462851908305068E-16    0.345054859449774E+00  0.551084701216922E-17
  0.00000000  0.00000000  0.01500000    0.3166D+00  0.291127146339771E+01 -0.465178841062533E-16    0.343492529835370E+00  0.548851108360645E-17
  0.00000000  0.00000000  0.01500000    0.3262D+00  0.292560505286297E+01 -0.467669875629441E-16    0.341809636615650E+00  0.546396616619709E-17
  0.00000000  0.00000000  0.01500000    0.3362D+00  0.294122282435435E+01 -0.470336776253708E-16    0.339994641589087E+00  0.543692175731873E-17
  0.00000000  0.00000000  0.01500000    0.3464D+00  0.295827810097561E+01 -0.473191868274077E-16    0.338034480149182E+00  0.540703617925902E-17
  0.00000000  0.00000000  0.01500000    0.3570D+00  0.297695004637488E+01 -0.476247790388381E-16    0.335914269444235E+00  0.537390369642092E-17
  0.00000000  0.00000000  0.01500000    0.3679D+00  0.299744972551329E+01 -0.479517286359123E-16    0.333616938255322E+00  0.533703993611557E-17
  0.00000000  0.00000000  0.01500000    0.3791D+00  0.302002806659830E+01 -0.483012511995942E-16    0.331122750500256E+00  0.529585911028580E-17
  0.00000000  0.00000000  0.01500000    0.3907D+00  0.304498649722673E+01 -0.486744474947118E-16    0.328408681257131E+00  0.524964926025663E-17
  0.00000000  0.00000000  0.01500000    0.4026D+00  0.307269142694671E+01 -0.490721361291117E-16    0.325447583584299E+00  0.519753073298634E-17
  0.00000000  0.00000000  0.01500000    0.4149D+00  0.310359440584960E+01 -0.494946638940571E-16    0.322207050674926E+00  0.513840650292230E-17
  0.00000000  0.00000000  0.01500000    0.4276D+00  0.313826091210988E+01 -0.499415283328383E-16    0.318647820562406E+00  0.507088467291128E-17
  0.00000000  0.00000000  0.01500000    0.4406D+00  0.317741272524676E+01 -0.504107938950774E-16    0.314721468839821E+00  0.499316911963590E-17
  0.00000000  0.00000000  0.01500000    0.4540D+00  0.322199260411605E+01 -0.508980700895954E-16    0.310366944580355E+00  0.490289098695133E-17
  0.00000000  0.00000000  0.01500000    0.4679D+00  0.327326750338906E+01 -0.513947320054818E-16    0.305505125677820E+00  0.479684414556886E-17
  0.00000000  0.00000000  0.01500000    0.4822D+00  0.333300277113824E+01 -0.518846351511063E-16    0.300029753548178E+00  0.467054346072666E-17
  0.00000000  0.00000000  0.01500000    0.4969D+00  0.340377835529583E+01 -0.523377043934528E-16    0.293791162530937E+00  0.451743721621282E-17
  0.00000000  0.00000000  0.01500000    0.5120D+00  0.348962295962648E+01 -0.526963966701937E-16    0.286563910075557E+00  0.432736878780728E-17
  0.00000000  0.00000000  0.01500000    0.5276D+00  0.359748852614859E+01 -0.528434886653665E-16    0.277971699626401E+00  0.408312472763496E-17
  0.00000000  0.00000000  0.01500000    0.5437D+00  0.374170298682085E+01 -0.525096400494048E-16    0.267257984805911E+00  0.375059715640642E-17
  0.00000000  0.00000000  0.01500000    0.5603D+00  0.397527014973602E+01  0.294824989607355E-03    0.251555229414029E+00 -0.186565353055545E-04
  0.00000000  0.00000000  0.01500000    0.5774D+00  0.433698360494258E+01  0.135594563478374E+00    0.230349838282519E+00 -0.720182242184097E-02
  0.00000000  0.00000000  0.01500000    0.5950D+00  0.452934415200782E+01  0.685781324913928E+00    0.215834607002306E+00 -0.326791998542889E-01
  0.00000000  0.00000000  0.01500000    0.6131D+00  0.443800673459339E+01  0.106735423839970E+01    0.213005760951564E+00 -0.512285391509293E-01
  0.00000000  0.00000000  0.01500000    0.6318D+00  0.429487487046358E+01  0.131566924546474E+01    0.212860611285607E+00 -0.652065935064297E-01
  0.00000000  0.00000000  0.01500000    0.6511D+00  0.416650128147212E+01  0.149388553066538E+01    0.212669618256971E+00 -0.762520023548313E-01
  0.00000000  0.00000000  0.01500000    0.6709D+00  0.406089058867774E+01  0.165232465281336E+01    0.211273537247392E+00 -0.859645110986882E-01
  0.00000000  0.00000000  0.01500000    0.6914D+00  0.395704309799963E+01  0.181861869081161E+01    0.208643575978565E+00 -0.958905671722928E-01
  0.00000000  0.00000000  0.01500000    0.7125D+00  0.382814419664162E+01  0.198424071573984E+01    0.205903880703946E+00 -0.106726090406949E+00
  0.00000000  0.00000000  0.01500000    0.7342D+00  0.370512143236347E+01  0.209120608135094E+01    0.204690767036942E+00 -0.115529432607825E+00
  0.00000000  0.00000000  0.01500000    0.7565D+00  0.360355379027818E+01  0.225374346958555E+01    0.199477545525454E+00 -0.124757736867927E+00
  0.00000000  0.00000000  0.01500000    0.7796D+00  0.340528491415768E+01  0.248407406593031E+01    0.191667902850154E+00 -0.139817160309210E+00
  0.00000000  0.00000000  0.01500000    0.8034D+00  0.314407266129164E+01  0.249477018436406E+01    0.195174049929282E+00 -0.154867413377502E+00
  0.00000000  0.00000000  0.01500000    0.8279D+00  0.302846188966707E+01  0.245626886286549E+01    0.199177515802254E+00 -0.161545216044227E+00
  0.00000000  0.00000000  0.01500000    0.8531D+00  0.298480743660880E+01  0.257659308228746E+01    0.191974866476545E+00 -0.165719606186224E+00
  0.00000000  0.00000000  0.01500000    0.8791D+00  0.288348884163600E+01  0.274853830913594E+01    0.181706103659302E+00 -0.173202052908954E+00
  0.00000000  0.00000000  0.01500000    0.9059D+00  0.275083556151551E+01  0.298158485247302E+01    0.167153480911383E+00 -0.181174874171303E+00
  0.00000000  0.00000000  0.01500000    0.9335D+00  0.232242274031129E+01  0.373280677299217E+01    0.120161608413383E+00 -0.193134547795113E+00
  0.00000000  0.00000000  0.01500000    0.9619D+00  0.110542562901321E+01  0.321417719577481E+01    0.956838149766767E-01 -0.278213864443606E+00
  0.00000000  0.00000000  0.01500000    0.9913D+00  0.898166180189114E+00  0.213084922013094E+01    0.167968782159801E+00 -0.398496577099123E+00
  0.00000000  0.00000000  0.01500000    0.1021D+01  0.130080883874158E+01  0.188911744180563E+01    0.247261241626433E+00 -0.359088522715526E+00
  0.00000000  0.00000000  0.01500000    0.1053D+01  0.176684781090808E+01  0.152449743199469E+01    0.324439689860830E+00 -0.279937791459120E+00
  0.00000000  0.00000000  0.01500000    0.1085D+01  0.238772720901056E+01  0.201416991717940E+01    0.244691272289010E+00 -0.206409592260377E+00
  0.00000000  0.00000000  0.01500000    0.1118D+01  0.232201359877467E+01  0.356738240992463E+01    0.128160843350395E+00 -0.196897528270537E+00
  0.00000000  0.00000000  0.01500000    0.1152D+01  0.548958312013134E+00  0.368307008509168E+01    0.395892139688642E-01 -0.265611880665956E+00
  0.00000000  0.00000000  0.01500000    0.1187D+01 -0.316679269583943E+00  0.213077262250586E+01   -0.682428163876052E-01 -0.459170961940276E+00
  0.00000000  0.00000000  0.01500000    0.1223D+01  0.120415236879175E+00  0.170456045089933E+01    0.412377253762036E-01 -0.583748349321072E+00
  0.00000000  0.00000000  0.01500000    0.1260D+01  0.230288790143983E+00  0.150055562260481E+01    0.999213692942362E-01 -0.651084980815140E+00
  0.00000000  0.00000000  0.01500000    0.1299D+01  0.206653185797428E+00  0.120695659253499E+01    0.137819346759968E+00 -0.804933001680728E+00
  0.00000000  0.00000000  0.01500000    0.1338D+01  0.593254338840825E+00  0.529667538737521E+00    0.937953878537388E+00 -0.837421135873912E+00
  0.00000000  0.00000000  0.01500000    0.1379D+01  0.123329663847866E+01  0.875708474372356E+00    0.539055125956924E+00 -0.382758800459102E+00
  0.00000000  0.00000000  0.01500000    0.1421D+01  0.118405972807765E+01  0.170228110557863E+01    0.275378199739991E+00 -0.395901570832669E+00
  0.00000000  0.00000000  0.01500000    0.1464D+01  0.435499600483325E+00  0.158052009786944E+01    0.162034082638614E+00 -0.588055933612671E+00
  0.00000000  0.00000000  0.01500000    0.1509D+01  0.247292439112036E+00  0.838512483245486E+00    0.323572469547000E+00 -0.109716073780488E+01
  0.00000000  0.00000000  0.01500000    0.1555D+01  0.631808716384672E+00  0.554382250202013E+00    0.894252091098733E+00 -0.784663892179248E+00
  0.00000000  0.00000000  0.01500000    0.1602D+01  0.917004079048646E+00  0.698987125383017E+00    0.689746694972342E+00 -0.525759994504427E+00
  0.00000000  0.00000000  0.01500000    0.1651D+01  0.964149885752398E+00  0.895775954400904E+00    0.556668665817077E+00 -0.517191790172994E+00
  0.00000000  0.00000000  0.01500000    0.1701D+01  0.794242822588561E+00  0.106705450315064E+01    0.448870077314139E+00 -0.603050885328235E+00
  0.00000000  0.00000000  0.01500000    0.1753D+01  0.482809173897786E+00  0.733713359335978E+00    0.625854478458592E+00 -0.951095829721195E+00
  0.00000000  0.00000000  0.01500000    0.1807D+01  0.541912891715038E+00  0.484828869561705E+00    0.102493581087608E+01 -0.916971118711942E+00
  0.00000000  0.00000000  0.01500000    0.1862D+01  0.703752475208799E+00  0.321358007899703E+00    0.117578477718996E+01 -0.536904475688640E+00
  0.00000000  0.00000000  0.01500000    0.1919D+01  0.875758850379105E+00  0.232034541084676E+00    0.106696599318367E+01 -0.282695361256305E+00
  0.00000000  0.00000000  0.01500000    0.1977D+01  0.102291759738175E+01  0.253452617886160E+00    0.921050647854480E+00 -0.228212613119550E+00
  0.00000000  0.00000000  0.01500000    0.2037D+01  0.113674399911347E+01  0.243839856480207E+00    0.841007935820273E+00 -0.180402319721117E+00
  0.00000000  0.00000000  0.01500000    0.2099D+01  0.125091150733897E+01  0.306343275532171E+00    0.754185486617542E+00 -0.184697039697658E+00
  0.00000000  0.00000000  0.01500000    0.2163D+01  0.133581503090727E+01  0.338283074927044E+00    0.703491065941376E+00 -0.178152749792552E+00
  0.00000000  0.00000000  0.01500000    0.2229D+01  0.144033026903397E+01  0.511953934726715E+00    0.616408717974411E+00 -0.219097574598987E+00
  0.00000000  0.00000000  0.01500000    0.2297D+01  0.137329157001971E+01  0.597322342474650E+00    0.612332031602819E+00 -0.266337907749633E+00
  0.00000000  0.00000000  0.01500000    0.2367D+01  0.135426155630140E+01  0.697253623795685E+00    0.583686387645407E+00 -0.300516135197297E+00
  0.00000000  0.00000000  0.01500000    0.2439D+01  0.122959581587136E+01  0.864152529317120E+00    0.544390408977267E+00 -0.382594298696690E+00
  0.00000000  0.00000000  0.01500000    0.2513D+01  0.104002529396924E+01  0.528725146772278E+00    0.764048694999662E+00 -0.388424936150459E+00
  0.00000000  0.00000000  0.01500000    0.2590D+01  0.123472564323457E+01  0.600955900983966E+00    0.654785304853081E+00 -0.318691925599126E+00
  0.00000000  0.00000000  0.01500000    0.2669D+01  0.128836701302902E+01  0.598001976472527E+00    0.638597083454787E+00 -0.296408022103677E+00
  0.00000000  0.00000000  0.01500000    0.2750D+01  0.132321950190146E+01  0.772578285171532E+00    0.563602860828100E+00 -0.329066591831994E+00
  0.00000000  0.00000000  0.01500000    0.2834D+01  0.108700939964074E+01  0.938353866799112E+00    0.527137754080919E+00 -0.455048272849444E+00
  0.00000000  0.00000000  0.01500000    0.2920D+01  0.109395925800666E+01  0.810679973010313E+00    0.590069808118968E+00 -0.437272021438640E+00
  0.00000000  0.00000000  0.01500000    0.3009D+01  0.113571108707551E+01  0.963015544162677E+00    0.512218703540126E+00 -0.434331036417188E+00
  0.00000000  0.00000000  0.01500000    0.3101D+01  0.736176963326494E+00  0.723141452559454E+00    0.691317325560899E+00 -0.679076145940078E+00
  0.00000000  0.00000000  0.01500000    0.3195D+01  0.893328595826626E+00  0.586306999436721E+00    0.782391794219324E+00 -0.513497258898529E+00
  0.00000000  0.00000000  0.01500000    0.3293D+01  0.103052852212685E+01  0.869287540348593E+00    0.566956564771748E+00 -0.478248070861502E+00
  0.00000000  0.00000000  0.01500000    0.3393D+01  0.244149816273913E+00  0.720570476506623E+00    0.421798140953184E+00 -0.124487207098799E+01
  0.00000000  0.00000000  0.01500000    0.3496D+01  0.644416431953089E+00  0.357689972083138E+00    0.118630163477095E+01 -0.658468930311651E+00
  0.00000000  0.00000000  0.01500000    0.3603D+01  0.837377877623433E+00  0.402254454564653E+00    0.970298759054131E+00 -0.466106173231864E+00
  0.00000000  0.00000000  0.01500000    0.3713D+01  0.636676667114497E+00  0.463922530988431E+00    0.102593596372297E+01 -0.747561255981790E+00
  0.00000000  0.00000000  0.01500000    0.3826D+01  0.758369876187497E+00  0.342200694823700E+00    0.109555213744885E+01 -0.494348093749836E+00
  0.00000000  0.00000000  0.01500000    0.3942D+01  0.646310120966646E+00  0.255990067370542E+00    0.133743034530314E+01 -0.529728489607279E+00
  0.00000000  0.00000000  0.01500000    0.4062D+01  0.824480965972363E+00  0.161994943168575E+00    0.116780149796125E+01 -0.229450945627714E+00
  0.00000000  0.00000000  0.01500000    0.4186D+01  0.944685727880654E+00  0.228496754897257E+00    0.100004640533209E+01 -0.241887171173520E+00
  0.00000000  0.00000000  0.01500000    0.4313D+01  0.909620846943517E+00  0.302836500498252E+00    0.989664914307158E+00 -0.329485257865129E+00
  0.00000000  0.00000000  0.01500000    0.4445D+01  0.838319722108334E+00  0.268478146395293E+00    0.108189764850477E+01 -0.346485794858171E+00
  0.00000000  0.00000000  0.01500000    0.4580D+01  0.884433207401523E+00  0.164210940708669E+00    0.109298943900677E+01 -0.202933158164945E+00
  0.00000000  0.00000000  0.01500000    0.4720D+01  0.948392185267176E+00  0.195093641941985E+00    0.101160833226665E+01 -0.208097827909833E+00
  0.00000000  0.00000000  0.01500000    0.4863D+01  0.982964633971776E+00  0.166524765453497E+00    0.988947798664109E+00 -0.167538377808028E+00
  0.00000000  0.00000000  0.01500000    0.5012D+01  0.103507953530133E+01  0.223376003073771E+00    0.923117821232078E+00 -0.199214033550532E+00
  0.00000000  0.00000000  0.01500000    0.5164D+01  0.102507561541954E+01  0.253613980990695E+00    0.919267825560638E+00 -0.227436073329747E+00
  0.00000000  0.00000000  0.01500000    0.5322D+01  0.106490630178535E+01  0.179577172419817E+00    0.913084623803916E+00 -0.153975194482200E+00
  0.00000000  0.00000000  0.01500000    0.5484D+01  0.117557445451436E+01  0.306462531915728E+00    0.796516546093625E+00 -0.207645272055069E+00
  0.00000000  0.00000000  0.01500000    0.5651D+01  0.109405238634299E+01  0.562254066270958E+00    0.723063023102959E+00 -0.371595665787760E+00
  0.00000000  0.00000000  0.01500000    0.5823D+01  0.876206713150481E+00  0.426430081870546E+00    0.922730004351749E+00 -0.449071920352371E+00
  0.00000000  0.00000000  0.01500000    0.6000D+01  0.906231748265655E+00  0.395119498887319E+00    0.927209492174203E+00 -0.404265852098620E+00
  0.00000000  0.00000000  0.01500000    0.6183D+01  0.878863570968905E+00  0.425771036500265E+00    0.921547676255803E+00 -0.446449622290382E+00
  0.00000000  0.00000000  0.01500000    0.6371D+01  0.781192617676731E+00  0.402379375517383E+00    0.101168335657613E+01 -0.521101336634610E+00
  0.00000000  0.00000000  0.01500000    0.6565D+01  0.714694574636136E+00  0.324075943309897E+00    0.116056974105393E+01 -0.526256595414146E+00
  0.00000000  0.00000000  0.01500000    0.6765D+01  0.742773751633813E+00  0.172576619157823E+00    0.127735073816580E+01 -0.296780643347343E+00
  0.00000000  0.00000000  0.01500000    0.6971D+01  0.830349290019434E+00  0.181853674182796E+00    0.114919172790817E+01 -0.251682924972075E+00
  0.00000000  0.00000000  0.01500000    0.7184D+01  0.878513857905781E+00  0.176220247659047E+00    0.109425747006497E+01 -0.219496050793422E+00
  0.00000000  0.00000000  0.01500000    0.7402D+01  0.900166274005803E+00  0.317228592488156E+00    0.988180224902476E+00 -0.348245686294642E+00
  0.00000000  0.00000000  0.01500000    0.7628D+01  0.756215736494562E+00  0.240922998453139E+00    0.120052131406799E+01 -0.382474445761873E+00
  0.00000000  0.00000000  0.01500000    0.7860D+01  0.772936893157607E+00  0.219956797652739E+00    0.119684424284579E+01 -0.340589289081583E+00
  0.00000000  0.00000000  0.01500000    0.8100D+01  0.739986609735948E+00  0.218131259341558E+00    0.124333764557880E+01 -0.366507721691948E+00
  0.00000000  0.00000000  0.01500000    0.8346D+01  0.709697127687612E+00  0.125461832616751E+00    0.136635065253281E+01 -0.241546499451688E+00
  0.00000000  0.00000000  0.01500000    0.8600D+01  0.735215721742014E+00  0.865253753952695E-01    0.134156402786232E+01 -0.157884723755008E+00
  0.00000000  0.00000000  0.01500000    0.8862D+01  0.763159398321882E+00  0.412478020193214E-01    0.130652553726185E+01 -0.706160558497559E-01
  0.00000000  0.00000000  0.01500000    0.9132D+01  0.790736396608172E+00  0.339580243556643E-01    0.126231591538274E+01 -0.542099172151180E-01
  0.00000000  0.00000000  0.01500000    0.9410D+01  0.812024425500629E+00  0.875488500065032E-02    0.123134691544852E+01 -0.132758329701856E-01
  0.00000000  0.00000000  0.01500000    0.9697D+01  0.839215862050447E+00  0.314317768758896E-02    0.119157182029829E+01 -0.446288270763907E-02
  0.00000000  0.00000000  0.01500000    0.9992D+01  0.859015695952451E+00  0.109873640435551E-03    0.116412306358520E+01 -0.148898837953448E-03
  0.00000000  0.00000000  0.01500000    0.1030D+02  0.875023322584951E+00  0.123191537957505E-06    0.114282668151728E+01 -0.160894656040802E-06
  0.00000000  0.00000000  0.01500000    0.1061D+02  0.887474483410092E+00  0.131395461845791E-17    0.112679295990295E+01 -0.166827874083924E-17
  0.00000000  0.00000000  0.01500000    0.1093D+02  0.897852173372109E+00  0.122071777954799E-17    0.111376909212599E+01 -0.151427793281706E-17
  0.00000000  0.00000000  0.01500000    0.1127D+02  0.906754339988572E+00  0.113775724872567E-17    0.110283453400687E+01 -0.138379043791191E-17
  0.00000000  0.00000000  0.01500000    0.1161D+02  0.914522898074093E+00  0.106243476682340E-17    0.109346633321693E+01 -0.127031991348395E-17
