 q(1:3)   w(Ry)   eps  epsi --- LFC included. 
  0.00000000  0.00000000  0.03000000    0.0000D+00  0.263532822141042E+01 -0.118041369774029E-16    0.379459375069722E+00  0.169967080543972E-17
  0.00000000  0.00000000  0.03000000    0.1015D-04  0.263532822157694E+01 -0.118041372208128E-16    0.379459375045745E+00  0.169967084027339E-17
  0.00000000  0.00000000  0.03000000    0.3076D-04  0.263532822293955E+01 -0.118041371802237E-16    0.379459374849543E+00  0.169967083267133E-17
  0.00000000  0.00000000  0.03000000    0.5200D-04  0.263532822577995E+01 -0.118041380197024E-16    0.379459374440555E+00  0.169967094988351E-17
  0.00000000  0.00000000  0.03000000    0.7389D-04  0.263532823023194E+01 -0.118041373259201E-16    0.379459373799516E+00  0.169967084424353E-17
  0.00000000  0.00000000  0.03000000    0.9644D-04  0.263532823643891E+01 -0.118041371748247E-16    0.379459372905779E+00  0.169967081448096E-17
  0.00000000  0.00000000  0.03000000    0.1197D-03  0.263532824455443E+01 -0.118041372312822E-16    0.379459371737229E+00  0.169967081214192E-17
  0.00000000  0.00000000  0.03000000    0.1436D-03  0.263532825474298E+01 -0.118041378924081E-16    0.379459370270186E+00  0.169967089419472E-17
  0.00000000  0.00000000  0.03000000    0.1683D-03  0.263532826718058E+01 -0.118041375065584E-16    0.379459368479304E+00  0.169967082259304E-17
  0.00000000  0.00000000  0.03000000    0.1937D-03  0.263532828205562E+01 -0.118041378308991E-16    0.379459366337455E+00  0.169967085010717E-17
  0.00000000  0.00000000  0.03000000    0.2199D-03  0.263532829956963E+01 -0.118041380102799E-16    0.379459363815624E+00  0.169967085334458E-17
  0.00000000  0.00000000  0.03000000    0.2469D-03  0.263532831993814E+01 -0.118041378514377E-16    0.379459360882774E+00  0.169967080419939E-17
  0.00000000  0.00000000  0.03000000    0.2748D-03  0.263532834339163E+01 -0.118041387322015E-16    0.379459357505719E+00  0.169967090076712E-17
  0.00000000  0.00000000  0.03000000    0.3034D-03  0.263532837017644E+01 -0.118041390483392E-16    0.379459353648991E+00  0.169967091173755E-17
  0.00000000  0.00000000  0.03000000    0.3330D-03  0.263532840055587E+01 -0.118041388670291E-16    0.379459349274675E+00  0.169967084644402E-17
  0.00000000  0.00000000  0.03000000    0.3634D-03  0.263532843481122E+01 -0.118041386309979E-16    0.379459344342267E+00  0.169967076827164E-17
  0.00000000  0.00000000  0.03000000    0.3948D-03  0.263532847324301E+01 -0.118041395609980E-16    0.379459338808498E+00  0.169967085260818E-17
  0.00000000  0.00000000  0.03000000    0.4271D-03  0.263532851617214E+01 -0.118041396696765E-16    0.379459332627158E+00  0.169967081288192E-17
  0.00000000  0.00000000  0.03000000    0.4604D-03  0.263532856394135E+01 -0.118041405205506E-16    0.379459325748899E+00  0.169967087378069E-17
  0.00000000  0.00000000  0.03000000    0.4948D-03  0.263532861691646E+01 -0.118041411653445E-16    0.379459318121046E+00  0.169967089829093E-17
  0.00000000  0.00000000  0.03000000    0.5301D-03  0.263532867548798E+01 -0.118041413657351E-16    0.379459309687371E+00  0.169967085159295E-17
  0.00000000  0.00000000  0.03000000    0.5666D-03  0.263532874007264E+01 -0.118041420412119E-16    0.379459300387866E+00  0.169967086554591E-17
  0.00000000  0.00000000  0.03000000    0.6041D-03  0.263532881111512E+01 -0.118041425201824E-16    0.379459290158506E+00  0.169967084287403E-17
  0.00000000  0.00000000  0.03000000    0.6428D-03  0.263532888908976E+01 -0.118041430105832E-16    0.379459278930987E+00  0.169967081290611E-17
  0.00000000  0.00000000  0.03000000    0.6827D-03  0.263532897450259E+01 -0.118041442195986E-16    0.379459266632450E+00  0.169967087681643E-17
  0.00000000  0.00000000  0.03000000    0.7238D-03  0.263532906789322E+01 -0.118041444786468E-16    0.379459253185196E+00  0.169967079365095E-17
  0.00000000  0.00000000  0.03000000    0.7662D-03  0.263532916983710E+01 -0.118041458252793E-16    0.379459238506367E+00  0.169967085605305E-17
  0.00000000  0.00000000  0.03000000    0.8098D-03  0.263532928094774E+01 -0.118041466941438E-16    0.379459222507622E+00  0.169967083783734E-17
  0.00000000  0.00000000  0.03000000    0.8548D-03  0.263532940187918E+01 -0.118041481278589E-16    0.379459205094790E+00  0.169967088828612E-17
  0.00000000  0.00000000  0.03000000    0.9011D-03  0.263532953332854E+01 -0.118041484147692E-16    0.379459186167491E+00  0.169967076004008E-17
  0.00000000  0.00000000  0.03000000    0.9488D-03  0.263532967603881E+01 -0.118041496709223E-16    0.379459165618743E+00  0.169967075682906E-17
  0.00000000  0.00000000  0.03000000    0.9980D-03  0.263532983080172E+01 -0.118041517321169E-16    0.379459143334547E+00  0.169967085398848E-17
  0.00000000  0.00000000  0.03000000    0.1049D-02  0.263532999846090E+01 -0.118041525947788E-16    0.379459119193432E+00  0.169967076193706E-17
  0.00000000  0.00000000  0.03000000    0.1101D-02  0.263533017991508E+01 -0.118041543599970E-16    0.379459093065987E+00  0.169967078204968E-17
  0.00000000  0.00000000  0.03000000    0.1155D-02  0.263533037612172E+01 -0.118041557103376E-16    0.379459064814351E+00  0.169967072339502E-17
  0.00000000  0.00000000  0.03000000    0.1210D-02  0.263533058810063E+01 -0.118041581381278E-16    0.379459034291684E+00  0.169967079953662E-17
  0.00000000  0.00000000  0.03000000    0.1267D-02  0.263533081693796E+01 -0.118041598258199E-16    0.379459001341593E+00  0.169967074736621E-17
  0.00000000  0.00000000  0.03000000    0.1326D-02  0.263533106379039E+01 -0.118041623356329E-16    0.379458965797528E+00  0.169967079033439E-17
  0.00000000  0.00000000  0.03000000    0.1387D-02  0.263533132988966E+01 -0.118041644684606E-16    0.379458927482136E+00  0.169967075419406E-17
  0.00000000  0.00000000  0.03000000    0.1450D-02  0.263533161654719E+01 -0.118041664878936E-16    0.379458886206586E+00  0.169967067520780E-17
  0.00000000  0.00000000  0.03000000    0.1514D-02  0.263533192515925E+01 -0.118041698465531E-16    0.379458841769836E+00  0.169967076073607E-17
  0.00000000  0.00000000  0.03000000    0.1580D-02  0.263533225721223E+01 -0.118041723702303E-16    0.379458793957861E+00  0.169967069579931E-17
  0.00000000  0.00000000  0.03000000    0.1649D-02  0.263533261428835E+01 -0.118041753430118E-16    0.379458742542843E+00  0.169967066325101E-17
  0.00000000  0.00000000  0.03000000    0.1719D-02  0.263533299807175E+01 -0.118041792635647E-16    0.379458687282287E+00  0.169967073272123E-17
  0.00000000  0.00000000  0.03000000    0.1792D-02  0.263533341035486E+01 -0.118041822635135E-16    0.379458627918106E+00  0.169967063287257E-17
  0.00000000  0.00000000  0.03000000    0.1867D-02  0.263533385304525E+01 -0.118041863984670E-16    0.379458564175638E+00  0.169967065722924E-17
  0.00000000  0.00000000  0.03000000    0.1944D-02  0.263533432817286E+01 -0.118041900033196E-16    0.379458495762593E+00  0.169967056341615E-17
  0.00000000  0.00000000  0.03000000    0.2024D-02  0.263533483789775E+01 -0.118041946678660E-16    0.379458422367959E+00  0.169967057755965E-17
  0.00000000  0.00000000  0.03000000    0.2106D-02  0.263533538451822E+01 -0.118041991336503E-16    0.379458343660807E+00  0.169967051549158E-17
  0.00000000  0.00000000  0.03000000    0.2190D-02  0.263533597047957E+01 -0.118042048067149E-16    0.379458259289052E+00  0.169967057651187E-17
  0.00000000  0.00000000  0.03000000    0.2277D-02  0.263533659838328E+01 -0.118042098570854E-16    0.379458168878114E+00  0.169967049376938E-17
  0.00000000  0.00000000  0.03000000    0.2367D-02  0.263533727099689E+01 -0.118042154500172E-16    0.379458072029514E+00  0.169967043147769E-17
  0.00000000  0.00000000  0.03000000    0.2459D-02  0.263533799126431E+01 -0.118042221915967E-16    0.379457968319369E+00  0.169967047310876E-17
  0.00000000  0.00000000  0.03000000    0.2554D-02  0.263533876231703E+01 -0.118042287789361E-16    0.379457857296792E+00  0.169967042702246E-17
  0.00000000  0.00000000  0.03000000    0.2652D-02  0.263533958748581E+01 -0.118042356162431E-16    0.379457738482207E+00  0.169967034712366E-17
  0.00000000  0.00000000  0.03000000    0.2753D-02  0.263534047031316E+01 -0.118042432951125E-16    0.379457611365551E+00  0.169967031402547E-17
  0.00000000  0.00000000  0.03000000    0.2858D-02  0.263534141456668E+01 -0.118042513941386E-16    0.379457475404349E+00  0.169967026219053E-17
  0.00000000  0.00000000  0.03000000    0.2965D-02  0.263534242425308E+01 -0.118042604324430E-16    0.379457330021704E+00  0.169967026119771E-17
  0.00000000  0.00000000  0.03000000    0.3075D-02  0.263534350363326E+01 -0.118042692438558E-16    0.379457174604121E+00  0.169967013763652E-17
  0.00000000  0.00000000  0.03000000    0.3189D-02  0.263534465723810E+01 -0.118042796772235E-16    0.379457008499230E+00  0.169967015187373E-17
  0.00000000  0.00000000  0.03000000    0.3307D-02  0.263534588988548E+01 -0.118042900428869E-16    0.379456831013350E+00  0.169967005440449E-17
  0.00000000  0.00000000  0.03000000    0.3428D-02  0.263534720669815E+01 -0.118043012177225E-16    0.379456641408897E+00  0.169966996488026E-17
  0.00000000  0.00000000  0.03000000    0.3553D-02  0.263534861312288E+01 -0.118043139075764E-16    0.379456438901647E+00  0.169966997790788E-17
  0.00000000  0.00000000  0.03000000    0.3681D-02  0.263535011495060E+01 -0.118043269899697E-16    0.379456222657817E+00  0.169966992439468E-17
  0.00000000  0.00000000  0.03000000    0.3813D-02  0.263535171833808E+01 -0.118043405273352E-16    0.379455991790966E+00  0.169966980538863E-17
  0.00000000  0.00000000  0.03000000    0.3950D-02  0.263535342983062E+01 -0.118043554373620E-16    0.379455745358707E+00  0.169966974458192E-17
  0.00000000  0.00000000  0.03000000    0.4090D-02  0.263535525638645E+01 -0.118043707757899E-16    0.379455482359210E+00  0.169966959703799E-17
  0.00000000  0.00000000  0.03000000    0.4235D-02  0.263535720540249E+01 -0.118043879098576E-16    0.379455201727492E+00  0.169966955007926E-17
  0.00000000  0.00000000  0.03000000    0.4385D-02  0.263535928474169E+01 -0.118044057894510E-16    0.379454902331474E+00  0.169966944236078E-17
  0.00000000  0.00000000  0.03000000    0.4538D-02  0.263536150276217E+01 -0.118044250874052E-16    0.379454582967795E+00  0.169966935998008E-17
  0.00000000  0.00000000  0.03000000    0.4697D-02  0.263536386834817E+01 -0.118044451879744E-16    0.379454242357354E+00  0.169966920281840E-17
  0.00000000  0.00000000  0.03000000    0.4860D-02  0.263536639094277E+01 -0.118044675458487E-16    0.379453879140601E+00  0.169966916814903E-17
  0.00000000  0.00000000  0.03000000    0.5029D-02  0.263536908058285E+01 -0.118044905222844E-16    0.379453491872507E+00  0.169966900706981E-17
  0.00000000  0.00000000  0.03000000    0.5202D-02  0.263537194793605E+01 -0.118045152935950E-16    0.379453079017242E+00  0.169966887519189E-17
  0.00000000  0.00000000  0.03000000    0.5381D-02  0.263537500434020E+01 -0.118045419218249E-16    0.379452638942503E+00  0.169966876682330E-17
  0.00000000  0.00000000  0.03000000    0.5565D-02  0.263537826184502E+01 -0.118045698672541E-16    0.379452169913515E+00  0.169966858870929E-17
  0.00000000  0.00000000  0.03000000    0.5755D-02  0.263538173325653E+01 -0.118045996263390E-16    0.379451670086635E+00  0.169966839581277E-17
  0.00000000  0.00000000  0.03000000    0.5950D-02  0.263538543218419E+01 -0.118046325808827E-16    0.379451137502573E+00  0.169966836953465E-17
  0.00000000  0.00000000  0.03000000    0.6152D-02  0.263538937309097E+01 -0.118046664615790E-16    0.379450570079187E+00  0.169966816447589E-17
  0.00000000  0.00000000  0.03000000    0.6360D-02  0.263539357134653E+01 -0.118047024166362E-16    0.379449965603832E+00  0.169966792613348E-17
  0.00000000  0.00000000  0.03000000    0.6574D-02  0.263539804328371E+01 -0.118047410248240E-16    0.379449321725229E+00  0.169966771677125E-17
  0.00000000  0.00000000  0.03000000    0.6794D-02  0.263540280625853E+01 -0.118047820516696E-16    0.379448635944839E+00  0.169966748024048E-17
  0.00000000  0.00000000  0.03000000    0.7021D-02  0.263540787871390E+01 -0.118048264112999E-16    0.379447905607692E+00  0.169966732436729E-17
  0.00000000  0.00000000  0.03000000    0.7255D-02  0.263541328024734E+01 -0.118048729404528E-16    0.379447127892650E+00  0.169966705638369E-17
  0.00000000  0.00000000  0.03000000    0.7497D-02  0.263541903168286E+01 -0.118049226749532E-16    0.379446299802064E+00  0.169966679856605E-17
  0.00000000  0.00000000  0.03000000    0.7745D-02  0.263542515514737E+01 -0.118049752417992E-16    0.379445418150789E+00  0.169966646866650E-17
  0.00000000  0.00000000  0.03000000    0.8001D-02  0.263543167415173E+01 -0.118050318739027E-16    0.379444479554520E+00  0.169966621386962E-17
  0.00000000  0.00000000  0.03000000    0.8265D-02  0.263543861367695E+01 -0.118050916521919E-16    0.379443480417403E+00  0.169966586962332E-17
  0.00000000  0.00000000  0.03000000    0.8537D-02  0.263544600026580E+01 -0.118051555317544E-16    0.379442416918861E+00  0.169966553919913E-17
  0.00000000  0.00000000  0.03000000    0.8818D-02  0.263545386211985E+01 -0.118052237336972E-16    0.379441284999632E+00  0.169966521805059E-17
  0.00000000  0.00000000  0.03000000    0.9107D-02  0.263546222920292E+01 -0.118052958747093E-16    0.379440080346909E+00  0.169966481233674E-17
  0.00000000  0.00000000  0.03000000    0.9404D-02  0.263547113335065E+01 -0.118053729315214E-16    0.379438798378578E+00  0.169966442161425E-17
  0.00000000  0.00000000  0.03000000    0.9711D-02  0.263548060838708E+01 -0.118054549921313E-16    0.379437434226466E+00  0.169966401491822E-17
  0.00000000  0.00000000  0.03000000    0.1003D-01  0.263549069024843E+01 -0.118055415503681E-16    0.379435982718550E+00  0.169966347301586E-17
  0.00000000  0.00000000  0.03000000    0.1035D-01  0.263550141711453E+01 -0.118056345832554E-16    0.379434438360063E+00  0.169966303128988E-17
  0.00000000  0.00000000  0.03000000    0.1069D-01  0.263551282954856E+01 -0.118057331260010E-16    0.379432795313423E+00  0.169966249850892E-17
  0.00000000  0.00000000  0.03000000    0.1103D-01  0.263552497064538E+01 -0.118058388271963E-16    0.379431047376919E+00  0.169966205642486E-17
  0.00000000  0.00000000  0.03000000    0.1139D-01  0.263553788618916E+01 -0.118059499337635E-16    0.379429187962061E+00  0.169966139358587E-17
  0.00000000  0.00000000  0.03000000    0.1176D-01  0.263555162482083E+01 -0.118060689304143E-16    0.379427210069537E+00  0.169966080495967E-17
  0.00000000  0.00000000  0.03000000    0.1214D-01  0.263556623821593E+01 -0.118061949474347E-16    0.379425106263662E+00  0.169966009867095E-17
  0.00000000  0.00000000  0.03000000    0.1253D-01  0.263558178127368E+01 -0.118063291975547E-16    0.379422868645244E+00  0.169965937848511E-17
  0.00000000  0.00000000  0.03000000    0.1293D-01  0.263559831231762E+01 -0.118064725705530E-16    0.379420488822763E+00  0.169965869725141E-17
  0.00000000  0.00000000  0.03000000    0.1334D-01  0.263561589330901E+01 -0.118066247987299E-16    0.379417957881754E+00  0.169965793649317E-17
  0.00000000  0.00000000  0.03000000    0.1377D-01  0.263563459007344E+01 -0.118067855893713E-16    0.379415266352281E+00  0.169965696915169E-17
  0.00000000  0.00000000  0.03000000    0.1421D-01  0.263565447254161E+01 -0.118069582207129E-16    0.379412404174392E+00  0.169965617692953E-17
  0.00000000  0.00000000  0.03000000    0.1466D-01  0.263567561500515E+01 -0.118071401528750E-16    0.379409360661421E+00  0.169965509835070E-17
  0.00000000  0.00000000  0.03000000    0.1513D-01  0.263569809638846E+01 -0.118073348575232E-16    0.379406124461007E+00  0.169965413134555E-17
  0.00000000  0.00000000  0.03000000    0.1561D-01  0.263572200053758E+01 -0.118075413607031E-16    0.379402683513678E+00  0.169965302753318E-17
  0.00000000  0.00000000  0.03000000    0.1610D-01  0.263574741652713E+01 -0.118077612217691E-16    0.379399025008855E+00  0.169965189645495E-17
  0.00000000  0.00000000  0.03000000    0.1662D-01  0.263577443898645E+01 -0.118079945441461E-16    0.379395135338112E+00  0.169965063090554E-17
  0.00000000  0.00000000  0.03000000    0.1714D-01  0.263580316844622E+01 -0.118082432611257E-16    0.379391000045535E+00  0.169964937945662E-17
  0.00000000  0.00000000  0.03000000    0.1768D-01  0.263583371170686E+01 -0.118085070517669E-16    0.379386603774955E+00  0.169964795811090E-17
  0.00000000  0.00000000  0.03000000    0.1824D-01  0.263586618223004E+01 -0.118087878760842E-16    0.379381930213908E+00  0.169964650258730E-17
  0.00000000  0.00000000  0.03000000    0.1882D-01  0.263590070055473E+01 -0.118090863507594E-16    0.379376962034097E+00  0.169964494611143E-17
  0.00000000  0.00000000  0.03000000    0.1941D-01  0.263593739473952E+01 -0.118094032939724E-16    0.379371680828110E+00  0.169964324120606E-17
  0.00000000  0.00000000  0.03000000    0.2002D-01  0.263597640083275E+01 -0.118097409819850E-16    0.379366067042210E+00  0.169964153992709E-17
  0.00000000  0.00000000  0.03000000    0.2065D-01  0.263601786337228E+01 -0.118100991242585E-16    0.379360099904897E+00  0.169963961394927E-17
  0.00000000  0.00000000  0.03000000    0.2130D-01  0.263606193591676E+01 -0.118104799622005E-16    0.379353757351010E+00  0.169963758769629E-17
  0.00000000  0.00000000  0.03000000    0.2197D-01  0.263610878161053E+01 -0.118108851989439E-16    0.379347015941069E+00  0.169963549573421E-17
  0.00000000  0.00000000  0.03000000    0.2266D-01  0.263615857378413E+01 -0.118113159791766E-16    0.379339850775565E+00  0.169963327910592E-17
  0.00000000  0.00000000  0.03000000    0.2337D-01  0.263621149659300E+01 -0.118117735168387E-16    0.379332235403869E+00  0.169963087484342E-17
  0.00000000  0.00000000  0.03000000    0.2410D-01  0.263626774569651E+01 -0.118122594730318E-16    0.379324141727416E+00  0.169962826946680E-17
  0.00000000  0.00000000  0.03000000    0.2486D-01  0.263632752898022E+01 -0.118127764894226E-16    0.379315539896826E+00  0.169962557478550E-17
  0.00000000  0.00000000  0.03000000    0.2564D-01  0.263639106732409E+01 -0.118133259078142E-16    0.379306398202520E+00  0.169962269878026E-17
  0.00000000  0.00000000  0.03000000    0.2644D-01  0.263645859541953E+01 -0.118139094063287E-16    0.379296682958480E+00  0.169961957998412E-17
  0.00000000  0.00000000  0.03000000    0.2726D-01  0.263653036263860E+01 -0.118145298132900E-16    0.379286358378674E+00  0.169961630343390E-17
  0.00000000  0.00000000  0.03000000    0.2811D-01  0.263660663395897E+01 -0.118151890517019E-16    0.379275386445668E+00  0.169961280374394E-17
  0.00000000  0.00000000  0.03000000    0.2899D-01  0.263668769094784E+01 -0.118158903681345E-16    0.379263726770962E+00  0.169960918447830E-17
  0.00000000  0.00000000  0.03000000    0.2989D-01  0.263677383280921E+01 -0.118166344687445E-16    0.379251336446479E+00  0.169960516097672E-17
  0.00000000  0.00000000  0.03000000    0.3082D-01  0.263686537749848E+01 -0.118174256434283E-16    0.379238169886652E+00  0.169960093982383E-17
  0.00000000  0.00000000  0.03000000    0.3178D-01  0.263696266290885E+01 -0.118182673505192E-16    0.379224178660494E+00  0.169959658217038E-17
  0.00000000  0.00000000  0.03000000    0.3277D-01  0.263706604813447E+01 -0.118191610027427E-16    0.379209311313013E+00  0.169959182756091E-17
  0.00000000  0.00000000  0.03000000    0.3379D-01  0.263717591481539E+01 -0.118201113248373E-16    0.379193513175250E+00  0.169958686267669E-17
  0.00000000  0.00000000  0.03000000    0.3484D-01  0.263729266856992E+01 -0.118211203103281E-16    0.379176726162233E+00  0.169958145042379E-17
  0.00000000  0.00000000  0.03000000    0.3592D-01  0.263741674052036E+01 -0.118221929395525E-16    0.379158888558013E+00  0.169957575016935E-17
  0.00000000  0.00000000  0.03000000    0.3703D-01  0.263754858891837E+01 -0.118233332780288E-16    0.379139934786979E+00  0.169956975459355E-17
  0.00000000  0.00000000  0.03000000    0.3818D-01  0.263768870087693E+01 -0.118245439243340E-16    0.379119795170498E+00  0.169956320815556E-17
  0.00000000  0.00000000  0.03000000    0.3936D-01  0.263783759421637E+01 -0.118258313875520E-16    0.379098395667938E+00  0.169955637765195E-17
  0.00000000  0.00000000  0.03000000    0.4058D-01  0.263799581943213E+01 -0.118271993157918E-16    0.379075657601029E+00  0.169954907630496E-17
  0.00000000  0.00000000  0.03000000    0.4184D-01  0.263816396179303E+01 -0.118286534502568E-16    0.379051497360440E+00  0.169954137309580E-17
  0.00000000  0.00000000  0.03000000    0.4313D-01  0.263834264357917E+01 -0.118301985652092E-16    0.379025826093385E+00  0.169953315007798E-17
  0.00000000  0.00000000  0.03000000    0.4447D-01  0.263853252646935E+01 -0.118318401433079E-16    0.378998549370968E+00  0.169952434003279E-17
  0.00000000  0.00000000  0.03000000    0.4584D-01  0.263873431408875E+01 -0.118335852801588E-16    0.378969566833915E+00  0.169951505301990E-17
  0.00000000  0.00000000  0.03000000    0.4726D-01  0.263894875472841E+01 -0.118354390569820E-16    0.378938771815187E+00  0.169950505181667E-17
  0.00000000  0.00000000  0.03000000    0.4872D-01  0.263917664424908E+01 -0.118374097522649E-16    0.378906050937916E+00  0.169949449664096E-17
  0.00000000  0.00000000  0.03000000    0.5022D-01  0.263941882918270E+01 -0.118395031886586E-16    0.378871283686967E+00  0.169948312928116E-17
  0.00000000  0.00000000  0.03000000    0.5177D-01  0.263967621004651E+01 -0.118417291729430E-16    0.378834341952257E+00  0.169947119337400E-17
  0.00000000  0.00000000  0.03000000    0.5337D-01  0.263994974488539E+01 -0.118440944375406E-16    0.378795089541909E+00  0.169945841647292E-17
  0.00000000  0.00000000  0.03000000    0.5501D-01  0.264024045305960E+01 -0.118466080984481E-16    0.378753381663086E+00  0.169944478857026E-17
  0.00000000  0.00000000  0.03000000    0.5671D-01  0.264054941929682E+01 -0.118492797531399E-16    0.378709064368241E+00  0.169943028369610E-17
  0.00000000  0.00000000  0.03000000    0.5846D-01  0.264087779802859E+01 -0.118521202281571E-16    0.378661973964299E+00  0.169941496142169E-17
  0.00000000  0.00000000  0.03000000    0.6026D-01  0.264122681803335E+01 -0.118551378824413E-16    0.378611936382124E+00  0.169939843072255E-17
  0.00000000  0.00000000  0.03000000    0.6211D-01  0.264159778741005E+01 -0.118583460955609E-16    0.378558766503378E+00  0.169938091714825E-17
  0.00000000  0.00000000  0.03000000    0.6403D-01  0.264199209890880E+01 -0.118617559427836E-16    0.378502267441686E+00  0.169936220552584E-17
  0.00000000  0.00000000  0.03000000    0.6600D-01  0.264241123564703E+01 -0.118653811206120E-16    0.378442229774707E+00  0.169934233848032E-17
  0.00000000  0.00000000  0.03000000    0.6803D-01  0.264285677724257E+01 -0.118692342399793E-16    0.378378430723495E+00  0.169932107720900E-17
  0.00000000  0.00000000  0.03000000    0.7012D-01  0.264333040639824E+01 -0.118733311120613E-16    0.378310633275159E+00  0.169929850661766E-17
  0.00000000  0.00000000  0.03000000    0.7227D-01  0.264383391597508E+01 -0.118776856610299E-16    0.378238585244560E+00  0.169927429755005E-17
  0.00000000  0.00000000  0.03000000    0.7450D-01  0.264436921659630E+01 -0.118823156266958E-16    0.378162018270335E+00  0.169924851299705E-17
  0.00000000  0.00000000  0.03000000    0.7678D-01  0.264493834482665E+01 -0.118872387708714E-16    0.378080646740194E+00  0.169922105414548E-17
  0.00000000  0.00000000  0.03000000    0.7914D-01  0.264554347197792E+01 -0.118924731729473E-16    0.377994166639930E+00  0.169919169120101E-17
  0.00000000  0.00000000  0.03000000    0.8157D-01  0.264618691359531E+01 -0.118980390507390E-16    0.377902254320094E+00  0.169916031107333E-17
  0.00000000  0.00000000  0.03000000    0.8408D-01  0.264687113968597E+01 -0.119039583175270E-16    0.377804565173747E+00  0.169912684020321E-17
  0.00000000  0.00000000  0.03000000    0.8666D-01  0.264759878575698E+01 -0.119102534379668E-16    0.377700732218039E+00  0.169909106644960E-17
  0.00000000  0.00000000  0.03000000    0.8932D-01  0.264837266473747E+01 -0.119169491147234E-16    0.377590364571721E+00  0.169905286394319E-17
  0.00000000  0.00000000  0.03000000    0.9206D-01  0.264919577986820E+01 -0.119240700700098E-16    0.377473045819872E+00  0.169901185941044E-17
  0.00000000  0.00000000  0.03000000    0.9488D-01  0.265007133865028E+01 -0.119316458249606E-16    0.377348332256337E+00  0.169896809472884E-17
  0.00000000  0.00000000  0.03000000    0.9779D-01  0.265100276795626E+01 -0.119397055214837E-16    0.377215750993323E+00  0.169892126834621E-17
  0.00000000  0.00000000  0.03000000    0.1008D+00  0.265199373041796E+01 -0.119482808326057E-16    0.377074797926615E+00  0.169887112810602E-17
  0.00000000  0.00000000  0.03000000    0.1039D+00  0.265304814221914E+01 -0.119574059676175E-16    0.376924935543594E+00  0.169881744770861E-17
  0.00000000  0.00000000  0.03000000    0.1071D+00  0.265417019243683E+01 -0.119671164777055E-16    0.376765590559920E+00  0.169875983080138E-17
  0.00000000  0.00000000  0.03000000    0.1103D+00  0.265536436409205E+01 -0.119774526283402E-16    0.376596151369204E+00  0.169869816136597E-17
  0.00000000  0.00000000  0.03000000    0.1137D+00  0.265663545709117E+01 -0.119884554453565E-16    0.376415965288263E+00  0.169863201092717E-17
  0.00000000  0.00000000  0.03000000    0.1172D+00  0.265798861326214E+01 -0.120001692175548E-16    0.376224335578588E+00  0.169856096003520E-17
  0.00000000  0.00000000  0.03000000    0.1208D+00  0.265942934371578E+01 -0.120126420929850E-16    0.376020518222451E+00  0.169848464509828E-17
  0.00000000  0.00000000  0.03000000    0.1245D+00  0.266096355879339E+01 -0.120259250583271E-16    0.375803718429519E+00  0.169840257283470E-17
  0.00000000  0.00000000  0.03000000    0.1283D+00  0.266259760089609E+01 -0.120400748653417E-16    0.375573086847015E+00  0.169831448864961E-17
  0.00000000  0.00000000  0.03000000    0.1322D+00  0.266433828053278E+01 -0.120551489166571E-16    0.375327715443112E+00  0.169821960494845E-17
  0.00000000  0.00000000  0.03000000    0.1363D+00  0.266619291596989E+01 -0.120712114937477E-16    0.375066633029525E+00  0.169811742594788E-17
  0.00000000  0.00000000  0.03000000    0.1405D+00  0.266816937692118E+01 -0.120883310002695E-16    0.374788800384895E+00  0.169800729797536E-17
  0.00000000  0.00000000  0.03000000    0.1448D+00  0.267027613277960E+01 -0.121065815682907E-16    0.374493104935578E+00  0.169788856890451E-17
  0.00000000  0.00000000  0.03000000    0.1492D+00  0.267252230596767E+01 -0.121260420512680E-16    0.374178354944700E+00  0.169776037288896E-17
  0.00000000  0.00000000  0.03000000    0.1537D+00  0.267491773107067E+01 -0.121467985646564E-16    0.373843273153578E+00  0.169762190477937E-17
  0.00000000  0.00000000  0.03000000    0.1585D+00  0.267747302051984E+01 -0.121689437843591E-16    0.373486489811892E+00  0.169747222993721E-17
  0.00000000  0.00000000  0.03000000    0.1633D+00  0.268019963771464E+01 -0.121925774033647E-16    0.373106535023891E+00  0.169731024658259E-17
  0.00000000  0.00000000  0.03000000    0.1683D+00  0.268310997861749E+01 -0.122178070888870E-16    0.372701830327232E+00  0.169713470595772E-17
  0.00000000  0.00000000  0.03000000    0.1734D+00  0.268621746302604E+01 -0.122447510323197E-16    0.372270679408618E+00  0.169694443906116E-17
  0.00000000  0.00000000  0.03000000    0.1787D+00  0.268953663693312E+01 -0.122735352356072E-16    0.371811257845627E+00  0.169673783636107E-17
  0.00000000  0.00000000  0.03000000    0.1842D+00  0.269308328763031E+01 -0.123042985777163E-16    0.371321601746642E+00  0.169651338940458E-17
  0.00000000  0.00000000  0.03000000    0.1898D+00  0.269687457350712E+01 -0.123371900046051E-16    0.370799595140074E+00  0.169626911974802E-17
  0.00000000  0.00000000  0.03000000    0.1956D+00  0.270092917085544E+01 -0.123723731850739E-16    0.370242955939226E+00  0.169600301609321E-17
  0.00000000  0.00000000  0.03000000    0.2016D+00  0.270526744042408E+01 -0.124100266563435E-16    0.369649220279396E+00  0.169571281885711E-17
  0.00000000  0.00000000  0.03000000    0.2078D+00  0.270991161699862E+01 -0.124503440903535E-16    0.369015724987944E+00  0.169539579152020E-17
  0.00000000  0.00000000  0.03000000    0.2141D+00  0.271488602593341E+01 -0.124935394024613E-16    0.368339587904501E+00  0.169504911477419E-17
  0.00000000  0.00000000  0.03000000    0.2207D+00  0.272021733136592E+01 -0.125398461839632E-16    0.367617685715525E+00  0.169466945902534E-17
  0.00000000  0.00000000  0.03000000    0.2274D+00  0.272593482184108E+01 -0.125895202994912E-16    0.366846628902377E+00  0.169425293824419E-17
  0.00000000  0.00000000  0.03000000    0.2343D+00  0.273207074031769E+01 -0.126428451989309E-16    0.366022733321949E+00  0.169379536495489E-17
  0.00000000  0.00000000  0.03000000    0.2415D+00  0.273866066709360E+01 -0.127001324977767E-16    0.365141987839350E+00  0.169329179105007E-17
  0.00000000  0.00000000  0.03000000    0.2489D+00  0.274574396616505E+01 -0.127617279643981E-16    0.364200017307764E+00  0.169273668731841E-17
  0.00000000  0.00000000  0.03000000    0.2565D+00  0.275336430805782E+01 -0.128280150370771E-16    0.363192040033883E+00  0.169212368202294E-17
  0.00000000  0.00000000  0.03000000    0.2643D+00  0.276157028540781E+01 -0.128994207122021E-16    0.362112818668429E+00  0.169144548591333E-17
  0.00000000  0.00000000  0.03000000    0.2724D+00  0.277041614176406E+01 -0.129764218410258E-16    0.360956603206640E+00  0.169069371164241E-17
  0.00000000  0.00000000  0.03000000    0.2807D+00  0.277996263957225E+01 -0.130595494374843E-16    0.359717064454460E+00  0.168985824481173E-17
  0.00000000  0.00000000  0.03000000    0.2893D+00  0.279027810053251E+01 -0.131494067925859E-16    0.358387215886888E+00  0.168892817173300E-17
  0.00000000  0.00000000  0.03000000    0.2981D+00  0.280143966117522E+01 -0.132466699073581E-16    0.356959321258590E+00  0.168789011043111E-17
  0.00000000  0.00000000  0.03000000    0.3072D+00  0.281353479950988E+01 -0.133521068438229E-16    0.355424784571422E+00  0.168672863025084E-17
  0.00000000  0.00000000  0.03000000    0.3166D+00  0.282666320636410E+01 -0.134665936644437E-16    0.353774017982951E+00  0.168542574810036E-17
  0.00000000  0.00000000  0.03000000    0.3262D+00  0.284093909959974E+01 -0.135911303537304E-16    0.351996281842469E+00  0.168395983962608E-17
  0.00000000  0.00000000  0.03000000    0.3362D+00  0.285649411388051E+01 -0.137268698945107E-16    0.350079489098443E+00  0.168230544436966E-17
  0.00000000  0.00000000  0.03000000    0.3464D+00  0.287348094785135E+01 -0.138751484634819E-16    0.348009963576668E+00  0.168043220018836E-17
  0.00000000  0.00000000  0.03000000    0.3570D+00  0.289207802198825E+01 -0.140375230903891E-16    0.345772137679923E+00  0.167830339630956E-17
  0.00000000  0.00000000  0.03000000    0.3679D+00  0.291249550606765E+01 -0.142158235962176E-16    0.343348169264702E+00  0.167587451935381E-17
  0.00000000  0.00000000  0.03000000    0.3791D+00  0.293498323511185E+01 -0.144122170363207E-16    0.340717448752954E+00  0.167309092629345E-17
  0.00000000  0.00000000  0.03000000    0.3907D+00  0.295984128061635E+01 -0.146292980105152E-16    0.337855954151623E+00  0.166988529766090E-17
  0.00000000  0.00000000  0.03000000    0.4026D+00  0.298743433917126E+01 -0.148702000666597E-16    0.334735390461305E+00  0.166617292982308E-17
  0.00000000  0.00000000  0.03000000    0.4149D+00  0.301821175116937E+01 -0.151387606271295E-16    0.331322015300140E+00  0.166184651497154E-17
  0.00000000  0.00000000  0.03000000    0.4276D+00  0.305273607300834E+01 -0.154397465465621E-16    0.327574993738172E+00  0.165676781659180E-17
  0.00000000  0.00000000  0.03000000    0.4406D+00  0.309172510559476E+01 -0.157791780256435E-16    0.323444021006398E+00  0.165075503625932E-17
  0.00000000  0.00000000  0.03000000    0.4540D+00  0.313611599374000E+01 -0.161648118952586E-16    0.318865756877648E+00  0.164356324512715E-17
  0.00000000  0.00000000  0.03000000    0.4679D+00  0.318716741375820E+01 -0.166069084672066E-16    0.313758227974863E+00  0.163485424402836E-17
  0.00000000  0.00000000  0.03000000    0.4822D+00  0.324663180275717E+01 -0.171194669040558E-16    0.308011521094188E+00  0.162414260741295E-17
  0.00000000  0.00000000  0.03000000    0.4969D+00  0.331706742048722E+01 -0.177224247010426E-16    0.301471110844385E+00  0.161069956808249E-17
  0.00000000  0.00000000  0.03000000    0.5120D+00  0.340246253135615E+01 -0.184458873755179E-16    0.293904779489642E+00  0.159335610947390E-17
  0.00000000  0.00000000  0.03000000    0.5276D+00  0.350968038935530E+01 -0.193395117381428E-16    0.284926229474614E+00  0.157003873519129E-17
  0.00000000  0.00000000  0.03000000    0.5437D+00  0.365276910098478E+01 -0.204982558347537E-16    0.273764908855148E+00  0.153628739872388E-17
  0.00000000  0.00000000  0.03000000    0.5603D+00  0.388314595553845E+01  0.783840930578370E-04    0.257523155462714E+00 -0.519829004973318E-05
  0.00000000  0.00000000  0.03000000    0.5774D+00  0.424540742001651E+01  0.127158149766513E+00    0.235337527612363E+00 -0.704881336964764E-02
  0.00000000  0.00000000  0.03000000    0.5950D+00  0.444350046002977E+01  0.676415487971535E+00    0.219950942301654E+00 -0.334822118969186E-01
  0.00000000  0.00000000  0.03000000    0.6131D+00  0.435479541114815E+01  0.106213849667232E+01    0.216738641129570E+00 -0.528627484705347E-01
  0.00000000  0.00000000  0.03000000    0.6318D+00  0.421163668841722E+01  0.131183779417084E+01    0.216438642514463E+00 -0.674161643976489E-01
  0.00000000  0.00000000  0.03000000    0.6511D+00  0.408148327709747E+01  0.149288360512609E+01    0.216097765749427E+00 -0.790420515507098E-01
  0.00000000  0.00000000  0.03000000    0.6709D+00  0.397445883501946E+01  0.164811105597399E+01    0.214689472024079E+00 -0.890264831343690E-01
  0.00000000  0.00000000  0.03000000    0.6914D+00  0.387267737798488E+01  0.181430301318505E+01    0.211745226935314E+00 -0.992001051882593E-01
  0.00000000  0.00000000  0.03000000    0.7125D+00  0.374129790991978E+01  0.198450743831642E+01    0.208596429373143E+00 -0.110646405516027E+00
  0.00000000  0.00000000  0.03000000    0.7342D+00  0.361831437806086E+01  0.208173479380168E+01    0.207640997670565E+00 -0.119462668056545E+00
  0.00000000  0.00000000  0.03000000    0.7565D+00  0.352036123747115E+01  0.225134216248449E+01    0.201607210547043E+00 -0.128931885891203E+00
  0.00000000  0.00000000  0.03000000    0.7796D+00  0.332046710227839E+01  0.247820139895655E+01    0.193421693160318E+00 -0.144358578420951E+00
  0.00000000  0.00000000  0.03000000    0.8034D+00  0.306268199146413E+01  0.248897720245592E+01    0.196640538565381E+00 -0.159805627529063E+00
  0.00000000  0.00000000  0.03000000    0.8279D+00  0.294744705882853E+01  0.245794824905430E+01    0.200112452447767E+00 -0.166878672386891E+00
  0.00000000  0.00000000  0.03000000    0.8531D+00  0.289948061876992E+01  0.257616189961860E+01    0.192738507129454E+00 -0.171246393385763E+00
  0.00000000  0.00000000  0.03000000    0.8791D+00  0.279856665706328E+01  0.274643416846883E+01    0.182022063883676E+00 -0.178631305566234E+00
  0.00000000  0.00000000  0.03000000    0.9059D+00  0.266316415261273E+01  0.299000196801157E+01    0.166109777298378E+00 -0.186495661764166E+00
  0.00000000  0.00000000  0.03000000    0.9335D+00  0.222653188346653E+01  0.371941287650779E+01    0.118486266813193E+00 -0.197930849204007E+00
  0.00000000  0.00000000  0.03000000    0.9619D+00  0.102456133590675E+01  0.321347232431670E+01    0.900623769217480E-01 -0.282474992523588E+00
  0.00000000  0.00000000  0.03000000    0.9913D+00  0.811603601076516E+00  0.212335621209428E+01    0.157064037895490E+00 -0.410918458370121E+00
  0.00000000  0.00000000  0.03000000    0.1021D+01  0.121498891588366E+01  0.189171225074419E+01    0.240364669687783E+00 -0.374242747691040E+00
  0.00000000  0.00000000  0.03000000    0.1053D+01  0.167811202521321E+01  0.151732255918993E+01    0.327863340868134E+00 -0.296448887771597E+00
  0.00000000  0.00000000  0.03000000    0.1085D+01  0.230329280367993E+01  0.201026415544097E+01    0.246438477831722E+00 -0.215086174764686E+00
  0.00000000  0.00000000  0.03000000    0.1118D+01  0.223216584712884E+01  0.357134462290298E+01    0.125847518884214E+00 -0.201349223423933E+00
  0.00000000  0.00000000  0.03000000    0.1152D+01  0.459700953374959E+00  0.366508170411475E+01    0.336921678255353E-01 -0.268619299052469E+00
  0.00000000  0.00000000  0.03000000    0.1187D+01 -0.393024795854326E+00  0.213271718149732E+01   -0.835698246280765E-01 -0.453484876066388E+00
  0.00000000  0.00000000  0.03000000    0.1223D+01  0.317455144791766E-01  0.171006427834640E+01    0.108519518736258E-01 -0.584571885316098E+00
  0.00000000  0.00000000  0.03000000    0.1260D+01  0.138746210834252E+00  0.149469244041644E+01    0.615731427625500E-01 -0.663318374364901E+00
  0.00000000  0.00000000  0.03000000    0.1299D+01  0.118861955083725E+00  0.120633114859577E+01    0.808935264632787E-01 -0.820989193923922E+00
  0.00000000  0.00000000  0.03000000    0.1338D+01  0.502619372544968E+00  0.528437570051169E+00    0.944999738464266E+00 -0.993541818661933E+00
  0.00000000  0.00000000  0.03000000    0.1379D+01  0.114238883613229E+01  0.873130660296312E+00    0.552570204308289E+00 -0.422330796737491E+00
  0.00000000  0.00000000  0.03000000    0.1421D+01  0.109077021121199E+01  0.169835724499030E+01    0.267726429319281E+00 -0.416856929384382E+00
  0.00000000  0.00000000  0.03000000    0.1464D+01  0.342140990076706E+00  0.157777758101374E+01    0.131267420332221E+00 -0.605337562363551E+00
  0.00000000  0.00000000  0.03000000    0.1509D+01  0.152906517263874E+00  0.834256901704286E+00    0.212557632480142E+00 -0.115971297417273E+01
  0.00000000  0.00000000  0.03000000    0.1555D+01  0.535666165296276E+00  0.549553716539915E+00    0.909531222772656E+00 -0.933111508932710E+00
  0.00000000  0.00000000  0.03000000    0.1602D+01  0.821556193641340E+00  0.689992120548133E+00    0.713748912879940E+00 -0.599449106158103E+00
  0.00000000  0.00000000  0.03000000    0.1651D+01  0.869586337503667E+00  0.890928746675979E+00    0.561047177646542E+00 -0.574817056396797E+00
  0.00000000  0.00000000  0.03000000    0.1701D+01  0.693769163316620E+00  0.106126991372654E+01    0.431553291512888E+00 -0.660154052196277E+00
  0.00000000  0.00000000  0.03000000    0.1753D+01  0.371470146594539E+00  0.715407066556716E+00    0.571670770766685E+00 -0.110096952043043E+01
  0.00000000  0.00000000  0.03000000    0.1807D+01  0.468050892538230E+00  0.459892902266347E+00    0.108704159938191E+01 -0.106809478198606E+01
  0.00000000  0.00000000  0.03000000    0.1862D+01  0.620199275514104E+00  0.317551339305551E+00    0.127748129217549E+01 -0.654089598753306E+00
  0.00000000  0.00000000  0.03000000    0.1919D+01  0.784930766311227E+00  0.229191236143186E+00    0.117391268572911E+01 -0.342769720737054E+00
  0.00000000  0.00000000  0.03000000    0.1977D+01  0.926804051340032E+00  0.251862230982866E+00    0.100477419424802E+01 -0.273050889054080E+00
  0.00000000  0.00000000  0.03000000    0.2037D+01  0.103441329289471E+01  0.239197637291431E+00    0.917662432531943E+00 -0.212200178787813E+00
  0.00000000  0.00000000  0.03000000    0.2099D+01  0.114578121357891E+01  0.293928429947079E+00    0.818878104519782E+00 -0.210067640075652E+00
  0.00000000  0.00000000  0.03000000    0.2163D+01  0.123859141289381E+01  0.321880246166028E+00    0.756292134781482E+00 -0.196542213988178E+00
  0.00000000  0.00000000  0.03000000    0.2229D+01  0.134105805433770E+01  0.500822221853504E+00    0.654411013797542E+00 -0.244391789658464E+00
  0.00000000  0.00000000  0.03000000    0.2297D+01  0.126701093562706E+01  0.588917470817592E+00    0.649036755625051E+00 -0.301677810224417E+00
  0.00000000  0.00000000  0.03000000    0.2367D+01  0.125152773623844E+01  0.667287605506352E+00    0.622157091860123E+00 -0.331720747415415E+00
  0.00000000  0.00000000  0.03000000    0.2439D+01  0.112679428056876E+01  0.844924751148433E+00    0.568065735753057E+00 -0.425963113847928E+00
  0.00000000  0.00000000  0.03000000    0.2513D+01  0.936411393756435E+00  0.510302199052713E+00    0.823381940315535E+00 -0.448706217806440E+00
  0.00000000  0.00000000  0.03000000    0.2590D+01  0.112543606583521E+01  0.576732062430955E+00    0.703737881929673E+00 -0.360631947364232E+00
  0.00000000  0.00000000  0.03000000    0.2669D+01  0.117745209159112E+01  0.571579708058453E+00    0.687323739098185E+00 -0.333652897592209E+00
  0.00000000  0.00000000  0.03000000    0.2750D+01  0.121061746155620E+01  0.720098045583254E+00    0.610148479317743E+00 -0.362927796289601E+00
  0.00000000  0.00000000  0.03000000    0.2834D+01  0.100449838467939E+01  0.895618201226733E+00    0.554619417218176E+00 -0.494502781080036E+00
  0.00000000  0.00000000  0.03000000    0.2920D+01  0.101767651314659E+01  0.785994629672413E+00    0.615485584716267E+00 -0.475365558680322E+00
  0.00000000  0.00000000  0.03000000    0.3009D+01  0.104268728037692E+01  0.951658266706793E+00    0.523214072617197E+00 -0.477536272700565E+00
  0.00000000  0.00000000  0.03000000    0.3101D+01  0.628377196795577E+00  0.716637226552281E+00    0.691720219806650E+00 -0.788877225972343E+00
  0.00000000  0.00000000  0.03000000    0.3195D+01  0.779180022253322E+00  0.549450137046607E+00    0.857167749763105E+00 -0.604444318550753E+00
  0.00000000  0.00000000  0.03000000    0.3293D+01  0.935048941210500E+00  0.848599547511249E+00    0.586444319969283E+00 -0.532224959179375E+00
  0.00000000  0.00000000  0.03000000    0.3393D+01  0.135488300899863E+00  0.691468384691194E+00    0.272894720550275E+00 -0.139272594280385E+01
  0.00000000  0.00000000  0.03000000    0.3496D+01  0.533333380690741E+00  0.318044989344050E+00    0.138313635287877E+01 -0.824811651659537E+00
  0.00000000  0.00000000  0.03000000    0.3603D+01  0.736669893568038E+00  0.363152806102756E+00    0.109207064070873E+01 -0.538353095597464E+00
  0.00000000  0.00000000  0.03000000    0.3713D+01  0.533573238394804E+00  0.433853013382500E+00    0.112823155531222E+01 -0.917374832249828E+00
  0.00000000  0.00000000  0.03000000    0.3826D+01  0.654348862684129E+00  0.308527418002629E+00    0.125028060998248E+01 -0.589510993866977E+00
  0.00000000  0.00000000  0.03000000    0.3942D+01  0.542731920237387E+00  0.227624856871047E+00    0.156690918212487E+01 -0.657170630677295E+00
  0.00000000  0.00000000  0.03000000    0.4062D+01  0.711738731182617E+00  0.147444719967534E+00    0.134719403640068E+01 -0.279086466334321E+00
  0.00000000  0.00000000  0.03000000    0.4186D+01  0.809330664353729E+00  0.213514601611220E+00    0.115518889475751E+01 -0.304757631847312E+00
  0.00000000  0.00000000  0.03000000    0.4313D+01  0.758776170308753E+00  0.265277746942296E+00    0.117436967383624E+01 -0.410574492641054E+00
  0.00000000  0.00000000  0.03000000    0.4445D+01  0.695356280420378E+00  0.219263249939781E+00    0.130805221672821E+01 -0.412461623209000E+00
  0.00000000  0.00000000  0.03000000    0.4580D+01  0.731191595664923E+00  0.126304793052899E+00    0.132800489805708E+01 -0.229397308197729E+00
  0.00000000  0.00000000  0.03000000    0.4720D+01  0.778528415083496E+00  0.134412041114069E+00    0.124729570642353E+01 -0.215344178227870E+00
  0.00000000  0.00000000  0.03000000    0.4863D+01  0.796136011507759E+00  0.102903778130241E+00    0.123542699845710E+01 -0.159683903136821E+00
  0.00000000  0.00000000  0.03000000    0.5012D+01  0.838386462476328E+00  0.104489132227093E+00    0.117452354452807E+01 -0.146382308685587E+00
  0.00000000  0.00000000  0.03000000    0.5164D+01  0.853306405262620E+00  0.117957674526064E+00    0.114993759938628E+01 -0.158962787853379E+00
  0.00000000  0.00000000  0.03000000    0.5322D+01  0.872123259518248E+00  0.822377711961001E-01    0.113652125660224E+01 -0.107169455739075E+00
  0.00000000  0.00000000  0.03000000    0.5484D+01  0.923891476969584E+00  0.117717627997480E+00    0.106508696607633E+01 -0.135708050548091E+00
  0.00000000  0.00000000  0.03000000    0.5651D+01  0.918988107948119E+00  0.186568238703879E+00    0.104508034309104E+01 -0.212166835705722E+00
  0.00000000  0.00000000  0.03000000    0.5823D+01  0.869273074066691E+00  0.160856389741540E+00    0.111229871339560E+01 -0.205827559473272E+00
  0.00000000  0.00000000  0.03000000    0.6000D+01  0.875183239462001E+00  0.181441290339132E+00    0.109553108208318E+01 -0.227123377342087E+00
  0.00000000  0.00000000  0.03000000    0.6183D+01  0.840423980186768E+00  0.161555339210779E+00    0.114747341451569E+01 -0.220579684882665E+00
  0.00000000  0.00000000  0.03000000    0.6371D+01  0.823929725269775E+00  0.140568104983678E+00    0.117936820518650E+01 -0.201208365952311E+00
  0.00000000  0.00000000  0.03000000    0.6565D+01  0.815932517773352E+00  0.109418576863014E+00    0.120394051562714E+01 -0.161451412927064E+00
  0.00000000  0.00000000  0.03000000    0.6765D+01  0.834819308594583E+00  0.650440307112537E-01    0.119063615683746E+01 -0.927671101446386E-01
  0.00000000  0.00000000  0.03000000    0.6971D+01  0.863134408522951E+00  0.693125299007040E-01    0.115114481656026E+01 -0.924407122807360E-01
  0.00000000  0.00000000  0.03000000    0.7184D+01  0.879761487512990E+00  0.579156844369566E-01    0.113176693677135E+01 -0.745054855169055E-01
  0.00000000  0.00000000  0.03000000    0.7402D+01  0.895839215665778E+00  0.906319798266904E-01    0.110496206399356E+01 -0.111788921205795E+00
  0.00000000  0.00000000  0.03000000    0.7628D+01  0.867331378169569E+00  0.720985025932963E-01    0.114504949035494E+01 -0.951843271530620E-01
  0.00000000  0.00000000  0.03000000    0.7860D+01  0.877771375027842E+00  0.671228082756117E-01    0.113262567820244E+01 -0.866114097689794E-01
  0.00000000  0.00000000  0.03000000    0.8100D+01  0.873265752736314E+00  0.697746480691939E-01    0.113786250617941E+01 -0.909161451379767E-01
  0.00000000  0.00000000  0.03000000    0.8346D+01  0.866293651115491E+00  0.467765503680064E-01    0.115098718188200E+01 -0.621489143051050E-01
  0.00000000  0.00000000  0.03000000    0.8600D+01  0.875032179073613E+00  0.330849507523668E-01    0.114118368441957E+01 -0.431481343216405E-01
  0.00000000  0.00000000  0.03000000    0.8862D+01  0.885229111480757E+00  0.233038247332488E-01    0.112886873165214E+01 -0.297176840753255E-01
  0.00000000  0.00000000  0.03000000    0.9132D+01  0.890466163092907E+00  0.216772498117165E-01    0.112234218008974E+01 -0.273219722662199E-01
  0.00000000  0.00000000  0.03000000    0.9410D+01  0.896762938525892E+00  0.589914040912685E-02    0.111507365592318E+01 -0.733524522503371E-02
  0.00000000  0.00000000  0.03000000    0.9697D+01  0.910095223899835E+00  0.164423518291224E-02    0.109878253365084E+01 -0.198512952573961E-02
  0.00000000  0.00000000  0.03000000    0.9992D+01  0.920229695309667E+00  0.855239125434751E-04    0.108668520094442E+01 -0.100993882898535E-03
  0.00000000  0.00000000  0.03000000    0.1030D+02  0.928282254862946E+00  0.184160239349438E-05    0.107725855445088E+01 -0.213715378258733E-05
  0.00000000  0.00000000  0.03000000    0.1061D+02  0.934648548310976E+00  0.251711123151131E-18    0.106992088288921E+01 -0.288141449105732E-18
  0.00000000  0.00000000  0.03000000    0.1093D+02  0.940045174798887E+00  0.198393010424493E-18    0.106377866384340E+01 -0.224506499477952E-18
  0.00000000  0.00000000  0.03000000    0.1127D+02  0.944756321842354E+00  0.164039638978026E-18    0.105847399681848E+01 -0.183784631329204E-18
  0.00000000  0.00000000  0.03000000    0.1161D+02  0.948936605467435E+00  0.139909247780532E-18    0.105381117583446E+01 -0.155371737231162E-18
