 q(1:3)   w(Ry)   eps  epsi --- LFC included. 
  0.00000000  0.00000000  0.05000000    0.0000D+00  0.261417091903044E+01  0.204885969277841E-17    0.382530458402806E+00 -0.299808720147588E-18
  0.00000000  0.00000000  0.05000000    0.1015D-04  0.261417091919614E+01  0.204885978946255E-17    0.382530458378560E+00 -0.299808734257328E-18
  0.00000000  0.00000000  0.05000000    0.3076D-04  0.261417092055207E+01  0.204885963293285E-17    0.382530458180147E+00 -0.299808711041394E-18
  0.00000000  0.00000000  0.05000000    0.5200D-04  0.261417092337853E+01  0.204885967993204E-17    0.382530457766552E+00 -0.299808717270454E-18
  0.00000000  0.00000000  0.05000000    0.7389D-04  0.261417092780867E+01  0.204885962897939E-17    0.382530457118292E+00 -0.299808708798426E-18
  0.00000000  0.00000000  0.05000000    0.9644D-04  0.261417093398518E+01  0.204885975185119E-17    0.382530456214486E+00 -0.299808725361483E-18
  0.00000000  0.00000000  0.05000000    0.1197D-03  0.261417094206089E+01  0.204885960804691E-17    0.382530455032771E+00 -0.299808702466326E-18
  0.00000000  0.00000000  0.05000000    0.1436D-03  0.261417095219944E+01  0.204885969741921E-17    0.382530453549201E+00 -0.299808713218635E-18
  0.00000000  0.00000000  0.05000000    0.1683D-03  0.261417096457601E+01  0.204885985614173E-17    0.382530451738143E+00 -0.299808733605592E-18
  0.00000000  0.00000000  0.05000000    0.1937D-03  0.261417097937807E+01  0.204885954134741E-17    0.382530449572166E+00 -0.299808684146707E-18
  0.00000000  0.00000000  0.05000000    0.2199D-03  0.261417099680614E+01  0.204885991056596E-17    0.382530447021924E+00 -0.299808734176779E-18
  0.00000000  0.00000000  0.05000000    0.2469D-03  0.261417101707470E+01  0.204885964892765E-17    0.382530444056034E+00 -0.299808691242324E-18
  0.00000000  0.00000000  0.05000000    0.2748D-03  0.261417104041311E+01  0.204885986157034E-17    0.382530440640935E+00 -0.299808717005056E-18
  0.00000000  0.00000000  0.05000000    0.3034D-03  0.261417106706649E+01  0.204885997495756E-17    0.382530436740758E+00 -0.299808727483418E-18
  0.00000000  0.00000000  0.05000000    0.3330D-03  0.261417109729686E+01  0.204885979610536E-17    0.382530432317163E+00 -0.299808694378063E-18
  0.00000000  0.00000000  0.05000000    0.3634D-03  0.261417113138413E+01  0.204885976596169E-17    0.382530427329189E+00 -0.299808682148492E-18
  0.00000000  0.00000000  0.05000000    0.3948D-03  0.261417116962734E+01  0.204886010235092E-17    0.382530421733079E+00 -0.299808722600252E-18
  0.00000000  0.00000000  0.05000000    0.4271D-03  0.261417121234583E+01  0.204886011478259E-17    0.382530415482102E+00 -0.299808714620949E-18
  0.00000000  0.00000000  0.05000000    0.4604D-03  0.261417125988064E+01  0.204886022992296E-17    0.382530408526356E+00 -0.299808720566234E-18
  0.00000000  0.00000000  0.05000000    0.4948D-03  0.261417131259582E+01  0.204886039542332E-17    0.382530400812570E+00 -0.299808732692440E-18
  0.00000000  0.00000000  0.05000000    0.5301D-03  0.261417137087993E+01  0.204886046675450E-17    0.382530392283884E+00 -0.299808729761558E-18
  0.00000000  0.00000000  0.05000000    0.5666D-03  0.261417143514770E+01  0.204886056178438E-17    0.382530382879615E+00 -0.299808728926012E-18
  0.00000000  0.00000000  0.05000000    0.6041D-03  0.261417150584158E+01  0.204886064985402E-17    0.382530372535015E+00 -0.299808725598009E-18
  0.00000000  0.00000000  0.05000000    0.6428D-03  0.261417158343362E+01  0.204886081926984E-17    0.382530361181011E+00 -0.299808732591104E-18
  0.00000000  0.00000000  0.05000000    0.6827D-03  0.261417166842735E+01  0.204886113256063E-17    0.382530348743925E+00 -0.299808758939610E-18
  0.00000000  0.00000000  0.05000000    0.7238D-03  0.261417176135973E+01  0.204886106460777E-17    0.382530335145179E+00 -0.299808727680029E-18
  0.00000000  0.00000000  0.05000000    0.7662D-03  0.261417186280339E+01  0.204886115747942E-17    0.382530320300984E+00 -0.299808718001566E-18
  0.00000000  0.00000000  0.05000000    0.8098D-03  0.261417197336884E+01  0.204886110811617E-17    0.382530304122004E+00 -0.299808685417669E-18
  0.00000000  0.00000000  0.05000000    0.8548D-03  0.261417209370689E+01  0.204886173399511E-17    0.382530286513006E+00 -0.299808749400016E-18
  0.00000000  0.00000000  0.05000000    0.9011D-03  0.261417222451125E+01  0.204886169853607E-17    0.382530267372480E+00 -0.299808714208478E-18
  0.00000000  0.00000000  0.05000000    0.9488D-03  0.261417236652128E+01  0.204886191426036E-17    0.382530246592239E+00 -0.299808713202187E-18
  0.00000000  0.00000000  0.05000000    0.9980D-03  0.261417252052480E+01  0.204886222728062E-17    0.382530224056998E+00 -0.299808723682183E-18
  0.00000000  0.00000000  0.05000000    0.1049D-02  0.261417268736131E+01  0.204886245282619E-17    0.382530199643919E+00 -0.299808718418534E-18
  0.00000000  0.00000000  0.05000000    0.1101D-02  0.261417286792513E+01  0.204886270835672E-17    0.382530173222133E+00 -0.299808714393907E-18
  0.00000000  0.00000000  0.05000000    0.1155D-02  0.261417306316903E+01  0.204886323805544E-17    0.382530144652226E+00 -0.299808747120925E-18
  0.00000000  0.00000000  0.05000000    0.1210D-02  0.261417327410780E+01  0.204886352657568E-17    0.382530113785703E+00 -0.299808740956492E-18
  0.00000000  0.00000000  0.05000000    0.1267D-02  0.261417350182227E+01  0.204886392923835E-17    0.382530080464410E+00 -0.299808747646566E-18
  0.00000000  0.00000000  0.05000000    0.1326D-02  0.261417374746345E+01  0.204886413470772E-17    0.382530044519920E+00 -0.299808721369607E-18
  0.00000000  0.00000000  0.05000000    0.1387D-02  0.261417401225702E+01  0.204886469417998E-17    0.382530005772883E+00 -0.299808742500599E-18
  0.00000000  0.00000000  0.05000000    0.1450D-02  0.261417429750799E+01  0.204886508925804E-17    0.382529964032341E+00 -0.299808734883563E-18
  0.00000000  0.00000000  0.05000000    0.1514D-02  0.261417460460575E+01  0.204886586317806E-17    0.382529919094985E+00 -0.299808777691106E-18
  0.00000000  0.00000000  0.05000000    0.1580D-02  0.261417493502942E+01  0.204886628766716E-17    0.382529870744380E+00 -0.299808764016405E-18
  0.00000000  0.00000000  0.05000000    0.1649D-02  0.261417529035343E+01  0.204886680129872E-17    0.382529818750143E+00 -0.299808757674403E-18
  0.00000000  0.00000000  0.05000000    0.1719D-02  0.261417567225369E+01  0.204886754947209E-17    0.382529762867044E+00 -0.299808779556832E-18
  0.00000000  0.00000000  0.05000000    0.1792D-02  0.261417608251381E+01  0.204886825048475E-17    0.382529702834092E+00 -0.299808788033312E-18
  0.00000000  0.00000000  0.05000000    0.1867D-02  0.261417652303200E+01  0.204886881979715E-17    0.382529638373529E+00 -0.299808770297876E-18
  0.00000000  0.00000000  0.05000000    0.1944D-02  0.261417699582826E+01  0.204886989636305E-17    0.382529569189773E+00 -0.299808819384601E-18
  0.00000000  0.00000000  0.05000000    0.2024D-02  0.261417750305202E+01  0.204887047975994E-17    0.382529494968307E+00 -0.299808788409746E-18
  0.00000000  0.00000000  0.05000000    0.2106D-02  0.261417804699034E+01  0.204887132985397E-17    0.382529415374475E+00 -0.299808788039089E-18
  0.00000000  0.00000000  0.05000000    0.2190D-02  0.261417863007648E+01  0.204887239892421E-17    0.382529330052225E+00 -0.299808810731515E-18
  0.00000000  0.00000000  0.05000000    0.2277D-02  0.261417925489920E+01  0.204887365248172E-17    0.382529238622758E+00 -0.299808850846490E-18
  0.00000000  0.00000000  0.05000000    0.2367D-02  0.261417992421241E+01  0.204887453364967E-17    0.382529140683105E+00 -0.299808826265328E-18
  0.00000000  0.00000000  0.05000000    0.2459D-02  0.261418064094562E+01  0.204887577823561E-17    0.382529035804608E+00 -0.299808843985770E-18
  0.00000000  0.00000000  0.05000000    0.2554D-02  0.261418140821493E+01  0.204887710617142E-17    0.382528923531302E+00 -0.299808862311075E-18
  0.00000000  0.00000000  0.05000000    0.2652D-02  0.261418222933476E+01  0.204887838884131E-17    0.382528803378207E+00 -0.299808861660872E-18
  0.00000000  0.00000000  0.05000000    0.2753D-02  0.261418310783023E+01  0.204887990368114E-17    0.382528674829514E+00 -0.299808881823311E-18
  0.00000000  0.00000000  0.05000000    0.2858D-02  0.261418404745047E+01  0.204888154217554E-17    0.382528537336638E+00 -0.299808906059547E-18
  0.00000000  0.00000000  0.05000000    0.2965D-02  0.261418505218252E+01  0.204888312619923E-17    0.382528390316181E+00 -0.299808907390331E-18
  0.00000000  0.00000000  0.05000000    0.3075D-02  0.261418612626636E+01  0.204888487446506E-17    0.382528233147738E+00 -0.299808916846952E-18
  0.00000000  0.00000000  0.05000000    0.3189D-02  0.261418727421066E+01  0.204888687076395E-17    0.382528065171591E+00 -0.299808945656145E-18
  0.00000000  0.00000000  0.05000000    0.3307D-02  0.261418850080964E+01  0.204888842465808E-17    0.382527885686243E+00 -0.299808891688086E-18
  0.00000000  0.00000000  0.05000000    0.3428D-02  0.261418981116093E+01  0.204889092042196E-17    0.382527693945801E+00 -0.299808956331080E-18
  0.00000000  0.00000000  0.05000000    0.3553D-02  0.261419121068455E+01  0.204889325701462E-17    0.382527489157208E+00 -0.299808977229215E-18
  0.00000000  0.00000000  0.05000000    0.3681D-02  0.261419270514304E+01  0.204889593105760E-17    0.382527270477287E+00 -0.299809025730029E-18
  0.00000000  0.00000000  0.05000000    0.3813D-02  0.261419430066292E+01  0.204889831114234E-17    0.382527037009611E+00 -0.299809008036060E-18
  0.00000000  0.00000000  0.05000000    0.3950D-02  0.261419600375742E+01  0.204890118661968E-17    0.382526787801178E+00 -0.299809038156718E-18
  0.00000000  0.00000000  0.05000000    0.4090D-02  0.261419782135060E+01  0.204890417007508E-17    0.382526521838872E+00 -0.299809057814554E-18
  0.00000000  0.00000000  0.05000000    0.4235D-02  0.261419976080307E+01  0.204890723552569E-17    0.382526238045713E+00 -0.299809061519276E-18
  0.00000000  0.00000000  0.05000000    0.4385D-02  0.261420182993922E+01  0.204891076809480E-17    0.382525935276869E+00 -0.299809103829805E-18
  0.00000000  0.00000000  0.05000000    0.4538D-02  0.261420403707614E+01  0.204891460524187E-17    0.382525612315422E+00 -0.299809159054302E-18
  0.00000000  0.00000000  0.05000000    0.4697D-02  0.261420639105448E+01  0.204891842888711E-17    0.382525267867865E+00 -0.299809178621626E-18
  0.00000000  0.00000000  0.05000000    0.4860D-02  0.261420890127098E+01  0.204892262056570E-17    0.382524900559332E+00 -0.299809216204799E-18
  0.00000000  0.00000000  0.05000000    0.5029D-02  0.261421157771326E+01  0.204892710482700E-17    0.382524508928514E+00 -0.299809258472437E-18
  0.00000000  0.00000000  0.05000000    0.5202D-02  0.261421443099662E+01  0.204893163109917E-17    0.382524091422282E+00 -0.299809266324718E-18
  0.00000000  0.00000000  0.05000000    0.5381D-02  0.261421747240325E+01  0.204893675328578E-17    0.382523646389946E+00 -0.299809318223528E-18
  0.00000000  0.00000000  0.05000000    0.5565D-02  0.261422071392373E+01  0.204894220774486E-17    0.382523172077189E+00 -0.299809372840991E-18
  0.00000000  0.00000000  0.05000000    0.5755D-02  0.261422416830125E+01  0.204894811202991E-17    0.382522666619600E+00 -0.299809444454864E-18
  0.00000000  0.00000000  0.05000000    0.5950D-02  0.261422784907846E+01  0.204895404597767E-17    0.382522128035821E+00 -0.299809468478913E-18
  0.00000000  0.00000000  0.05000000    0.6152D-02  0.261423177064737E+01  0.204896058424951E-17    0.382521554220254E+00 -0.299809525698280E-18
  0.00000000  0.00000000  0.05000000    0.6360D-02  0.261423594830222E+01  0.204896766781141E-17    0.382520942935330E+00 -0.299809603966404E-18
  0.00000000  0.00000000  0.05000000    0.6574D-02  0.261424039829568E+01  0.204897486040722E-17    0.382520291803286E+00 -0.299809635721159E-18
  0.00000000  0.00000000  0.05000000    0.6794D-02  0.261424513789860E+01  0.204898283021963E-17    0.382519598297437E+00 -0.299809714770659E-18
  0.00000000  0.00000000  0.05000000    0.7021D-02  0.261425018546337E+01  0.204899116438236E-17    0.382518859732911E+00 -0.299809776493686E-18
  0.00000000  0.00000000  0.05000000    0.7255D-02  0.261425556049134E+01  0.204900015886033E-17    0.382518073256791E+00 -0.299809859722668E-18
  0.00000000  0.00000000  0.05000000    0.7497D-02  0.261426128370432E+01  0.204900964849021E-17    0.382517235837664E+00 -0.299809935537348E-18
  0.00000000  0.00000000  0.05000000    0.7745D-02  0.261426737712061E+01  0.204901978037650E-17    0.382516344254509E+00 -0.299810020411174E-18
  0.00000000  0.00000000  0.05000000    0.8001D-02  0.261427386413570E+01  0.204903031959124E-17    0.382515395084901E+00 -0.299810074603071E-18
  0.00000000  0.00000000  0.05000000    0.8265D-02  0.261428076960799E+01  0.204904180967694E-17    0.382514384692486E+00 -0.299810171940820E-18
  0.00000000  0.00000000  0.05000000    0.8537D-02  0.261428811994996E+01  0.204905400891194E-17    0.382513309213654E+00 -0.299810270996990E-18
  0.00000000  0.00000000  0.05000000    0.8818D-02  0.261429594322478E+01  0.204906705347144E-17    0.382512164543424E+00 -0.299810385258508E-18
  0.00000000  0.00000000  0.05000000    0.9107D-02  0.261430426924917E+01  0.204908078030290E-17    0.382510946320414E+00 -0.299810484028220E-18
  0.00000000  0.00000000  0.05000000    0.9404D-02  0.261431312970254E+01  0.204909559017904E-17    0.382509649910904E+00 -0.299810618677704E-18
  0.00000000  0.00000000  0.05000000    0.9711D-02  0.261432255824290E+01  0.204911136554069E-17    0.382508270391893E+00 -0.299810764284626E-18
  0.00000000  0.00000000  0.05000000    0.1003D-01  0.261433259063005E+01  0.204912786680399E-17    0.382506802533108E+00 -0.299810877591434E-18
  0.00000000  0.00000000  0.05000000    0.1035D-01  0.261434326485644E+01  0.204914541170987E-17    0.382505240777903E+00 -0.299810996371993E-18
  0.00000000  0.00000000  0.05000000    0.1069D-01  0.261435462128611E+01  0.204916441300154E-17    0.382503579222951E+00 -0.299811171754425E-18
  0.00000000  0.00000000  0.05000000    0.1103D-01  0.261436670280238E+01  0.204918459607775E-17    0.382501811596700E+00 -0.299811353723105E-18
  0.00000000  0.00000000  0.05000000    0.1139D-01  0.261437955496464E+01  0.204920578427964E-17    0.382499931236467E+00 -0.299811505979641E-18
  0.00000000  0.00000000  0.05000000    0.1176D-01  0.261439322617505E+01  0.204922863339254E-17    0.382497931064117E+00 -0.299811713365230E-18
  0.00000000  0.00000000  0.05000000    0.1214D-01  0.261440776785546E+01  0.204925281609796E-17    0.382495803560237E+00 -0.299811916193328E-18
  0.00000000  0.00000000  0.05000000    0.1253D-01  0.261442323463553E+01  0.204927832058722E-17    0.382493540736685E+00 -0.299812100203281E-18
  0.00000000  0.00000000  0.05000000    0.1293D-01  0.261443968455247E+01  0.204930551781492E-17    0.382491134107451E+00 -0.299812306351165E-18
  0.00000000  0.00000000  0.05000000    0.1334D-01  0.261445717926330E+01  0.204933463768042E-17    0.382488574657696E+00 -0.299812554124104E-18
  0.00000000  0.00000000  0.05000000    0.1377D-01  0.261447578427041E+01  0.204936544617656E-17    0.382485852810857E+00 -0.299812794257984E-18
  0.00000000  0.00000000  0.05000000    0.1421D-01  0.261449556916108E+01  0.204939827657445E-17    0.382482958393720E+00 -0.299813059542765E-18
  0.00000000  0.00000000  0.05000000    0.1466D-01  0.261451660786215E+01  0.204943331087597E-17    0.382479880599299E+00 -0.299813359640894E-18
  0.00000000  0.00000000  0.05000000    0.1513D-01  0.261453897891044E+01  0.204947050358917E-17    0.382476607947429E+00 -0.299813669876041E-18
  0.00000000  0.00000000  0.05000000    0.1561D-01  0.261456276574019E+01  0.204950987540841E-17    0.382473128242877E+00 -0.299813974131236E-18
  0.00000000  0.00000000  0.05000000    0.1610D-01  0.261458805698856E+01  0.204955203648958E-17    0.382469428530850E+00 -0.299814341324302E-18
  0.00000000  0.00000000  0.05000000    0.1662D-01  0.261461494682008E+01  0.204959676521567E-17    0.382465495049743E+00 -0.299814717426728E-18
  0.00000000  0.00000000  0.05000000    0.1714D-01  0.261464353527165E+01  0.204964376994695E-17    0.382461313180921E+00 -0.299815036823198E-18
  0.00000000  0.00000000  0.05000000    0.1768D-01  0.261467392861903E+01  0.204969445970130E-17    0.382456867395378E+00 -0.299815481232514E-18
  0.00000000  0.00000000  0.05000000    0.1824D-01  0.261470623976650E+01  0.204974807155399E-17    0.382452141197056E+00 -0.299815913144557E-18
  0.00000000  0.00000000  0.05000000    0.1882D-01  0.261474058866079E+01  0.204980509343121E-17    0.382447117062644E+00 -0.299816376401838E-18
  0.00000000  0.00000000  0.05000000    0.1941D-01  0.261477710273132E+01  0.204986545452499E-17    0.382441776377585E+00 -0.299816831402068E-18
  0.00000000  0.00000000  0.05000000    0.2002D-01  0.261481591735788E+01  0.204992989588182E-17    0.382436099368112E+00 -0.299817355460829E-18
  0.00000000  0.00000000  0.05000000    0.2065D-01  0.261485717636802E+01  0.204999860542531E-17    0.382430065029011E+00 -0.299817943047702E-18
  0.00000000  0.00000000  0.05000000    0.2130D-01  0.261490103256570E+01  0.205007144153655E-17    0.382423651046867E+00 -0.299818538375075E-18
  0.00000000  0.00000000  0.05000000    0.2197D-01  0.261494764829333E+01  0.205014867362476E-17    0.382416833718510E+00 -0.299819143580743E-18
  0.00000000  0.00000000  0.05000000    0.2266D-01  0.261499719602940E+01  0.205023108478624E-17    0.382409587864337E+00 -0.299819833593024E-18
  0.00000000  0.00000000  0.05000000    0.2337D-01  0.261504985902395E+01  0.205031828083244E-17    0.382401886736203E+00 -0.299820508696800E-18
  0.00000000  0.00000000  0.05000000    0.2410D-01  0.261510583197429E+01  0.205041112030486E-17    0.382393701919529E+00 -0.299821249742084E-18
  0.00000000  0.00000000  0.05000000    0.2486D-01  0.261516532174366E+01  0.205050977456836E-17    0.382385003229260E+00 -0.299822034290039E-18
  0.00000000  0.00000000  0.05000000    0.2564D-01  0.261522854812566E+01  0.205061490815788E-17    0.382375758599264E+00 -0.299822909039366E-18
  0.00000000  0.00000000  0.05000000    0.2644D-01  0.261529574465720E+01  0.205072635102114E-17    0.382365933964794E+00 -0.299823795498581E-18
  0.00000000  0.00000000  0.05000000    0.2726D-01  0.261536715948349E+01  0.205084481804361E-17    0.382355493137526E+00 -0.299824741206304E-18
  0.00000000  0.00000000  0.05000000    0.2811D-01  0.261544305627829E+01  0.205097093645204E-17    0.382344397672712E+00 -0.299825777303619E-18
  0.00000000  0.00000000  0.05000000    0.2899D-01  0.261552371522307E+01  0.205110453179284E-17    0.382332606727947E+00 -0.299826813936949E-18
  0.00000000  0.00000000  0.05000000    0.2989D-01  0.261560943404897E+01  0.205124681792401E-17    0.382320076913012E+00 -0.299827960163871E-18
  0.00000000  0.00000000  0.05000000    0.3082D-01  0.261570052914592E+01  0.205139803096477E-17    0.382306762130189E+00 -0.299829177812822E-18
  0.00000000  0.00000000  0.05000000    0.3178D-01  0.261579733674317E+01  0.205155856495982E-17    0.382292613404470E+00 -0.299830447234613E-18
  0.00000000  0.00000000  0.05000000    0.3277D-01  0.261590021416605E+01  0.205172912266062E-17    0.382277578702978E+00 -0.299831789040596E-18
  0.00000000  0.00000000  0.05000000    0.3379D-01  0.261600954117434E+01  0.205191067539994E-17    0.382261602742892E+00 -0.299833257913702E-18
  0.00000000  0.00000000  0.05000000    0.3484D-01  0.261612572138739E+01  0.205210355827525E-17    0.382244626787156E+00 -0.299834810058567E-18
  0.00000000  0.00000000  0.05000000    0.3592D-01  0.261624918380228E+01  0.205230833566452E-17    0.382226588427126E+00 -0.299836429342536E-18
  0.00000000  0.00000000  0.05000000    0.3703D-01  0.261638038441107E+01  0.205252614215647E-17    0.382207421351346E+00 -0.299838176713144E-18
  0.00000000  0.00000000  0.05000000    0.3818D-01  0.261651980792409E+01  0.205275732172556E-17    0.382187055099493E+00 -0.299839990986598E-18
  0.00000000  0.00000000  0.05000000    0.3936D-01  0.261666796960672E+01  0.205300341558411E-17    0.382165414800525E+00 -0.299841978813047E-18
  0.00000000  0.00000000  0.05000000    0.4058D-01  0.261682541723726E+01  0.205326447026484E-17    0.382142420894000E+00 -0.299844021016516E-18
  0.00000000  0.00000000  0.05000000    0.4184D-01  0.261699273319474E+01  0.205354217838029E-17    0.382117988833401E+00 -0.299846230841194E-18
  0.00000000  0.00000000  0.05000000    0.4313D-01  0.261717053668548E+01  0.205383724461989E-17    0.382092028770297E+00 -0.299848568735099E-18
  0.00000000  0.00000000  0.05000000    0.4447D-01  0.261735948611854E+01  0.205415051409351E-17    0.382064445218019E+00 -0.299851006605632E-18
  0.00000000  0.00000000  0.05000000    0.4584D-01  0.261756028164055E+01  0.205448360761818E-17    0.382035136693491E+00 -0.299853619943768E-18
  0.00000000  0.00000000  0.05000000    0.4726D-01  0.261777366784143E+01  0.205483766673239E-17    0.382003995335694E+00 -0.299856403974492E-18
  0.00000000  0.00000000  0.05000000    0.4872D-01  0.261800043664358E+01  0.205521385461807E-17    0.381970906499181E+00 -0.299859346129290E-18
  0.00000000  0.00000000  0.05000000    0.5022D-01  0.261824143038758E+01  0.205561382208689E-17    0.381935748320951E+00 -0.299862493307741E-18
  0.00000000  0.00000000  0.05000000    0.5177D-01  0.261849754512958E+01  0.205603852083487E-17    0.381898391258760E+00 -0.299865777966204E-18
  0.00000000  0.00000000  0.05000000    0.5337D-01  0.261876973416545E+01  0.205649008708306E-17    0.381858697598962E+00 -0.299869292070068E-18
  0.00000000  0.00000000  0.05000000    0.5501D-01  0.261905901179936E+01  0.205696989587607E-17    0.381816520931682E+00 -0.299873002389902E-18
  0.00000000  0.00000000  0.05000000    0.5671D-01  0.261936645737502E+01  0.205747954682227E-17    0.381771705591031E+00 -0.299876893359996E-18
  0.00000000  0.00000000  0.05000000    0.5846D-01  0.261969321958993E+01  0.205802152216750E-17    0.381724086057884E+00 -0.299881061935877E-18
  0.00000000  0.00000000  0.05000000    0.6026D-01  0.262004052111452E+01  0.205859804451677E-17    0.381673486322501E+00 -0.299885549958277E-18
  0.00000000  0.00000000  0.05000000    0.6211D-01  0.262040966354023E+01  0.205920996141304E-17    0.381619719204126E+00 -0.299890180604473E-18
  0.00000000  0.00000000  0.05000000    0.6403D-01  0.262080203268257E+01  0.205986065687080E-17    0.381562585624383E+00 -0.299895126934512E-18
  0.00000000  0.00000000  0.05000000    0.6600D-01  0.262121910426766E+01  0.206055226518158E-17    0.381501873831104E+00 -0.299900358964203E-18
  0.00000000  0.00000000  0.05000000    0.6803D-01  0.262166245003350E+01  0.206128747772951E-17    0.381437358568882E+00 -0.299905905409833E-18
  0.00000000  0.00000000  0.05000000    0.7012D-01  0.262213374428014E+01  0.206206878534898E-17    0.381368800192354E+00 -0.299911741839293E-18
  0.00000000  0.00000000  0.05000000    0.7227D-01  0.262263477090603E+01  0.206289960475602E-17    0.381295943717903E+00 -0.299917952860436E-18
  0.00000000  0.00000000  0.05000000    0.7450D-01  0.262316743097192E+01  0.206378268400442E-17    0.381218517809016E+00 -0.299924498370496E-18
  0.00000000  0.00000000  0.05000000    0.7678D-01  0.262373375083725E+01  0.206472146940195E-17    0.381136233690212E+00 -0.299931410424576E-18
  0.00000000  0.00000000  0.05000000    0.7914D-01  0.262433589091891E+01  0.206571968726954E-17    0.381048783983917E+00 -0.299938730255326E-18
  0.00000000  0.00000000  0.05000000    0.8157D-01  0.262497615512737E+01  0.206678082132383E-17    0.380955841464197E+00 -0.299946430131012E-18
  0.00000000  0.00000000  0.05000000    0.8408D-01  0.262565700104051E+01  0.206790938119102E-17    0.380857057720683E+00 -0.299954595075177E-18
  0.00000000  0.00000000  0.05000000    0.8666D-01  0.262638105088244E+01  0.206910931957264E-17    0.380752061725396E+00 -0.299963190450911E-18
  0.00000000  0.00000000  0.05000000    0.8932D-01  0.262715110338145E+01  0.207038529540414E-17    0.380640458294493E+00 -0.299972242431914E-18
  0.00000000  0.00000000  0.05000000    0.9206D-01  0.262797014658974E+01  0.207174256815693E-17    0.380521826436149E+00 -0.299981819414353E-18
  0.00000000  0.00000000  0.05000000    0.9488D-01  0.262884137175618E+01  0.207318597538749E-17    0.380395717574985E+00 -0.299991880547391E-18
  0.00000000  0.00000000  0.05000000    0.9779D-01  0.262976818835476E+01  0.207472099652871E-17    0.380261653642415E+00 -0.300002426251959E-18
  0.00000000  0.00000000  0.05000000    0.1008D+00  0.263075424038207E+01  0.207635447061432E-17    0.380119125021259E+00 -0.300013597807321E-18
  0.00000000  0.00000000  0.05000000    0.1039D+00  0.263180342405154E+01  0.207809201352759E-17    0.379967588331710E+00 -0.300025299570400E-18
  0.00000000  0.00000000  0.05000000    0.1071D+00  0.263291990702678E+01  0.207994078659888E-17    0.379806464044418E+00 -0.300037594562442E-18
  0.00000000  0.00000000  0.05000000    0.1103D+00  0.263410814935425E+01  0.208190819730621E-17    0.379635133904866E+00 -0.300050511386838E-18
  0.00000000  0.00000000  0.05000000    0.1137D+00  0.263537292627493E+01  0.208400202728354E-17    0.379452938151523E+00 -0.300064057151952E-18
  0.00000000  0.00000000  0.05000000    0.1172D+00  0.263671935311797E+01  0.208623057462771E-17    0.379259172508247E+00 -0.300078231860011E-18
  0.00000000  0.00000000  0.05000000    0.1208D+00  0.263815291250507E+01  0.208860265230260E-17    0.379053084929200E+00 -0.300093021444635E-18
  0.00000000  0.00000000  0.05000000    0.1245D+00  0.263967948412487E+01  0.209112852729070E-17    0.378833872071983E+00 -0.300108525204662E-18
  0.00000000  0.00000000  0.05000000    0.1283D+00  0.264130537737091E+01  0.209381821773452E-17    0.378600675471828E+00 -0.300124702861342E-18
  0.00000000  0.00000000  0.05000000    0.1322D+00  0.264303736717756E+01  0.209668268062774E-17    0.378352577386326E+00 -0.300141536411158E-18
  0.00000000  0.00000000  0.05000000    0.1363D+00  0.264488273343447E+01  0.209973403828823E-17    0.378088596276428E+00 -0.300159052442883E-18
  0.00000000  0.00000000  0.05000000    0.1405D+00  0.264684930441468E+01  0.210298471926983E-17    0.377807681885063E+00 -0.300177188214629E-18
  0.00000000  0.00000000  0.05000000    0.1448D+00  0.264894550471472E+01  0.210644941635941E-17    0.377508709869701E+00 -0.300196059209329E-18
  0.00000000  0.00000000  0.05000000    0.1492D+00  0.265118040827894E+01  0.211014170236799E-17    0.377190475939420E+00 -0.300215462716281E-18
  0.00000000  0.00000000  0.05000000    0.1537D+00  0.265356379716745E+01  0.211407835433710E-17    0.376851689440236E+00 -0.300235479656228E-18
  0.00000000  0.00000000  0.05000000    0.1585D+00  0.265610622682914E+01  0.211827641406541E-17    0.376490966324717E+00 -0.300256038715142E-18
  0.00000000  0.00000000  0.05000000    0.1633D+00  0.265881909876200E+01  0.212275417717169E-17    0.376106821432726E+00 -0.300277039017370E-18
  0.00000000  0.00000000  0.05000000    0.1683D+00  0.266171474158606E+01  0.212753261648226E-17    0.375697659999479E+00 -0.300298530528732E-18
  0.00000000  0.00000000  0.05000000    0.1734D+00  0.266480650172479E+01  0.213263189352208E-17    0.375261768294529E+00 -0.300320197720329E-18
  0.00000000  0.00000000  0.05000000    0.1787D+00  0.266810884509349E+01  0.213807662676783E-17    0.374797303280542E+00 -0.300342077645510E-18
  0.00000000  0.00000000  0.05000000    0.1842D+00  0.267163747143752E+01  0.214389159131346E-17    0.374302281163145E+00 -0.300363923539122E-18
  0.00000000  0.00000000  0.05000000    0.1898D+00  0.267540944325587E+01  0.215010481601405E-17    0.373774564682346E+00 -0.300385607762919E-18
  0.00000000  0.00000000  0.05000000    0.1956D+00  0.267944333160067E+01  0.215674587056775E-17    0.373211848971111E+00 -0.300406843698592E-18
  0.00000000  0.00000000  0.05000000    0.2016D+00  0.268375938147368E+01  0.216384791720662E-17    0.372611645776862E+00 -0.300427429972675E-18
  0.00000000  0.00000000  0.05000000    0.2078D+00  0.268837970006645E+01  0.217144591555623E-17    0.371971265805676E+00 -0.300446951678013E-18
  0.00000000  0.00000000  0.05000000    0.2141D+00  0.269332847173618E+01  0.217957918975335E-17    0.371287798905336E+00 -0.300465081922122E-18
  0.00000000  0.00000000  0.05000000    0.2207D+00  0.269863220440426E+01  0.218828960688272E-17    0.370558091750319E+00 -0.300481265879848E-18
  0.00000000  0.00000000  0.05000000    0.2274D+00  0.270432001305203E+01  0.219762424493522E-17    0.369778722626626E+00 -0.300495016190162E-18
  0.00000000  0.00000000  0.05000000    0.2343D+00  0.271042394721963E+01  0.220763400697568E-17    0.368945972834179E+00 -0.300505637577831E-18
  0.00000000  0.00000000  0.05000000    0.2415D+00  0.271697937096155E+01  0.221837518393573E-17    0.368055794124817E+00 -0.300512344229281E-18
  0.00000000  0.00000000  0.05000000    0.2489D+00  0.272402540566952E+01  0.222991021255456E-17    0.367103771469494E+00 -0.300514249009333E-18
  0.00000000  0.00000000  0.05000000    0.2565D+00  0.273160544866702E+01  0.224230673630776E-17    0.366085080291512E+00 -0.300510105513224E-18
  0.00000000  0.00000000  0.05000000    0.2643D+00  0.273976778368197E+01  0.225564207707369E-17    0.364994437103753E+00 -0.300498755818868E-18
  0.00000000  0.00000000  0.05000000    0.2724D+00  0.274856630344959E+01  0.227000079691020E-17    0.363826042233346E+00 -0.300478618532815E-18
  0.00000000  0.00000000  0.05000000    0.2807D+00  0.275806137011418E+01  0.228547752766468E-17    0.362573512988436E+00 -0.300447852625992E-18
  0.00000000  0.00000000  0.05000000    0.2893D+00  0.276832084624306E+01  0.230217890491558E-17    0.361229805192964E+00 -0.300404354672475E-18
  0.00000000  0.00000000  0.05000000    0.2981D+00  0.277942133878738E+01  0.232022413713369E-17    0.359787120450146E+00 -0.300345524965445E-18
  0.00000000  0.00000000  0.05000000    0.3072D+00  0.279144971115958E+01  0.233974891752141E-17    0.358236795741735E+00 -0.300268405947703E-18
  0.00000000  0.00000000  0.05000000    0.3166D+00  0.280450493610639E+01  0.236090639962268E-17    0.356569170952625E+00 -0.300169354944672E-18
  0.00000000  0.00000000  0.05000000    0.3262D+00  0.281870038626492E+01  0.238387246324407E-17    0.354773428517923E+00 -0.300044166118434E-18
  0.00000000  0.00000000  0.05000000    0.3362D+00  0.283416669324633E+01  0.240884934447821E-17    0.352837397455466E+00 -0.299887842021903E-18
  0.00000000  0.00000000  0.05000000    0.3464D+00  0.285105535448810E+01  0.243607035821449E-17    0.350747311316075E+00 -0.299694331425542E-18
  0.00000000  0.00000000  0.05000000    0.3570D+00  0.286954333731265E+01  0.246580889325621E-17    0.348487505658830E+00 -0.299456564906582E-18
  0.00000000  0.00000000  0.05000000    0.3679D+00  0.288983903345175E+01  0.249838583183894E-17    0.346040034903105E+00 -0.299165977912037E-18
  0.00000000  0.00000000  0.05000000    0.3791D+00  0.291219007421932E+01  0.253418258974923E-17    0.343384179780254E+00 -0.298812298585187E-18
  0.00000000  0.00000000  0.05000000    0.3907D+00  0.293689375956715E+01  0.257365939654301E-17    0.340495803344069E+00 -0.298383358575789E-18
  0.00000000  0.00000000  0.05000000    0.4026D+00  0.296431124125594E+01  0.261737746783332E-17    0.337346492528333E+00 -0.297864507649393E-18
  0.00000000  0.00000000  0.05000000    0.4149D+00  0.299488723633570E+01  0.266603267914475E-17    0.333902387998929E+00 -0.297238128784703E-18
  0.00000000  0.00000000  0.05000000    0.4276D+00  0.302917813099421E+01  0.272050614920515E-17    0.330122547026242E+00 -0.296483197863767E-18
  0.00000000  0.00000000  0.05000000    0.4406D+00  0.306789326238513E+01  0.278193873613383E-17    0.325956581430265E+00 -0.295574572719531E-18
  0.00000000  0.00000000  0.05000000    0.4540D+00  0.311195777155568E+01  0.285185402288422E-17    0.321341121380351E+00 -0.294482778045076E-18
  0.00000000  0.00000000  0.05000000    0.4679D+00  0.316261258911854E+01  0.293235697020341E-17    0.316194276668807E+00 -0.293173591453585E-18
  0.00000000  0.00000000  0.05000000    0.4822D+00  0.322158248665667E+01  0.302649874949672E-17    0.310406455256650E+00 -0.291609714344117E-18
  0.00000000  0.00000000  0.05000000    0.4969D+00  0.329137943386678E+01  0.313895930141584E-17    0.303823980216459E+00 -0.289754228540348E-18
  0.00000000  0.00000000  0.05000000    0.5120D+00  0.337590614310867E+01  0.327751350369979E-17    0.296216765990763E+00 -0.287583365591735E-18
  0.00000000  0.00000000  0.05000000    0.5276D+00  0.348184163630532E+01  0.345654351811077E-17    0.287204331630983E+00 -0.285117582753083E-18
  0.00000000  0.00000000  0.05000000    0.5437D+00  0.362270447205004E+01  0.370739150798288E-17    0.276036869061558E+00 -0.282489712352907E-18
  0.00000000  0.00000000  0.05000000    0.5603D+00  0.384615636811850E+01  0.412363380396412E-17    0.259999829515301E+00 -0.278757279579531E-18
  0.00000000  0.00000000  0.05000000    0.5774D+00  0.420967354159288E+01  0.109070990515144E+00    0.237388750624178E+00 -0.615064942967867E-02
  0.00000000  0.00000000  0.05000000    0.5950D+00  0.441949965439123E+01  0.657419244423895E+00    0.221371489405978E+00 -0.329299442659005E-01
  0.00000000  0.00000000  0.05000000    0.6131D+00  0.433488580534935E+01  0.105096174490768E+01    0.217879929103148E+00 -0.528234146763532E-01
  0.00000000  0.00000000  0.05000000    0.6318D+00  0.419225406982302E+01  0.130001152913580E+01    0.217609593146962E+00 -0.674803996203277E-01
  0.00000000  0.00000000  0.05000000    0.6511D+00  0.406145908075940E+01  0.148638424325832E+01    0.217134729588371E+00 -0.794654419278220E-01
  0.00000000  0.00000000  0.05000000    0.6709D+00  0.395361167997995E+01  0.163656719097597E+01    0.215933467109557E+00 -0.893840003292839E-01
  0.00000000  0.00000000  0.05000000    0.6914D+00  0.385638334233862E+01  0.180434080294592E+01    0.212738533166621E+00 -0.995369966302725E-01
  0.00000000  0.00000000  0.05000000    0.7125D+00  0.372087233205880E+01  0.198369643689437E+01    0.209273586758542E+00 -0.111569339483176E+00
  0.00000000  0.00000000  0.05000000    0.7342D+00  0.359697309080426E+01  0.206638149258196E+01    0.209027323221334E+00 -0.120081574491828E+00
  0.00000000  0.00000000  0.05000000    0.7565D+00  0.350216704931011E+01  0.224823286212092E+01    0.202206850310564E+00 -0.129807653208241E+00
  0.00000000  0.00000000  0.05000000    0.7796D+00  0.330181083154164E+01  0.246100903874245E+01    0.194699229749259E+00 -0.145119326544033E+00
  0.00000000  0.00000000  0.05000000    0.8034D+00  0.305097828327318E+01  0.248480969281097E+01    0.197056642882489E+00 -0.160488935287304E+00
  0.00000000  0.00000000  0.05000000    0.8279D+00  0.292891708590046E+01  0.245430362110478E+01    0.200581062860843E+00 -0.168078103430868E+00
  0.00000000  0.00000000  0.05000000    0.8531D+00  0.288270808530850E+01  0.256080539813570E+01    0.193890260856106E+00 -0.172239162604326E+00
  0.00000000  0.00000000  0.05000000    0.8791D+00  0.279353239626832E+01  0.274408246489631E+01    0.182181210287872E+00 -0.178956315399221E+00
  0.00000000  0.00000000  0.05000000    0.9059D+00  0.264700809778667E+01  0.300533155787780E+01    0.165039130849636E+00 -0.187380351666423E+00
  0.00000000  0.00000000  0.05000000    0.9335D+00  0.218954179614617E+01  0.371466764966158E+01    0.117762575991416E+00 -0.199790126019098E+00
  0.00000000  0.00000000  0.05000000    0.9619D+00  0.100299174879866E+01  0.318629175669395E+01    0.898863161014787E-01 -0.285549734957213E+00
  0.00000000  0.00000000  0.05000000    0.9913D+00  0.804425815428120E+00  0.211645984982660E+01    0.156915110721022E+00 -0.412846685552215E+00
  0.00000000  0.00000000  0.05000000    0.1021D+01  0.120003241439909E+01  0.189217310086093E+01    0.239031385929862E+00 -0.376897118186990E+00
  0.00000000  0.00000000  0.05000000    0.1053D+01  0.165813350681295E+01  0.150972177531637E+01    0.329736220385205E+00 -0.300223082146676E+00
  0.00000000  0.00000000  0.05000000    0.1085D+01  0.228422368528011E+01  0.200205844500141E+01    0.247587742999960E+00 -0.217003761473178E+00
  0.00000000  0.00000000  0.05000000    0.1118D+01  0.222071566617301E+01  0.354828313395289E+01    0.126739495875219E+00 -0.202505715823908E+00
  0.00000000  0.00000000  0.05000000    0.1152D+01  0.460874494206116E+00  0.366264146966938E+01    0.338198231816481E-01 -0.268771408353512E+00
  0.00000000  0.00000000  0.05000000    0.1187D+01 -0.396521004359042E+00  0.213769547064479E+01   -0.838848003176234E-01 -0.452233691843863E+00
  0.00000000  0.00000000  0.05000000    0.1223D+01  0.156971412641510E-01  0.172586631159060E+01    0.526951128486100E-02 -0.579371227667931E+00
  0.00000000  0.00000000  0.05000000    0.1260D+01  0.114682675403818E+00  0.149119125074552E+01    0.512707876819715E-01 -0.666661723237419E+00
  0.00000000  0.00000000  0.05000000    0.1299D+01  0.102269602610762E+00  0.120428726797825E+01    0.700108983373898E-01 -0.824421248690428E+00
  0.00000000  0.00000000  0.05000000    0.1338D+01  0.482152453562602E+00  0.533481483807759E+00    0.932464089356036E+00 -0.103173243713986E+01
  0.00000000  0.00000000  0.05000000    0.1379D+01  0.111920752825433E+01  0.865083314859650E+00    0.559325602290333E+00 -0.432326654262136E+00
  0.00000000  0.00000000  0.05000000    0.1421D+01  0.107708571911990E+01  0.167771972269839E+01    0.270974701267860E+00 -0.422083027004453E+00
  0.00000000  0.00000000  0.05000000    0.1464D+01  0.336131808576682E+00  0.159364886230320E+01    0.126713026439600E+00 -0.600764537219919E+00
  0.00000000  0.00000000  0.05000000    0.1509D+01  0.130278216675387E+00  0.833935931715694E+00    0.182866753987735E+00 -0.117056527759025E+01
  0.00000000  0.00000000  0.05000000    0.1555D+01  0.516848967266310E+00  0.551193813722125E+00    0.905247837448071E+00 -0.965401963606154E+00
  0.00000000  0.00000000  0.05000000    0.1602D+01  0.801968174041074E+00  0.689892918330339E+00    0.716615542967426E+00 -0.616468339095658E+00
  0.00000000  0.00000000  0.05000000    0.1651D+01  0.847797150648955E+00  0.893727144144360E+00    0.558677140095205E+00 -0.588943858249379E+00
  0.00000000  0.00000000  0.05000000    0.1701D+01  0.669303769232607E+00  0.105477198510847E+01    0.428900254495073E+00 -0.675914276362117E+00
  0.00000000  0.00000000  0.05000000    0.1753D+01  0.351470805358042E+00  0.712513859894971E+00    0.556822722554231E+00 -0.112881041974505E+01
  0.00000000  0.00000000  0.05000000    0.1807D+01  0.452855668394873E+00  0.454298888593982E+00    0.110059144210717E+01 -0.110409895213977E+01
  0.00000000  0.00000000  0.05000000    0.1862D+01  0.603481728349788E+00  0.317645732001656E+00    0.129756179699780E+01 -0.682978369455875E+00
  0.00000000  0.00000000  0.05000000    0.1919D+01  0.765638641210436E+00  0.228928435870816E+00    0.119891284639506E+01 -0.358478827866803E+00
  0.00000000  0.00000000  0.05000000    0.1977D+01  0.907327846358408E+00  0.250133042941632E+00    0.102429130136955E+01 -0.282377644528947E+00
  0.00000000  0.00000000  0.05000000    0.2037D+01  0.101394721378929E+01  0.239772519229697E+00    0.934014432969351E+00 -0.220870465981179E+00
  0.00000000  0.00000000  0.05000000    0.2099D+01  0.112381763398164E+01  0.290950042315275E+00    0.833928926944610E+00 -0.215899492271563E+00
  0.00000000  0.00000000  0.05000000    0.2163D+01  0.121966225390643E+01  0.318822063124699E+00    0.767457967602414E+00 -0.200614991411598E+00
  0.00000000  0.00000000  0.05000000    0.2229D+01  0.132152454812203E+01  0.501195492955291E+00    0.661548175614487E+00 -0.250895803987865E+00
  0.00000000  0.00000000  0.05000000    0.2297D+01  0.124262877207134E+01  0.591038624107675E+00    0.656276561569185E+00 -0.312148571401095E+00
  0.00000000  0.00000000  0.05000000    0.2367D+01  0.122384424134325E+01  0.659391946951229E+00    0.633265555146600E+00 -0.341195548615692E+00
  0.00000000  0.00000000  0.05000000    0.2439D+01  0.110213468290646E+01  0.835903373840369E+00    0.575997880534855E+00 -0.436860012783803E+00
  0.00000000  0.00000000  0.05000000    0.2513D+01  0.917248087711064E+00  0.504690598510424E+00    0.836861930295939E+00 -0.460460320528561E+00
  0.00000000  0.00000000  0.05000000    0.2590D+01  0.110389661374222E+01  0.570105737433249E+00    0.715140378539585E+00 -0.369333167436283E+00
  0.00000000  0.00000000  0.05000000    0.2669D+01  0.115610107126013E+01  0.566621783735760E+00    0.697442202510377E+00 -0.341826467134298E+00
  0.00000000  0.00000000  0.05000000    0.2750D+01  0.118631064958946E+01  0.710489779140344E+00    0.620413604883942E+00 -0.371570064942265E+00
  0.00000000  0.00000000  0.05000000    0.2834D+01  0.986454508462540E+00  0.883839353377750E+00    0.562318001960108E+00 -0.503823313676875E+00
  0.00000000  0.00000000  0.05000000    0.2920D+01  0.100433667297093E+01  0.781971278299294E+00    0.619895386773670E+00 -0.482647304487379E+00
  0.00000000  0.00000000  0.05000000    0.3009D+01  0.102636016545886E+01  0.948906678527985E+00    0.525304350406369E+00 -0.485662658329648E+00
  0.00000000  0.00000000  0.05000000    0.3101D+01  0.603597753381514E+00  0.718808024791606E+00    0.685116144046263E+00 -0.815886042477469E+00
  0.00000000  0.00000000  0.05000000    0.3195D+01  0.753685747597813E+00  0.540918983892147E+00    0.875731597116583E+00 -0.628511083278873E+00
  0.00000000  0.00000000  0.05000000    0.3293D+01  0.915687312846251E+00  0.843117912943930E+00    0.591021073905044E+00 -0.544181891947179E+00
  0.00000000  0.00000000  0.05000000    0.3393D+01  0.103974998052330E+00  0.683181742045851E+00    0.217726757998833E+00 -0.143060301616716E+01
  0.00000000  0.00000000  0.05000000    0.3496D+01  0.509955075920982E+00  0.306991020806559E+00    0.143934077022639E+01 -0.866477682455241E+00
  0.00000000  0.00000000  0.05000000    0.3603D+01  0.716289952120321E+00  0.353556388852438E+00    0.112258234648284E+01 -0.554099857797947E+00
  0.00000000  0.00000000  0.05000000    0.3713D+01  0.513560837222229E+00  0.427602875009508E+00    0.114996314763453E+01 -0.957486460110911E+00
  0.00000000  0.00000000  0.05000000    0.3826D+01  0.633018425897226E+00  0.304820441739302E+00    0.128237993973680E+01 -0.617510650111240E+00
  0.00000000  0.00000000  0.05000000    0.3942D+01  0.519937410459572E+00  0.221483529622675E+00    0.162790829622912E+01 -0.693458228043577E+00
  0.00000000  0.00000000  0.05000000    0.4062D+01  0.687866257717460E+00  0.143648837697907E+00    0.139301995696192E+01 -0.290907855215308E+00
  0.00000000  0.00000000  0.05000000    0.4186D+01  0.781159980009739E+00  0.210694425591733E+00    0.119333384351367E+01 -0.321865936725474E+00
  0.00000000  0.00000000  0.05000000    0.4313D+01  0.726696299963376E+00  0.257889821813506E+00    0.122217088965113E+01 -0.433723734349093E+00
  0.00000000  0.00000000  0.05000000    0.4445D+01  0.664250062731572E+00  0.208954929221945E+00    0.136989758587026E+01 -0.430932368933036E+00
  0.00000000  0.00000000  0.05000000    0.4580D+01  0.698491582944940E+00  0.118386946257383E+00    0.139167819856991E+01 -0.235874756581935E+00
  0.00000000  0.00000000  0.05000000    0.4720D+01  0.742392737891348E+00  0.121582729241886E+00    0.131181172088043E+01 -0.214837297208961E+00
  0.00000000  0.00000000  0.05000000    0.4863D+01  0.756157439311231E+00  0.895922485702084E-01    0.130416753803940E+01 -0.154522452826297E+00
  0.00000000  0.00000000  0.05000000    0.5012D+01  0.796158797277233E+00  0.793503780900802E-01    0.124367687709429E+01 -0.123952948528380E+00
  0.00000000  0.00000000  0.05000000    0.5164D+01  0.816163416798244E+00  0.890404736483866E-01    0.121083345759903E+01 -0.132097546097907E+00
  0.00000000  0.00000000  0.05000000    0.5322D+01  0.830682543255404E+00  0.606934657144438E-01    0.119743688332351E+01 -0.874902151409006E-01
  0.00000000  0.00000000  0.05000000    0.5484D+01  0.870868342646062E+00  0.762894688037976E-01    0.113953436103098E+01 -0.998250445326616E-01
  0.00000000  0.00000000  0.05000000    0.5651D+01  0.882948886298851E+00  0.107628705595040E+00    0.111598612459581E+01 -0.136035215532984E+00
  0.00000000  0.00000000  0.05000000    0.5823D+01  0.866730202176974E+00  0.105001216923604E+00    0.113707337902329E+01 -0.137752311190952E+00
  0.00000000  0.00000000  0.05000000    0.6000D+01  0.867912339951787E+00  0.134368237789711E+00    0.112522021168059E+01 -0.174204064176901E+00
  0.00000000  0.00000000  0.05000000    0.6183D+01  0.833563907502439E+00  0.106228630732221E+00    0.118049595701076E+01 -0.150441337454151E+00
  0.00000000  0.00000000  0.05000000    0.6371D+01  0.832207941144079E+00  0.845847863127855E-01    0.118933633254003E+01 -0.120882960337570E+00
  0.00000000  0.00000000  0.05000000    0.6565D+01  0.837478355269424E+00  0.637100991038458E-01    0.118719018949762E+01 -0.903139814326000E-01
  0.00000000  0.00000000  0.05000000    0.6765D+01  0.854420135346907E+00  0.416937499756407E-01    0.116760408433252E+01 -0.569764109584464E-01
  0.00000000  0.00000000  0.05000000    0.6971D+01  0.870419381501093E+00  0.453847626919104E-01    0.114575649579941E+01 -0.597411865701954E-01
  0.00000000  0.00000000  0.05000000    0.7184D+01  0.879915348018757E+00  0.331818045780206E-01    0.113485912101141E+01 -0.427957912789837E-01
  0.00000000  0.00000000  0.05000000    0.7402D+01  0.894441913871924E+00  0.421143247334414E-01    0.111554248639313E+01 -0.525247283219756E-01
  0.00000000  0.00000000  0.05000000    0.7628D+01  0.891003692231352E+00  0.354585366132978E-01    0.112055514204148E+01 -0.445938057021878E-01
  0.00000000  0.00000000  0.05000000    0.7860D+01  0.900495412901281E+00  0.345220158354221E-01    0.110887011810210E+01 -0.425104128550889E-01
  0.00000000  0.00000000  0.05000000    0.8100D+01  0.901754607103086E+00  0.381085643034289E-01    0.110697215139779E+01 -0.467811520799088E-01
  0.00000000  0.00000000  0.05000000    0.8346D+01  0.899869234752800E+00  0.300961747429797E-01    0.111003092407307E+01 -0.371250436961452E-01
  0.00000000  0.00000000  0.05000000    0.8600D+01  0.904766531044091E+00  0.219772732048181E-01    0.110460575519279E+01 -0.268314771076598E-01
  0.00000000  0.00000000  0.05000000    0.8862D+01  0.911144073535330E+00  0.192219770945058E-01    0.109703301980770E+01 -0.231435885840095E-01
  0.00000000  0.00000000  0.05000000    0.9132D+01  0.911777725516046E+00  0.190866956965344E-01    0.109627813084543E+01 -0.229489342595747E-01
  0.00000000  0.00000000  0.05000000    0.9410D+01  0.914845864385553E+00  0.520207847854639E-02    0.109304496646352E+01 -0.621537017051760E-02
  0.00000000  0.00000000  0.05000000    0.9697D+01  0.925271679039796E+00  0.127322291918916E-02    0.108076160670921E+01 -0.148718530893529E-02
  0.00000000  0.00000000  0.05000000    0.9992D+01  0.933348376515289E+00  0.861476069825666E-04    0.107141129362046E+01 -0.988907479371251E-04
  0.00000000  0.00000000  0.05000000    0.1030D+02  0.939674022877780E+00  0.145830145587518E-04    0.106419883429003E+01 -0.165155433863438E-04
  0.00000000  0.00000000  0.05000000    0.1061D+02  0.944731520628612E+00  0.965229766146018E-19    0.105850178401438E+01 -0.108146855179503E-18
  0.00000000  0.00000000  0.05000000    0.1093D+02  0.949065287773490E+00  0.827704688182275E-19    0.105366829119417E+01 -0.918931706433428E-19
  0.00000000  0.00000000  0.05000000    0.1127D+02  0.952880493220078E+00  0.725924793658970E-19    0.104944954494838E+01 -0.799493168128275E-19
  0.00000000  0.00000000  0.05000000    0.1161D+02  0.956293648173658E+00  0.645684994306151E-19    0.104570390267656E+01 -0.706054379567544E-19
