 q(1:3)   w(Ry)   eps    epsi  --- NO LFC
  0.00000000  0.00000000  0.01000000    0.0000D+00  0.306968742866771E+01 -0.506556180216812E-16    0.325766066818736E+00  0.537575301351037E-17
  0.00000000  0.00000000  0.01000000    0.1015D-04  0.306968742885930E+01 -0.506556180256831E-16    0.325766066798405E+00  0.537575301326406E-17
  0.00000000  0.00000000  0.01000000    0.3076D-04  0.306968743042699E+01 -0.506556180584184E-16    0.325766066632035E+00  0.537575301124724E-17
  0.00000000  0.00000000  0.01000000    0.5200D-04  0.306968743369487E+01 -0.506556181266620E-16    0.325766066285237E+00  0.537575300704382E-17
  0.00000000  0.00000000  0.01000000    0.7389D-04  0.306968743881689E+01 -0.506556182336173E-16    0.325766065741670E+00  0.537575300045454E-17
  0.00000000  0.00000000  0.01000000    0.9644D-04  0.306968744595801E+01 -0.506556183827354E-16    0.325766064983829E+00  0.537575299126786E-17
  0.00000000  0.00000000  0.01000000    0.1197D-03  0.306968745529494E+01 -0.506556185777075E-16    0.325766063992961E+00  0.537575297925662E-17
  0.00000000  0.00000000  0.01000000    0.1436D-03  0.306968746701688E+01 -0.506556188224802E-16    0.325766062748987E+00  0.537575296417696E-17
  0.00000000  0.00000000  0.01000000    0.1683D-03  0.306968748132636E+01 -0.506556191212863E-16    0.325766061230415E+00  0.537575294576871E-17
  0.00000000  0.00000000  0.01000000    0.1937D-03  0.306968749844012E+01 -0.506556194786543E-16    0.325766059414242E+00  0.537575292375331E-17
  0.00000000  0.00000000  0.01000000    0.2199D-03  0.306968751859002E+01 -0.506556198994295E-16    0.325766057275863E+00  0.537575289783293E-17
  0.00000000  0.00000000  0.01000000    0.2469D-03  0.306968754202403E+01 -0.506556203887678E-16    0.325766054788964E+00  0.537575286768621E-17
  0.00000000  0.00000000  0.01000000    0.2748D-03  0.306968756900731E+01 -0.506556209522262E-16    0.325766051925403E+00  0.537575283297410E-17
  0.00000000  0.00000000  0.01000000    0.3034D-03  0.306968759982328E+01 -0.506556215957216E-16    0.325766048655104E+00  0.537575279333193E-17
  0.00000000  0.00000000  0.01000000    0.3330D-03  0.306968763477487E+01 -0.506556223255784E-16    0.325766044945919E+00  0.537575274836983E-17
  0.00000000  0.00000000  0.01000000    0.3634D-03  0.306968767418571E+01 -0.506556231485471E-16    0.325766040763501E+00  0.537575269767064E-17
  0.00000000  0.00000000  0.01000000    0.3948D-03  0.306968771840155E+01 -0.506556240718522E-16    0.325766036071162E+00  0.537575264079015E-17
  0.00000000  0.00000000  0.01000000    0.4271D-03  0.306968776779159E+01 -0.506556251032102E-16    0.325766030829717E+00  0.537575257725406E-17
  0.00000000  0.00000000  0.01000000    0.4604D-03  0.306968782275015E+01 -0.506556262508398E-16    0.325766024997322E+00  0.537575250655355E-17
  0.00000000  0.00000000  0.01000000    0.4948D-03  0.306968788369812E+01 -0.506556275235492E-16    0.325766018529310E+00  0.537575242814921E-17
  0.00000000  0.00000000  0.01000000    0.5301D-03  0.306968795108474E+01 -0.506556289307060E-16    0.325766011378006E+00  0.537575234146164E-17
  0.00000000  0.00000000  0.01000000    0.5666D-03  0.306968802538952E+01 -0.506556304823202E-16    0.325766003492524E+00  0.537575224587376E-17
  0.00000000  0.00000000  0.01000000    0.6041D-03  0.306968810712401E+01 -0.506556321890794E-16    0.325765994818575E+00  0.537575214072803E-17
  0.00000000  0.00000000  0.01000000    0.6428D-03  0.306968819683398E+01 -0.506556340623894E-16    0.325765985298240E+00  0.537575202532332E-17
  0.00000000  0.00000000  0.01000000    0.6827D-03  0.306968829510159E+01 -0.506556361143948E-16    0.325765974869740E+00  0.537575189890950E-17
  0.00000000  0.00000000  0.01000000    0.7238D-03  0.306968840254768E+01 -0.506556383580642E-16    0.325765963467189E+00  0.537575176068834E-17
  0.00000000  0.00000000  0.01000000    0.7662D-03  0.306968851983429E+01 -0.506556408072251E-16    0.325765951020328E+00  0.537575160980849E-17
  0.00000000  0.00000000  0.01000000    0.8098D-03  0.306968864766728E+01 -0.506556434766040E-16    0.325765937454249E+00  0.537575144536051E-17
  0.00000000  0.00000000  0.01000000    0.8548D-03  0.306968878679912E+01 -0.506556463819295E-16    0.325765922689100E+00  0.537575126637812E-17
  0.00000000  0.00000000  0.01000000    0.9011D-03  0.306968893803184E+01 -0.506556495399410E-16    0.325765906639765E+00  0.537575107182860E-17
  0.00000000  0.00000000  0.01000000    0.9488D-03  0.306968910222027E+01 -0.506556529684963E-16    0.325765889215527E+00  0.537575086061312E-17
  0.00000000  0.00000000  0.01000000    0.9980D-03  0.306968928027528E+01 -0.506556566866026E-16    0.325765870319723E+00  0.537575063155850E-17
  0.00000000  0.00000000  0.01000000    0.1049D-02  0.306968947316746E+01 -0.506556607145375E-16    0.325765849849349E+00  0.537575038341716E-17
  0.00000000  0.00000000  0.01000000    0.1101D-02  0.306968968193083E+01 -0.506556650739005E-16    0.325765827694675E+00  0.537575011485974E-17
  0.00000000  0.00000000  0.01000000    0.1155D-02  0.306968990766692E+01 -0.506556697876714E-16    0.325765803738801E+00  0.537574982446683E-17
  0.00000000  0.00000000  0.01000000    0.1210D-02  0.306969015154904E+01 -0.506556748803669E-16    0.325765777857213E+00  0.537574951073076E-17
  0.00000000  0.00000000  0.01000000    0.1267D-02  0.306969041482680E+01 -0.506556803780743E-16    0.325765749917299E+00  0.537574917204329E-17
  0.00000000  0.00000000  0.01000000    0.1326D-02  0.306969069883098E+01 -0.506556863085888E-16    0.325765719777835E+00  0.537574880669313E-17
  0.00000000  0.00000000  0.01000000    0.1387D-02  0.306969100497868E+01 -0.506556927015098E-16    0.325765687288433E+00  0.537574841285812E-17
  0.00000000  0.00000000  0.01000000    0.1450D-02  0.306969133477870E+01 -0.506556995883167E-16    0.325765652288976E+00  0.537574798859443E-17
  0.00000000  0.00000000  0.01000000    0.1514D-02  0.306969168983744E+01 -0.506557070025726E-16    0.325765614608989E+00  0.537574753183757E-17
  0.00000000  0.00000000  0.01000000    0.1580D-02  0.306969207186502E+01 -0.506557149799874E-16    0.325765574066992E+00  0.537574704038756E-17
  0.00000000  0.00000000  0.01000000    0.1649D-02  0.306969248268176E+01 -0.506557235585629E-16    0.325765530469806E+00  0.537574651190162E-17
  0.00000000  0.00000000  0.01000000    0.1719D-02  0.306969292422529E+01 -0.506557327787764E-16    0.325765483611810E+00  0.537574594388896E-17
  0.00000000  0.00000000  0.01000000    0.1792D-02  0.306969339855778E+01 -0.506557426836770E-16    0.325765433274158E+00  0.537574533369531E-17
  0.00000000  0.00000000  0.01000000    0.1867D-02  0.306969390787391E+01 -0.506557533190903E-16    0.325765379223953E+00  0.537574467849720E-17
  0.00000000  0.00000000  0.01000000    0.1944D-02  0.306969445450914E+01 -0.506557647337863E-16    0.325765321213347E+00  0.537574397529034E-17
  0.00000000  0.00000000  0.01000000    0.2024D-02  0.306969504094859E+01 -0.506557769796679E-16    0.325765258978619E+00  0.537574322087879E-17
  0.00000000  0.00000000  0.01000000    0.2106D-02  0.306969566983650E+01 -0.506557901119372E-16    0.325765192239158E+00  0.537574241185954E-17
  0.00000000  0.00000000  0.01000000    0.2190D-02  0.306969634398618E+01 -0.506558041893517E-16    0.325765120696415E+00  0.537574154461462E-17
  0.00000000  0.00000000  0.01000000    0.2277D-02  0.306969706639063E+01 -0.506558192743898E-16    0.325765044032767E+00  0.537574061529156E-17
  0.00000000  0.00000000  0.01000000    0.2367D-02  0.306969784023391E+01 -0.506558354335687E-16    0.325764961910323E+00  0.537573961979745E-17
  0.00000000  0.00000000  0.01000000    0.2459D-02  0.306969866890301E+01 -0.506558527375931E-16    0.325764873969652E+00  0.537573855377290E-17
  0.00000000  0.00000000  0.01000000    0.2554D-02  0.306969955600073E+01 -0.506558712616933E-16    0.325764779828428E+00  0.537573741258306E-17
  0.00000000  0.00000000  0.01000000    0.2652D-02  0.306970050535909E+01 -0.506558910858996E-16    0.325764679079995E+00  0.537573619129952E-17
  0.00000000  0.00000000  0.01000000    0.2753D-02  0.306970152105376E+01 -0.506559122953049E-16    0.325764571291844E+00  0.537573488467781E-17
  0.00000000  0.00000000  0.01000000    0.2858D-02  0.306970260741940E+01 -0.506559349804256E-16    0.325764456003987E+00  0.537573348714203E-17
  0.00000000  0.00000000  0.01000000    0.2965D-02  0.306970376906572E+01 -0.506559592375152E-16    0.325764332727244E+00  0.537573199276164E-17
  0.00000000  0.00000000  0.01000000    0.3075D-02  0.306970501089490E+01 -0.506559851689343E-16    0.325764200941404E+00  0.537573039522997E-17
  0.00000000  0.00000000  0.01000000    0.3189D-02  0.306970633811976E+01 -0.506560128835451E-16    0.325764060093291E+00  0.537572868784228E-17
  0.00000000  0.00000000  0.01000000    0.3307D-02  0.306970775628325E+01 -0.506560424970803E-16    0.325763909594698E+00  0.537572686346674E-17
  0.00000000  0.00000000  0.01000000    0.3428D-02  0.306970927127915E+01 -0.506560741326105E-16    0.325763748820193E+00  0.537572491452146E-17
  0.00000000  0.00000000  0.01000000    0.3553D-02  0.306971088937394E+01 -0.506561079209737E-16    0.325763577104796E+00  0.537572283294356E-17
  0.00000000  0.00000000  0.01000000    0.3681D-02  0.306971261723017E+01 -0.506561440013003E-16    0.325763393741499E+00  0.537572061016300E-17
  0.00000000  0.00000000  0.01000000    0.3813D-02  0.306971446193117E+01 -0.506561825214869E-16    0.325763197978647E+00  0.537571823706632E-17
  0.00000000  0.00000000  0.01000000    0.3950D-02  0.306971643100737E+01 -0.506562236387877E-16    0.325762989017144E+00  0.537571570396716E-17
  0.00000000  0.00000000  0.01000000    0.4090D-02  0.306971853246425E+01 -0.506562675203388E-16    0.325762766007488E+00  0.537571300056418E-17
  0.00000000  0.00000000  0.01000000    0.4235D-02  0.306972077481196E+01 -0.506563143438580E-16    0.325762528046628E+00  0.537571011591134E-17
  0.00000000  0.00000000  0.01000000    0.4385D-02  0.306972316709690E+01 -0.506563642982216E-16    0.325762274174619E+00  0.537570703836881E-17
  0.00000000  0.00000000  0.01000000    0.4538D-02  0.306972571893512E+01 -0.506564175842119E-16    0.325762003371069E+00  0.537570375556510E-17
  0.00000000  0.00000000  0.01000000    0.4697D-02  0.306972844054797E+01 -0.506564744152634E-16    0.325761714551367E+00  0.537570025435147E-17
  0.00000000  0.00000000  0.01000000    0.4860D-02  0.306973134279978E+01 -0.506565350182203E-16    0.325761406562680E+00  0.537569652075037E-17
  0.00000000  0.00000000  0.01000000    0.5029D-02  0.306973443723802E+01 -0.506565996341921E-16    0.325761078179696E+00  0.537569253990556E-17
  0.00000000  0.00000000  0.01000000    0.5202D-02  0.306973773613589E+01 -0.506566685194207E-16    0.325760728100107E+00  0.537568829602508E-17
  0.00000000  0.00000000  0.01000000    0.5381D-02  0.306974125253763E+01 -0.506567419462864E-16    0.325760354939799E+00  0.537568377232920E-17
  0.00000000  0.00000000  0.01000000    0.5565D-02  0.306974500030651E+01 -0.506568202042397E-16    0.325759957227767E+00  0.537567895098131E-17
  0.00000000  0.00000000  0.01000000    0.5755D-02  0.306974899417596E+01 -0.506569036008952E-16    0.325759533400691E+00  0.537567381302496E-17
  0.00000000  0.00000000  0.01000000    0.5950D-02  0.306975324980373E+01 -0.506569924631861E-16    0.325759081797189E+00  0.537566833831666E-17
  0.00000000  0.00000000  0.01000000    0.6152D-02  0.306975778382962E+01 -0.506570871385216E-16    0.325758600651700E+00  0.537566250544669E-17
  0.00000000  0.00000000  0.01000000    0.6360D-02  0.306976261393651E+01 -0.506571879960955E-16    0.325758088088007E+00  0.537565629166402E-17
  0.00000000  0.00000000  0.01000000    0.6574D-02  0.306976775891548E+01 -0.506572954282366E-16    0.325757542112335E+00  0.537564967279179E-17
  0.00000000  0.00000000  0.01000000    0.6794D-02  0.306977323873479E+01 -0.506574098518521E-16    0.325756960606038E+00  0.537564262313885E-17
  0.00000000  0.00000000  0.01000000    0.7021D-02  0.306977907461317E+01 -0.506575317099332E-16    0.325756341317824E+00  0.537563511540288E-17
  0.00000000  0.00000000  0.01000000    0.7255D-02  0.306978528909775E+01 -0.506576614732377E-16    0.325755681855493E+00  0.537562712057606E-17
  0.00000000  0.00000000  0.01000000    0.7497D-02  0.306979190614678E+01 -0.506577996419205E-16    0.325754979677175E+00  0.537561860782860E-17
  0.00000000  0.00000000  0.01000000    0.7745D-02  0.306979895121749E+01 -0.506579467474798E-16    0.325754232082006E+00  0.537560954440737E-17
  0.00000000  0.00000000  0.01000000    0.8001D-02  0.306980645135940E+01 -0.506581033546110E-16    0.325753436200243E+00  0.537559989550611E-17
  0.00000000  0.00000000  0.01000000    0.8265D-02  0.306981443531348E+01 -0.506582700633260E-16    0.325752588982754E+00  0.537558962414315E-17
  0.00000000  0.00000000  0.01000000    0.8537D-02  0.306982293361749E+01 -0.506584475111522E-16    0.325751687189852E+00  0.537557869102576E-17
  0.00000000  0.00000000  0.01000000    0.8818D-02  0.306983197871775E+01 -0.506586363754123E-16    0.325750727379449E+00  0.537556705440094E-17
  0.00000000  0.00000000  0.01000000    0.9107D-02  0.306984160508802E+01 -0.506588373757641E-16    0.325749705894461E+00  0.537555466990855E-17
  0.00000000  0.00000000  0.01000000    0.9404D-02  0.306985184935570E+01 -0.506590512768148E-16    0.325748618849434E+00  0.537554149041707E-17
  0.00000000  0.00000000  0.01000000    0.9711D-02  0.306986275043588E+01 -0.506592788908856E-16    0.325747462116348E+00  0.537552746584751E-17
  0.00000000  0.00000000  0.01000000    0.1003D-01  0.306987434967378E+01 -0.506595210810240E-16    0.325746231309521E+00  0.537551254299459E-17
  0.00000000  0.00000000  0.01000000    0.1035D-01  0.306988669099598E+01 -0.506597787641375E-16    0.325744921769593E+00  0.537549666532970E-17
  0.00000000  0.00000000  0.01000000    0.1069D-01  0.306989982107116E+01 -0.506600529143416E-16    0.325743528546503E+00  0.537547977279343E-17
  0.00000000  0.00000000  0.01000000    0.1103D-01  0.306991378948083E+01 -0.506603445665111E-16    0.325742046381412E+00  0.537546180157507E-17
  0.00000000  0.00000000  0.01000000    0.1139D-01  0.306992864890062E+01 -0.506606548200977E-16    0.325740469687500E+00  0.537544268388277E-17
  0.00000000  0.00000000  0.01000000    0.1176D-01  0.306994445529300E+01 -0.506609848431048E-16    0.325738792529573E+00  0.537542234769097E-17
  0.00000000  0.00000000  0.01000000    0.1214D-01  0.306996126811191E+01 -0.506613358763602E-16    0.325737008602398E+00  0.537540071647750E-17
  0.00000000  0.00000000  0.01000000    0.1253D-01  0.306997915052026E+01 -0.506617092380651E-16    0.325735111207687E+00  0.537537770894504E-17
  0.00000000  0.00000000  0.01000000    0.1293D-01  0.306999816962084E+01 -0.506621063285813E-16    0.325733093229663E+00  0.537535323872098E-17
  0.00000000  0.00000000  0.01000000    0.1334D-01  0.307001839670180E+01 -0.506625286355739E-16    0.325730947109088E+00  0.537532721404396E-17
  0.00000000  0.00000000  0.01000000    0.1377D-01  0.307003990749745E+01 -0.506629777394027E-16    0.325728664815681E+00  0.537529953742334E-17
  0.00000000  0.00000000  0.01000000    0.1421D-01  0.307006278246523E+01 -0.506634553189294E-16    0.325726237818827E+00  0.537527010528618E-17
  0.00000000  0.00000000  0.01000000    0.1466D-01  0.307008710708019E+01 -0.506639631576341E-16    0.325723657056445E+00  0.537523880759600E-17
  0.00000000  0.00000000  0.01000000    0.1513D-01  0.307011297214761E+01 -0.506645031500890E-16    0.325720912901937E+00  0.537520552744553E-17
  0.00000000  0.00000000  0.01000000    0.1561D-01  0.307014047413553E+01 -0.506650773089411E-16    0.325717995129058E+00  0.537517014063459E-17
  0.00000000  0.00000000  0.01000000    0.1610D-01  0.307016971552784E+01 -0.506656877722176E-16    0.325714892874603E+00  0.537513251520974E-17
  0.00000000  0.00000000  0.01000000    0.1662D-01  0.307020080519960E+01 -0.506663368111298E-16    0.325711594598773E+00  0.537509251097949E-17
  0.00000000  0.00000000  0.01000000    0.1714D-01  0.307023385881588E+01 -0.506670268383929E-16    0.325708088043064E+00  0.537504997900202E-17
  0.00000000  0.00000000  0.01000000    0.1768D-01  0.307026899925564E+01 -0.506677604170081E-16    0.325704360185521E+00  0.537500476103424E-17
  0.00000000  0.00000000  0.01000000    0.1824D-01  0.307030635706227E+01 -0.506685402696631E-16    0.325700397193204E+00  0.537495668895376E-17
  0.00000000  0.00000000  0.01000000    0.1882D-01  0.307034607092230E+01 -0.506693692886556E-16    0.325696184371689E+00  0.537490558413759E-17
  0.00000000  0.00000000  0.01000000    0.1941D-01  0.307038828817445E+01 -0.506702505464577E-16    0.325691706111401E+00  0.537485125680311E-17
  0.00000000  0.00000000  0.01000000    0.2002D-01  0.307043316535056E+01 -0.506711873069749E-16    0.325686945830598E+00  0.537479350531137E-17
  0.00000000  0.00000000  0.01000000    0.2065D-01  0.307048086875069E+01 -0.506721830374820E-16    0.325681885914787E+00  0.537473211542305E-17
  0.00000000  0.00000000  0.01000000    0.2130D-01  0.307053157505456E+01 -0.506732414212869E-16    0.325676507652338E+00  0.537466685950471E-17
  0.00000000  0.00000000  0.01000000    0.2197D-01  0.307058547197149E+01 -0.506743663712347E-16    0.325670791166072E+00  0.537459749568978E-17
  0.00000000  0.00000000  0.01000000    0.2266D-01  0.307064275893161E+01 -0.506755620440278E-16    0.325664715340556E+00  0.537452376698261E-17
  0.00000000  0.00000000  0.01000000    0.2337D-01  0.307070364782073E+01 -0.506768328554602E-16    0.325658257744833E+00  0.537444540030676E-17
  0.00000000  0.00000000  0.01000000    0.2410D-01  0.307076836376193E+01 -0.506781834966224E-16    0.325651394550295E+00  0.537436210549365E-17
  0.00000000  0.00000000  0.01000000    0.2486D-01  0.307083714594663E+01 -0.506796189510895E-16    0.325644100443410E+00  0.537427357420313E-17
  0.00000000  0.00000000  0.01000000    0.2564D-01  0.307091024851879E+01 -0.506811445132191E-16    0.325636348532927E+00  0.537417947877655E-17
  0.00000000  0.00000000  0.01000000    0.2644D-01  0.307098794151520E+01 -0.506827658076157E-16    0.325628110251260E+00  0.537407947101814E-17
  0.00000000  0.00000000  0.01000000    0.2726D-01  0.307107051186588E+01 -0.506844888097808E-16    0.325619355249657E+00  0.537397318089322E-17
  0.00000000  0.00000000  0.01000000    0.2811D-01  0.307115826445860E+01 -0.506863198681592E-16    0.325610051286720E+00  0.537386021515105E-17
  0.00000000  0.00000000  0.01000000    0.2899D-01  0.307125152327141E+01 -0.506882657274591E-16    0.325600164109916E+00  0.537374015584632E-17
  0.00000000  0.00000000  0.01000000    0.2989D-01  0.307135063257794E+01 -0.506903335535433E-16    0.325589657329567E+00  0.537361255877410E-17
  0.00000000  0.00000000  0.01000000    0.3082D-01  0.307145595823041E+01 -0.506925309598807E-16    0.325578492284858E+00  0.537347695180049E-17
  0.00000000  0.00000000  0.01000000    0.3178D-01  0.307156788902523E+01 -0.506948660356758E-16    0.325566627901346E+00  0.537333283308388E-17
  0.00000000  0.00000000  0.01000000    0.3277D-01  0.307168683815693E+01 -0.506973473757638E-16    0.325554020539417E+00  0.537317966917699E-17
  0.00000000  0.00000000  0.01000000    0.3379D-01  0.307181324476645E+01 -0.506999841124997E-16    0.325540623833084E+00  0.537301689301281E-17
  0.00000000  0.00000000  0.01000000    0.3484D-01  0.307194757558994E+01 -0.507027859495872E-16    0.325526388518515E+00  0.537284390174749E-17
  0.00000000  0.00000000  0.01000000    0.3592D-01  0.307209032671525E+01 -0.507057631981293E-16    0.325511262251596E+00  0.537266005446572E-17
  0.00000000  0.00000000  0.01000000    0.3703D-01  0.307224202545304E+01 -0.507089268150189E-16    0.325495189413841E+00  0.537246466973682E-17
  0.00000000  0.00000000  0.01000000    0.3818D-01  0.307240323233086E+01 -0.507122884437366E-16    0.325478110905826E+00  0.537225702300044E-17
  0.00000000  0.00000000  0.01000000    0.3936D-01  0.307257454321849E+01 -0.507158604578580E-16    0.325459963927355E+00  0.537203634378530E-17
  0.00000000  0.00000000  0.01000000    0.4058D-01  0.307275659159360E+01 -0.507196560072961E-16    0.325440681743482E+00  0.537180181273286E-17
  0.00000000  0.00000000  0.01000000    0.4184D-01  0.307295005095781E+01 -0.507236890676498E-16    0.325420193435396E+00  0.537155255843048E-17
  0.00000000  0.00000000  0.01000000    0.4313D-01  0.307315563741360E+01 -0.507279744926314E-16    0.325398423635196E+00  0.537128765401579E-17
  0.00000000  0.00000000  0.01000000    0.4447D-01  0.307337411241355E+01 -0.507325280700663E-16    0.325375292243445E+00  0.537100611356533E-17
  0.00000000  0.00000000  0.01000000    0.4584D-01  0.307360628569437E+01 -0.507373665814282E-16    0.325350714128334E+00  0.537070688822119E-17
  0.00000000  0.00000000  0.01000000    0.4726D-01  0.307385301840880E+01 -0.507425078653761E-16    0.325324598805202E+00  0.537038886206037E-17
  0.00000000  0.00000000  0.01000000    0.4872D-01  0.307411522647020E+01 -0.507479708854478E-16    0.325296850095054E+00  0.537005084767331E-17
  0.00000000  0.00000000  0.01000000    0.5022D-01  0.307439388412492E+01 -0.507537758022336E-16    0.325267365760661E+00  0.536969158143463E-17
  0.00000000  0.00000000  0.01000000    0.5177D-01  0.307469002776994E+01 -0.507599440503685E-16    0.325236037118608E+00  0.536930971844274E-17
  0.00000000  0.00000000  0.01000000    0.5337D-01  0.307500476003351E+01 -0.507664984206262E-16    0.325202748625697E+00  0.536890382709842E-17
  0.00000000  0.00000000  0.01000000    0.5501D-01  0.307533925413906E+01 -0.507734631475699E-16    0.325167377437827E+00  0.536847238330244E-17
  0.00000000  0.00000000  0.01000000    0.5671D-01  0.307569475857388E+01 -0.507808640030534E-16    0.325129792939425E+00  0.536801376423103E-17
  0.00000000  0.00000000  0.01000000    0.5846D-01  0.307607260208587E+01 -0.507887283961134E-16    0.325089856241334E+00  0.536752624166826E-17
  0.00000000  0.00000000  0.01000000    0.6026D-01  0.307647419903409E+01 -0.507970854795940E-16    0.325047419644854E+00  0.536700797484508E-17
  0.00000000  0.00000000  0.01000000    0.6211D-01  0.307690105512094E+01 -0.508059662641222E-16    0.325002326069498E+00  0.536645700275830E-17
  0.00000000  0.00000000  0.01000000    0.6403D-01  0.307735477353621E+01 -0.508154037398775E-16    0.324954408441797E+00  0.536587123591478E-17
  0.00000000  0.00000000  0.01000000    0.6600D-01  0.307783706154634E+01 -0.508254330068545E-16    0.324903489042265E+00  0.536524844746473E-17
  0.00000000  0.00000000  0.01000000    0.6803D-01  0.307834973756506E+01 -0.508360914141595E-16    0.324849378807422E+00  0.536458626366135E-17
  0.00000000  0.00000000  0.01000000    0.7012D-01  0.307889473874538E+01 -0.508474187090674E-16    0.324791876583443E+00  0.536388215359117E-17
  0.00000000  0.00000000  0.01000000    0.7227D-01  0.307947412913613E+01 -0.508594571966699E-16    0.324730768327814E+00  0.536313341812137E-17
  0.00000000  0.00000000  0.01000000    0.7450D-01  0.308009010845149E+01 -0.508722519108196E-16    0.324665826254917E+00  0.536233717797891E-17
  0.00000000  0.00000000  0.01000000    0.7678D-01  0.308074502150562E+01 -0.508858507973715E-16    0.324596807921248E+00  0.536149036089696E-17
  0.00000000  0.00000000  0.01000000    0.7914D-01  0.308144136837082E+01 -0.509003049107024E-16    0.324523455245461E+00  0.536058968774149E-17
  0.00000000  0.00000000  0.01000000    0.8157D-01  0.308218181532303E+01 -0.509156686244809E-16    0.324445493458080E+00  0.535963165751351E-17
  0.00000000  0.00000000  0.01000000    0.8408D-01  0.308296920664534E+01 -0.509319998580914E-16    0.324362629975188E+00  0.535861253114583E-17
  0.00000000  0.00000000  0.01000000    0.8666D-01  0.308380657736789E+01 -0.509493603196997E-16    0.324274553189885E+00  0.535752831394591E-17
  0.00000000  0.00000000  0.01000000    0.8932D-01  0.308469716703065E+01 -0.509678157677175E-16    0.324180931174714E+00  0.535637473659202E-17
  0.00000000  0.00000000  0.01000000    0.9206D-01  0.308564443456574E+01 -0.509874362920188E-16    0.324081410287551E+00  0.535514723451590E-17
  0.00000000  0.00000000  0.01000000    0.9488D-01  0.308665207440586E+01 -0.510082966166986E-16    0.323975613672781E+00  0.535384092552094E-17
  0.00000000  0.00000000  0.01000000    0.9779D-01  0.308772403393859E+01 -0.510304764263141E-16    0.323863139648667E+00  0.535245058545995E-17
  0.00000000  0.00000000  0.01000000    0.1008D+00  0.308886453243956E+01 -0.510540607176975E-16    0.323743559970954E+00  0.535097062177298E-17
  0.00000000  0.00000000  0.01000000    0.1039D+00  0.309007808163325E+01 -0.510791401797421E-16    0.323616417961663E+00  0.534939504466919E-17
  0.00000000  0.00000000  0.01000000    0.1071D+00  0.309136950804867E+01 -0.511058116036335E-16    0.323481226490850E+00  0.534771743569045E-17
  0.00000000  0.00000000  0.01000000    0.1103D+00  0.309274397735683E+01 -0.511341783266208E-16    0.323337465797811E+00  0.534593091339981E-17
  0.00000000  0.00000000  0.01000000    0.1137D+00  0.309420702090101E+01 -0.511643507123126E-16    0.323184581136659E+00  0.534402809585534E-17
  0.00000000  0.00000000  0.01000000    0.1172D+00  0.309576456465737E+01 -0.511964466714112E-16    0.323021980229520E+00  0.534200105954911E-17
  0.00000000  0.00000000  0.01000000    0.1208D+00  0.309742296089406E+01 -0.512305922265609E-16    0.322849030508689E+00  0.533984129437623E-17
  0.00000000  0.00000000  0.01000000    0.1245D+00  0.309918902283310E+01 -0.512669221262011E-16    0.322665056126798E+00  0.533753965422125E-17
  0.00000000  0.00000000  0.01000000    0.1283D+00  0.310107006265945E+01 -0.513055805121809E-16    0.322469334711648E+00  0.533508630261950E-17
  0.00000000  0.00000000  0.01000000    0.1322D+00  0.310307393326983E+01 -0.513467216470887E-16    0.322261093839379E+00  0.533247065293758E-17
  0.00000000  0.00000000  0.01000000    0.1363D+00  0.310520907420849E+01 -0.513905107077354E-16    0.322039507196435E+00  0.532968130241302E-17
  0.00000000  0.00000000  0.01000000    0.1405D+00  0.310748456230121E+01 -0.514371246519528E-16    0.321803690396925E+00  0.532670595928792E-17
  0.00000000  0.00000000  0.01000000    0.1448D+00  0.310991016757373E+01 -0.514867531672785E-16    0.321552696417650E+00  0.532353136220802E-17
  0.00000000  0.00000000  0.01000000    0.1492D+00  0.311249641512790E+01 -0.515395997107607E-16    0.321285510608021E+00  0.532014319088759E-17
  0.00000000  0.00000000  0.01000000    0.1537D+00  0.311525465375191E+01 -0.515958826508172E-16    0.321001045226153E+00  0.531652596693216E-17
  0.00000000  0.00000000  0.01000000    0.1585D+00  0.311819713216182E+01 -0.516558365234661E-16    0.320698133445690E+00  0.531266294352795E-17
  0.00000000  0.00000000  0.01000000    0.1633D+00  0.312133708391421E+01 -0.517197134170941E-16    0.320375522769871E+00  0.530853598251257E-17
  0.00000000  0.00000000  0.01000000    0.1683D+00  0.312468882219964E+01 -0.517877845021226E-16    0.320031867780051E+00  0.530412541711525E-17
  0.00000000  0.00000000  0.01000000    0.1734D+00  0.312826784592846E+01 -0.518603417244768E-16    0.319665722134865E+00  0.529940989838595E-17
  0.00000000  0.00000000  0.01000000    0.1787D+00  0.313209095876080E+01 -0.519376996846957E-16    0.319275529723327E+00  0.529436622300492E-17
  0.00000000  0.00000000  0.01000000    0.1842D+00  0.313617640302291E+01 -0.520201977281470E-16    0.318859614859711E+00  0.528896913978909E-17
  0.00000000  0.00000000  0.01000000    0.1898D+00  0.314054401079910E+01 -0.521082022761756E-16    0.318416171389859E+00  0.528319113177030E-17
  0.00000000  0.00000000  0.01000000    0.1956D+00  0.314521537491101E+01 -0.522021094329158E-16    0.317943250556663E+00  0.527700217015679E-17
  0.00000000  0.00000000  0.01000000    0.2016D+00  0.315021404300771E+01 -0.523023479089803E-16    0.317438747446265E+00  0.527036943587292E-17
  0.00000000  0.00000000  0.01000000    0.2078D+00  0.315556573861600E+01 -0.524093823105129E-16    0.316900385804857E+00  0.526325700356987E-17
  0.00000000  0.00000000  0.01000000    0.2141D+00  0.316129861376907E+01 -0.525237168513144E-16    0.316325700977595E+00  0.525562548206477E-17
  0.00000000  0.00000000  0.01000000    0.2207D+00  0.316744353877958E+01 -0.526458995569963E-16    0.315712020674346E+00  0.524743160402538E-17
  0.00000000  0.00000000  0.01000000    0.2274D+00  0.317403443590197E+01 -0.527765270437627E-16    0.315056443209580E+00  0.523862775629811E-17
  0.00000000  0.00000000  0.01000000    0.2343D+00  0.318110866509933E+01 -0.529162499717535E-16    0.314355812792952E+00  0.522916144057788E-17
  0.00000000  0.00000000  0.01000000    0.2415D+00  0.318870747198066E+01 -0.530657792939054E-16    0.313606691359133E+00  0.521897465195156E-17
  0.00000000  0.00000000  0.01000000    0.2489D+00  0.319687651031639E+01 -0.532258934484289E-16    0.312805326315539E+00  0.520800316022348E-17
  0.00000000  0.00000000  0.01000000    0.2565D+00  0.320566645452631E+01 -0.533974466766639E-16    0.311947613448065E+00  0.519617567557165E-17
  0.00000000  0.00000000  0.01000000    0.2643D+00  0.321513372137396E+01 -0.535813786915593E-16    0.311029054049005E+00  0.518341287588978E-17
  0.00000000  0.00000000  0.01000000    0.2724D+00  0.322534132507564E+01 -0.537787259776405E-16    0.310044705106226E+00  0.516962626779819E-17
  0.00000000  0.00000000  0.01000000    0.2807D+00  0.323635989654010E+01 -0.539906350756750E-16    0.308989121101479E+00  0.515471684641077E-17
  0.00000000  0.00000000  0.01000000    0.2893D+00  0.324826890604570E+01 -0.542183783000506E-16    0.307856285586084E+00  0.513857350999742E-17
  0.00000000  0.00000000  0.01000000    0.2981D+00  0.326115814012456E+01 -0.544633724624312E-16    0.306639530201318E+00  0.512107117394235E-17
  0.00000000  0.00000000  0.01000000    0.3072D+00  0.327512949889053E+01 -0.547272013434934E-16    0.305331438142753E+00  0.510206851283207E-17
  0.00000000  0.00000000  0.01000000    0.3166D+00  0.329029920117233E+01 -0.550116428820491E-16    0.303923728165421E+00  0.508140523854488E-17
  0.00000000  0.00000000  0.01000000    0.3262D+00  0.330680051405397E+01 -0.553187023643300E-16    0.302407113991297E+00  0.505889879375637E-17
  0.00000000  0.00000000  0.01000000    0.3362D+00  0.332478716448939E+01 -0.556506533313188E-16    0.300771132263913E+00  0.503434030077467E-17
  0.00000000  0.00000000  0.01000000    0.3464D+00  0.334443764925758E+01 -0.560100885383032E-16    0.299003929770371E+00  0.500748955013611E-17
  0.00000000  0.00000000  0.01000000    0.3570D+00  0.336596074463124E+01 -0.563999841867662E-16    0.297091997164558E+00  0.497806873381453E-17
  0.00000000  0.00000000  0.01000000    0.3679D+00  0.338960264317692E+01 -0.568237819460372E-16    0.295019831310595E+00  0.494575451134227E-17
  0.00000000  0.00000000  0.01000000    0.3791D+00  0.341565633589558E+01 -0.572854952220118E-16    0.292769500693284E+00  0.491016782246580E-17
  0.00000000  0.00000000  0.01000000    0.3907D+00  0.344447415387916E+01 -0.577898490959653E-16    0.290320076541670E+00  0.487086059100700E-17
  0.00000000  0.00000000  0.01000000    0.4026D+00  0.347648485570656E+01 -0.583424680075106E-16    0.287646873639771E+00  0.482729803791365E-17
  0.00000000  0.00000000  0.01000000    0.4149D+00  0.351221742397194E+01 -0.589501327578198E-16    0.284720414281502E+00  0.477883462060123E-17
  0.00000000  0.00000000  0.01000000    0.4276D+00  0.355233506163089E+01 -0.596211409066165E-16    0.281504977050474E+00  0.472468041765596E-17
  0.00000000  0.00000000  0.01000000    0.4406D+00  0.359768524498213E+01 -0.603658262259918E-16    0.277956500334417E+00  0.466385263162609E-17
  0.00000000  0.00000000  0.01000000    0.4540D+00  0.364937612850365E+01 -0.611973317762624E-16    0.274019439155489E+00  0.459510281775744E-17
  0.00000000  0.00000000  0.01000000    0.4679D+00  0.370889845165342E+01 -0.621328047680855E-16    0.269621833284274E+00  0.451680221150215E-17
  0.00000000  0.00000000  0.01000000    0.4822D+00  0.377833116790512E+01 -0.631953288442614E-16    0.264667112426369E+00  0.442674939299166E-17
  0.00000000  0.00000000  0.01000000    0.4969D+00  0.386071432110050E+01 -0.644172257924701E-16    0.259019424082886E+00  0.432182009287511E-17
  0.00000000  0.00000000  0.01000000    0.5120D+00  0.396079554275438E+01 -0.658460959979429E-16    0.252474531746365E+00  0.419725332321647E-17
  0.00000000  0.00000000  0.01000000    0.5276D+00  0.408676066129908E+01 -0.675568698556336E-16    0.244692577539426E+00  0.404493093319926E-17
  0.00000000  0.00000000  0.01000000    0.5437D+00  0.425543545198576E+01 -0.696787350080070E-16    0.234993577339626E+00  0.384779780795184E-17
  0.00000000  0.00000000  0.01000000    0.5603D+00  0.452808944284722E+01  0.386688248567639E-03    0.220843692539441E+00 -0.188595348552985E-04
  0.00000000  0.00000000  0.01000000    0.5774D+00  0.495659857636334E+01  0.153877178117569E+00    0.201557000409410E+00 -0.625731980813290E-02
  0.00000000  0.00000000  0.01000000    0.5950D+00  0.519013627426538E+01  0.806798041941253E+00    0.188127227233342E+00 -0.292440642301209E-01
  0.00000000  0.00000000  0.01000000    0.6131D+00  0.508126883515203E+01  0.126690101910882E+01    0.185283236413424E+00 -0.461962412640039E-01
  0.00000000  0.00000000  0.01000000    0.6318D+00  0.490780544911648E+01  0.156721355612059E+01    0.184902180593325E+00 -0.590449656137619E-01
  0.00000000  0.00000000  0.01000000    0.6511D+00  0.475052505239953E+01  0.178424737297047E+01    0.184479052408874E+00 -0.692883967557135E-01
  0.00000000  0.00000000  0.01000000    0.6709D+00  0.461677412537030E+01  0.197926882127184E+01    0.182972189788027E+00 -0.784424666602524E-01
  0.00000000  0.00000000  0.01000000    0.6914D+00  0.448000242808721E+01  0.218166378088308E+01    0.180426429522314E+00 -0.878637484513485E-01
  0.00000000  0.00000000  0.01000000    0.7125D+00  0.430990197822662E+01  0.237917254232077E+01    0.177832657877665E+00 -0.981680276924891E-01
  0.00000000  0.00000000  0.01000000    0.7342D+00  0.414959226699689E+01  0.250976120711514E+01    0.176443116536132E+00 -0.106716530360551E+00
  0.00000000  0.00000000  0.01000000    0.7565D+00  0.400096710740453E+01  0.270228914228156E+01    0.171640891787906E+00 -0.115927800903834E+00
  0.00000000  0.00000000  0.01000000    0.7796D+00  0.371775403964676E+01  0.295449083999622E+01    0.164861941731853E+00 -0.131015417242887E+00
  0.00000000  0.00000000  0.01000000    0.8034D+00  0.340902554362301E+01  0.292987429052240E+01    0.168716713177336E+00 -0.145002949961581E+00
  0.00000000  0.00000000  0.01000000    0.8279D+00  0.328089442569908E+01  0.287976379680446E+01    0.172159387221269E+00 -0.151110735754386E+00
  0.00000000  0.00000000  0.01000000    0.8531D+00  0.318986497171555E+01  0.303124537634429E+01    0.164734379371305E+00 -0.156542778525718E+00
  0.00000000  0.00000000  0.01000000    0.8791D+00  0.300478509045576E+01  0.322401358306451E+01    0.154702443026855E+00 -0.165989500958351E+00
  0.00000000  0.00000000  0.01000000    0.9059D+00  0.274745411376749E+01  0.346014811487801E+01    0.140742582149002E+00 -0.177251433560118E+00
  0.00000000  0.00000000  0.01000000    0.9335D+00  0.188187772674869E+01  0.400620269910597E+01    0.960576708952989E-01 -0.204490703588613E+00
  0.00000000  0.00000000  0.01000000    0.9619D+00  0.108662405138557E+01  0.295304732833585E+01    0.109746255287871E+00 -0.298250241709141E+00
  0.00000000  0.00000000  0.01000000    0.9913D+00  0.130775295403356E+01  0.209881179108804E+01    0.213851846468725E+00 -0.343210677162036E+00
  0.00000000  0.00000000  0.01000000    0.1021D+01  0.168885600429621E+01  0.204059278325307E+01    0.240706240419346E+00 -0.290837949377683E+00
  0.00000000  0.00000000  0.01000000    0.1053D+01  0.216515991015370E+01  0.181936648680226E+01    0.270712265848681E+00 -0.227477343239942E+00
  0.00000000  0.00000000  0.01000000    0.1085D+01  0.272457488680041E+01  0.254152378283545E+01    0.196257530207563E+00 -0.183071929129033E+00
  0.00000000  0.00000000  0.01000000    0.1118D+01  0.177437560388802E+01  0.428451068083369E+01    0.825082192161951E-01 -0.199229151772459E+00
  0.00000000  0.00000000  0.01000000    0.1152D+01  0.181602112587313E+00  0.341366343800976E+01    0.155400402071904E-01 -0.292113711259731E+00
  0.00000000  0.00000000  0.01000000    0.1187D+01 -0.193759478329087E-01  0.202785479528909E+01   -0.471139591204881E-02 -0.493086938256859E+00
  0.00000000  0.00000000  0.01000000    0.1223D+01  0.323596198157815E+00  0.172417500575088E+01    0.105149255668370E+00 -0.560252931056677E+00
  0.00000000  0.00000000  0.01000000    0.1260D+01  0.387357297957099E+00  0.153667790632928E+01    0.154238071918760E+00 -0.611874976107035E+00
  0.00000000  0.00000000  0.01000000    0.1299D+01  0.391082299070142E+00  0.118648716113666E+01    0.250581798989103E+00 -0.760228954422134E+00
  0.00000000  0.00000000  0.01000000    0.1338D+01  0.875996964166638E+00  0.548568629304564E+00    0.819992906373957E+00 -0.513497652491247E+00
  0.00000000  0.00000000  0.01000000    0.1379D+01  0.151993691182119E+01  0.987276347161589E+00    0.462700953303845E+00 -0.300547807907797E+00
  0.00000000  0.00000000  0.01000000    0.1421D+01  0.122837234460150E+01  0.186286611609937E+01    0.246702290686316E+00 -0.374131947941831E+00
  0.00000000  0.00000000  0.01000000    0.1464D+01  0.550149826132198E+00  0.151010037376627E+01    0.212983100914369E+00 -0.584615035794637E+00
  0.00000000  0.00000000  0.01000000    0.1509D+01  0.561749144190742E+00  0.755352879650519E+00    0.633942465364429E+00 -0.852427229658898E+00
  0.00000000  0.00000000  0.01000000    0.1555D+01  0.101893905703955E+01  0.576141592179398E+00    0.743655635834401E+00 -0.420487308934499E+00
  0.00000000  0.00000000  0.01000000    0.1602D+01  0.127045133656766E+01  0.867595809475228E+00    0.536787193746770E+00 -0.366573914694656E+00
  0.00000000  0.00000000  0.01000000    0.1651D+01  0.114212987834180E+01  0.112696731398346E+01    0.443628971288812E+00 -0.437739489754403E+00
  0.00000000  0.00000000  0.01000000    0.1701D+01  0.806850307911006E+00  0.110088400326926E+01    0.433102877224005E+00 -0.590934928859672E+00
  0.00000000  0.00000000  0.01000000    0.1753D+01  0.712345216500933E+00  0.594867765588958E+00    0.827054954866916E+00 -0.690659980055210E+00
  0.00000000  0.00000000  0.01000000    0.1807D+01  0.924764750599399E+00  0.373574457495048E+00    0.929647520380661E+00 -0.375546935437061E+00
  0.00000000  0.00000000  0.01000000    0.1862D+01  0.114528139263269E+01  0.276844843338238E+00    0.824944933701807E+00 -0.199411037673774E+00
  0.00000000  0.00000000  0.01000000    0.1919D+01  0.137457470483740E+01  0.243263619692557E+00    0.705404681325120E+00 -0.124838101212929E+00
  0.00000000  0.00000000  0.01000000    0.1977D+01  0.154801513896938E+01  0.348750800343891E+00    0.614785015741946E+00 -0.138504308441183E+00
  0.00000000  0.00000000  0.01000000    0.2037D+01  0.166776912979696E+01  0.394347720864001E+00    0.567854809419455E+00 -0.134270532938504E+00
  0.00000000  0.00000000  0.01000000    0.2099D+01  0.179978440328525E+01  0.477417500440295E+00    0.519095999060755E+00 -0.137697334140563E+00
  0.00000000  0.00000000  0.01000000    0.2163D+01  0.199869740864628E+01  0.558098304607576E+00    0.464137108592628E+00 -0.129601475586268E+00
  0.00000000  0.00000000  0.01000000    0.2229D+01  0.205594607522454E+01  0.977445026815963E+00    0.396723636241104E+00 -0.188611729625186E+00
  0.00000000  0.00000000  0.01000000    0.2297D+01  0.195974373106335E+01  0.112085888787733E+01    0.384495671505985E+00 -0.219909054396621E+00
  0.00000000  0.00000000  0.01000000    0.2367D+01  0.186374645016713E+01  0.135866760431390E+01    0.350359332380298E+00 -0.255411284475670E+00
  0.00000000  0.00000000  0.01000000    0.2439D+01  0.155178911834855E+01  0.157308467172824E+01    0.317817323460059E+00 -0.322178802540371E+00
  0.00000000  0.00000000  0.01000000    0.2513D+01  0.161179372862175E+01  0.114201833974185E+01    0.413059624533920E+00 -0.292668756707466E+00
  0.00000000  0.00000000  0.01000000    0.2590D+01  0.176391691244884E+01  0.184645447108118E+01    0.270506337760456E+00 -0.283163925289522E+00
  0.00000000  0.00000000  0.01000000    0.2669D+01  0.915914318468903E+00  0.256530095242476E+01    0.123444110515690E+00 -0.345743360368568E+00
  0.00000000  0.00000000  0.01000000    0.2750D+01  0.134605307190910E+00  0.171911861865363E+01    0.452684973777173E-01 -0.578148947501251E+00
  0.00000000  0.00000000  0.01000000    0.2834D+01 -0.253767923799615E-01  0.128646340546531E+01   -0.153275554153569E-01 -0.777022518916482E+00
  0.00000000  0.00000000  0.01000000    0.2920D+01  0.242162466999718E-02  0.692182058784426E+00    0.505429795205794E-02 -0.144468893363621E+01
  0.00000000  0.00000000  0.01000000    0.3009D+01  0.291627933300953E+00  0.367376750563418E+00    0.132550603143694E+01 -0.166979923071698E+01
  0.00000000  0.00000000  0.01000000    0.3101D+01  0.539989147684624E+00  0.345795603357496E+00    0.131332174029165E+01 -0.841018538120520E+00
  0.00000000  0.00000000  0.01000000    0.3195D+01  0.604148761258323E+00  0.369975757397856E+00    0.120377665072594E+01 -0.737182969907232E+00
  0.00000000  0.00000000  0.01000000    0.3293D+01  0.691437459609882E+00  0.190854813781998E+00    0.134387219885455E+01 -0.370943857169527E+00
  0.00000000  0.00000000  0.01000000    0.3393D+01  0.869434384248389E+00  0.184256573743166E+00    0.110073567789133E+01 -0.233275550495336E+00
  0.00000000  0.00000000  0.01000000    0.3496D+01  0.965888879659767E+00  0.266366905546097E+00    0.962143585446764E+00 -0.265334051300763E+00
  0.00000000  0.00000000  0.01000000    0.3603D+01  0.962739780547818E+00  0.329739135535496E+00    0.929648224497850E+00 -0.318405251441466E+00
  0.00000000  0.00000000  0.01000000    0.3713D+01  0.939227099049776E+00  0.292338899360346E+00    0.970667428958331E+00 -0.302124851501519E+00
  0.00000000  0.00000000  0.01000000    0.3826D+01  0.958275642104760E+00  0.227828331704874E+00    0.987711463611344E+00 -0.234826645980584E+00
  0.00000000  0.00000000  0.01000000    0.3942D+01  0.104483535769138E+01  0.147808807898767E+00    0.938310497842612E+00 -0.132739148904243E+00
  0.00000000  0.00000000  0.01000000    0.4062D+01  0.115261872810205E+01  0.176063349626547E+00    0.847807863084014E+00 -0.129503268144954E+00
  0.00000000  0.00000000  0.01000000    0.4186D+01  0.121554182924342E+01  0.223644466070369E+00    0.795741440858228E+00 -0.146406454627376E+00
  0.00000000  0.00000000  0.01000000    0.4313D+01  0.127492153005499E+01  0.257859604044885E+00    0.753536916696225E+00 -0.152406815942712E+00
  0.00000000  0.00000000  0.01000000    0.4445D+01  0.124641518221327E+01  0.387245182578243E+00    0.731674863761326E+00 -0.227321979263796E+00
  0.00000000  0.00000000  0.01000000    0.4580D+01  0.125795668862338E+01  0.253895954078717E+00    0.763824638865025E+00 -0.154164278617329E+00
  0.00000000  0.00000000  0.01000000    0.4720D+01  0.136967569432212E+01  0.323517086692168E+00    0.691519721124008E+00 -0.163336800452564E+00
  0.00000000  0.00000000  0.01000000    0.4863D+01  0.147188242845476E+01  0.386995505637262E+00    0.635472008004998E+00 -0.167081830927489E+00
  0.00000000  0.00000000  0.01000000    0.5012D+01  0.140733164369601E+01  0.685529087526317E+00    0.574296260996229E+00 -0.279746990365806E+00
  0.00000000  0.00000000  0.01000000    0.5164D+01  0.125059077815891E+01  0.587790335002595E+00    0.654939670466182E+00 -0.307828280068199E+00
  0.00000000  0.00000000  0.01000000    0.5322D+01  0.145409062393156E+01  0.392582585181455E+00    0.640991942199710E+00 -0.173058177810717E+00
  0.00000000  0.00000000  0.01000000    0.5484D+01  0.169310816666714E+01  0.849553044529243E+00    0.471833992157264E+00 -0.236752744119506E+00
  0.00000000  0.00000000  0.01000000    0.5651D+01  0.117663666406300E+01  0.157481559361085E+01    0.304471777894346E+00 -0.407506342685889E+00
  0.00000000  0.00000000  0.01000000    0.5823D+01  0.698198951490162E+00  0.935923729426433E+00    0.512088181592210E+00 -0.686445431761344E+00
  0.00000000  0.00000000  0.01000000    0.6000D+01  0.758994077149408E+00  0.846602309307524E+00    0.587089794356999E+00 -0.654855670995802E+00
  0.00000000  0.00000000  0.01000000    0.6183D+01  0.662011625411308E+00  0.877601167904421E+00    0.547821878817345E+00 -0.726224589115024E+00
  0.00000000  0.00000000  0.01000000    0.6371D+01  0.532886252177219E+00  0.710047169591832E+00    0.676135975979219E+00 -0.900921039043047E+00
  0.00000000  0.00000000  0.01000000    0.6565D+01  0.483075017195075E+00  0.554670875409141E+00    0.892894715637364E+00 -0.102522936592015E+01
  0.00000000  0.00000000  0.01000000    0.6765D+01  0.583095717227366E+00  0.302782090527968E+00    0.135076664621651E+01 -0.701407911040119E+00
  0.00000000  0.00000000  0.01000000    0.6971D+01  0.731916838869447E+00  0.356837654060916E+00    0.110388807531340E+01 -0.538187961010848E+00
  0.00000000  0.00000000  0.01000000    0.7184D+01  0.819660052247104E+00  0.378500201099724E+00    0.100558829690087E+01 -0.464357597466230E+00
  0.00000000  0.00000000  0.01000000    0.7402D+01  0.695712031940981E+00  0.650685527280697E+00    0.766703495489687E+00 -0.717082421068409E+00
  0.00000000  0.00000000  0.01000000    0.7628D+01  0.549122365853167E+00  0.388398304659164E+00    0.121382887797066E+01 -0.858550129564753E+00
  0.00000000  0.00000000  0.01000000    0.7860D+01  0.581057787898185E+00  0.368786627114069E+00    0.122681347565304E+01 -0.778635814211734E+00
  0.00000000  0.00000000  0.01000000    0.8100D+01  0.525234401003921E+00  0.344131644430687E+00    0.133207552269079E+01 -0.872770974736716E+00
  0.00000000  0.00000000  0.01000000    0.8346D+01  0.510451500342246E+00  0.191371271431562E+00    0.171762954778333E+01 -0.643949425532743E+00
  0.00000000  0.00000000  0.01000000    0.8600D+01  0.553195444264406E+00  0.134699005397328E+00    0.170650311222543E+01 -0.415520905509018E+00
  0.00000000  0.00000000  0.01000000    0.8862D+01  0.602244688972205E+00  0.570472688275267E-01    0.164568837080062E+01 -0.155886849007530E+00
  0.00000000  0.00000000  0.01000000    0.9132D+01  0.655799268747700E+00  0.428196888006258E-01    0.151838352555983E+01 -0.991411749644425E-01
  0.00000000  0.00000000  0.01000000    0.9410D+01  0.696241407788141E+00  0.115599955230401E-01    0.143588759717866E+01 -0.238406593019313E-01
  0.00000000  0.00000000  0.01000000    0.9697D+01  0.738427031887525E+00  0.471822088502418E-02    0.135417466054106E+01 -0.865257485090084E-02
  0.00000000  0.00000000  0.01000000    0.9992D+01  0.770402761212441E+00  0.541678031049803E-04    0.129802234026600E+01 -0.912652733003457E-04
  0.00000000  0.00000000  0.01000000    0.1030D+02  0.796461796754820E+00 -0.721951972574692E-17    0.125555300213330E+01  0.113809472124782E-16
  0.00000000  0.00000000  0.01000000    0.1061D+02  0.816905887239164E+00 -0.552425692018361E-17    0.122413121954553E+01  0.827808376267385E-17
  0.00000000  0.00000000  0.01000000    0.1093D+02  0.834027443892677E+00 -0.445066929603176E-17    0.119900131263388E+01  0.639830064000637E-17
  0.00000000  0.00000000  0.01000000    0.1127D+02  0.848730915648459E+00 -0.368505406940509E-17    0.117822973284291E+01  0.511568530337970E-17
  0.00000000  0.00000000  0.01000000    0.1161D+02  0.861557743741507E+00 -0.310846772319567E-17    0.116068830820007E+01  0.418771947549578E-17
