 q(1:3)   w(Ry)   eps  epsi --- LFC included. 
  0.00000000  0.00000000  0.03500000    0.0000D+00  0.262721381522496E+01  0.320339938594617E-17    0.380631372370570E+00 -0.464109277081937E-18
  0.00000000  0.00000000  0.03500000    0.1015D-04  0.262721381539128E+01  0.320339961474227E-17    0.380631372346474E+00 -0.464109310171208E-18
  0.00000000  0.00000000  0.03500000    0.3076D-04  0.262721381675231E+01  0.320339909206784E-17    0.380631372149288E+00 -0.464109233965147E-18
  0.00000000  0.00000000  0.03500000    0.5200D-04  0.262721381958939E+01  0.320339929298055E-17    0.380631371738252E+00 -0.464109262071064E-18
  0.00000000  0.00000000  0.03500000    0.7389D-04  0.262721382403618E+01  0.320339961857126E-17    0.380631371094000E+00 -0.464109307671634E-18
  0.00000000  0.00000000  0.03500000    0.9644D-04  0.262721383023589E+01  0.320339925984079E-17    0.380631370195783E+00 -0.464109253508260E-18
  0.00000000  0.00000000  0.03500000    0.1197D-03  0.262721383834194E+01  0.320340000519781E-17    0.380631369021377E+00 -0.464109358631823E-18
  0.00000000  0.00000000  0.03500000    0.1436D-03  0.262721384851859E+01  0.320339986994518E-17    0.380631367546982E+00 -0.464109335440889E-18
  0.00000000  0.00000000  0.03500000    0.1683D-03  0.262721386094166E+01  0.320339974705528E-17    0.380631365747125E+00 -0.464109313247386E-18
  0.00000000  0.00000000  0.03500000    0.1937D-03  0.262721387579933E+01  0.320339963494401E-17    0.380631363594542E+00 -0.464109291755329E-18
  0.00000000  0.00000000  0.03500000    0.2199D-03  0.262721389329288E+01  0.320339961175349E-17    0.380631361060073E+00 -0.464109282214850E-18
  0.00000000  0.00000000  0.03500000    0.2469D-03  0.262721391363760E+01  0.320340007700993E-17    0.380631358112525E+00 -0.464109342433335E-18
  0.00000000  0.00000000  0.03500000    0.2748D-03  0.262721393706369E+01  0.320340004910654E-17    0.380631354718547E+00 -0.464109330114033E-18
  0.00000000  0.00000000  0.03500000    0.3034D-03  0.262721396381721E+01  0.320339981385431E-17    0.380631350842490E+00 -0.464109286578374E-18
  0.00000000  0.00000000  0.03500000    0.3330D-03  0.262721399416116E+01  0.320339986268883E-17    0.380631346446253E+00 -0.464109282932738E-18
  0.00000000  0.00000000  0.03500000    0.3634D-03  0.262721402837650E+01  0.320340011345422E-17    0.380631341489126E+00 -0.464109307175091E-18
  0.00000000  0.00000000  0.03500000    0.3948D-03  0.262721406676340E+01  0.320340033343182E-17    0.380631335927625E+00 -0.464109325483054E-18
  0.00000000  0.00000000  0.03500000    0.4271D-03  0.262721410964239E+01  0.320340110491747E-17    0.380631329715307E+00 -0.464109422106518E-18
  0.00000000  0.00000000  0.03500000    0.4604D-03  0.262721415735580E+01  0.320340094446838E-17    0.380631322802578E+00 -0.464109382003036E-18
  0.00000000  0.00000000  0.03500000    0.4948D-03  0.262721421026904E+01  0.320340086551075E-17    0.380631315136498E+00 -0.464109351868909E-18
  0.00000000  0.00000000  0.03500000    0.5301D-03  0.262721426877214E+01  0.320340097861530E-17    0.380631306660557E+00 -0.464109347585841E-18
  0.00000000  0.00000000  0.03500000    0.5666D-03  0.262721433328137E+01  0.320340148954203E-17    0.380631297314448E+00 -0.464109398817303E-18
  0.00000000  0.00000000  0.03500000    0.6041D-03  0.262721440424086E+01  0.320340128659210E-17    0.380631287033824E+00 -0.464109344343246E-18
  0.00000000  0.00000000  0.03500000    0.6428D-03  0.262721448212443E+01  0.320340173001861E-17    0.380631275750038E+00 -0.464109381069981E-18
  0.00000000  0.00000000  0.03500000    0.6827D-03  0.262721456743749E+01  0.320340196497086E-17    0.380631263389868E+00 -0.464109384968023E-18
  0.00000000  0.00000000  0.03500000    0.7238D-03  0.262721466071904E+01  0.320340256376615E-17    0.380631249875223E+00 -0.464109438764357E-18
  0.00000000  0.00000000  0.03500000    0.7662D-03  0.262721476254385E+01  0.320340290158525E-17    0.380631235122831E+00 -0.464109451732006E-18
  0.00000000  0.00000000  0.03500000    0.8098D-03  0.262721487352471E+01  0.320340334127168E-17    0.380631219043909E+00 -0.464109476223283E-18
  0.00000000  0.00000000  0.03500000    0.8548D-03  0.262721499431489E+01  0.320340373454221E-17    0.380631201543813E+00 -0.464109490524092E-18
  0.00000000  0.00000000  0.03500000    0.9011D-03  0.262721512561072E+01  0.320340392898979E-17    0.380631182521660E+00 -0.464109472307669E-18
  0.00000000  0.00000000  0.03500000    0.9488D-03  0.262721526815430E+01  0.320340424792724E-17    0.380631161869934E+00 -0.464109468153415E-18
  0.00000000  0.00000000  0.03500000    0.9980D-03  0.262721542273645E+01  0.320340465509164E-17    0.380631139474061E+00 -0.464109472528153E-18
  0.00000000  0.00000000  0.03500000    0.1049D-02  0.262721559019979E+01  0.320340528951495E-17    0.380631115211962E+00 -0.464109505277125E-18
  0.00000000  0.00000000  0.03500000    0.1101D-02  0.262721577144203E+01  0.320340558651033E-17    0.380631088953580E+00 -0.464109484271309E-18
  0.00000000  0.00000000  0.03500000    0.1155D-02  0.262721596741949E+01  0.320340649585275E-17    0.380631060560363E+00 -0.464109546776250E-18
  0.00000000  0.00000000  0.03500000    0.1210D-02  0.262721617915080E+01  0.320340707058176E-17    0.380631029884732E+00 -0.464109555236405E-18
  0.00000000  0.00000000  0.03500000    0.1267D-02  0.262721640772084E+01  0.320340854408668E-17    0.380630996769512E+00 -0.464109687961893E-18
  0.00000000  0.00000000  0.03500000    0.1326D-02  0.262721665428495E+01  0.320340905599807E-17    0.380630961047319E+00 -0.464109675014256E-18
  0.00000000  0.00000000  0.03500000    0.1387D-02  0.262721692007340E+01  0.320340944697171E-17    0.380630922539911E+00 -0.464109637753034E-18
  0.00000000  0.00000000  0.03500000    0.1450D-02  0.262721720639611E+01  0.320341063867201E-17    0.380630881057509E+00 -0.464109709246053E-18
  0.00000000  0.00000000  0.03500000    0.1514D-02  0.262721751464769E+01  0.320341201035774E-17    0.380630836398066E+00 -0.464109799067621E-18
  0.00000000  0.00000000  0.03500000    0.1580D-02  0.262721784631283E+01  0.320341264769596E-17    0.380630788346482E+00 -0.464109774224797E-18
  0.00000000  0.00000000  0.03500000    0.1649D-02  0.262721820297187E+01  0.320341399423889E-17    0.380630736673799E+00 -0.464109843300807E-18
  0.00000000  0.00000000  0.03500000    0.1719D-02  0.262721858630701E+01  0.320341549877604E-17    0.380630681136306E+00 -0.464109925842021E-18
  0.00000000  0.00000000  0.03500000    0.1792D-02  0.262721899810856E+01  0.320341676956713E-17    0.380630621474624E+00 -0.464109964460673E-18
  0.00000000  0.00000000  0.03500000    0.1867D-02  0.262721944028186E+01  0.320341796541609E-17    0.380630557412712E+00 -0.464109981491080E-18
  0.00000000  0.00000000  0.03500000    0.1944D-02  0.262721991485452E+01  0.320342011822968E-17    0.380630488656818E+00 -0.464110125719097E-18
  0.00000000  0.00000000  0.03500000    0.2024D-02  0.262722042398403E+01  0.320342140654992E-17    0.380630414894369E+00 -0.464110132490358E-18
  0.00000000  0.00000000  0.03500000    0.2106D-02  0.262722096996603E+01  0.320342316600394E-17    0.380630335792779E+00 -0.464110194498873E-18
  0.00000000  0.00000000  0.03500000    0.2190D-02  0.262722155524295E+01  0.320342499721752E-17    0.380630250998197E+00 -0.464110253020533E-18
  0.00000000  0.00000000  0.03500000    0.2277D-02  0.262722218241326E+01  0.320342689761971E-17    0.380630160134169E+00 -0.464110306764796E-18
  0.00000000  0.00000000  0.03500000    0.2367D-02  0.262722285424122E+01  0.320342947503591E-17    0.380630062800216E+00 -0.464110442816293E-18
  0.00000000  0.00000000  0.03500000    0.2459D-02  0.262722357366735E+01  0.320343174254936E-17    0.380629958570331E+00 -0.464110517152293E-18
  0.00000000  0.00000000  0.03500000    0.2554D-02  0.262722434381946E+01  0.320343412413649E-17    0.380629846991369E+00 -0.464110590093098E-18
  0.00000000  0.00000000  0.03500000    0.2652D-02  0.262722516802441E+01  0.320343705805531E-17    0.380629727581350E+00 -0.464110723957660E-18
  0.00000000  0.00000000  0.03500000    0.2753D-02  0.262722604982059E+01  0.320343958282191E-17    0.380629599827654E+00 -0.464110778196965E-18
  0.00000000  0.00000000  0.03500000    0.2858D-02  0.262722699297119E+01  0.320344320453919E-17    0.380629463185089E+00 -0.464110969683937E-18
  0.00000000  0.00000000  0.03500000    0.2965D-02  0.262722800147824E+01  0.320344669382290E-17    0.380629317073865E+00 -0.464111118892716E-18
  0.00000000  0.00000000  0.03500000    0.3075D-02  0.262722907959766E+01  0.320344971113099E-17    0.380629160877415E+00 -0.464111175127338E-18
  0.00000000  0.00000000  0.03500000    0.3189D-02  0.262723023185505E+01  0.320345426386502E-17    0.380628993940098E+00 -0.464111427618244E-18
  0.00000000  0.00000000  0.03500000    0.3307D-02  0.262723146306265E+01  0.320345799768378E-17    0.380628815564757E+00 -0.464111533571699E-18
  0.00000000  0.00000000  0.03500000    0.3428D-02  0.262723277833724E+01  0.320346212419228E-17    0.380628625010112E+00 -0.464111666715343E-18
  0.00000000  0.00000000  0.03500000    0.3553D-02  0.262723418311921E+01  0.320346705446937E-17    0.380628421488008E+00 -0.464111884683174E-18
  0.00000000  0.00000000  0.03500000    0.3681D-02  0.262723568319274E+01  0.320347169207516E-17    0.380628204160486E+00 -0.464112026581388E-18
  0.00000000  0.00000000  0.03500000    0.3813D-02  0.262723728470739E+01  0.320347694879191E-17    0.380627972136660E+00 -0.464112222334345E-18
  0.00000000  0.00000000  0.03500000    0.3950D-02  0.262723899420084E+01  0.320348317321458E-17    0.380627724469422E+00 -0.464112520135478E-18
  0.00000000  0.00000000  0.03500000    0.4090D-02  0.262724081862319E+01  0.320348910216780E-17    0.380627460151922E+00 -0.464112734523318E-18
  0.00000000  0.00000000  0.03500000    0.4235D-02  0.262724276536269E+01  0.320349520825326E-17    0.380627178113840E+00 -0.464112931356885E-18
  0.00000000  0.00000000  0.03500000    0.4385D-02  0.262724484227313E+01  0.320350215612448E-17    0.380626877217422E+00 -0.464113204154184E-18
  0.00000000  0.00000000  0.03500000    0.4538D-02  0.262724705770287E+01  0.320350948915524E-17    0.380626556253278E+00 -0.464113483810687E-18
  0.00000000  0.00000000  0.03500000    0.4697D-02  0.262724942052576E+01  0.320351723907369E-17    0.380626213935897E+00 -0.464113771787600E-18
  0.00000000  0.00000000  0.03500000    0.4860D-02  0.262725194017386E+01  0.320352566291248E-17    0.380625848898917E+00 -0.464114101990096E-18
  0.00000000  0.00000000  0.03500000    0.5029D-02  0.262725462667231E+01  0.320353438981675E-17    0.380625459690066E+00 -0.464114417147822E-18
  0.00000000  0.00000000  0.03500000    0.5202D-02  0.262725749067630E+01  0.320354388339693E-17    0.380625044765818E+00 -0.464114780661768E-18
  0.00000000  0.00000000  0.03500000    0.5381D-02  0.262726054351043E+01  0.320355434463626E-17    0.380624602485692E+00 -0.464115217647673E-18
  0.00000000  0.00000000  0.03500000    0.5565D-02  0.262726379721032E+01  0.320356540654934E-17    0.380624131106218E+00 -0.464115670685415E-18
  0.00000000  0.00000000  0.03500000    0.5755D-02  0.262726726456704E+01  0.320357671910991E-17    0.380623628774515E+00 -0.464116084545405E-18
  0.00000000  0.00000000  0.03500000    0.5950D-02  0.262727095917415E+01  0.320358875007580E-17    0.380623093521476E+00 -0.464116522190668E-18
  0.00000000  0.00000000  0.03500000    0.6152D-02  0.262727489547774E+01  0.320360195972031E-17    0.380622523254523E+00 -0.464117045197949E-18
  0.00000000  0.00000000  0.03500000    0.6360D-02  0.262727908882950E+01  0.320361553060486E-17    0.380621915749925E+00 -0.464117529717136E-18
  0.00000000  0.00000000  0.03500000    0.6574D-02  0.262728355554319E+01  0.320363053621464E-17    0.380621268644621E+00 -0.464118125502658E-18
  0.00000000  0.00000000  0.03500000    0.6794D-02  0.262728831295457E+01  0.320364687734258E-17    0.380620579427551E+00 -0.464118812055357E-18
  0.00000000  0.00000000  0.03500000    0.7021D-02  0.262729337948499E+01  0.320366298043251E-17    0.380619845430442E+00 -0.464119354901460E-18
  0.00000000  0.00000000  0.03500000    0.7255D-02  0.262729877470909E+01  0.320368102634588E-17    0.380619063818019E+00 -0.464120063069087E-18
  0.00000000  0.00000000  0.03500000    0.7497D-02  0.262730451942655E+01  0.320369991168300E-17    0.380618231577612E+00 -0.464120769356529E-18
  0.00000000  0.00000000  0.03500000    0.7745D-02  0.262731063573841E+01  0.320372054480293E-17    0.380617345508118E+00 -0.464121597547601E-18
  0.00000000  0.00000000  0.03500000    0.8001D-02  0.262731714712810E+01  0.320374200583358E-17    0.380616402208273E+00 -0.464122406081355E-18
  0.00000000  0.00000000  0.03500000    0.8265D-02  0.262732407854744E+01  0.320376475571925E-17    0.380615398064204E+00 -0.464123252916831E-18
  0.00000000  0.00000000  0.03500000    0.8537D-02  0.262733145650816E+01  0.320378910185597E-17    0.380614329236192E+00 -0.464124173216340E-18
  0.00000000  0.00000000  0.03500000    0.8818D-02  0.262733930917892E+01  0.320381529741666E-17    0.380613191644635E+00 -0.464125193700521E-18
  0.00000000  0.00000000  0.03500000    0.9107D-02  0.262734766648852E+01  0.320384242882726E-17    0.380611980955117E+00 -0.464126171445658E-18
  0.00000000  0.00000000  0.03500000    0.9404D-02  0.262735656023541E+01  0.320387237204202E-17    0.380610692562566E+00 -0.464127366974403E-18
  0.00000000  0.00000000  0.03500000    0.9711D-02  0.262736602420411E+01  0.320390343746008E-17    0.380609321574417E+00 -0.464128523581338E-18
  0.00000000  0.00000000  0.03500000    0.1003D-01  0.262737609428886E+01  0.320393705589944E-17    0.380607862792733E+00 -0.464129835853738E-18
  0.00000000  0.00000000  0.03500000    0.1035D-01  0.262738680862488E+01  0.320397207717903E-17    0.380606310695218E+00 -0.464131123693902E-18
  0.00000000  0.00000000  0.03500000    0.1069D-01  0.262739820772797E+01  0.320401003770799E-17    0.380604659415043E+00 -0.464132595347529E-18
  0.00000000  0.00000000  0.03500000    0.1103D-01  0.262741033464263E+01  0.320405037379047E-17    0.380602902719425E+00 -0.464134153940511E-18
  0.00000000  0.00000000  0.03500000    0.1139D-01  0.262742323509954E+01  0.320409321947400E-17    0.380601033986866E+00 -0.464135802725332E-18
  0.00000000  0.00000000  0.03500000    0.1176D-01  0.262743695768279E+01  0.320413879890365E-17    0.380599046182988E+00 -0.464137556996281E-18
  0.00000000  0.00000000  0.03500000    0.1214D-01  0.262745155400756E+01  0.320418704640808E-17    0.380596931834856E+00 -0.464139388993811E-18
  0.00000000  0.00000000  0.03500000    0.1253D-01  0.262746707890889E+01  0.320423844799485E-17    0.380594683003705E+00 -0.464141349732653E-18
  0.00000000  0.00000000  0.03500000    0.1293D-01  0.262748359064221E+01  0.320429326757709E-17    0.380592291255977E+00 -0.464143456844649E-18
  0.00000000  0.00000000  0.03500000    0.1334D-01  0.262750115109636E+01  0.320435109635557E-17    0.380589747632551E+00 -0.464145629233762E-18
  0.00000000  0.00000000  0.03500000    0.1377D-01  0.262751982602002E+01  0.320441312934022E-17    0.380587042616051E+00 -0.464148016748912E-18
  0.00000000  0.00000000  0.03500000    0.1421D-01  0.262753968526215E+01  0.320447907302991E-17    0.380584166096137E+00 -0.464150552177077E-18
  0.00000000  0.00000000  0.03500000    0.1466D-01  0.262756080302758E+01  0.320454923231219E-17    0.380581107332611E+00 -0.464153253439456E-18
  0.00000000  0.00000000  0.03500000    0.1513D-01  0.262758325814848E+01  0.320462304013465E-17    0.380577854916251E+00 -0.464156010526963E-18
  0.00000000  0.00000000  0.03500000    0.1561D-01  0.262760713437289E+01  0.320470252663933E-17    0.380574396727181E+00 -0.464159087867949E-18
  0.00000000  0.00000000  0.03500000    0.1610D-01  0.262763252067133E+01  0.320478671785269E-17    0.380570719890661E+00 -0.464162312924038E-18
  0.00000000  0.00000000  0.03500000    0.1662D-01  0.262765951156255E+01  0.320487592401468E-17    0.380566810730111E+00 -0.464165697199749E-18
  0.00000000  0.00000000  0.03500000    0.1714D-01  0.262768820745973E+01  0.320497124685780E-17    0.380562654717218E+00 -0.464169364741974E-18
  0.00000000  0.00000000  0.03500000    0.1768D-01  0.262771871503845E+01  0.320507245205969E-17    0.380558236418911E+00 -0.464173243875086E-18
  0.00000000  0.00000000  0.03500000    0.1824D-01  0.262775114762775E+01  0.320517958129192E-17    0.380553539441041E+00 -0.464177300543065E-18
  0.00000000  0.00000000  0.03500000    0.1882D-01  0.262778562562570E+01  0.320529371119793E-17    0.380548546368538E+00 -0.464181648071139E-18
  0.00000000  0.00000000  0.03500000    0.1941D-01  0.262782227694120E+01  0.320541494669387E-17    0.380543238701822E+00 -0.464186256392487E-18
  0.00000000  0.00000000  0.03500000    0.2002D-01  0.262786123746352E+01  0.320554380141920E-17    0.380537596789252E+00 -0.464191151802275E-18
  0.00000000  0.00000000  0.03500000    0.2065D-01  0.262790265156155E+01  0.320568093687429E-17    0.380531599755334E+00 -0.464196378997938E-18
  0.00000000  0.00000000  0.03500000    0.2130D-01  0.262794667261439E+01  0.320582683002711E-17    0.380525225424441E+00 -0.464201952756591E-18
  0.00000000  0.00000000  0.03500000    0.2197D-01  0.262799346357561E+01  0.320598235587436E-17    0.380518450239756E+00 -0.464207942090345E-18
  0.00000000  0.00000000  0.03500000    0.2266D-01  0.262804319757309E+01  0.320614707546199E-17    0.380511249177132E+00 -0.464214222146827E-18
  0.00000000  0.00000000  0.03500000    0.2337D-01  0.262809605854686E+01  0.320632186436054E-17    0.380503595653548E+00 -0.464220854578028E-18
  0.00000000  0.00000000  0.03500000    0.2410D-01  0.262815224192751E+01  0.320650808643454E-17    0.380495461429811E+00 -0.464227967642973E-18
  0.00000000  0.00000000  0.03500000    0.2486D-01  0.262821195535742E+01  0.320670600392741E-17    0.380486816507158E+00 -0.464235525761773E-18
  0.00000000  0.00000000  0.03500000    0.2564D-01  0.262827541945819E+01  0.320691676461252E-17    0.380477629017338E+00 -0.464243616944551E-18
  0.00000000  0.00000000  0.03500000    0.2644D-01  0.262834286864665E+01  0.320713977890423E-17    0.380467865105782E+00 -0.464252072791331E-18
  0.00000000  0.00000000  0.03500000    0.2726D-01  0.262841455200314E+01  0.320737726967043E-17    0.380457488807422E+00 -0.464261126825232E-18
  0.00000000  0.00000000  0.03500000    0.2811D-01  0.262849073419526E+01  0.320762961325647E-17    0.380446461914639E+00 -0.464270739713930E-18
  0.00000000  0.00000000  0.03500000    0.2899D-01  0.262857169646073E+01  0.320789813664190E-17    0.380434743836914E+00 -0.464281003828615E-18
  0.00000000  0.00000000  0.03500000    0.2989D-01  0.262865773765337E+01  0.320818330951666E-17    0.380422291451572E+00 -0.464291881183641E-18
  0.00000000  0.00000000  0.03500000    0.3082D-01  0.262874917535639E+01  0.320848640067943E-17    0.380409058945087E+00 -0.464303442779055E-18
  0.00000000  0.00000000  0.03500000    0.3178D-01  0.262884634706747E+01  0.320880832928009E-17    0.380394997644316E+00 -0.464315701912051E-18
  0.00000000  0.00000000  0.03500000    0.3277D-01  0.262894961146029E+01  0.320915037518103E-17    0.380380055837028E+00 -0.464328716525960E-18
  0.00000000  0.00000000  0.03500000    0.3379D-01  0.262905934972803E+01  0.320951387050122E-17    0.380364178581000E+00 -0.464342544082853E-18
  0.00000000  0.00000000  0.03500000    0.3484D-01  0.262917596701392E+01  0.320990053134031E-17    0.380347307500969E+00 -0.464357289036012E-18
  0.00000000  0.00000000  0.03500000    0.3592D-01  0.262929989393527E+01  0.321031105711158E-17    0.380329380572599E+00 -0.464372899650174E-18
  0.00000000  0.00000000  0.03500000    0.3703D-01  0.262943158820682E+01  0.321074753559096E-17    0.380310331892668E+00 -0.464389515346508E-18
  0.00000000  0.00000000  0.03500000    0.3818D-01  0.262957153637076E+01  0.321121184109982E-17    0.380290091434502E+00 -0.464407234325653E-18
  0.00000000  0.00000000  0.03500000    0.3936D-01  0.262972025564051E+01  0.321170427003117E-17    0.380268584787714E+00 -0.464425915609013E-18
  0.00000000  0.00000000  0.03500000    0.4058D-01  0.262987829586613E+01  0.321222819220565E-17    0.380245732881209E+00 -0.464445850991233E-18
  0.00000000  0.00000000  0.03500000    0.4184D-01  0.263004624163017E+01  0.321278534463690E-17    0.380221451688308E+00 -0.464467083644735E-18
  0.00000000  0.00000000  0.03500000    0.4313D-01  0.263022471448287E+01  0.321337684152048E-17    0.380195651912810E+00 -0.464489553450040E-18
  0.00000000  0.00000000  0.03500000    0.4447D-01  0.263041437532676E+01  0.321400561878008E-17    0.380168238654709E+00 -0.464513449507811E-18
  0.00000000  0.00000000  0.03500000    0.4584D-01  0.263061592696129E+01  0.321467365903131E-17    0.380139111054167E+00 -0.464538808021666E-18
  0.00000000  0.00000000  0.03500000    0.4726D-01  0.263083011679914E+01  0.321538410460704E-17    0.380108161912284E+00 -0.464565816713080E-18
  0.00000000  0.00000000  0.03500000    0.4872D-01  0.263105773976651E+01  0.321613877309796E-17    0.380075277287051E+00 -0.464594454733373E-18
  0.00000000  0.00000000  0.03500000    0.5022D-01  0.263129964140100E+01  0.321694084279031E-17    0.380040336062814E+00 -0.464624879566084E-18
  0.00000000  0.00000000  0.03500000    0.5177D-01  0.263155672116172E+01  0.321779370417237E-17    0.380003209491354E+00 -0.464657259801252E-18
  0.00000000  0.00000000  0.03500000    0.5337D-01  0.263182993596736E+01  0.321869950937825E-17    0.379963760702660E+00 -0.464691564390783E-18
  0.00000000  0.00000000  0.03500000    0.5501D-01  0.263212030397947E+01  0.321966257789936E-17    0.379921844183228E+00 -0.464728053042970E-18
  0.00000000  0.00000000  0.03500000    0.5671D-01  0.263242890864961E+01  0.322068665356042E-17    0.379877305219606E+00 -0.464766878562696E-18
  0.00000000  0.00000000  0.03500000    0.5846D-01  0.263275690305054E+01  0.322177421928960E-17    0.379829979304702E+00 -0.464807986494794E-18
  0.00000000  0.00000000  0.03500000    0.6026D-01  0.263310551451375E+01  0.322293138553770E-17    0.379779691504185E+00 -0.464851818733401E-18
  0.00000000  0.00000000  0.03500000    0.6211D-01  0.263347604959703E+01  0.322416029797907E-17    0.379726255780081E+00 -0.464898216246820E-18
  0.00000000  0.00000000  0.03500000    0.6403D-01  0.263386989940871E+01  0.322546708411221E-17    0.379669474268450E+00 -0.464947563419892E-18
  0.00000000  0.00000000  0.03500000    0.6600D-01  0.263428854531687E+01  0.322685652398279E-17    0.379609136507753E+00 -0.465000017132206E-18
  0.00000000  0.00000000  0.03500000    0.6803D-01  0.263473356507503E+01  0.322833377078832E-17    0.379545018614253E+00 -0.465055752645706E-18
  0.00000000  0.00000000  0.03500000    0.7012D-01  0.263520663939872E+01  0.322990421882238E-17    0.379476882400453E+00 -0.465114942064070E-18
  0.00000000  0.00000000  0.03500000    0.7227D-01  0.263570955903013E+01  0.323157421119095E-17    0.379404474432294E+00 -0.465177853525341E-18
  0.00000000  0.00000000  0.03500000    0.7450D-01  0.263624423233270E+01  0.323334958298797E-17    0.379327525020374E+00 -0.465244638489056E-18
  0.00000000  0.00000000  0.03500000    0.7678D-01  0.263681269346061E+01  0.323523743991665E-17    0.379245747140112E+00 -0.465315584652537E-18
  0.00000000  0.00000000  0.03500000    0.7914D-01  0.263741711115333E+01  0.323724525438911E-17    0.379158835275284E+00 -0.465390982322802E-18
  0.00000000  0.00000000  0.03500000    0.8157D-01  0.263805979821045E+01  0.323938063713227E-17    0.379066464178847E+00 -0.465471087910946E-18
  0.00000000  0.00000000  0.03500000    0.8408D-01  0.263874322170753E+01  0.324165086388278E-17    0.378968287544440E+00 -0.465556052061657E-18
  0.00000000  0.00000000  0.03500000    0.8666D-01  0.263947001402038E+01  0.324406646882266E-17    0.378863936581277E+00 -0.465646431435453E-18
  0.00000000  0.00000000  0.03500000    0.8932D-01  0.264024298473248E+01  0.324663644083006E-17    0.378753018484518E+00 -0.465742493776879E-18
  0.00000000  0.00000000  0.03500000    0.9206D-01  0.264106513350840E+01  0.324936983647663E-17    0.378635114792340E+00 -0.465844444889827E-18
  0.00000000  0.00000000  0.03500000    0.9488D-01  0.264193966402507E+01  0.325227811567747E-17    0.378509779620202E+00 -0.465952757964649E-18
  0.00000000  0.00000000  0.03500000    0.9779D-01  0.264286999906395E+01  0.325537317918169E-17    0.378376537761668E+00 -0.466067885706533E-18
  0.00000000  0.00000000  0.03500000    0.1008D+00  0.264385979687808E+01  0.325866693072884E-17    0.378234882644238E+00 -0.466190191165315E-18
  0.00000000  0.00000000  0.03500000    0.1039D+00  0.264491296896233E+01  0.326217196673490E-17    0.378084274127299E+00 -0.466320039485184E-18
  0.00000000  0.00000000  0.03500000    0.1071D+00  0.264603369937001E+01  0.326590360377087E-17    0.377924136128004E+00 -0.466458079663273E-18
  0.00000000  0.00000000  0.03500000    0.1103D+00  0.264722646573670E+01  0.326987572312503E-17    0.377753854059369E+00 -0.466604641761128E-18
  0.00000000  0.00000000  0.03500000    0.1137D+00  0.264849606219209E+01  0.327410565495985E-17    0.377572772063073E+00 -0.466760425215581E-18
  0.00000000  0.00000000  0.03500000    0.1172D+00  0.264984762436387E+01  0.327861019948583E-17    0.377380190017553E+00 -0.466925920079073E-18
  0.00000000  0.00000000  0.03500000    0.1208D+00  0.265128665670345E+01  0.328340790513413E-17    0.377175360299733E+00 -0.467101720781026E-18
  0.00000000  0.00000000  0.03500000    0.1245D+00  0.265281906239434E+01  0.328851904123080E-17    0.376957484276155E+00 -0.467288509174745E-18
  0.00000000  0.00000000  0.03500000    0.1283D+00  0.265445117613832E+01  0.329396532675359E-17    0.376725708496471E+00 -0.467487001697029E-18
  0.00000000  0.00000000  0.03500000    0.1322D+00  0.265618980015563E+01  0.329976951647460E-17    0.376479120558857E+00 -0.467697875180642E-18
  0.00000000  0.00000000  0.03500000    0.1363D+00  0.265804224378179E+01  0.330595667834089E-17    0.376216744613219E+00 -0.467921930987883E-18
  0.00000000  0.00000000  0.03500000    0.1405D+00  0.266001636709866E+01  0.331255327781736E-17    0.375937536463628E+00 -0.468159945957575E-18
  0.00000000  0.00000000  0.03500000    0.1448D+00  0.266212062910102E+01  0.331958919806947E-17    0.375640378226472E+00 -0.468412936772298E-18
  0.00000000  0.00000000  0.03500000    0.1492D+00  0.266436414097398E+01  0.332709488157625E-17    0.375324072495001E+00 -0.468681732097620E-18
  0.00000000  0.00000000  0.03500000    0.1537D+00  0.266675672514478E+01  0.333510369652844E-17    0.374987335954205E+00 -0.468967280929731E-18
  0.00000000  0.00000000  0.03500000    0.1585D+00  0.266930898087464E+01  0.334365285087052E-17    0.374628792382190E+00 -0.469270750835465E-18
  0.00000000  0.00000000  0.03500000    0.1633D+00  0.267203235727843E+01  0.335278143491956E-17    0.374246964965102E+00 -0.469593219106079E-18
  0.00000000  0.00000000  0.03500000    0.1683D+00  0.267493923480372E+01  0.336253205506286E-17    0.373840267841964E+00 -0.469935865359622E-18
  0.00000000  0.00000000  0.03500000    0.1734D+00  0.267804301637230E+01  0.337295073368325E-17    0.373406996783274E+00 -0.470299915297370E-18
  0.00000000  0.00000000  0.03500000    0.1787D+00  0.268135822959186E+01  0.338408895269219E-17    0.372945318892438E+00 -0.470686877901529E-18
  0.00000000  0.00000000  0.03500000    0.1842D+00  0.268490064169091E+01  0.339600068715113E-17    0.372453261201582E+00 -0.471098077646428E-18
  0.00000000  0.00000000  0.03500000    0.1898D+00  0.268868738912530E+01  0.340874582500609E-17    0.371928698012500E+00 -0.471535070115575E-18
  0.00000000  0.00000000  0.03500000    0.1956D+00  0.269273712416210E+01  0.342238924874552E-17    0.371369336808609E+00 -0.471999444061227E-18
  0.00000000  0.00000000  0.03500000    0.2016D+00  0.269707018118031E+01  0.343700171454432E-17    0.370772702533967E+00 -0.472492864000219E-18
  0.00000000  0.00000000  0.03500000    0.2078D+00  0.270170876595768E+01  0.345266201343185E-17    0.370136119999421E+00 -0.473017276111941E-18
  0.00000000  0.00000000  0.03500000    0.2141D+00  0.270667717186285E+01  0.346945454215975E-17    0.369456694132370E+00 -0.473574469432081E-18
  0.00000000  0.00000000  0.03500000    0.2207D+00  0.271200202767389E+01  0.348747365639116E-17    0.368731287733480E+00 -0.474166552655812E-18
  0.00000000  0.00000000  0.03500000    0.2274D+00  0.271771258273927E+01  0.350682296123575E-17    0.367956496338574E+00 -0.474795715445147E-18
  0.00000000  0.00000000  0.03500000    0.2343D+00  0.272384103643937E+01  0.352761636626374E-17    0.367128619703597E+00 -0.475464210306184E-18
  0.00000000  0.00000000  0.03500000    0.2415D+00  0.273042292046721E+01  0.354998019268170E-17    0.366243629330832E+00 -0.476174449047564E-18
  0.00000000  0.00000000  0.03500000    0.2489D+00  0.273749754442144E+01  0.357405526636831E-17    0.365297131329975E+00 -0.476929061974763E-18
  0.00000000  0.00000000  0.03500000    0.2565D+00  0.274510851772068E+01  0.359999587922037E-17    0.364284323750641E+00 -0.477730499869561E-18
  0.00000000  0.00000000  0.03500000    0.2643D+00  0.275330436407998E+01  0.362797678029568E-17    0.363199947323714E+00 -0.478581660889261E-18
  0.00000000  0.00000000  0.03500000    0.2724D+00  0.276213924897536E+01  0.365819333372947E-17    0.362038228293870E+00 -0.479485541429950E-18
  0.00000000  0.00000000  0.03500000    0.2807D+00  0.277167384599211E+01  0.369086409246348E-17    0.360792811696086E+00 -0.480445141636557E-18
  0.00000000  0.00000000  0.03500000    0.2893D+00  0.278197637516958E+01  0.372623420812436E-17    0.359456682998986E+00 -0.481463394328101E-18
  0.00000000  0.00000000  0.03500000    0.2981D+00  0.279312385607668E+01  0.376458414239495E-17    0.358022075470951E+00 -0.482543667017489E-18
  0.00000000  0.00000000  0.03500000    0.3072D+00  0.280520363132674E+01  0.380623106811126E-17    0.356480359868578E+00 -0.483689171706060E-18
  0.00000000  0.00000000  0.03500000    0.3166D+00  0.281831523394753E+01  0.385153729831510E-17    0.354821912025551E+00 -0.484903112314983E-18
  0.00000000  0.00000000  0.03500000    0.3262D+00  0.283257269651532E+01  0.390091844919640E-17    0.353035952521260E+00 -0.486188567062735E-18
  0.00000000  0.00000000  0.03500000    0.3362D+00  0.284810743433501E+01  0.395485602940925E-17    0.351110350664663E+00 -0.487548633374622E-18
  0.00000000  0.00000000  0.03500000    0.3464D+00  0.286507188396558E+01  0.401390785858911E-17    0.349031382282768E+00 -0.488985919019912E-18
  0.00000000  0.00000000  0.03500000    0.3570D+00  0.288364414953033E+01  0.407872774980683E-17    0.346783426853439E+00 -0.490502680960340E-18
  0.00000000  0.00000000  0.03500000    0.3679D+00  0.290403401454145E+01  0.415008530230062E-17    0.344348583726180E+00 -0.492100295325125E-18
  0.00000000  0.00000000  0.03500000    0.3791D+00  0.292649083623481E+01  0.422889591768829E-17    0.341706178477766E+00 -0.493779049406715E-18
  0.00000000  0.00000000  0.03500000    0.3907D+00  0.295131408630948E+01  0.431626149847821E-17    0.338832117069067E+00 -0.495537912463214E-18
  0.00000000  0.00000000  0.03500000    0.4026D+00  0.297886769548704E+01  0.441351821232017E-17    0.335698024291241E+00 -0.497373329568787E-18
  0.00000000  0.00000000  0.03500000    0.4149D+00  0.300960000674430E+01  0.452231002638421E-17    0.332270068367581E+00 -0.499278395228200E-18
  0.00000000  0.00000000  0.03500000    0.4276D+00  0.304407224700994E+01  0.464469438311506E-17    0.328507314825480E+00 -0.501241743352464E-18
  0.00000000  0.00000000  0.03500000    0.4406D+00  0.308300039534907E+01  0.478328656251140E-17    0.324359348610066E+00 -0.503244733919606E-18
  0.00000000  0.00000000  0.03500000    0.4540D+00  0.312731901451903E+01  0.494149223311484E-17    0.319762709003257E+00 -0.505258637076516E-18
  0.00000000  0.00000000  0.03500000    0.4679D+00  0.317828296489263E+01  0.512386836212822E-17    0.314635295549835E+00 -0.507239240270453E-18
  0.00000000  0.00000000  0.03500000    0.4822D+00  0.323763873354589E+01  0.533673098070507E-17    0.308867073289796E+00 -0.509118099516954E-18
  0.00000000  0.00000000  0.03500000    0.4969D+00  0.330793461576282E+01  0.558925600969451E-17    0.302303435876527E+00 -0.510787392130646E-18
  0.00000000  0.00000000  0.03500000    0.5120D+00  0.339314041923461E+01  0.589566975295025E-17    0.294712235995694E+00 -0.512070177153494E-18
  0.00000000  0.00000000  0.03500000    0.5276D+00  0.350007942736845E+01  0.628023476244617E-17    0.285707801994612E+00 -0.512648957608858E-18
  0.00000000  0.00000000  0.03500000    0.5437D+00  0.364268023010701E+01  0.679121676308476E-17    0.274523135941203E+00 -0.511806144072034E-18
  0.00000000  0.00000000  0.03500000    0.5603D+00  0.387159307939894E+01  0.259696551610058E-04    0.258291607471892E+00 -0.173255397441414E-05
  0.00000000  0.00000000  0.03500000    0.5774D+00  0.423413208407877E+01  0.123304633127956E+00    0.235975787271807E+00 -0.687198870957316E-02
  0.00000000  0.00000000  0.03500000    0.5950D+00  0.443468827876473E+01  0.672367948661088E+00    0.220427950829400E+00 -0.334203172377234E-01
  0.00000000  0.00000000  0.03500000    0.6131D+00  0.434700364289813E+01  0.105960364063545E+01    0.217141720158881E+00 -0.529293683915106E-01
  0.00000000  0.00000000  0.03500000    0.6318D+00  0.420382347047253E+01  0.130975214334575E+01    0.216830720476398E+00 -0.675562384771699E-01
  0.00000000  0.00000000  0.03500000    0.6511D+00  0.407319740963506E+01  0.149142500347731E+01    0.216483420935383E+00 -0.792666680130932E-01
  0.00000000  0.00000000  0.03500000    0.6709D+00  0.396618400978438E+01  0.164534773633718E+01    0.215111742469490E+00 -0.892378209529828E-01
  0.00000000  0.00000000  0.03500000    0.6914D+00  0.386569905607015E+01  0.181181414701879E+01    0.212094562289980E+00 -0.994065815494180E-01
  0.00000000  0.00000000  0.03500000    0.7125D+00  0.373348682104408E+01  0.198443998932314E+01    0.208843894021630E+00 -0.111005661647572E+00
  0.00000000  0.00000000  0.03500000    0.7342D+00  0.361049069106727E+01  0.207817144887574E+01    0.208044210820638E+00 -0.119748692359468E+00
  0.00000000  0.00000000  0.03500000    0.7565D+00  0.351305013090030E+01  0.225179152093713E+01    0.201759288072559E+00 -0.129323475960666E+00
  0.00000000  0.00000000  0.03500000    0.7796D+00  0.331190611090904E+01  0.247487571234303E+01    0.193749740217554E+00 -0.144782644881675E+00
  0.00000000  0.00000000  0.03500000    0.8034D+00  0.305633637818791E+01  0.248671022525127E+01    0.196866484166330E+00 -0.160175399108371E+00
  0.00000000  0.00000000  0.03500000    0.8279D+00  0.294081539134134E+01  0.245775909391700E+01    0.200205623974405E+00 -0.167319986975445E+00
  0.00000000  0.00000000  0.03500000    0.8531D+00  0.289227682311350E+01  0.257427018988655E+01    0.192919644673949E+00 -0.171708076612473E+00
  0.00000000  0.00000000  0.03500000    0.8791D+00  0.279240734971522E+01  0.274655732544266E+01    0.182021135819284E+00 -0.179032433796177E+00
  0.00000000  0.00000000  0.03500000    0.9059D+00  0.265432540059743E+01  0.299297164935021E+01    0.165860894179144E+00 -0.187021890346346E+00
  0.00000000  0.00000000  0.03500000    0.9335D+00  0.221482958469212E+01  0.371485929040599E+01    0.118404312477957E+00 -0.198595577408280E+00
  0.00000000  0.00000000  0.03500000    0.9619D+00  0.101800705968201E+01  0.321165996789039E+01    0.896835749862095E-01 -0.282938261401131E+00
  0.00000000  0.00000000  0.03500000    0.9913D+00  0.804118004217325E+00  0.212016048084914E+01    0.156391885533807E+00 -0.412347309095502E+00
  0.00000000  0.00000000  0.03500000    0.1021D+01  0.120820154887395E+01  0.189103115372835E+01    0.239924856309792E+00 -0.375521268167939E+00
  0.00000000  0.00000000  0.03500000    0.1053D+01  0.167007350116031E+01  0.151553679041920E+01    0.328366968167589E+00 -0.297982226932310E+00
  0.00000000  0.00000000  0.03500000    0.1085D+01  0.229506900183112E+01  0.200812674220446E+01    0.246783875659198E+00 -0.215929586370041E+00
  0.00000000  0.00000000  0.03500000    0.1118D+01  0.222610680726296E+01  0.356377917527701E+01    0.126081645718011E+00 -0.201844377784801E+00
  0.00000000  0.00000000  0.03500000    0.1152D+01  0.459423723253129E+00  0.366672481250880E+01    0.336427729864062E-01 -0.268507663464495E+00
  0.00000000  0.00000000  0.03500000    0.1187D+01 -0.398807028916156E+00  0.213623145725884E+01   -0.844477154633823E-01 -0.452348763151935E+00
  0.00000000  0.00000000  0.03500000    0.1223D+01  0.222881489095711E-01  0.171238163030032E+01    0.759975009044346E-02 -0.583883053839440E+00
  0.00000000  0.00000000  0.03500000    0.1260D+01  0.129445075776977E+00  0.149246050005258E+01    0.576799752285658E-01 -0.665031745363284E+00
  0.00000000  0.00000000  0.03500000    0.1299D+01  0.111752364493694E+00  0.120562411394677E+01    0.762285028180922E-01 -0.822380104295128E+00
  0.00000000  0.00000000  0.03500000    0.1338D+01  0.494383506953860E+00  0.528807905481503E+00    0.943384821335010E+00 -0.100907361272424E+01
  0.00000000  0.00000000  0.03500000    0.1379D+01  0.113409144851040E+01  0.870612046140195E+00    0.554804314238962E+00 -0.425908615977505E+00
  0.00000000  0.00000000  0.03500000    0.1421D+01  0.108470154501193E+01  0.169400737711252E+01    0.268076526461010E+00 -0.418662272165065E+00
  0.00000000  0.00000000  0.03500000    0.1464D+01  0.337160302092720E+00  0.158242536228798E+01    0.128797889811816E+00 -0.604498946591113E+00
  0.00000000  0.00000000  0.03500000    0.1509D+01  0.143363435710925E+00  0.833513481666158E+00    0.200424824384768E+00 -0.116526778503081E+01
  0.00000000  0.00000000  0.03500000    0.1555D+01  0.527674286558113E+00  0.550035699055118E+00    0.908249527835677E+00 -0.946738692192385E+00
  0.00000000  0.00000000  0.03500000    0.1602D+01  0.813169496892609E+00  0.689745985351903E+00    0.715192328233978E+00 -0.606639869103470E+00
  0.00000000  0.00000000  0.03500000    0.1651D+01  0.860462068911655E+00  0.891826260115567E+00    0.560288198623212E+00 -0.580710930578312E+00
  0.00000000  0.00000000  0.03500000    0.1701D+01  0.683686616617084E+00  0.105908511364092E+01    0.430238180237280E+00 -0.666473265578730E+00
  0.00000000  0.00000000  0.03500000    0.1753D+01  0.362477415572958E+00  0.713953109669478E+00    0.565382496893178E+00 -0.111360480534085E+01
  0.00000000  0.00000000  0.03500000    0.1807D+01  0.461466466816404E+00  0.457713014210245E+00    0.109235112381018E+01 -0.108346621349201E+01
  0.00000000  0.00000000  0.03500000    0.1862D+01  0.612889532411407E+00  0.316951807576868E+00    0.128733416505910E+01 -0.665736432086838E+00
  0.00000000  0.00000000  0.03500000    0.1919D+01  0.777222243521574E+00  0.228896291585323E+00    0.118394549104634E+01 -0.348678559573610E+00
  0.00000000  0.00000000  0.03500000    0.1977D+01  0.918406080569929E+00  0.252123445086290E+00    0.101253546791578E+01 -0.277964111784370E+00
  0.00000000  0.00000000  0.03500000    0.2037D+01  0.102515915572912E+01  0.238772464103625E+00    0.925264305035059E+00 -0.215505696677136E+00
  0.00000000  0.00000000  0.03500000    0.2099D+01  0.113643320180932E+01  0.292594795014174E+00    0.825241225259592E+00 -0.212472925604114E+00
  0.00000000  0.00000000  0.03500000    0.2163D+01  0.123021962735786E+01  0.320686620445078E+00    0.761142527675361E+00 -0.198410283374735E+00
  0.00000000  0.00000000  0.03500000    0.2229D+01  0.133187528452401E+01  0.500018607714290E+00    0.658070286432353E+00 -0.247055705758249E+00
  0.00000000  0.00000000  0.03500000    0.2297D+01  0.125728124849539E+01  0.588272572449059E+00    0.652515935238352E+00 -0.305307367182988E+00
  0.00000000  0.00000000  0.03500000    0.2367D+01  0.124146971495121E+01  0.663317646766566E+00    0.626613319530953E+00 -0.334799687449639E+00
  0.00000000  0.00000000  0.03500000    0.2439D+01  0.111811870553315E+01  0.842604388904496E+00    0.570418787769530E+00 -0.429862564421552E+00
  0.00000000  0.00000000  0.03500000    0.2513D+01  0.927855530528967E+00  0.508461719518919E+00    0.828850050331571E+00 -0.454207048348004E+00
  0.00000000  0.00000000  0.03500000    0.2590D+01  0.111609549497812E+01  0.574443892765268E+00    0.708337508901133E+00 -0.364574678274098E+00
  0.00000000  0.00000000  0.03500000    0.2669D+01  0.116815965431892E+01  0.569405352927650E+00    0.691701925531875E+00 -0.337161771999262E+00
  0.00000000  0.00000000  0.03500000    0.2750D+01  0.120033385517653E+01  0.715859056582676E+00    0.614529856818575E+00 -0.366495339314857E+00
  0.00000000  0.00000000  0.03500000    0.2834D+01  0.996941305188842E+00  0.890856479139037E+00    0.557724024758959E+00 -0.498376442466595E+00
  0.00000000  0.00000000  0.03500000    0.2920D+01  0.101195629735325E+01  0.784459698341881E+00    0.617260092481673E+00 -0.478494641728218E+00
  0.00000000  0.00000000  0.03500000    0.3009D+01  0.103468574048322E+01  0.949587867623954E+00    0.524610908486191E+00 -0.481464211238686E+00
  0.00000000  0.00000000  0.03500000    0.3101D+01  0.618195741451846E+00  0.717637502416325E+00    0.689051177473350E+00 -0.799890605648115E+00
  0.00000000  0.00000000  0.03500000    0.3195D+01  0.768760584685059E+00  0.545431573066168E+00    0.865245457645351E+00 -0.613887080650992E+00
  0.00000000  0.00000000  0.03500000    0.3293D+01  0.927695085604767E+00  0.846977262980374E+00    0.587897183011503E+00 -0.536744836431195E+00
  0.00000000  0.00000000  0.03500000    0.3393D+01  0.124934473977426E+00  0.688630361819623E+00    0.255061803235532E+00 -0.140588339036179E+01
  0.00000000  0.00000000  0.03500000    0.3496D+01  0.523488567372677E+00  0.313944241398931E+00    0.140495648809712E+01 -0.842574272572696E+00
  0.00000000  0.00000000  0.03500000    0.3603D+01  0.727918091067954E+00  0.359315617911782E+00    0.110462596635374E+01 -0.545266516290965E+00
  0.00000000  0.00000000  0.03500000    0.3713D+01  0.525035938177233E+00  0.431020570165927E+00    0.113781698062367E+01 -0.934074199635716E+00
  0.00000000  0.00000000  0.03500000    0.3826D+01  0.645440777526609E+00  0.306639111107088E+00    0.126403016236771E+01 -0.600521533340838E+00
  0.00000000  0.00000000  0.03500000    0.3942D+01  0.533402450974744E+00  0.225066037304166E+00    0.159142477680423E+01 -0.671492355403430E+00
  0.00000000  0.00000000  0.03500000    0.4062D+01  0.701818025910133E+00  0.145868753278776E+00    0.136586647109087E+01 -0.283887321111382E+00
  0.00000000  0.00000000  0.03500000    0.4186D+01  0.797598493280151E+00  0.212336700479446E+00    0.117078638238575E+01 -0.311686794165918E+00
  0.00000000  0.00000000  0.03500000    0.4313D+01  0.745577442263945E+00  0.261945111268150E+00    0.119387716843642E+01 -0.419447088926104E+00
  0.00000000  0.00000000  0.03500000    0.4445D+01  0.682537494604879E+00  0.214957493982748E+00    0.133291402439746E+01 -0.419786254445703E+00
  0.00000000  0.00000000  0.03500000    0.4580D+01  0.717904963086241E+00  0.122991187067435E+00    0.135322435399846E+01 -0.231833847409743E+00
  0.00000000  0.00000000  0.03500000    0.4720D+01  0.763455288854873E+00  0.128953651197470E+00    0.127350154302921E+01 -0.215104507332120E+00
  0.00000000  0.00000000  0.03500000    0.4863D+01  0.779778326193752E+00  0.975327871496494E-01    0.126266214753585E+01 -0.157930727670589E+00
  0.00000000  0.00000000  0.03500000    0.5012D+01  0.820956710810638E+00  0.940336978644948E-01    0.120231689159454E+01 -0.137715304391559E+00
  0.00000000  0.00000000  0.03500000    0.5164D+01  0.838008809491108E+00  0.106055322578736E+00    0.117449359454556E+01 -0.148639603337619E+00
  0.00000000  0.00000000  0.03500000    0.5322D+01  0.855177616862665E+00  0.731418555298257E-01    0.116085596562689E+01 -0.992859935229730E-01
  0.00000000  0.00000000  0.03500000    0.5484D+01  0.902150168751341E+00  0.101315862804067E+00    0.109465667691328E+01 -0.122935282325787E+00
  0.00000000  0.00000000  0.03500000    0.5651D+01  0.903438327090373E+00  0.153997919963122E+00    0.107562916292677E+01 -0.183349154862485E+00
  0.00000000  0.00000000  0.03500000    0.5823D+01  0.868043705829545E+00  0.137506963473846E+00    0.112381495351404E+01 -0.178023733973785E+00
  0.00000000  0.00000000  0.03500000    0.6000D+01  0.872063527956562E+00  0.161892338646424E+00    0.110850282936147E+01 -0.205785598971231E+00
  0.00000000  0.00000000  0.03500000    0.6183D+01  0.837388911593760E+00  0.138243686072417E+00    0.116250490867026E+01 -0.191916756272765E+00
  0.00000000  0.00000000  0.03500000    0.6371D+01  0.827731527316347E+00  0.116919671168911E+00    0.118448776282055E+01 -0.167312607001436E+00
  0.00000000  0.00000000  0.03500000    0.6565D+01  0.825247985601758E+00  0.912009457146980E-01    0.119713610011437E+01 -0.132299558901708E+00
  0.00000000  0.00000000  0.03500000    0.6765D+01  0.842557327397356E+00  0.553991188125196E-01    0.118175388517088E+01 -0.777016848146916E-01
  0.00000000  0.00000000  0.03500000    0.6971D+01  0.866081460007121E+00  0.590780761785844E-01    0.114927818369095E+01 -0.783957944162907E-01
  0.00000000  0.00000000  0.03500000    0.7184D+01  0.879924098843253E+00  0.477930960559214E-01    0.113311881945626E+01 -0.615453726659352E-01
  0.00000000  0.00000000  0.03500000    0.7402D+01  0.895178518604713E+00  0.702616179324312E-01    0.111025587003125E+01 -0.871428124403206E-01
  0.00000000  0.00000000  0.03500000    0.7628D+01  0.877446778562724E+00  0.571374299126759E-01    0.113485808720652E+01 -0.738994956763186E-01
  0.00000000  0.00000000  0.03500000    0.7860D+01  0.887148966300038E+00  0.538181268643596E-01    0.112307334396367E+01 -0.681302757478228E-01
  0.00000000  0.00000000  0.03500000    0.8100D+01  0.884863263102636E+00  0.567263403760812E-01    0.112549259931544E+01 -0.721524770456233E-01
  0.00000000  0.00000000  0.03500000    0.8346D+01  0.880065285246919E+00  0.396879844410907E-01    0.113397316955501E+01 -0.511383760550068E-01
  0.00000000  0.00000000  0.03500000    0.8600D+01  0.887465734033551E+00  0.282129369680780E-01    0.112566643329215E+01 -0.357854449041205E-01
  0.00000000  0.00000000  0.03500000    0.8862D+01  0.896182722206736E+00  0.217184084892968E-01    0.111518891861091E+01 -0.270258819735890E-01
  0.00000000  0.00000000  0.03500000    0.9132D+01  0.899310329285315E+00  0.207742918840802E-01    0.111137015842334E+01 -0.256729265866334E-01
  0.00000000  0.00000000  0.03500000    0.9410D+01  0.904191337819059E+00  0.560745409598060E-02    0.110591807233979E+01 -0.685848731919804E-02
  0.00000000  0.00000000  0.03500000    0.9697D+01  0.916371237122034E+00  0.149479602632336E-02    0.109125788615337E+01 -0.178007327798619E-02
  0.00000000  0.00000000  0.03500000    0.9992D+01  0.925653119390658E+00  0.904673817189179E-04    0.108031828500339E+01 -0.105583360137828E-03
  0.00000000  0.00000000  0.03500000    0.1030D+02  0.932995032045490E+00  0.178039166723324E-05    0.107181706831168E+01 -0.204529939782941E-05
  0.00000000  0.00000000  0.03500000    0.1061D+02  0.938824551494843E+00  0.978074738000308E-19    0.106516174764257E+01 -0.110969381403015E-18
  0.00000000  0.00000000  0.03500000    0.1093D+02  0.943780640208309E+00  0.827586355379996E-19    0.105956824859141E+01 -0.929118682636454E-19
  0.00000000  0.00000000  0.03500000    0.1127D+02  0.948121024239534E+00  0.712312608488628E-19    0.105471767256936E+01 -0.792397465470747E-19
  0.00000000  0.00000000  0.03500000    0.1161D+02  0.951983807742080E+00  0.621562609497310E-19    0.105043803462562E+01 -0.685844654717085E-19
