 q(1:3)   w(Ry)   eps    epsi  --- NO LFC
  0.00000000  0.00000000  0.03500000    0.0000D+00  0.283222983259311E+01  0.319812495122558E-17    0.353078690328048E+00 -0.398692844870689E-18
  0.00000000  0.00000000  0.03500000    0.1015D-04  0.283222983278276E+01  0.319812495177517E-17    0.353078690304404E+00 -0.398692844885807E-18
  0.00000000  0.00000000  0.03500000    0.3076D-04  0.283222983433474E+01  0.319812495627687E-17    0.353078690110928E+00 -0.398692845010067E-18
  0.00000000  0.00000000  0.03500000    0.5200D-04  0.283222983756985E+01  0.319812496566167E-17    0.353078689707624E+00 -0.398692845269205E-18
  0.00000000  0.00000000  0.03500000    0.7389D-04  0.283222984264051E+01  0.319812498036983E-17    0.353078689075493E+00 -0.398692845675198E-18
  0.00000000  0.00000000  0.03500000    0.9644D-04  0.283222984971003E+01  0.319812500087705E-17    0.353078688194174E+00 -0.398692846241371E-18
  0.00000000  0.00000000  0.03500000    0.1197D-03  0.283222985895333E+01  0.319812502768955E-17    0.353078687041862E+00 -0.398692846981581E-18
  0.00000000  0.00000000  0.03500000    0.1436D-03  0.283222987055773E+01  0.319812506135091E-17    0.353078685595205E+00 -0.398692847910858E-18
  0.00000000  0.00000000  0.03500000    0.1683D-03  0.283222988472372E+01  0.319812510244291E-17    0.353078683829207E+00 -0.398692849045281E-18
  0.00000000  0.00000000  0.03500000    0.1937D-03  0.283222990166588E+01  0.319812515158735E-17    0.353078681717121E+00 -0.398692850401958E-18
  0.00000000  0.00000000  0.03500000    0.2199D-03  0.283222992161373E+01  0.319812520945139E-17    0.353078679230331E+00 -0.398692851999438E-18
  0.00000000  0.00000000  0.03500000    0.2469D-03  0.283222994481276E+01  0.319812527674606E-17    0.353078676338235E+00 -0.398692853857247E-18
  0.00000000  0.00000000  0.03500000    0.2748D-03  0.283222997152547E+01  0.319812535423261E-17    0.353078673008107E+00 -0.398692855996380E-18
  0.00000000  0.00000000  0.03500000    0.3034D-03  0.283223000203243E+01  0.319812544272555E-17    0.353078669204970E+00 -0.398692858439383E-18
  0.00000000  0.00000000  0.03500000    0.3330D-03  0.283223003663355E+01  0.319812554309478E-17    0.353078664891438E+00 -0.398692861210274E-18
  0.00000000  0.00000000  0.03500000    0.3634D-03  0.283223007564921E+01  0.319812565626894E-17    0.353078660027568E+00 -0.398692864334615E-18
  0.00000000  0.00000000  0.03500000    0.3948D-03  0.283223011942167E+01  0.319812578324145E-17    0.353078654570694E+00 -0.398692867839890E-18
  0.00000000  0.00000000  0.03500000    0.4271D-03  0.283223016831646E+01  0.319812592507320E-17    0.353078648475247E+00 -0.398692871755444E-18
  0.00000000  0.00000000  0.03500000    0.4604D-03  0.283223022272393E+01  0.319812608289520E-17    0.353078641692566E+00 -0.398692876112377E-18
  0.00000000  0.00000000  0.03500000    0.4948D-03  0.283223028306075E+01  0.319812625791662E-17    0.353078634170705E+00 -0.398692880944120E-18
  0.00000000  0.00000000  0.03500000    0.5301D-03  0.283223034977167E+01  0.319812645142832E-17    0.353078625854221E+00 -0.398692886286379E-18
  0.00000000  0.00000000  0.03500000    0.5666D-03  0.283223042333136E+01  0.319812666480625E-17    0.353078616683938E+00 -0.398692892177049E-18
  0.00000000  0.00000000  0.03500000    0.6041D-03  0.283223050424627E+01  0.319812689951982E-17    0.353078606596721E+00 -0.398692898656727E-18
  0.00000000  0.00000000  0.03500000    0.6428D-03  0.283223059305669E+01  0.319812715713592E-17    0.353078595525214E+00 -0.398692905768636E-18
  0.00000000  0.00000000  0.03500000    0.6827D-03  0.283223069033893E+01  0.319812743932697E-17    0.353078583397573E+00 -0.398692913559011E-18
  0.00000000  0.00000000  0.03500000    0.7238D-03  0.283223079670762E+01  0.319812774787590E-17    0.353078570137176E+00 -0.398692922077078E-18
  0.00000000  0.00000000  0.03500000    0.7662D-03  0.283223091281815E+01  0.319812808468258E-17    0.353078555662317E+00 -0.398692931375162E-18
  0.00000000  0.00000000  0.03500000    0.8098D-03  0.283223103936932E+01  0.319812845177587E-17    0.353078539885884E+00 -0.398692941509453E-18
  0.00000000  0.00000000  0.03500000    0.8548D-03  0.283223117710603E+01  0.319812885131497E-17    0.353078522715013E+00 -0.398692952539404E-18
  0.00000000  0.00000000  0.03500000    0.9011D-03  0.283223132682229E+01  0.319812928560368E-17    0.353078504050720E+00 -0.398692964528669E-18
  0.00000000  0.00000000  0.03500000    0.9488D-03  0.283223148936434E+01  0.319812975709669E-17    0.353078483787509E+00 -0.398692977545013E-18
  0.00000000  0.00000000  0.03500000    0.9980D-03  0.283223166563393E+01  0.319813026840954E-17    0.353078461812965E+00 -0.398692991660618E-18
  0.00000000  0.00000000  0.03500000    0.1049D-02  0.283223185659191E+01  0.319813082233056E-17    0.353078438007305E+00 -0.398693006952572E-18
  0.00000000  0.00000000  0.03500000    0.1101D-02  0.283223206326193E+01  0.319813142182809E-17    0.353078412242916E+00 -0.398693023502718E-18
  0.00000000  0.00000000  0.03500000    0.1155D-02  0.283223228673449E+01  0.319813207006507E-17    0.353078384383854E+00 -0.398693041398345E-18
  0.00000000  0.00000000  0.03500000    0.1210D-02  0.283223252817112E+01  0.319813277041174E-17    0.353078354285317E+00 -0.398693060732581E-18
  0.00000000  0.00000000  0.03500000    0.1267D-02  0.283223278880890E+01  0.319813352645580E-17    0.353078321793087E+00 -0.398693081604392E-18
  0.00000000  0.00000000  0.03500000    0.1326D-02  0.283223306996527E+01  0.319813434201926E-17    0.353078286742928E+00 -0.398693104119333E-18
  0.00000000  0.00000000  0.03500000    0.1387D-02  0.283223337304312E+01  0.319813522117128E-17    0.353078248959951E+00 -0.398693128389711E-18
  0.00000000  0.00000000  0.03500000    0.1450D-02  0.283223369953612E+01  0.319813616824488E-17    0.353078208257951E+00 -0.398693154535163E-18
  0.00000000  0.00000000  0.03500000    0.1514D-02  0.283223405103456E+01  0.319813718785283E-17    0.353078164438677E+00 -0.398693182683005E-18
  0.00000000  0.00000000  0.03500000    0.1580D-02  0.283223442923142E+01  0.319813828490683E-17    0.353078117291078E+00 -0.398693212968904E-18
  0.00000000  0.00000000  0.03500000    0.1649D-02  0.283223483592876E+01  0.319813946463355E-17    0.353078066590504E+00 -0.398693245537076E-18
  0.00000000  0.00000000  0.03500000    0.1719D-02  0.283223527304478E+01  0.319814073259688E-17    0.353078012097828E+00 -0.398693280541085E-18
  0.00000000  0.00000000  0.03500000    0.1792D-02  0.283223574262099E+01  0.319814209471969E-17    0.353077953558551E+00 -0.398693318144526E-18
  0.00000000  0.00000000  0.03500000    0.1867D-02  0.283223624683003E+01  0.319814355730347E-17    0.353077890701825E+00 -0.398693358521270E-18
  0.00000000  0.00000000  0.03500000    0.1944D-02  0.283223678798397E+01  0.319814512705525E-17    0.353077823239425E+00 -0.398693401856495E-18
  0.00000000  0.00000000  0.03500000    0.2024D-02  0.283223736854300E+01  0.319814681111170E-17    0.353077750864657E+00 -0.398693448347230E-18
  0.00000000  0.00000000  0.03500000    0.2106D-02  0.283223799112486E+01  0.319814861706605E-17    0.353077673251194E+00 -0.398693498203071E-18
  0.00000000  0.00000000  0.03500000    0.2190D-02  0.283223865851462E+01  0.319815055299656E-17    0.353077590051841E+00 -0.398693551646952E-18
  0.00000000  0.00000000  0.03500000    0.2277D-02  0.283223937367530E+01  0.319815262749967E-17    0.353077500897227E+00 -0.398693608916313E-18
  0.00000000  0.00000000  0.03500000    0.2367D-02  0.283224013975901E+01  0.319815484971824E-17    0.353077405394406E+00 -0.398693670263473E-18
  0.00000000  0.00000000  0.03500000    0.2459D-02  0.283224096011880E+01  0.319815722937828E-17    0.353077303125386E+00 -0.398693735956871E-18
  0.00000000  0.00000000  0.03500000    0.2554D-02  0.283224183832132E+01  0.319815977682621E-17    0.353077193645548E+00 -0.398693806282146E-18
  0.00000000  0.00000000  0.03500000    0.2652D-02  0.283224277816019E+01  0.319816250306701E-17    0.353077076481980E+00 -0.398693881543132E-18
  0.00000000  0.00000000  0.03500000    0.2753D-02  0.283224378367020E+01  0.319816541980393E-17    0.353076951131705E+00 -0.398693962062804E-18
  0.00000000  0.00000000  0.03500000    0.2858D-02  0.283224485914254E+01  0.319816853948515E-17    0.353076817059789E+00 -0.398694048184814E-18
  0.00000000  0.00000000  0.03500000    0.2965D-02  0.283224600914073E+01  0.319817187534835E-17    0.353076673697349E+00 -0.398694140274557E-18
  0.00000000  0.00000000  0.03500000    0.3075D-02  0.283224723851776E+01  0.319817544147118E-17    0.353076520439418E+00 -0.398694238720630E-18
  0.00000000  0.00000000  0.03500000    0.3189D-02  0.283224855243420E+01  0.319817925282288E-17    0.353076356642690E+00 -0.398694343936179E-18
  0.00000000  0.00000000  0.03500000    0.3307D-02  0.283224995637741E+01  0.319818332532220E-17    0.353076181623126E+00 -0.398694456360702E-18
  0.00000000  0.00000000  0.03500000    0.3428D-02  0.283225145618209E+01  0.319818767589341E-17    0.353075994653389E+00 -0.398694576461251E-18
  0.00000000  0.00000000  0.03500000    0.3553D-02  0.283225305805188E+01  0.319819232253256E-17    0.353075794960156E+00 -0.398694704734597E-18
  0.00000000  0.00000000  0.03500000    0.3681D-02  0.283225476858252E+01  0.319819728437276E-17    0.353075581721230E+00 -0.398694841708859E-18
  0.00000000  0.00000000  0.03500000    0.3813D-02  0.283225659478632E+01  0.319820258175533E-17    0.353075354062489E+00 -0.398694987945476E-18
  0.00000000  0.00000000  0.03500000    0.3950D-02  0.283225854411822E+01  0.319820823630537E-17    0.353075111054643E+00 -0.398695144041292E-18
  0.00000000  0.00000000  0.03500000    0.4090D-02  0.283226062450341E+01  0.319821427101303E-17    0.353074851709784E+00 -0.398695310630896E-18
  0.00000000  0.00000000  0.03500000    0.4235D-02  0.283226284436673E+01  0.319822071031664E-17    0.353074574977730E+00 -0.398695488388722E-18
  0.00000000  0.00000000  0.03500000    0.4385D-02  0.283226521266387E+01  0.319822758019593E-17    0.353074279742135E+00 -0.398695678031874E-18
  0.00000000  0.00000000  0.03500000    0.4538D-02  0.283226773891445E+01  0.319823490826546E-17    0.353073964816363E+00 -0.398695880322453E-18
  0.00000000  0.00000000  0.03500000    0.4697D-02  0.283227043323737E+01  0.319824272387904E-17    0.353073628939088E+00 -0.398696096070628E-18
  0.00000000  0.00000000  0.03500000    0.4860D-02  0.283227330638800E+01  0.319825105823564E-17    0.353073270769656E+00 -0.398696326137346E-18
  0.00000000  0.00000000  0.03500000    0.5029D-02  0.283227636979806E+01  0.319825994449766E-17    0.353072888883121E+00 -0.398696571437863E-18
  0.00000000  0.00000000  0.03500000    0.5202D-02  0.283227963561767E+01  0.319826941791133E-17    0.353072481765000E+00 -0.398696832944883E-18
  0.00000000  0.00000000  0.03500000    0.5381D-02  0.283228311676031E+01  0.319827951593649E-17    0.353072047805674E+00 -0.398697111692101E-18
  0.00000000  0.00000000  0.03500000    0.5565D-02  0.283228682695025E+01  0.319829027838609E-17    0.353071585294481E+00 -0.398697408778203E-18
  0.00000000  0.00000000  0.03500000    0.5755D-02  0.283229078077319E+01  0.319830174757243E-17    0.353071092413402E+00 -0.398697725370846E-18
  0.00000000  0.00000000  0.03500000    0.5950D-02  0.283229499372994E+01  0.319831396846026E-17    0.353070567230382E+00 -0.398698062710622E-18
  0.00000000  0.00000000  0.03500000    0.6152D-02  0.283229948229342E+01  0.319832698883807E-17    0.353070007692217E+00 -0.398698422116329E-18
  0.00000000  0.00000000  0.03500000    0.6360D-02  0.283230426396927E+01  0.319834085948792E-17    0.353069411617017E+00 -0.398698804989094E-18
  0.00000000  0.00000000  0.03500000    0.6574D-02  0.283230935736017E+01  0.319835563437461E-17    0.353068776686188E+00 -0.398699212817810E-18
  0.00000000  0.00000000  0.03500000    0.6794D-02  0.283231478223419E+01  0.319837137084565E-17    0.353068100435919E+00 -0.398699647184813E-18
  0.00000000  0.00000000  0.03500000    0.7021D-02  0.283232055959734E+01  0.319838812983771E-17    0.353067380248148E+00 -0.398700109771161E-18
  0.00000000  0.00000000  0.03500000    0.7255D-02  0.283232671177072E+01  0.319840597610514E-17    0.353066613340951E+00 -0.398700602363389E-18
  0.00000000  0.00000000  0.03500000    0.7497D-02  0.283233326247239E+01  0.319842497845376E-17    0.353065796758353E+00 -0.398701126859572E-18
  0.00000000  0.00000000  0.03500000    0.7745D-02  0.283234023690439E+01  0.319844520999518E-17    0.353064927359486E+00 -0.398701685276508E-18
  0.00000000  0.00000000  0.03500000    0.8001D-02  0.283234766184509E+01  0.319846674841398E-17    0.353064001807096E+00 -0.398702279756973E-18
  0.00000000  0.00000000  0.03500000    0.8265D-02  0.283235556574734E+01  0.319848967625551E-17    0.353063016555318E+00 -0.398702912577943E-18
  0.00000000  0.00000000  0.03500000    0.8537D-02  0.283236397884279E+01  0.319851408122268E-17    0.353061967836693E+00 -0.398703586158173E-18
  0.00000000  0.00000000  0.03500000    0.8818D-02  0.283237293325251E+01  0.319854005650253E-17    0.353060851648398E+00 -0.398704303067713E-18
  0.00000000  0.00000000  0.03500000    0.9107D-02  0.283238246310472E+01  0.319856770110537E-17    0.353059663737590E+00 -0.398705066036989E-18
  0.00000000  0.00000000  0.03500000    0.9404D-02  0.283239260465969E+01  0.319859712022804E-17    0.353058399585868E+00 -0.398705877966858E-18
  0.00000000  0.00000000  0.03500000    0.9711D-02  0.283240339644246E+01  0.319862842563793E-17    0.353057054392751E+00 -0.398706741939043E-18
  0.00000000  0.00000000  0.03500000    0.1003D-01  0.283241487938384E+01  0.319866173608457E-17    0.353055623058137E+00 -0.398707661227662E-18
  0.00000000  0.00000000  0.03500000    0.1035D-01  0.283242709697015E+01  0.319869717773186E-17    0.353054100163673E+00 -0.398708639310868E-18
  0.00000000  0.00000000  0.03500000    0.1069D-01  0.283244009540236E+01  0.319873488462074E-17    0.353052479952959E+00 -0.398709679883616E-18
  0.00000000  0.00000000  0.03500000    0.1103D-01  0.283245392376505E+01  0.319877499916190E-17    0.353050756310537E+00 -0.398710786871399E-18
  0.00000000  0.00000000  0.03500000    0.1139D-01  0.283246863420598E+01  0.319881767265271E-17    0.353048922739555E+00 -0.398711964444003E-18
  0.00000000  0.00000000  0.03500000    0.1176D-01  0.283248428212681E+01  0.319886306583410E-17    0.353046972338056E+00 -0.398713217031083E-18
  0.00000000  0.00000000  0.03500000    0.1214D-01  0.283250092638568E+01  0.319891134947912E-17    0.353044897773791E+00 -0.398714549338332E-18
  0.00000000  0.00000000  0.03500000    0.1253D-01  0.283251862951259E+01  0.319896270501532E-17    0.353042691257454E+00 -0.398715966364243E-18
  0.00000000  0.00000000  0.03500000    0.1293D-01  0.283253745793796E+01  0.319901732519166E-17    0.353040344514273E+00 -0.398717473418679E-18
  0.00000000  0.00000000  0.03500000    0.1334D-01  0.283255748223567E+01  0.319907541478263E-17    0.353037848753813E+00 -0.398719076141984E-18
  0.00000000  0.00000000  0.03500000    0.1377D-01  0.283257877738126E+01  0.319913719133788E-17    0.353035194637908E+00 -0.398720780525471E-18
  0.00000000  0.00000000  0.03500000    0.1421D-01  0.283260142302610E+01  0.319920288597898E-17    0.353032372246600E+00 -0.398722592933231E-18
  0.00000000  0.00000000  0.03500000    0.1466D-01  0.283262550378895E+01  0.319927274424533E-17    0.353029371041950E+00 -0.398724520125176E-18
  0.00000000  0.00000000  0.03500000    0.1513D-01  0.283265110956549E+01  0.319934702699688E-17    0.353026179829606E+00 -0.398726569282006E-18
  0.00000000  0.00000000  0.03500000    0.1561D-01  0.283267833585746E+01  0.319942601136430E-17    0.353022786717963E+00 -0.398728748030570E-18
  0.00000000  0.00000000  0.03500000    0.1610D-01  0.283270728412228E+01  0.319950999176918E-17    0.353019179074782E+00 -0.398731064472090E-18
  0.00000000  0.00000000  0.03500000    0.1662D-01  0.283273806214460E+01  0.319959928100382E-17    0.353015343481114E+00 -0.398733527211607E-18
  0.00000000  0.00000000  0.03500000    0.1714D-01  0.283277078443116E+01  0.319969421137511E-17    0.353011265682340E+00 -0.398736145388763E-18
  0.00000000  0.00000000  0.03500000    0.1768D-01  0.283280557263048E+01  0.319979513592772E-17    0.353006930536155E+00 -0.398738928711400E-18
  0.00000000  0.00000000  0.03500000    0.1824D-01  0.283284255597882E+01  0.319990242973693E-17    0.353002321957309E+00 -0.398741887490347E-18
  0.00000000  0.00000000  0.03500000    0.1882D-01  0.283288187177422E+01  0.320001649129028E-17    0.352997422858901E+00 -0.398745032677268E-18
  0.00000000  0.00000000  0.03500000    0.1941D-01  0.283292366588042E+01  0.320013774394998E-17    0.352992215089996E+00 -0.398748375904065E-18
  0.00000000  0.00000000  0.03500000    0.2002D-01  0.283296809326239E+01  0.320026663751177E-17    0.352986679369346E+00 -0.398751929525227E-18
  0.00000000  0.00000000  0.03500000    0.2065D-01  0.283301531855575E+01  0.320040364985892E-17    0.352980795214969E+00 -0.398755706662395E-18
  0.00000000  0.00000000  0.03500000    0.2130D-01  0.283306551667210E+01  0.320054928872423E-17    0.352974540869307E+00 -0.398759721252070E-18
  0.00000000  0.00000000  0.03500000    0.2197D-01  0.283311887344249E+01  0.320070409356098E-17    0.352967893219712E+00 -0.398763988095983E-18
  0.00000000  0.00000000  0.03500000    0.2266D-01  0.283317558630176E+01  0.320086863753550E-17    0.352960827713941E+00 -0.398768522914905E-18
  0.00000000  0.00000000  0.03500000    0.2337D-01  0.283323586501612E+01  0.320104352964314E-17    0.352953318270348E+00 -0.398773342405414E-18
  0.00000000  0.00000000  0.03500000    0.2410D-01  0.283329993245697E+01  0.320122941696082E-17    0.352945337182437E+00 -0.398778464300384E-18
  0.00000000  0.00000000  0.03500000    0.2486D-01  0.283336802542371E+01  0.320142698704211E-17    0.352936855017434E+00 -0.398783907433138E-18
  0.00000000  0.00000000  0.03500000    0.2564D-01  0.283344039551918E+01  0.320163697046857E-17    0.352927840508453E+00 -0.398789691805906E-18
  0.00000000  0.00000000  0.03500000    0.2644D-01  0.283351731008063E+01  0.320186014355691E-17    0.352918260439899E+00 -0.398795838661665E-18
  0.00000000  0.00000000  0.03500000    0.2726D-01  0.283359905317022E+01  0.320209733124899E-17    0.352908079525649E+00 -0.398802370561564E-18
  0.00000000  0.00000000  0.03500000    0.2811D-01  0.283368592662897E+01  0.320234941018166E-17    0.352897260279521E+00 -0.398809311466371E-18
  0.00000000  0.00000000  0.03500000    0.2899D-01  0.283377825119812E+01  0.320261731195280E-17    0.352885762877601E+00 -0.398816686822847E-18
  0.00000000  0.00000000  0.03500000    0.2989D-01  0.283387636771250E+01  0.320290202660580E-17    0.352873545011845E+00 -0.398824523656380E-18
  0.00000000  0.00000000  0.03500000    0.3082D-01  0.283398063837088E+01  0.320320460632945E-17    0.352860561734413E+00 -0.398832850668102E-18
  0.00000000  0.00000000  0.03500000    0.3178D-01  0.283409144808811E+01  0.320352616940745E-17    0.352846765292138E+00 -0.398841698339223E-18
  0.00000000  0.00000000  0.03500000    0.3277D-01  0.283420920593469E+01  0.320386790441741E-17    0.352832104950492E+00 -0.398851099040909E-18
  0.00000000  0.00000000  0.03500000    0.3379D-01  0.283433434666985E+01  0.320423107470548E-17    0.352816526806349E+00 -0.398861087151144E-18
  0.00000000  0.00000000  0.03500000    0.3484D-01  0.283446733237413E+01  0.320461702315940E-17    0.352799973588832E+00 -0.398871699179538E-18
  0.00000000  0.00000000  0.03500000    0.3592D-01  0.283460865418858E+01  0.320502717728589E-17    0.352782384447441E+00 -0.398882973898711E-18
  0.00000000  0.00000000  0.03500000    0.3703D-01  0.283475883416760E+01  0.320546305463061E-17    0.352763694726659E+00 -0.398894952484851E-18
  0.00000000  0.00000000  0.03500000    0.3818D-01  0.283491842725339E+01  0.320592626854993E-17    0.352743835726113E+00 -0.398907678666103E-18
  0.00000000  0.00000000  0.03500000    0.3936D-01  0.283508802338056E+01  0.320641853437027E-17    0.352722734445331E+00 -0.398921198880695E-18
  0.00000000  0.00000000  0.03500000    0.4058D-01  0.283526824971965E+01  0.320694167595704E-17    0.352700313312111E+00 -0.398935562444773E-18
  0.00000000  0.00000000  0.03500000    0.4184D-01  0.283545977306959E+01  0.320749763272025E-17    0.352676489893358E+00 -0.398950821730197E-18
  0.00000000  0.00000000  0.03500000    0.4313D-01  0.283566330240957E+01  0.320808846709562E-17    0.352651176587242E+00 -0.398967032353910E-18
  0.00000000  0.00000000  0.03500000    0.4447D-01  0.283587959162153E+01  0.320871637252759E-17    0.352624280295416E+00 -0.398984253378576E-18
  0.00000000  0.00000000  0.03500000    0.4584D-01  0.283610944239571E+01  0.320938368199529E-17    0.352595702073924E+00 -0.399002547525751E-18
  0.00000000  0.00000000  0.03500000    0.4726D-01  0.283635370733225E+01  0.321009287712010E-17    0.352565336761386E+00 -0.399021981402196E-18
  0.00000000  0.00000000  0.03500000    0.4872D-01  0.283661329325347E+01  0.321084659789937E-17    0.352533072582849E+00 -0.399042625740282E-18
  0.00000000  0.00000000  0.03500000    0.5022D-01  0.283688916474175E+01  0.321164765310981E-17    0.352498790727706E+00 -0.399064555653072E-18
  0.00000000  0.00000000  0.03500000    0.5177D-01  0.283718234792049E+01  0.321249903143169E-17    0.352462364899791E+00 -0.399087850904828E-18
  0.00000000  0.00000000  0.03500000    0.5337D-01  0.283749393449555E+01  0.321340391335657E-17    0.352423660837809E+00 -0.399112596199081E-18
  0.00000000  0.00000000  0.03500000    0.5501D-01  0.283782508607743E+01  0.321436568392553E-17    0.352382535803941E+00 -0.399138881483530E-18
  0.00000000  0.00000000  0.03500000    0.5671D-01  0.283817703880532E+01  0.321538794637365E-17    0.352338838038423E+00 -0.399166802274223E-18
  0.00000000  0.00000000  0.03500000    0.5846D-01  0.283855110829633E+01  0.321647453674533E-17    0.352292406177668E+00 -0.399196459999380E-18
  0.00000000  0.00000000  0.03500000    0.6026D-01  0.283894869494523E+01  0.321762953956246E-17    0.352243068633296E+00 -0.399227962364598E-18
  0.00000000  0.00000000  0.03500000    0.6211D-01  0.283937128960240E+01  0.321885730462571E-17    0.352190642929277E+00 -0.399261423740210E-18
  0.00000000  0.00000000  0.03500000    0.6403D-01  0.283982047965989E+01  0.322016246504776E-17    0.352134934994118E+00 -0.399296965572942E-18
  0.00000000  0.00000000  0.03500000    0.6600D-01  0.284029795557883E+01  0.322154995660697E-17    0.352075738404779E+00 -0.399334716821685E-18
  0.00000000  0.00000000  0.03500000    0.6803D-01  0.284080551789374E+01  0.322302503855155E-17    0.352012833578777E+00 -0.399374814421321E-18
  0.00000000  0.00000000  0.03500000    0.7012D-01  0.284134508473380E+01  0.322459331595750E-17    0.351945986910523E+00 -0.399417403773770E-18
  0.00000000  0.00000000  0.03500000    0.7227D-01  0.284191869990349E+01  0.322626076378390E-17    0.351874949847777E+00 -0.399462639269330E-18
  0.00000000  0.00000000  0.03500000    0.7450D-01  0.284252854157101E+01  0.322803375277531E-17    0.351799457903532E+00 -0.399510684840133E-18
  0.00000000  0.00000000  0.03500000    0.7678D-01  0.284317693161596E+01  0.322991907736116E-17    0.351719229598432E+00 -0.399561714546223E-18
  0.00000000  0.00000000  0.03500000    0.7914D-01  0.284386634569432E+01  0.323192398574660E-17    0.351633965328231E+00 -0.399615913197929E-18
  0.00000000  0.00000000  0.03500000    0.8157D-01  0.284459942408402E+01  0.323405621238389E-17    0.351543346150402E+00 -0.399673477015493E-18
  0.00000000  0.00000000  0.03500000    0.8408D-01  0.284537898338117E+01  0.323632401304421E-17    0.351447032483419E+00 -0.399734614328123E-18
  0.00000000  0.00000000  0.03500000    0.8666D-01  0.284620802912489E+01  0.323873620273896E-17    0.351344662711624E+00 -0.399799546315354E-18
  0.00000000  0.00000000  0.03500000    0.8932D-01  0.284708976943627E+01  0.324130219674985E-17    0.351235851687951E+00 -0.399868507791687E-18
  0.00000000  0.00000000  0.03500000    0.9206D-01  0.284802762976769E+01  0.324403205508197E-17    0.351120189125963E+00 -0.399941748038441E-18
  0.00000000  0.00000000  0.03500000    0.9488D-01  0.284902526886802E+01  0.324693653066804E-17    0.350997237871927E+00 -0.400019531684517E-18
  0.00000000  0.00000000  0.03500000    0.9779D-01  0.285008659608273E+01  0.325002712169262E-17    0.350866532046583E+00 -0.400102139637770E-18
  0.00000000  0.00000000  0.03500000    0.1008D+00  0.285121579012071E+01  0.325331612846804E-17    0.350727575045334E+00 -0.400189870071239E-18
  0.00000000  0.00000000  0.03500000    0.1039D+00  0.285241731943570E+01  0.325681671531587E-17    0.350579837384325E+00 -0.400283039464881E-18
  0.00000000  0.00000000  0.03500000    0.1071D+00  0.285369596438817E+01  0.326054297799565E-17    0.350422754378600E+00 -0.400381983707225E-18
  0.00000000  0.00000000  0.03500000    0.1103D+00  0.285505684137320E+01  0.326451001725902E-17    0.350255723637022E+00 -0.400487059257783E-18
  0.00000000  0.00000000  0.03500000    0.1137D+00  0.285650542912389E+01  0.326873401920319E-17    0.350078102356944E+00 -0.400598644373384E-18
  0.00000000  0.00000000  0.03500000    0.1172D+00  0.285804759742609E+01  0.327323234317999E-17    0.349889204399739E+00 -0.400717140401073E-18
  0.00000000  0.00000000  0.03500000    0.1208D+00  0.285968963851066E+01  0.327802361809961E-17    0.349688297126119E+00 -0.400842973137967E-18
  0.00000000  0.00000000  0.03500000    0.1245D+00  0.286143830142537E+01  0.328312784811325E-17    0.349474597967697E+00 -0.400976594261840E-18
  0.00000000  0.00000000  0.03500000    0.1283D+00  0.286330082972830E+01  0.328856652875905E-17    0.349247270708502E+00 -0.401118482832072E-18
  0.00000000  0.00000000  0.03500000    0.1322D+00  0.286528500289277E+01  0.329436277482017E-17    0.349005421446874E+00 -0.401269146861211E-18
  0.00000000  0.00000000  0.03500000    0.1363D+00  0.286739918186744E+01  0.330054146134004E-17    0.348748094204565E+00 -0.401429124959102E-18
  0.00000000  0.00000000  0.03500000    0.1405D+00  0.286965235929956E+01  0.330712937940146E-17    0.348474266145633E+00 -0.401598988044977E-18
  0.00000000  0.00000000  0.03500000    0.1448D+00  0.287205421500335E+01  0.331415540856854E-17    0.348182842362825E+00 -0.401779341127856E-18
  0.00000000  0.00000000  0.03500000    0.1492D+00  0.287461517734192E+01  0.332165070812810E-17    0.347872650183623E+00 -0.401970825148604E-18
  0.00000000  0.00000000  0.03500000    0.1537D+00  0.287734649129395E+01  0.332964892962086E-17    0.347542432941504E+00 -0.402174118877535E-18
  0.00000000  0.00000000  0.03500000    0.1585D+00  0.288026029409564E+01  0.333818645353985E-17    0.347190843150510E+00 -0.402389940858459E-18
  0.00000000  0.00000000  0.03500000    0.1633D+00  0.288336969949080E+01  0.334730265352141E-17    0.346816435012340E+00 -0.402619051385140E-18
  0.00000000  0.00000000  0.03500000    0.1683D+00  0.288668889179015E+01  0.335704019190378E-17    0.346417656174879E+00 -0.402862254492201E-18
  0.00000000  0.00000000  0.03500000    0.1734D+00  0.289023323114126E+01  0.336744535118003E-17    0.345992838648919E+00 -0.403120399937350E-18
  0.00000000  0.00000000  0.03500000    0.1787D+00  0.289401937164969E+01  0.337856840663095E-17    0.345540188775574E+00 -0.403394385142963E-18
  0.00000000  0.00000000  0.03500000    0.1842D+00  0.289806539427927E+01  0.339046404636149E-17    0.345057776119884E+00 -0.403685157057288E-18
  0.00000000  0.00000000  0.03500000    0.1898D+00  0.290239095680498E+01  0.340319184605968E-17    0.344543521146036E+00 -0.403993713881899E-18
  0.00000000  0.00000000  0.03500000    0.1956D+00  0.290701746351038E+01  0.341681680715720E-17    0.343995181505531E+00 -0.404321106599019E-18
  0.00000000  0.00000000  0.03500000    0.2016D+00  0.291196825783014E+01  0.343140996868615E-17    0.343410336740811E+00 -0.404668440211762E-18
  0.00000000  0.00000000  0.03500000    0.2078D+00  0.291726884175911E+01  0.344704910511486E-17    0.342786371172086E+00 -0.405036874586371E-18
  0.00000000  0.00000000  0.03500000    0.2141D+00  0.292294712661224E+01  0.346381952488885E-17    0.342120454692940E+00 -0.405427624755823E-18
  0.00000000  0.00000000  0.03500000    0.2207D+00  0.292903372066061E+01  0.348181498737792E-17    0.341409521148995E+00 -0.405841960502246E-18
  0.00000000  0.00000000  0.03500000    0.2274D+00  0.293556226033786E+01  0.350113875966910E-17    0.340650243910994E+00 -0.406281204988053E-18
  0.00000000  0.00000000  0.03500000    0.2343D+00  0.294256979317041E+01  0.352190483924630E-17    0.339839008176105E+00 -0.406746732138012E-18
  0.00000000  0.00000000  0.03500000    0.2415D+00  0.295009722242064E+01  0.354423937439672E-17    0.338971879435035E+00 -0.407239962390503E-18
  0.00000000  0.00000000  0.03500000    0.2489D+00  0.295818982575404E+01  0.356828232151330E-17    0.338044567422275E+00 -0.407762356328518E-18
  0.00000000  0.00000000  0.03500000    0.2565D+00  0.296689786320386E+01  0.359418938774190E-17    0.337052384715439E+00 -0.408315405556006E-18
  0.00000000  0.00000000  0.03500000    0.2643D+00  0.297627729351204E+01  0.362213431934321E-17    0.335990198957567E+00 -0.408900619999382E-18
  0.00000000  0.00000000  0.03500000    0.2724D+00  0.298639062285723E+01  0.365231161152113E-17    0.334852377430535E+00 -0.409519510567210E-18
  0.00000000  0.00000000  0.03500000    0.2807D+00  0.299730791642844E+01  0.368493973548772E-17    0.333632722390294E+00 -0.410173565770947E-18
  0.00000000  0.00000000  0.03500000    0.2893D+00  0.300910801181507E+01  0.372026500492962E-17    0.332324395160813E+00 -0.410864220475565E-18
  0.00000000  0.00000000  0.03500000    0.2981D+00  0.302187998453715E+01  0.375856623903081E-17    0.330919826438166E+00 -0.411592814354251E-18
  0.00000000  0.00000000  0.03500000    0.3072D+00  0.303572493135464E+01  0.380016042628281E-17    0.329410609529029E+00 -0.412360536819559E-18
  0.00000000  0.00000000  0.03500000    0.3166D+00  0.305075815790537E+01  0.384540965736654E-17    0.327787372266372E+00 -0.413168354105573E-18
  0.00000000  0.00000000  0.03500000    0.3262D+00  0.306711188615370E+01  0.389472968360209E-17    0.326039622002197E+00 -0.414016912645073E-18
  0.00000000  0.00000000  0.03500000    0.3362D+00  0.308493863774798E+01  0.394860058093576E-17    0.324155556212297E+00 -0.414906410750461E-18
  0.00000000  0.00000000  0.03500000    0.3464D+00  0.310441550731715E+01  0.400758017486700E-17    0.322121828615721E+00 -0.415836427568903E-18
  0.00000000  0.00000000  0.03500000    0.3570D+00  0.312574962382996E+01  0.407232113554999E-17    0.319923256928911E+00 -0.416805693908792E-18
  0.00000000  0.00000000  0.03500000    0.3679D+00  0.314918522261047E+01  0.414359302690712E-17    0.317542452828820E+00 -0.417811783137289E-18
  0.00000000  0.00000000  0.03500000    0.3791D+00  0.317501293888343E+01  0.422231115875131E-17    0.314959346386687E+00 -0.418850690816146E-18
  0.00000000  0.00000000  0.03500000    0.3907D+00  0.320358222556657E+01  0.430957496518286E-17    0.312150564458555E+00 -0.419916257251795E-18
  0.00000000  0.00000000  0.03500000    0.4026D+00  0.323531826307747E+01  0.440672002371532E-17    0.309088602321550E+00 -0.420999364574706E-18
  0.00000000  0.00000000  0.03500000    0.4149D+00  0.327074549376125E+01  0.451539011630332E-17    0.305740694868323E+00 -0.422086803878025E-18
  0.00000000  0.00000000  0.03500000    0.4276D+00  0.331052121813444E+01  0.463763963505027E-17    0.302067237787869E+00 -0.423159648318039E-18
  0.00000000  0.00000000  0.03500000    0.4406D+00  0.335548501227790E+01  0.477608358900450E-17    0.298019510246938E+00 -0.424190865667819E-18
  0.00000000  0.00000000  0.03500000    0.4540D+00  0.340673407349307E+01  0.493412551571883E-17    0.293536266238315E+00 -0.425141719250852E-18
  0.00000000  0.00000000  0.03500000    0.4679D+00  0.346574325520625E+01  0.511631963869954E-17    0.288538396056256E+00 -0.425956152419500E-18
  0.00000000  0.00000000  0.03500000    0.4822D+00  0.353456713308868E+01  0.532897963313557E-17    0.282920075456637E+00 -0.426551615274065E-18
  0.00000000  0.00000000  0.03500000    0.4969D+00  0.361620540704053E+01  0.558127877722308E-17    0.276532964099069E+00 -0.426803068410828E-18
  0.00000000  0.00000000  0.03500000    0.5120D+00  0.371533145099937E+01  0.588743965280137E-17    0.269154990123698E+00 -0.426512084454102E-18
  0.00000000  0.00000000  0.03500000    0.5276D+00  0.383996988902223E+01  0.627172365941000E-17    0.260418708714049E+00 -0.425335152096930E-18
  0.00000000  0.00000000  0.03500000    0.5437D+00  0.400644422999270E+01  0.678240209543219E-17    0.249597883458326E+00 -0.422537569625991E-18
  0.00000000  0.00000000  0.03500000    0.5603D+00  0.427306608508697E+01  0.285965948967072E-04    0.234023995894943E+00 -0.156615630871530E-05
  0.00000000  0.00000000  0.03500000    0.5774D+00  0.470289971607969E+01  0.138124271211128E+00    0.212451509817962E+00 -0.623970565669885E-02
  0.00000000  0.00000000  0.03500000    0.5950D+00  0.494654514680549E+01  0.791268329285729E+00    0.197117376658547E+00 -0.315316514198850E-01
  0.00000000  0.00000000  0.03500000    0.6131D+00  0.484052188316153E+01  0.125881880981009E+01    0.193502630533924E+00 -0.503220018302535E-01
  0.00000000  0.00000000  0.03500000    0.6318D+00  0.466561446476906E+01  0.156041011619623E+01    0.192771378807642E+00 -0.644721958652940E-01
  0.00000000  0.00000000  0.03500000    0.6511D+00  0.450501590059302E+01  0.178038268920450E+01    0.191989311280934E+00 -0.758741930903895E-01
  0.00000000  0.00000000  0.03500000    0.6709D+00  0.437026654743141E+01  0.196908716318280E+01    0.190205648797923E+00 -0.856999218120861E-01
  0.00000000  0.00000000  0.03500000    0.6914D+00  0.423700871100469E+01  0.217247196766942E+01    0.186883894131246E+00 -0.958223239321025E-01
  0.00000000  0.00000000  0.03500000    0.7125D+00  0.406113387114073E+01  0.237706080841442E+01    0.183402987290001E+00 -0.107349343081550E+00
  0.00000000  0.00000000  0.03500000    0.7342D+00  0.390339978699954E+01  0.248966627364524E+01    0.182104296944237E+00 -0.116149754349515E+00
  0.00000000  0.00000000  0.03500000    0.7565D+00  0.375780890427955E+01  0.269756057396597E+01    0.175615281167138E+00 -0.126066245178916E+00
  0.00000000  0.00000000  0.03500000    0.7796D+00  0.347271337970151E+01  0.293797823698412E+01    0.167833218626470E+00 -0.141989934052648E+00
  0.00000000  0.00000000  0.03500000    0.8034D+00  0.317312027954027E+01  0.291643643361866E+01    0.170833966403426E+00 -0.157014660594815E+00
  0.00000000  0.00000000  0.03500000    0.8279D+00  0.304085795382087E+01  0.288205659633040E+01    0.173237981625949E+00 -0.164191052414230E+00
  0.00000000  0.00000000  0.03500000    0.8531D+00  0.294204597066850E+01  0.302577302157530E+01    0.165181988565488E+00 -0.169882867104909E+00
  0.00000000  0.00000000  0.03500000    0.8791D+00  0.276009268107928E+01  0.321727024273725E+01    0.153603538645919E+00 -0.179046195605075E+00
  0.00000000  0.00000000  0.03500000    0.9059D+00  0.248553467488016E+01  0.347106239048977E+01    0.136371847916901E+00 -0.190444010783622E+00
  0.00000000  0.00000000  0.03500000    0.9335D+00  0.162329188899807E+01  0.396821437154329E+01    0.883097262045803E-01 -0.215877333612726E+00
  0.00000000  0.00000000  0.03500000    0.9619D+00  0.839744142568215E+00  0.294650589070411E+01    0.894575617354016E-01 -0.313889932968452E+00
  0.00000000  0.00000000  0.03500000    0.9913D+00  0.105427667585315E+01  0.207479191051626E+01    0.194650279675268E+00 -0.383067210818414E+00
  0.00000000  0.00000000  0.03500000    0.1021D+01  0.143660403217641E+01  0.202092515597746E+01    0.233671296106595E+00 -0.328714238547875E+00
  0.00000000  0.00000000  0.03500000    0.1053D+01  0.192503869399907E+01  0.177732509480656E+01    0.280427453678462E+00 -0.258909471403943E+00
  0.00000000  0.00000000  0.03500000    0.1085D+01  0.250425781206680E+01  0.252232917559708E+01    0.198224355432608E+00 -0.199654792973949E+00
  0.00000000  0.00000000  0.03500000    0.1118D+01  0.152717527429409E+01  0.430076126860278E+01    0.733203261125404E-01 -0.206481354205984E+00
  0.00000000  0.00000000  0.03500000    0.1152D+01 -0.624549438704229E-01  0.336632946693400E+01   -0.550939769924348E-02 -0.296957241023234E+00
  0.00000000  0.00000000  0.03500000    0.1187D+01 -0.245596661413954E+00  0.203185843354115E+01   -0.586322170150557E-01 -0.485073225073111E+00
  0.00000000  0.00000000  0.03500000    0.1223D+01  0.746465522285506E-01  0.172437036706591E+01    0.250573746271550E-01 -0.578837106250291E+00
  0.00000000  0.00000000  0.03500000    0.1260D+01  0.136684019768573E+00  0.152203247754394E+01    0.585304011730227E-01 -0.651759961843760E+00
  0.00000000  0.00000000  0.03500000    0.1299D+01  0.142358092131174E+00  0.117820262420110E+01    0.101075928575040E+00 -0.836537793587058E+00
  0.00000000  0.00000000  0.03500000    0.1338D+01  0.621034425731493E+00  0.539012258221163E+00    0.918393847882541E+00 -0.797098391607711E+00
  0.00000000  0.00000000  0.03500000    0.1379D+01  0.125852245557726E+01  0.971829680164637E+00    0.497767937788077E+00 -0.384375863643142E+00
  0.00000000  0.00000000  0.03500000    0.1421D+01  0.976192272107734E+00  0.182721582836280E+01    0.227462151443454E+00 -0.425758792961504E+00
  0.00000000  0.00000000  0.03500000    0.1464D+01  0.310419252236508E+00  0.148970673462599E+01    0.134056440312145E+00 -0.643338905413106E+00
  0.00000000  0.00000000  0.03500000    0.1509D+01  0.313648117010979E+00  0.746640500127359E+00    0.478233539243386E+00 -0.113843670518787E+01
  0.00000000  0.00000000  0.03500000    0.1555D+01  0.761350893323356E+00  0.558362623909504E+00    0.854083905247219E+00 -0.626371538478215E+00
  0.00000000  0.00000000  0.03500000    0.1602D+01  0.101574716264284E+01  0.839270563961346E+00    0.585068253762213E+00 -0.483418099848090E+00
  0.00000000  0.00000000  0.03500000    0.1651D+01  0.893961903030096E+00  0.109821414201856E+01    0.445812435705368E+00 -0.547671572938262E+00
  0.00000000  0.00000000  0.03500000    0.1701D+01  0.568789499616545E+00  0.106981545896440E+01    0.387451763687862E+00 -0.728743914358014E+00
  0.00000000  0.00000000  0.03500000    0.1753D+01  0.478480024085957E+00  0.582937509797279E+00    0.841269841470331E+00 -0.102492836015693E+01
  0.00000000  0.00000000  0.03500000    0.1807D+01  0.681014157621307E+00  0.370931668244932E+00    0.113243676057475E+01 -0.616810461399338E+00
  0.00000000  0.00000000  0.03500000    0.1862D+01  0.891042187579307E+00  0.274496221825360E+00    0.102500600806920E+01 -0.315765381802698E+00
  0.00000000  0.00000000  0.03500000    0.1919D+01  0.111273972218925E+01  0.238726215490923E+00    0.859139125172367E+00 -0.184318963224447E+00
  0.00000000  0.00000000  0.03500000    0.1977D+01  0.127724223361206E+01  0.342981022763305E+00    0.730276805748955E+00 -0.196103040711205E+00
  0.00000000  0.00000000  0.03500000    0.2037D+01  0.138895510992406E+01  0.377444509944368E+00    0.670454934912142E+00 -0.182194177867657E+00
  0.00000000  0.00000000  0.03500000    0.2099D+01  0.153033635694034E+01  0.441822444500483E+00    0.603174639770068E+00 -0.174142169853904E+00
  0.00000000  0.00000000  0.03500000    0.2163D+01  0.173433870830379E+01  0.540871874199688E+00    0.525481843069316E+00 -0.163877071968703E+00
  0.00000000  0.00000000  0.03500000    0.2229D+01  0.178330139474796E+01  0.955761398082906E+00    0.435626917994480E+00 -0.233474494783198E+00
  0.00000000  0.00000000  0.03500000    0.2297D+01  0.168523087119792E+01  0.109529323732143E+01    0.417170392370461E+00 -0.271134310071887E+00
  0.00000000  0.00000000  0.03500000    0.2367D+01  0.159166830397248E+01  0.132886135658436E+01    0.370217366804251E+00 -0.309089243691500E+00
  0.00000000  0.00000000  0.03500000    0.2439D+01  0.128038817545204E+01  0.154943542776048E+01    0.316916468235849E+00 -0.383509948732535E+00
  0.00000000  0.00000000  0.03500000    0.2513D+01  0.133749999434272E+01  0.111965641170091E+01    0.439600280809000E+00 -0.368000953327253E+00
  0.00000000  0.00000000  0.03500000    0.2590D+01  0.148187550538902E+01  0.183159628493308E+01    0.266970925266927E+00 -0.329975732189247E+00
  0.00000000  0.00000000  0.03500000    0.2669D+01  0.625554197432098E+00  0.254392599829075E+01    0.911504239882126E-01 -0.370679206199410E+00
  0.00000000  0.00000000  0.03500000    0.2750D+01 -0.160769776567161E+00  0.169853636302388E+01   -0.552307824046273E-01 -0.583514478129100E+00
  0.00000000  0.00000000  0.03500000    0.2834D+01 -0.326483281146363E+00  0.126309091273451E+01   -0.191824442974115E+00 -0.742125936465164E+00
  0.00000000  0.00000000  0.03500000    0.2920D+01 -0.307085249525564E+00  0.672571892550698E+00   -0.561754016923242E+00 -0.123034226780264E+01
  0.00000000  0.00000000  0.03500000    0.3009D+01 -0.311425114111170E-01  0.345520331257918E+00   -0.258757259571451E+00 -0.287086333090669E+01
  0.00000000  0.00000000  0.03500000    0.3101D+01  0.193642273175321E+00  0.322701906947463E+00    0.136720333597720E+01 -0.227842359248343E+01
  0.00000000  0.00000000  0.03500000    0.3195D+01  0.258606716895565E+00  0.300228925741601E+00    0.164702084087495E+01 -0.191210539179307E+01
  0.00000000  0.00000000  0.03500000    0.3293D+01  0.352278792726425E+00  0.143153767530639E+00    0.243634161082029E+01 -0.990043930494112E+00
  0.00000000  0.00000000  0.03500000    0.3393D+01  0.512565044032184E+00  0.124721794512842E+00    0.184191425284076E+01 -0.448190631857945E+00
  0.00000000  0.00000000  0.03500000    0.3496D+01  0.603715079749880E+00  0.189197225047806E+00    0.150827908493374E+01 -0.472676974683711E+00
  0.00000000  0.00000000  0.03500000    0.3603D+01  0.598435688757301E+00  0.244073553611718E+00    0.143270227146319E+01 -0.584331351276440E+00
  0.00000000  0.00000000  0.03500000    0.3713D+01  0.582779735105687E+00  0.187952369159352E+00    0.155425207371530E+01 -0.501262041091135E+00
  0.00000000  0.00000000  0.03500000    0.3826D+01  0.613325508397289E+00  0.138958918953193E+00    0.155084702554556E+01 -0.351369742789160E+00
  0.00000000  0.00000000  0.03500000    0.3942D+01  0.678470033343798E+00  0.926540522544809E-01    0.144692009296390E+01 -0.197596066610068E+00
  0.00000000  0.00000000  0.03500000    0.4062D+01  0.742478218222548E+00  0.122004836753249E+00    0.131143037046156E+01 -0.215495679650304E+00
  0.00000000  0.00000000  0.03500000    0.4186D+01  0.746125852518301E+00  0.167335026754659E+00    0.127607273589355E+01 -0.286187195740415E+00
  0.00000000  0.00000000  0.03500000    0.4313D+01  0.730978531076144E+00  0.146443488129951E+00    0.131524110627022E+01 -0.263494052350005E+00
  0.00000000  0.00000000  0.03500000    0.4445D+01  0.735609223199921E+00  0.122138996873170E+00    0.132294569871293E+01 -0.219659100868229E+00
  0.00000000  0.00000000  0.03500000    0.4580D+01  0.761763481379501E+00  0.853095385309088E-01    0.129648337431338E+01 -0.145192571026609E+00
  0.00000000  0.00000000  0.03500000    0.4720D+01  0.795331953476208E+00  0.854380916197597E-01    0.124299248563222E+01 -0.133527774668110E+00
  0.00000000  0.00000000  0.03500000    0.4863D+01  0.821789125006954E+00  0.812744266252147E-01    0.120507028804246E+01 -0.119180692130605E+00
  0.00000000  0.00000000  0.03500000    0.5012D+01  0.836490942309211E+00  0.984514432567384E-01    0.117913646254395E+01 -0.138779370657172E+00
  0.00000000  0.00000000  0.03500000    0.5164D+01  0.837786022923838E+00  0.919058835093610E-01    0.117942862107298E+01 -0.129384385141257E+00
  0.00000000  0.00000000  0.03500000    0.5322D+01  0.872184030267754E+00  0.621118299884883E-01    0.114076169995564E+01 -0.812383560190519E-01
  0.00000000  0.00000000  0.03500000    0.5484D+01  0.910366171748158E+00  0.108900283154534E+00    0.108296239567391E+01 -0.129546676045896E+00
  0.00000000  0.00000000  0.03500000    0.5651D+01  0.880455354433578E+00  0.168223213339043E+00    0.109577424839740E+01 -0.209362875961124E+00
  0.00000000  0.00000000  0.03500000    0.5823D+01  0.853556442069894E+00  0.127201634606636E+00    0.114611509202101E+01 -0.170800319658848E+00
  0.00000000  0.00000000  0.03500000    0.6000D+01  0.843661673324256E+00  0.144555564913786E+00    0.115150293640075E+01 -0.197302026078074E+00
  0.00000000  0.00000000  0.03500000    0.6183D+01  0.823536341262088E+00  0.112132200216833E+00    0.119217334507035E+01 -0.162325587256696E+00
  0.00000000  0.00000000  0.03500000    0.6371D+01  0.826413987136584E+00  0.865724284100024E-01    0.119691239909938E+01 -0.125384631186004E+00
  0.00000000  0.00000000  0.03500000    0.6565D+01  0.833549684740916E+00  0.681956660292735E-01    0.119171186109213E+01 -0.974981882542765E-01
  0.00000000  0.00000000  0.03500000    0.6765D+01  0.852669619271312E+00  0.427260678497897E-01    0.116984984086790E+01 -0.586195198530737E-01
  0.00000000  0.00000000  0.03500000    0.6971D+01  0.871509690173543E+00  0.494065160270606E-01    0.114375831803812E+01 -0.648404880730377E-01
  0.00000000  0.00000000  0.03500000    0.7184D+01  0.884381063393299E+00  0.433985312566262E-01    0.112801793779588E+01 -0.553543305683592E-01
  0.00000000  0.00000000  0.03500000    0.7402D+01  0.884416750681000E+00  0.629538955190059E-01    0.112498861053804E+01 -0.800781027647322E-01
  0.00000000  0.00000000  0.03500000    0.7628D+01  0.880751230192867E+00  0.426411965540431E-01    0.113273927537337E+01 -0.548410906847139E-01
  0.00000000  0.00000000  0.03500000    0.7860D+01  0.890027454124046E+00  0.415784906273316E-01    0.112111414820728E+01 -0.523739283405392E-01
  0.00000000  0.00000000  0.03500000    0.8100D+01  0.889711812245596E+00  0.431567791251563E-01    0.112132111959982E+01 -0.543913289909026E-01
  0.00000000  0.00000000  0.03500000    0.8346D+01  0.889061980576203E+00  0.316167725436990E-01    0.112336031375645E+01 -0.399488767944360E-01
  0.00000000  0.00000000  0.03500000    0.8600D+01  0.895211356767498E+00  0.227086359843166E-01    0.111633630688980E+01 -0.283178655382283E-01
  0.00000000  0.00000000  0.03500000    0.8862D+01  0.902546308091731E+00  0.178831052398366E-01    0.110754157232754E+01 -0.219448933731769E-01
  0.00000000  0.00000000  0.03500000    0.9132D+01  0.905551803754989E+00  0.165456185374779E-01    0.110393051669207E+01 -0.201702576764011E-01
  0.00000000  0.00000000  0.03500000    0.9410D+01  0.910784936721529E+00  0.464448658346826E-02    0.109792548838236E+01 -0.559879725151714E-02
  0.00000000  0.00000000  0.03500000    0.9697D+01  0.921020742764408E+00  0.132741953383218E-02    0.108574962145406E+01 -0.156483474198765E-02
  0.00000000  0.00000000  0.03500000    0.9992D+01  0.929195805067272E+00  0.806219545301231E-04    0.107619942644853E+01 -0.933767681163785E-04
  0.00000000  0.00000000  0.03500000    0.1030D+02  0.935787161195094E+00  0.160909454727409E-05    0.106861906367677E+01 -0.183750021348813E-05
  0.00000000  0.00000000  0.03500000    0.1061D+02  0.941102333544508E+00  0.978417300237000E-19    0.106258370036515E+01 -0.110471543670648E-18
  0.00000000  0.00000000  0.03500000    0.1093D+02  0.945671525772223E+00  0.827866221302927E-19    0.105744962468169E+01 -0.925719767536164E-19
  0.00000000  0.00000000  0.03500000    0.1127D+02  0.949708364227074E+00  0.712546071632133E-19    0.105295482030829E+01 -0.790009700954262E-19
  0.00000000  0.00000000  0.03500000    0.1161D+02  0.953327109072373E+00  0.621759617000360E-19    0.104895789753954E+01 -0.684129984783819E-19
