 q(1:3)   w(Ry)   eps  epsi --- LFC included. 
  0.00000000  0.00000000  0.02500000    0.0000D+00  0.166889749710621E+01  0.191875936115193E-17    0.599197974551434E+00 -0.688907931641934E-18
  0.00000000  0.00000000  0.02500000    0.1015D-04  0.166889749712703E+01  0.191875939621962E-17    0.599197974543959E+00 -0.688907944215386E-18
  0.00000000  0.00000000  0.02500000    0.3076D-04  0.166889749729742E+01  0.191875935723047E-17    0.599197974482783E+00 -0.688907930076120E-18
  0.00000000  0.00000000  0.02500000    0.5200D-04  0.166889749765258E+01  0.191875938071214E-17    0.599197974355266E+00 -0.688907938213722E-18
  0.00000000  0.00000000  0.02500000    0.7389D-04  0.166889749820926E+01  0.191875936280861E-17    0.599197974155397E+00 -0.688907931326085E-18
  0.00000000  0.00000000  0.02500000    0.9644D-04  0.166889749898539E+01  0.191875932577295E-17    0.599197973876738E+00 -0.688907917388109E-18
  0.00000000  0.00000000  0.02500000    0.1197D-03  0.166889750000016E+01  0.191875934865361E-17    0.599197973512395E+00 -0.688907924765358E-18
  0.00000000  0.00000000  0.02500000    0.1436D-03  0.166889750127415E+01  0.191875936484214E-17    0.599197973054986E+00 -0.688907929525877E-18
  0.00000000  0.00000000  0.02500000    0.1683D-03  0.166889750282936E+01  0.191875936893860E-17    0.599197972496607E+00 -0.688907929712706E-18
  0.00000000  0.00000000  0.02500000    0.1937D-03  0.166889750468934E+01  0.191875939636471E-17    0.599197971828800E+00 -0.688907938024152E-18
  0.00000000  0.00000000  0.02500000    0.2199D-03  0.166889750687930E+01  0.191875937794654E-17    0.599197971042520E+00 -0.688907929603328E-18
  0.00000000  0.00000000  0.02500000    0.2469D-03  0.166889750942621E+01  0.191875937664925E-17    0.599197970128084E+00 -0.688907927034864E-18
  0.00000000  0.00000000  0.02500000    0.2748D-03  0.166889751235885E+01  0.191875936684223E-17    0.599197969075153E+00 -0.688907921092626E-18
  0.00000000  0.00000000  0.02500000    0.3034D-03  0.166889751570805E+01  0.191875942379871E-17    0.599197967872663E+00 -0.688907938777132E-18
  0.00000000  0.00000000  0.02500000    0.3330D-03  0.166889751950672E+01  0.191875939720057E-17    0.599197966508796E+00 -0.688907926091261E-18
  0.00000000  0.00000000  0.02500000    0.3634D-03  0.166889752379004E+01  0.191875937578100E-17    0.599197964970922E+00 -0.688907914864577E-18
  0.00000000  0.00000000  0.02500000    0.3948D-03  0.166889752859558E+01  0.191875939867995E-17    0.599197963245547E+00 -0.688907919118793E-18
  0.00000000  0.00000000  0.02500000    0.4271D-03  0.166889753396348E+01  0.191875936341018E-17    0.599197961318268E+00 -0.688907902023949E-18
  0.00000000  0.00000000  0.02500000    0.4604D-03  0.166889753993658E+01  0.191875940578089E-17    0.599197959173695E+00 -0.688907912305347E-18
  0.00000000  0.00000000  0.02500000    0.4948D-03  0.166889754656063E+01  0.191875943552099E-17    0.599197956795408E+00 -0.688907917514468E-18
  0.00000000  0.00000000  0.02500000    0.5301D-03  0.166889755388447E+01  0.191875945864685E-17    0.599197954165871E+00 -0.688907919771087E-18
  0.00000000  0.00000000  0.02500000    0.5666D-03  0.166889756196017E+01  0.191875944749751E-17    0.599197951266384E+00 -0.688907909100870E-18
  0.00000000  0.00000000  0.02500000    0.6041D-03  0.166889757084339E+01  0.191875944006827E-17    0.599197948076970E+00 -0.688907899099646E-18
  0.00000000  0.00000000  0.02500000    0.6428D-03  0.166889758059340E+01  0.191875950157128E-17    0.599197944576344E+00 -0.688907913132116E-18
  0.00000000  0.00000000  0.02500000    0.6827D-03  0.166889759127348E+01  0.191875950796695E-17    0.599197940741788E+00 -0.688907906611102E-18
  0.00000000  0.00000000  0.02500000    0.7238D-03  0.166889760295113E+01  0.191875956161237E-17    0.599197936549066E+00 -0.688907916230969E-18
  0.00000000  0.00000000  0.02500000    0.7662D-03  0.166889761569827E+01  0.191875952736445E-17    0.599197931972358E+00 -0.688907893410823E-18
  0.00000000  0.00000000  0.02500000    0.8098D-03  0.166889762959162E+01  0.191875959891225E-17    0.599197926984114E+00 -0.688907907629078E-18
  0.00000000  0.00000000  0.02500000    0.8548D-03  0.166889764471297E+01  0.191875958720873E-17    0.599197921554973E+00 -0.688907890943117E-18
  0.00000000  0.00000000  0.02500000    0.9011D-03  0.166889766114949E+01  0.191875962636588E-17    0.599197915653635E+00 -0.688907891432294E-18
  0.00000000  0.00000000  0.02500000    0.9488D-03  0.166889767899408E+01  0.191875965937175E-17    0.599197909246748E+00 -0.688907888550451E-18
  0.00000000  0.00000000  0.02500000    0.9980D-03  0.166889769834573E+01  0.191875969514094E-17    0.599197902298766E+00 -0.688907885416532E-18
  0.00000000  0.00000000  0.02500000    0.1049D-02  0.166889771930994E+01  0.191875970064389E-17    0.599197894771816E+00 -0.688907870084576E-18
  0.00000000  0.00000000  0.02500000    0.1101D-02  0.166889774199908E+01  0.191875980676589E-17    0.599197886625548E+00 -0.688907889454618E-18
  0.00000000  0.00000000  0.02500000    0.1155D-02  0.166889776653286E+01  0.191875980013876E-17    0.599197877816987E+00 -0.688907866820524E-18
  0.00000000  0.00000000  0.02500000    0.1210D-02  0.166889779303881E+01  0.191875982231782E-17    0.599197868300340E+00 -0.688907852900754E-18
  0.00000000  0.00000000  0.02500000    0.1267D-02  0.166889782165275E+01  0.191875988556521E-17    0.599197858026848E+00 -0.688907851985762E-18
  0.00000000  0.00000000  0.02500000    0.1326D-02  0.166889785251928E+01  0.191875996290751E-17    0.599197846944588E+00 -0.688907854271671E-18
  0.00000000  0.00000000  0.02500000    0.1387D-02  0.166889788579244E+01  0.191876002780756E-17    0.599197834998259E+00 -0.688907850103467E-18
  0.00000000  0.00000000  0.02500000    0.1450D-02  0.166889792163620E+01  0.191876007097813E-17    0.599197822128985E+00 -0.688907836011302E-18
  0.00000000  0.00000000  0.02500000    0.1514D-02  0.166889796022515E+01  0.191876014230460E-17    0.599197808274085E+00 -0.688907829761791E-18
  0.00000000  0.00000000  0.02500000    0.1580D-02  0.166889800174514E+01  0.191876020517238E-17    0.599197793366831E+00 -0.688907818055470E-18
  0.00000000  0.00000000  0.02500000    0.1649D-02  0.166889804639401E+01  0.191876029298453E-17    0.599197777336192E+00 -0.688907812721973E-18
  0.00000000  0.00000000  0.02500000    0.1719D-02  0.166889809438233E+01  0.191876035954902E-17    0.599197760106561E+00 -0.688907797002757E-18
  0.00000000  0.00000000  0.02500000    0.1792D-02  0.166889814593423E+01  0.191876044233189E-17    0.599197741597471E+00 -0.688907784164524E-18
  0.00000000  0.00000000  0.02500000    0.1867D-02  0.166889820128824E+01  0.191876054008335E-17    0.599197721723284E+00 -0.688907773561626E-18
  0.00000000  0.00000000  0.02500000    0.1944D-02  0.166889826069816E+01  0.191876061113548E-17    0.599197700392872E+00 -0.688907750024161E-18
  0.00000000  0.00000000  0.02500000    0.2024D-02  0.166889832443407E+01  0.191876075116671E-17    0.599197677509266E+00 -0.688907747681336E-18
  0.00000000  0.00000000  0.02500000    0.2106D-02  0.166889839278335E+01  0.191876086627124E-17    0.599197652969287E+00 -0.688907732580154E-18
  0.00000000  0.00000000  0.02500000    0.2190D-02  0.166889846605176E+01  0.191876096301591E-17    0.599197626663159E+00 -0.688907706825945E-18
  0.00000000  0.00000000  0.02500000    0.2277D-02  0.166889854456455E+01  0.191876112327719E-17    0.599197598474099E+00 -0.688907699546911E-18
  0.00000000  0.00000000  0.02500000    0.2367D-02  0.166889862866778E+01  0.191876121252729E-17    0.599197568277867E+00 -0.688907662156822E-18
  0.00000000  0.00000000  0.02500000    0.2459D-02  0.166889871872952E+01  0.191876139756798E-17    0.599197535942305E+00 -0.688907654239910E-18
  0.00000000  0.00000000  0.02500000    0.2554D-02  0.166889881514135E+01  0.191876156346540E-17    0.599197501326829E+00 -0.688907634207323E-18
  0.00000000  0.00000000  0.02500000    0.2652D-02  0.166889891831968E+01  0.191876171706987E-17    0.599197464281927E+00 -0.688907604174789E-18
  0.00000000  0.00000000  0.02500000    0.2753D-02  0.166889902870745E+01  0.191876189831368E-17    0.599197424648568E+00 -0.688907578113821E-18
  0.00000000  0.00000000  0.02500000    0.2858D-02  0.166889914677575E+01  0.191876207981707E-17    0.599197382257618E+00 -0.688907545805138E-18
  0.00000000  0.00000000  0.02500000    0.2965D-02  0.166889927302552E+01  0.191876229544635E-17    0.599197336929219E+00 -0.688907518994449E-18
  0.00000000  0.00000000  0.02500000    0.3075D-02  0.166889940798952E+01  0.191876255765967E-17    0.599197288472092E+00 -0.688907501714848E-18
  0.00000000  0.00000000  0.02500000    0.3189D-02  0.166889955223425E+01  0.191876274021437E-17    0.599197236682846E+00 -0.688907448172820E-18
  0.00000000  0.00000000  0.02500000    0.3307D-02  0.166889970636205E+01  0.191876301053532E-17    0.599197181345215E+00 -0.688907417982852E-18
  0.00000000  0.00000000  0.02500000    0.3428D-02  0.166889987101344E+01  0.191876329113458E-17    0.599197122229237E+00 -0.688907382795094E-18
  0.00000000  0.00000000  0.02500000    0.3553D-02  0.166890004686942E+01  0.191876357178639E-17    0.599197059090408E+00 -0.688907338375891E-18
  0.00000000  0.00000000  0.02500000    0.3681D-02  0.166890023465398E+01  0.191876384357113E-17    0.599196991668788E+00 -0.688907280925054E-18
  0.00000000  0.00000000  0.02500000    0.3813D-02  0.166890043513689E+01  0.191876422763617E-17    0.599196919688006E+00 -0.688907253303474E-18
  0.00000000  0.00000000  0.02500000    0.3950D-02  0.166890064913647E+01  0.191876460173994E-17    0.599196842854262E+00 -0.688907210946308E-18
  0.00000000  0.00000000  0.02500000    0.4090D-02  0.166890087752265E+01  0.191876494809846E-17    0.599196760855216E+00 -0.688907146750253E-18
  0.00000000  0.00000000  0.02500000    0.4235D-02  0.166890112122022E+01  0.191876536433868E-17    0.599196673358844E+00 -0.688907095003501E-18
  0.00000000  0.00000000  0.02500000    0.4385D-02  0.166890138121219E+01  0.191876576959575E-17    0.599196580012213E+00 -0.688907025861043E-18
  0.00000000  0.00000000  0.02500000    0.4538D-02  0.166890165854351E+01  0.191876625578326E-17    0.599196480440150E+00 -0.688906971460524E-18
  0.00000000  0.00000000  0.02500000    0.4697D-02  0.166890195432484E+01  0.191876676217459E-17    0.599196374243899E+00 -0.688906909081931E-18
  0.00000000  0.00000000  0.02500000    0.4860D-02  0.166890226973672E+01  0.191876722068475E-17    0.599196260999607E+00 -0.688906813305662E-18
  0.00000000  0.00000000  0.02500000    0.5029D-02  0.166890260603391E+01  0.191876782589926E-17    0.599196140256779E+00 -0.688906752959055E-18
  0.00000000  0.00000000  0.02500000    0.5202D-02  0.166890296455000E+01  0.191876839771607E-17    0.599196011536620E+00 -0.688906662277990E-18
  0.00000000  0.00000000  0.02500000    0.5381D-02  0.166890334670233E+01  0.191876901922179E-17    0.599195874330259E+00 -0.688906569923417E-18
  0.00000000  0.00000000  0.02500000    0.5565D-02  0.166890375399723E+01  0.191876971416143E-17    0.599195728096889E+00 -0.688906483177057E-18
  0.00000000  0.00000000  0.02500000    0.5755D-02  0.166890418803551E+01  0.191877043239783E-17    0.599195572261770E+00 -0.688906382716276E-18
  0.00000000  0.00000000  0.02500000    0.5950D-02  0.166890465051840E+01  0.191877119789015E-17    0.599195406214115E+00 -0.688906275738764E-18
  0.00000000  0.00000000  0.02500000    0.6152D-02  0.166890514325383E+01  0.191877201688065E-17    0.599195229304837E+00 -0.688906162993136E-18
  0.00000000  0.00000000  0.02500000    0.6360D-02  0.166890566816295E+01  0.191877286173342E-17    0.599195040844191E+00 -0.688906032971077E-18
  0.00000000  0.00000000  0.02500000    0.6574D-02  0.166890622728732E+01  0.191877377529705E-17    0.599194840099210E+00 -0.688905899371266E-18
  0.00000000  0.00000000  0.02500000    0.6794D-02  0.166890682279631E+01  0.191877480871425E-17    0.599194626291038E+00 -0.688905778764687E-18
  0.00000000  0.00000000  0.02500000    0.7021D-02  0.166890745699509E+01  0.191877588383789E-17    0.599194398592072E+00 -0.688905641190743E-18
  0.00000000  0.00000000  0.02500000    0.7255D-02  0.166890813233311E+01  0.191877696829088E-17    0.599194156122911E+00 -0.688905473002785E-18
  0.00000000  0.00000000  0.02500000    0.7497D-02  0.166890885141297E+01  0.191877813507911E-17    0.599193897949164E+00 -0.688905298263757E-18
  0.00000000  0.00000000  0.02500000    0.7745D-02  0.166890961700010E+01  0.191877939335326E-17    0.599193623077996E+00 -0.688905117976003E-18
  0.00000000  0.00000000  0.02500000    0.8001D-02  0.166891043203274E+01  0.191878075848177E-17    0.599193330454525E+00 -0.688904935231537E-18
  0.00000000  0.00000000  0.02500000    0.8265D-02  0.166891129963281E+01  0.191878214832261E-17    0.599193018957940E+00 -0.688904717961336E-18
  0.00000000  0.00000000  0.02500000    0.8537D-02  0.166891222311722E+01  0.191878372847112E-17    0.599192687397413E+00 -0.688904522881120E-18
  0.00000000  0.00000000  0.02500000    0.8818D-02  0.166891320601008E+01  0.191878533340493E-17    0.599192334507754E+00 -0.688904287653649E-18
  0.00000000  0.00000000  0.02500000    0.9107D-02  0.166891425205554E+01  0.191878706651308E-17    0.599191958944766E+00 -0.688904046307820E-18
  0.00000000  0.00000000  0.02500000    0.9404D-02  0.166891536523147E+01  0.191878894713855E-17    0.599191559280362E+00 -0.688903802504335E-18
  0.00000000  0.00000000  0.02500000    0.9711D-02  0.166891654976398E+01  0.191879089028862E-17    0.599191133997335E+00 -0.688903522239257E-18
  0.00000000  0.00000000  0.02500000    0.1003D-01  0.166891781014287E+01  0.191879291304306E-17    0.599190681483824E+00 -0.688903207938187E-18
  0.00000000  0.00000000  0.02500000    0.1035D-01  0.166891915113799E+01  0.191879521910198E-17    0.599190200027440E+00 -0.688902928797625E-18
  0.00000000  0.00000000  0.02500000    0.1069D-01  0.166892057781668E+01  0.191879754917433E-17    0.599189687809004E+00 -0.688902587541069E-18
  0.00000000  0.00000000  0.02500000    0.1103D-01  0.166892209556220E+01  0.191880002687530E-17    0.599189142895933E+00 -0.688902224105796E-18
  0.00000000  0.00000000  0.02500000    0.1139D-01  0.166892371009337E+01  0.191880274568844E-17    0.599188563235197E+00 -0.688901867333701E-18
  0.00000000  0.00000000  0.02500000    0.1176D-01  0.166892542748545E+01  0.191880551912578E-17    0.599187946645817E+00 -0.688901445255055E-18
  0.00000000  0.00000000  0.02500000    0.1214D-01  0.166892725419226E+01  0.191880856263716E-17    0.599187290810939E+00 -0.688901029894107E-18
  0.00000000  0.00000000  0.02500000    0.1253D-01  0.166892919706967E+01  0.191881185347291E-17    0.599186593269392E+00 -0.688900607423050E-18
  0.00000000  0.00000000  0.02500000    0.1293D-01  0.166893126340060E+01  0.191881523293997E-17    0.599185851406730E+00 -0.688900114854739E-18
  0.00000000  0.00000000  0.02500000    0.1334D-01  0.166893346092157E+01  0.191881888023217E-17    0.599185062445696E+00 -0.688899610137259E-18
  0.00000000  0.00000000  0.02500000    0.1377D-01  0.166893579785076E+01  0.191882271953384E-17    0.599184223436149E+00 -0.688899059266468E-18
  0.00000000  0.00000000  0.02500000    0.1421D-01  0.166893828291810E+01  0.191882684767454E-17    0.599183331244293E+00 -0.688898489799359E-18
  0.00000000  0.00000000  0.02500000    0.1466D-01  0.166894092539687E+01  0.191883121953799E-17    0.599182382541312E+00 -0.688897877882659E-18
  0.00000000  0.00000000  0.02500000    0.1513D-01  0.166894373513759E+01  0.191883586264067E-17    0.599181373791224E+00 -0.688897225263329E-18
  0.00000000  0.00000000  0.02500000    0.1561D-01  0.166894672260376E+01  0.191884080609333E-17    0.599180301238064E+00 -0.688896533754635E-18
  0.00000000  0.00000000  0.02500000    0.1610D-01  0.166894989890999E+01  0.191884610473130E-17    0.599179160892193E+00 -0.688895813867781E-18
  0.00000000  0.00000000  0.02500000    0.1662D-01  0.166895327586243E+01  0.191885161592817E-17    0.599177948515815E+00 -0.688895004651327E-18
  0.00000000  0.00000000  0.02500000    0.1714D-01  0.166895686600171E+01  0.191885757558148E-17    0.599176659607557E+00 -0.688894180443360E-18
  0.00000000  0.00000000  0.02500000    0.1768D-01  0.166896068264854E+01  0.191886385991331E-17    0.599175289386124E+00 -0.688893285809211E-18
  0.00000000  0.00000000  0.02500000    0.1824D-01  0.166896473995219E+01  0.191887060895887E-17    0.599173832772911E+00 -0.688892359342543E-18
  0.00000000  0.00000000  0.02500000    0.1882D-01  0.166896905294195E+01  0.191887778234895E-17    0.599172284373557E+00 -0.688891374143218E-18
  0.00000000  0.00000000  0.02500000    0.1941D-01  0.166897363758178E+01  0.191888533681551E-17    0.599170638458331E+00 -0.688890301499289E-18
  0.00000000  0.00000000  0.02500000    0.2002D-01  0.166897851082838E+01  0.191889338441634E-17    0.599168888941331E+00 -0.688889167642395E-18
  0.00000000  0.00000000  0.02500000    0.2065D-01  0.166898369069289E+01  0.191890194893963E-17    0.599167029358354E+00 -0.688887966244169E-18
  0.00000000  0.00000000  0.02500000    0.2130D-01  0.166898919630634E+01  0.191891107770898E-17    0.599165052843429E+00 -0.688886698501018E-18
  0.00000000  0.00000000  0.02500000    0.2197D-01  0.166899504798931E+01  0.191892072514337E-17    0.599162952103859E+00 -0.688885331274837E-18
  0.00000000  0.00000000  0.02500000    0.2266D-01  0.166900126732584E+01  0.191893106091628E-17    0.599160719393730E+00 -0.688883907660393E-18
  0.00000000  0.00000000  0.02500000    0.2337D-01  0.166900787724193E+01  0.191894200806126E-17    0.599158346485771E+00 -0.688882381101794E-18
  0.00000000  0.00000000  0.02500000    0.2410D-01  0.166901490208896E+01  0.191895358302109E-17    0.599155824641462E+00 -0.688880737400632E-18
  0.00000000  0.00000000  0.02500000    0.2486D-01  0.166902236773236E+01  0.191896594899619E-17    0.599153144579282E+00 -0.688879013792826E-18
  0.00000000  0.00000000  0.02500000    0.2564D-01  0.166903030164569E+01  0.191897908799901E-17    0.599150296440983E+00 -0.688877181142233E-18
  0.00000000  0.00000000  0.02500000    0.2644D-01  0.166903873301074E+01  0.191899301720236E-17    0.599147269755760E+00 -0.688875221525347E-18
  0.00000000  0.00000000  0.02500000    0.2726D-01  0.166904769282373E+01  0.191900786133335E-17    0.599144053402201E+00 -0.688873154130643E-18
  0.00000000  0.00000000  0.02500000    0.2811D-01  0.166905721400818E+01  0.191902359492260E-17    0.599140635567869E+00 -0.688870942638656E-18
  0.00000000  0.00000000  0.02500000    0.2899D-01  0.166906733153497E+01  0.191904033172676E-17    0.599137003706343E+00 -0.688868599018716E-18
  0.00000000  0.00000000  0.02500000    0.2989D-01  0.166907808254966E+01  0.191905809662658E-17    0.599133144491608E+00 -0.688866101541272E-18
  0.00000000  0.00000000  0.02500000    0.3082D-01  0.166908950650801E+01  0.191907698165446E-17    0.599129043769588E+00 -0.688863450675192E-18
  0.00000000  0.00000000  0.02500000    0.3178D-01  0.166910164531983E+01  0.191909709294737E-17    0.599124686506663E+00 -0.688860649926218E-18
  0.00000000  0.00000000  0.02500000    0.3277D-01  0.166911454350188E+01  0.191911844317460E-17    0.599120056734965E+00 -0.688857667097902E-18
  0.00000000  0.00000000  0.02500000    0.3379D-01  0.166912824834035E+01  0.191914111417053E-17    0.599115137494269E+00 -0.688854492535514E-18
  0.00000000  0.00000000  0.02500000    0.3484D-01  0.166914281006360E+01  0.191916520376333E-17    0.599109910770247E+00 -0.688851119896805E-18
  0.00000000  0.00000000  0.02500000    0.3592D-01  0.166915828202559E+01  0.191919074463780E-17    0.599104357428859E+00 -0.688847516877980E-18
  0.00000000  0.00000000  0.02500000    0.3703D-01  0.166917472090102E+01  0.191921796787393E-17    0.599098457146654E+00 -0.688843719644127E-18
  0.00000000  0.00000000  0.02500000    0.3818D-01  0.166919218689256E+01  0.191924685171873E-17    0.599092188336707E+00 -0.688839670700253E-18
  0.00000000  0.00000000  0.02500000    0.3936D-01  0.166921074395129E+01  0.191927758306409E-17    0.599085528069896E+00 -0.688835384345104E-18
  0.00000000  0.00000000  0.02500000    0.4058D-01  0.166923046001087E+01  0.191931013660332E-17    0.599078451991278E+00 -0.688830795431326E-18
  0.00000000  0.00000000  0.02500000    0.4184D-01  0.166925140723664E+01  0.191934481179765E-17    0.599070934231200E+00 -0.688825951879169E-18
  0.00000000  0.00000000  0.02500000    0.4313D-01  0.166927366229030E+01  0.191938158945914E-17    0.599062947310848E+00 -0.688820783536455E-18
  0.00000000  0.00000000  0.02500000    0.4447D-01  0.166929730661145E+01  0.191942066269689E-17    0.599054462041832E+00 -0.688815292500501E-18
  0.00000000  0.00000000  0.02500000    0.4584D-01  0.166932242671685E+01  0.191946219480467E-17    0.599045447419498E+00 -0.688809465977784E-18
  0.00000000  0.00000000  0.02500000    0.4726D-01  0.166934911451880E+01  0.191950634270571E-17    0.599035870509482E+00 -0.688803284436186E-18
  0.00000000  0.00000000  0.02500000    0.4872D-01  0.166937746766345E+01  0.191955322110030E-17    0.599025696327179E+00 -0.688796708461684E-18
  0.00000000  0.00000000  0.02500000    0.5022D-01  0.166940758989106E+01  0.191960305635674E-17    0.599014887709511E+00 -0.688789733683554E-18
  0.00000000  0.00000000  0.02500000    0.5177D-01  0.166943959141874E+01  0.191965594360096E-17    0.599003405178721E+00 -0.688782303294567E-18
  0.00000000  0.00000000  0.02500000    0.5337D-01  0.166947358934796E+01  0.191971218079668E-17    0.598991206797448E+00 -0.688774427589641E-18
  0.00000000  0.00000000  0.02500000    0.5501D-01  0.166950970809790E+01  0.191977187162581E-17    0.598978248014692E+00 -0.688766041117792E-18
  0.00000000  0.00000000  0.02500000    0.5671D-01  0.166954807986669E+01  0.191983527157162E-17    0.598964481501993E+00 -0.688757126478171E-18
  0.00000000  0.00000000  0.02500000    0.5846D-01  0.166958884512218E+01  0.191990268430331E-17    0.598949856979200E+00 -0.688747676733127E-18
  0.00000000  0.00000000  0.02500000    0.6026D-01  0.166963215312428E+01  0.191997421934081E-17    0.598934321029193E+00 -0.688737608042966E-18
  0.00000000  0.00000000  0.02500000    0.6211D-01  0.166967816248100E+01  0.192005030128114E-17    0.598917816900764E+00 -0.688726941888143E-18
  0.00000000  0.00000000  0.02500000    0.6403D-01  0.166972704174043E+01  0.192013105739541E-17    0.598900284298956E+00 -0.688715584893864E-18
  0.00000000  0.00000000  0.02500000    0.6600D-01  0.166977897002107E+01  0.192021690746970E-17    0.598881659161978E+00 -0.688703539895358E-18
  0.00000000  0.00000000  0.02500000    0.6803D-01  0.166983413768309E+01  0.192030798604425E-17    0.598861873423853E+00 -0.688690698148549E-18
  0.00000000  0.00000000  0.02500000    0.7012D-01  0.166989274704337E+01  0.192040486489364E-17    0.598840854761811E+00 -0.688677097866201E-18
  0.00000000  0.00000000  0.02500000    0.7227D-01  0.166995501313733E+01  0.192050774067989E-17    0.598818526327431E+00 -0.688662632242888E-18
  0.00000000  0.00000000  0.02500000    0.7450D-01  0.167002116453052E+01  0.192061699773268E-17    0.598794806460506E+00 -0.688647250626555E-18
  0.00000000  0.00000000  0.02500000    0.7678D-01  0.167009144418388E+01  0.192073304468235E-17    0.598769608384330E+00 -0.688630899212407E-18
  0.00000000  0.00000000  0.02500000    0.7914D-01  0.167016611037592E+01  0.192085644121623E-17    0.598742839881311E+00 -0.688613565724461E-18
  0.00000000  0.00000000  0.02500000    0.8157D-01  0.167024543768619E+01  0.192098735934483E-17    0.598714402947455E+00 -0.688595085470207E-18
  0.00000000  0.00000000  0.02500000    0.8408D-01  0.167032971804411E+01  0.192112655251952E-17    0.598684193424373E+00 -0.688575487903113E-18
  0.00000000  0.00000000  0.02500000    0.8666D-01  0.167041926184788E+01  0.192127436708484E-17    0.598652100607225E+00 -0.688554641321481E-18
  0.00000000  0.00000000  0.02500000    0.8932D-01  0.167051439915858E+01  0.192143137251453E-17    0.598618006826934E+00 -0.688532477809671E-18
  0.00000000  0.00000000  0.02500000    0.9206D-01  0.167061548097481E+01  0.192159819025610E-17    0.598581787004930E+00 -0.688508930826961E-18
  0.00000000  0.00000000  0.02500000    0.9488D-01  0.167072288059368E+01  0.192177539097500E-17    0.598543308178469E+00 -0.688483897270510E-18
  0.00000000  0.00000000  0.02500000    0.9779D-01  0.167083699506455E+01  0.192196370679345E-17    0.598502428994499E+00 -0.688457312324901E-18
  0.00000000  0.00000000  0.02500000    0.1008D+00  0.167095824674234E+01  0.192216368040599E-17    0.598458999169832E+00 -0.688429022483976E-18
  0.00000000  0.00000000  0.02500000    0.1039D+00  0.167108708494795E+01  0.192237617803309E-17    0.598412858915216E+00 -0.688398967934767E-18
  0.00000000  0.00000000  0.02500000    0.1071D+00  0.167122398774364E+01  0.192260194392159E-17    0.598363838320752E+00 -0.688367021515209E-18
  0.00000000  0.00000000  0.02500000    0.1103D+00  0.167136946383236E+01  0.192284170167683E-17    0.598311756699836E+00 -0.688333023476467E-18
  0.00000000  0.00000000  0.02500000    0.1137D+00  0.167152405459038E+01  0.192309648847827E-17    0.598256421888621E+00 -0.688296899457736E-18
  0.00000000  0.00000000  0.02500000    0.1172D+00  0.167168833624370E+01  0.192336720690049E-17    0.598197629497737E+00 -0.688258498235897E-18
  0.00000000  0.00000000  0.02500000    0.1208D+00  0.167186292219948E+01  0.192365478202628E-17    0.598135162112701E+00 -0.688217646086941E-18
  0.00000000  0.00000000  0.02500000    0.1245D+00  0.167204846554463E+01  0.192396031054243E-17    0.598068788439258E+00 -0.688174198082547E-18
  0.00000000  0.00000000  0.02500000    0.1283D+00  0.167224566172546E+01  0.192428497936939E-17    0.597998262389378E+00 -0.688128006753231E-18
  0.00000000  0.00000000  0.02500000    0.1322D+00  0.167245525142244E+01  0.192462993464800E-17    0.597923322103530E+00 -0.688078872882177E-18
  0.00000000  0.00000000  0.02500000    0.1363D+00  0.167267802363684E+01  0.192499643321543E-17    0.597843688904178E+00 -0.688026597168206E-18
  0.00000000  0.00000000  0.02500000    0.1405D+00  0.167291481900639E+01  0.192538591048802E-17    0.597759066175251E+00 -0.687971001753622E-18
  0.00000000  0.00000000  0.02500000    0.1448D+00  0.167316653336947E+01  0.192579969663572E-17    0.597669138161740E+00 -0.687911825873370E-18
  0.00000000  0.00000000  0.02500000    0.1492D+00  0.167343412159934E+01  0.192623949971823E-17    0.597573568682987E+00 -0.687848895350985E-18
  0.00000000  0.00000000  0.02500000    0.1537D+00  0.167371860173144E+01  0.192670679350700E-17    0.597471999752833E+00 -0.687781900531631E-18
  0.00000000  0.00000000  0.02500000    0.1585D+00  0.167402105940996E+01  0.192720336191909E-17    0.597364050098909E+00 -0.687710587133235E-18
  0.00000000  0.00000000  0.02500000    0.1633D+00  0.167434265268199E+01  0.192773117278082E-17    0.597249313572812E+00 -0.687634707180174E-18
  0.00000000  0.00000000  0.02500000    0.1683D+00  0.167468461717091E+01  0.192829209629757E-17    0.597127357441980E+00 -0.687553914350497E-18
  0.00000000  0.00000000  0.02500000    0.1734D+00  0.167504827166389E+01  0.192888821787919E-17    0.596997720553246E+00 -0.687467871079332E-18
  0.00000000  0.00000000  0.02500000    0.1787D+00  0.167543502415227E+01  0.192952193170644E-17    0.596859911357037E+00 -0.687376276917975E-18
  0.00000000  0.00000000  0.02500000    0.1842D+00  0.167584637836795E+01  0.193019547087958E-17    0.596713405779990E+00 -0.687278695778393E-18
  0.00000000  0.00000000  0.02500000    0.1898D+00  0.167628394086365E+01  0.193091150539917E-17    0.596557644932627E+00 -0.687174763268784E-18
  0.00000000  0.00000000  0.02500000    0.1956D+00  0.167674942869067E+01  0.193167261905797E-17    0.596392032637144E+00 -0.687063994152718E-18
  0.00000000  0.00000000  0.02500000    0.2016D+00  0.167724467773362E+01  0.193248188072710E-17    0.596215932758988E+00 -0.686945978933994E-18
  0.00000000  0.00000000  0.02500000    0.2078D+00  0.167777165176924E+01  0.193334224785784E-17    0.596028666323860E+00 -0.686820164307300E-18
  0.00000000  0.00000000  0.02500000    0.2141D+00  0.167833245232412E+01  0.193425713883422E-17    0.595829508399971E+00 -0.686686048735327E-18
  0.00000000  0.00000000  0.02500000    0.2207D+00  0.167892932941560E+01  0.193522993437227E-17    0.595617684722966E+00 -0.686542996612376E-18
  0.00000000  0.00000000  0.02500000    0.2274D+00  0.167956469327060E+01  0.193626444867848E-17    0.595392368038356E+00 -0.686390396193821E-18
  0.00000000  0.00000000  0.02500000    0.2343D+00  0.168024112712950E+01  0.193736472785704E-17    0.595152674133375E+00 -0.686227577660598E-18
  0.00000000  0.00000000  0.02500000    0.2415D+00  0.168096140125571E+01  0.193853512212166E-17    0.594897657526806E+00 -0.686053827483566E-18
  0.00000000  0.00000000  0.02500000    0.2489D+00  0.168172848828822E+01  0.193978009683713E-17    0.594626306781466E+00 -0.685868309292017E-18
  0.00000000  0.00000000  0.02500000    0.2565D+00  0.168254558009243E+01  0.194110457259162E-17    0.594337539399716E+00 -0.685670170865901E-18
  0.00000000  0.00000000  0.02500000    0.2643D+00  0.168341610628645E+01  0.194251381952300E-17    0.594030196257277E+00 -0.685458491893134E-18
  0.00000000  0.00000000  0.02500000    0.2724D+00  0.168434375464463E+01  0.194401348452449E-17    0.593703035524945E+00 -0.685232277366760E-18
  0.00000000  0.00000000  0.02500000    0.2807D+00  0.168533249360949E+01  0.194560953593049E-17    0.593354726021031E+00 -0.684990420295924E-18
  0.00000000  0.00000000  0.02500000    0.2893D+00  0.168638659717650E+01  0.194730830571002E-17    0.592983839929879E+00 -0.684731697097578E-18
  0.00000000  0.00000000  0.02500000    0.2981D+00  0.168751067245640E+01  0.194911681468333E-17    0.592588844812677E+00 -0.684454860328002E-18
  0.00000000  0.00000000  0.02500000    0.3072D+00  0.168870969026564E+01  0.195104246387061E-17    0.592168094826706E+00 -0.684158505997868E-18
  0.00000000  0.00000000  0.02500000    0.3166D+00  0.168998901915041E+01  0.195309306792819E-17    0.591719821057015E+00 -0.683841059063892E-18
  0.00000000  0.00000000  0.02500000    0.3262D+00  0.169135446331454E+01  0.195527721764987E-17    0.591242120850471E+00 -0.683500871099736E-18
  0.00000000  0.00000000  0.02500000    0.3362D+00  0.169281230499766E+01  0.195760406788160E-17    0.590732946025803E+00 -0.683136113057371E-18
  0.00000000  0.00000000  0.02500000    0.3464D+00  0.169436935194126E+01  0.196008340191118E-17    0.590190089813821E+00 -0.682744761460159E-18
  0.00000000  0.00000000  0.02500000    0.3570D+00  0.169603299068899E+01  0.196272586015912E-17    0.589611172359190E+00 -0.682324637422297E-18
  0.00000000  0.00000000  0.02500000    0.3679D+00  0.169781124659742E+01  0.196554272129731E-17    0.588993624588184E+00 -0.681873284807100E-18
  0.00000000  0.00000000  0.02500000    0.3791D+00  0.169971285159018E+01  0.196854632743523E-17    0.588334670214704E+00 -0.681388066972870E-18
  0.00000000  0.00000000  0.02500000    0.3907D+00  0.170174732087734E+01  0.197174997290144E-17    0.587631305618539E+00 -0.680866070253043E-18
  0.00000000  0.00000000  0.02500000    0.4026D+00  0.170392504009157E+01  0.197516789022903E-17    0.586880277283948E+00 -0.680304034406157E-18
  0.00000000  0.00000000  0.02500000    0.4149D+00  0.170625736457174E+01  0.197881554978170E-17    0.586078056431420E+00 -0.679698382865835E-18
  0.00000000  0.00000000  0.02500000    0.4276D+00  0.170875673286755E+01  0.198270971257962E-17    0.585220810408661E+00 -0.679045157501017E-18
  0.00000000  0.00000000  0.02500000    0.4406D+00  0.171143679696013E+01  0.198686849373913E-17    0.584304370325688E+00 -0.678339945837473E-18
  0.00000000  0.00000000  0.02500000    0.4540D+00  0.171431257221546E+01  0.199131146001923E-17    0.583324194319865E+00 -0.677577806919122E-18
  0.00000000  0.00000000  0.02500000    0.4679D+00  0.171740061073715E+01  0.199606013071752E-17    0.582275325714933E+00 -0.676753318645477E-18
  0.00000000  0.00000000  0.02500000    0.4822D+00  0.172071920259834E+01  0.200113768681369E-17    0.581152345187971E+00 -0.675860336759010E-18
  0.00000000  0.00000000  0.02500000    0.4969D+00  0.172428861045847E+01  0.200656944583021E-17    0.579949315871264E+00 -0.674891993311952E-18
  0.00000000  0.00000000  0.02500000    0.5120D+00  0.172813134437095E+01  0.201238297259527E-17    0.578659720082795E+00 -0.673840545404400E-18
  0.00000000  0.00000000  0.02500000    0.5276D+00  0.173227248525154E+01  0.201860860881940E-17    0.577276386084717E+00 -0.672697334016449E-18
  0.00000000  0.00000000  0.02500000    0.5437D+00  0.173674006761825E+01  0.202527934920213E-17    0.575791402896228E+00 -0.671452487033991E-18
  0.00000000  0.00000000  0.02500000    0.5603D+00  0.174156553499514E+01  0.203243157185909E-17    0.574196020710062E+00 -0.670094864348726E-18
  0.00000000  0.00000000  0.02500000    0.5774D+00  0.174678428501533E+01  0.204010517213372E-17    0.572480533846354E+00 -0.668611750211371E-18
  0.00000000  0.00000000  0.02500000    0.5950D+00  0.175243632607547E+01  0.204834423495546E-17    0.570634142376787E+00 -0.666988659396181E-18
  0.00000000  0.00000000  0.02500000    0.6131D+00  0.175856707382859E+01  0.205719743750274E-17    0.568644787499000E+00 -0.665208974455220E-18
  0.00000000  0.00000000  0.02500000    0.6318D+00  0.176522832449125E+01  0.206671850872805E-17    0.566498954342467E+00 -0.663253505436522E-18
  0.00000000  0.00000000  0.02500000    0.6511D+00  0.177247945381290E+01  0.207696747344770E-17    0.564181434006941E+00 -0.661100180899017E-18
  0.00000000  0.00000000  0.02500000    0.6709D+00  0.178038890698817E+01  0.208801120231948E-17    0.561675034075375E+00 -0.658723360165460E-18
  0.00000000  0.00000000  0.02500000    0.6914D+00  0.178903606785577E+01  0.209992403792795E-17    0.558960223310947E+00 -0.656092982285733E-18
  0.00000000  0.00000000  0.02500000    0.7125D+00  0.179851362859817E+01  0.211278978160898E-17    0.556014691297858E+00 -0.653173898445367E-18
  0.00000000  0.00000000  0.02500000    0.7342D+00  0.180893062880322E+01  0.212670264887060E-17    0.552812796730408E+00 -0.649924557866512E-18
  0.00000000  0.00000000  0.02500000    0.7565D+00  0.182041640311680E+01  0.214176910893790E-17    0.549324867809291E+00 -0.646295556681956E-18
  0.00000000  0.00000000  0.02500000    0.7796D+00  0.183312578283376E+01  0.215811006130074E-17    0.545516303007936E+00 -0.642227736443208E-18
  0.00000000  0.00000000  0.02500000    0.8034D+00  0.184724606059786E+01  0.217586350098387E-17    0.541346397391341E+00 -0.637649684358618E-18
  0.00000000  0.00000000  0.02500000    0.8279D+00  0.186300648709823E+01  0.219518750588291E-17    0.536766783650643E+00 -0.632474307096021E-18
  0.00000000  0.00000000  0.02500000    0.8531D+00  0.188069149310183E+01  0.221626439943148E-17    0.531719319020633E+00 -0.626594314675072E-18
  0.00000000  0.00000000  0.02500000    0.8791D+00  0.190065954871365E+01  0.223930530326905E-17    0.526133152397962E+00 -0.619875747441355E-18
  0.00000000  0.00000000  0.02500000    0.9059D+00  0.192337083962233E+01  0.226455710263633E-17    0.519920537110961E+00 -0.612149108672312E-18
  0.00000000  0.00000000  0.02500000    0.9335D+00  0.194942929086314E+01  0.229230958765727E-17    0.512970644632735E+00 -0.603195782678380E-18
  0.00000000  0.00000000  0.02500000    0.9619D+00  0.197964909961043E+01  0.232290639725048E-17    0.505140027188045E+00 -0.592727772256862E-18
  0.00000000  0.00000000  0.02500000    0.9913D+00  0.201516578440935E+01  0.235675800043893E-17    0.496237087656340E+00 -0.580354596875701E-18
  0.00000000  0.00000000  0.02500000    0.1021D+01  0.205763488376980E+01  0.239435972802571E-17    0.485994871047236E+00 -0.565526253681426E-18
  0.00000000  0.00000000  0.02500000    0.1053D+01  0.210962373121190E+01  0.243631544570398E-17    0.474018179263434E+00 -0.547423597202596E-18
  0.00000000  0.00000000  0.02500000    0.1085D+01  0.217550760938868E+01  0.248337077640280E-17    0.459662837162405E+00 -0.524711222282639E-18
  0.00000000  0.00000000  0.02500000    0.1118D+01  0.226415240724789E+01  0.253645913644055E-17    0.441666381114120E+00 -0.494785034810110E-18
  0.00000000  0.00000000  0.02500000    0.1152D+01  0.241028009171921E+01  0.259677130822543E-17    0.414889540612153E+00 -0.446990894894707E-18
  0.00000000  0.00000000  0.02500000    0.1187D+01  0.259906612698779E+01  0.101091141679261E+00    0.384172391734024E+00 -0.149424538601696E-01
  0.00000000  0.00000000  0.02500000    0.1223D+01  0.273263388716360E+01  0.319682044798823E+00    0.361006599791190E+00 -0.422330003844414E-01
  0.00000000  0.00000000  0.02500000    0.1260D+01  0.283614960238817E+01  0.481346449393181E+00    0.342718931547431E+00 -0.581656696463651E-01
  0.00000000  0.00000000  0.02500000    0.1299D+01  0.308286057940063E+01  0.695186572433128E+00    0.308677654978551E+00 -0.696069625675238E-01
  0.00000000  0.00000000  0.02500000    0.1338D+01  0.303141115610588E+01  0.166830874619394E+01    0.253193449607403E+00 -0.139342644302221E+00
  0.00000000  0.00000000  0.02500000    0.1379D+01  0.233208221912855E+01  0.190768183435755E+01    0.256897867138862E+00 -0.210146705123089E+00
  0.00000000  0.00000000  0.02500000    0.1421D+01  0.181390931925014E+01  0.179030427928326E+01    0.279258176627275E+00 -0.275624091753015E+00
  0.00000000  0.00000000  0.02500000    0.1464D+01  0.150700107252343E+01  0.160318917585879E+01    0.311282322174320E+00 -0.331150693018700E+00
  0.00000000  0.00000000  0.02500000    0.1509D+01  0.131569122527342E+01  0.138683609273950E+01    0.360033504069042E+00 -0.379502005065554E+00
  0.00000000  0.00000000  0.02500000    0.1555D+01  0.121073139530686E+01  0.116017758557979E+01    0.430576803037661E+00 -0.412598168091847E+00
  0.00000000  0.00000000  0.02500000    0.1602D+01  0.120549720878204E+01  0.918400811122530E+00    0.524886068066341E+00 -0.399881299722030E+00
  0.00000000  0.00000000  0.02500000    0.1651D+01  0.133984953663231E+01  0.671332578794021E+00    0.596579970318809E+00 -0.298916825345662E+00
  0.00000000  0.00000000  0.02500000    0.1701D+01  0.178322320387469E+01  0.480722311934349E+00    0.522789274668135E+00 -0.140933826021819E+00
  0.00000000  0.00000000  0.02500000    0.1753D+01  0.211182538492683E+01  0.116551115093143E+01    0.362967437660411E+00 -0.200320821521367E+00
  0.00000000  0.00000000  0.02500000    0.1807D+01  0.155045612397889E+01  0.206093062509166E+01    0.233104001830832E+00 -0.309851513225487E+00
  0.00000000  0.00000000  0.02500000    0.1862D+01  0.874656023038545E+00  0.624927890742413E+00    0.756912247071161E+00 -0.540801825609147E+00
  0.00000000  0.00000000  0.02500000    0.1919D+01  0.177825034403943E+01  0.667641746812866E+00    0.492874134805669E+00 -0.185048943993479E+00
  0.00000000  0.00000000  0.02500000    0.1977D+01  0.199822620933090E+01  0.175799901345489E+01    0.282097139997056E+00 -0.248183359570351E+00
  0.00000000  0.00000000  0.02500000    0.2037D+01  0.125048069192889E+01  0.202437973925792E+01    0.220862148969213E+00 -0.357549590671861E+00
  0.00000000  0.00000000  0.02500000    0.2099D+01  0.798642811604994E+00  0.166240209273993E+01    0.234797499589243E+00 -0.488738956909707E+00
  0.00000000  0.00000000  0.02500000    0.2163D+01  0.108121520956476E+01  0.214486298888031E+01    0.187403074195690E+00 -0.371761250016573E+00
  0.00000000  0.00000000  0.02500000    0.2229D+01 -0.148398526327875E+01  0.108501603470775E+01   -0.439117482896913E+00 -0.321060809600615E+00
  0.00000000  0.00000000  0.02500000    0.2297D+01 -0.221637762387957E+00  0.282834712226258E+00   -0.171654174436698E+01 -0.219050032386889E+01
  0.00000000  0.00000000  0.02500000    0.2367D+01  0.223915412402687E+00  0.227327374134227E+00    0.219921966105865E+01 -0.223273076796401E+01
  0.00000000  0.00000000  0.02500000    0.2439D+01  0.436799115551092E+00  0.208547971682614E+00    0.186438639279182E+01 -0.890143745274872E+00
  0.00000000  0.00000000  0.02500000    0.2513D+01  0.570456456858009E+00  0.211099319083254E+00    0.154184300022347E+01 -0.570564157119307E+00
  0.00000000  0.00000000  0.02500000    0.2590D+01  0.654511807156527E+00  0.219275782789576E+00    0.137367544406619E+01 -0.460211343787716E+00
  0.00000000  0.00000000  0.02500000    0.2669D+01  0.706989156852369E+00  0.221120517235739E+00    0.128841469711954E+01 -0.402969298015261E+00
  0.00000000  0.00000000  0.02500000    0.2750D+01  0.751801836109959E+00  0.205682516186733E+00    0.123751087145869E+01 -0.338565746483269E+00
  0.00000000  0.00000000  0.02500000    0.2834D+01  0.791023627563547E+00  0.211856625907056E+00    0.117957311254281E+01 -0.315920246786723E+00
  0.00000000  0.00000000  0.02500000    0.2920D+01  0.813327960378298E+00  0.203140217902596E+00    0.115732018374372E+01 -0.289057164835968E+00
  0.00000000  0.00000000  0.02500000    0.3009D+01  0.834239263061802E+00  0.187259845110162E+00    0.114119677723884E+01 -0.256161920456302E+00
  0.00000000  0.00000000  0.02500000    0.3101D+01  0.869676359372279E+00  0.153838360493665E+00    0.111496510126250E+01 -0.197227855325032E+00
  0.00000000  0.00000000  0.02500000    0.3195D+01  0.943885935922405E+00  0.130181542455345E+00    0.103967321912269E+01 -0.143392605148460E+00
  0.00000000  0.00000000  0.02500000    0.3293D+01  0.101673282813057E+01  0.197064305324428E+00    0.947931942678537E+00 -0.183729239983577E+00
  0.00000000  0.00000000  0.02500000    0.3393D+01  0.101116656874061E+01  0.256924836218113E+00    0.928981267088717E+00 -0.236042574265219E+00
  0.00000000  0.00000000  0.02500000    0.3496D+01  0.104460722908700E+01  0.283462480663955E+00    0.891641463010243E+00 -0.241954003313404E+00
  0.00000000  0.00000000  0.02500000    0.3603D+01  0.101151894636069E+01  0.475499826987686E+00    0.809687584329685E+00 -0.380621942523217E+00
  0.00000000  0.00000000  0.02500000    0.3713D+01  0.755337576283127E+00  0.361222387780838E+00    0.107748906226317E+01 -0.515283740805911E+00
  0.00000000  0.00000000  0.02500000    0.3826D+01  0.779252918314467E+00  0.258451262175524E+00    0.115610642645767E+01 -0.383440546842637E+00
  0.00000000  0.00000000  0.02500000    0.3942D+01  0.798262628799417E+00  0.187542232421925E+00    0.118719243396941E+01 -0.278916626368824E+00
  0.00000000  0.00000000  0.02500000    0.4062D+01  0.852748586495840E+00  0.133229222980040E+00    0.114473626134043E+01 -0.178847933647329E+00
  0.00000000  0.00000000  0.02500000    0.4186D+01  0.922216441078998E+00  0.161841051280384E+00    0.105194709003406E+01 -0.184607664056890E+00
  0.00000000  0.00000000  0.02500000    0.4313D+01  0.937141140701495E+00  0.209565270342522E+00    0.101625549245157E+01 -0.227256970975862E+00
  0.00000000  0.00000000  0.02500000    0.4445D+01  0.847556597645699E+00  0.203233800452422E+00    0.111571081492984E+01 -0.267533931956775E+00
  0.00000000  0.00000000  0.02500000    0.4580D+01  0.852646656196229E+00  0.129583991488514E+00    0.114634117940532E+01 -0.174219255485833E+00
  0.00000000  0.00000000  0.02500000    0.4720D+01  0.914600155682413E+00  0.820889931577504E-01    0.108463638012332E+01 -0.973504190146974E-01
  0.00000000  0.00000000  0.02500000    0.4863D+01  0.984951754996947E+00  0.110347043720096E+00    0.100269297358498E+01 -0.112334644649025E+00
  0.00000000  0.00000000  0.02500000    0.5012D+01  0.100404910952646E+01  0.201467887818276E+00    0.957419044968274E+00 -0.192111312999144E+00
  0.00000000  0.00000000  0.02500000    0.5164D+01  0.948211145430163E+00  0.220561062728935E+00    0.100048492320149E+01 -0.232720337626373E+00
  0.00000000  0.00000000  0.02500000    0.5322D+01  0.922685292615467E+00  0.158741554911738E+00    0.105263637950644E+01 -0.181098731037379E+00
  0.00000000  0.00000000  0.02500000    0.5484D+01  0.973617728115241E+00  0.221754605570181E+00    0.976442982308971E+00 -0.222398095423821E+00
  0.00000000  0.00000000  0.02500000    0.5651D+01  0.894532986667432E+00  0.262386649109866E+00    0.102933936945760E+01 -0.301928393893041E+00
  0.00000000  0.00000000  0.02500000    0.5823D+01  0.835237163731969E+00  0.211188780114375E+00    0.112532014100707E+01 -0.284535935584501E+00
  0.00000000  0.00000000  0.02500000    0.6000D+01  0.794421938532021E+00  0.147415741349342E+00    0.121687524980055E+01 -0.225807670179018E+00
  0.00000000  0.00000000  0.02500000    0.6183D+01  0.840818055468455E+00  0.777173762189514E-01    0.117924316285178E+01 -0.108998235640786E+00
  0.00000000  0.00000000  0.02500000    0.6371D+01  0.888381618534163E+00  0.104796302986650E+00    0.111019369442481E+01 -0.130961956379488E+00
  0.00000000  0.00000000  0.02500000    0.6565D+01  0.888198755578091E+00  0.115706388031532E+00    0.110708633239915E+01 -0.144221054078835E+00
  0.00000000  0.00000000  0.02500000    0.6765D+01  0.871871283857597E+00  0.104091420764571E+00    0.113083973566784E+01 -0.135009280523481E+00
  0.00000000  0.00000000  0.02500000    0.6971D+01  0.870810657799616E+00  0.117161407987291E+00    0.112793756381335E+01 -0.151756012532103E+00
  0.00000000  0.00000000  0.02500000    0.7184D+01  0.839616784050536E+00  0.769960337411573E-01    0.118108709436891E+01 -0.108310152318013E+00
  0.00000000  0.00000000  0.02500000    0.7402D+01  0.858717217672678E+00  0.399681782735139E-01    0.116201039605369E+01 -0.540846715418409E-01
  0.00000000  0.00000000  0.02500000    0.7628D+01  0.887131545260729E+00  0.297856114611863E-01    0.112595925735693E+01 -0.378042976150766E-01
  0.00000000  0.00000000  0.02500000    0.7860D+01  0.901910208316875E+00  0.400569351453248E-01    0.110657504530954E+01 -0.491468046537795E-01
  0.00000000  0.00000000  0.02500000    0.8100D+01  0.903132905294813E+00  0.364372844861796E-01    0.110545733167691E+01 -0.446001502608256E-01
  0.00000000  0.00000000  0.02500000    0.8346D+01  0.910854755971128E+00  0.306015416946796E-01    0.109663208156439E+01 -0.368430116302533E-01
  0.00000000  0.00000000  0.02500000    0.8600D+01  0.913698683389247E+00  0.418935600043022E-01    0.109215670132931E+01 -0.500759529733813E-01
  0.00000000  0.00000000  0.02500000    0.8862D+01  0.907722732887783E+00  0.165019681863720E-01    0.110129401615688E+01 -0.200210021849363E-01
  0.00000000  0.00000000  0.02500000    0.9132D+01  0.921868671540335E+00  0.203251466632687E-01    0.108422616253498E+01 -0.239047669695240E-01
  0.00000000  0.00000000  0.02500000    0.9410D+01  0.923268295051715E+00  0.150261224411630E-01    0.108282197310044E+01 -0.176228466167329E-01
  0.00000000  0.00000000  0.02500000    0.9697D+01  0.931092365051053E+00  0.813169884319059E-02    0.107392539049690E+01 -0.937913163437641E-02
  0.00000000  0.00000000  0.02500000    0.9992D+01  0.938835619528892E+00  0.100829216622889E-01    0.106502634631607E+01 -0.114381868293060E-01
  0.00000000  0.00000000  0.02500000    0.1030D+02  0.941386922327773E+00  0.992705391767907E-02    0.106214436246956E+01 -0.112004576487233E-01
  0.00000000  0.00000000  0.02500000    0.1061D+02  0.946198782282078E+00  0.462821245504494E-02    0.105683508978694E+01 -0.516937605191536E-02
  0.00000000  0.00000000  0.02500000    0.1093D+02  0.952432814266029E+00  0.705427558759187E-02    0.104988523128844E+01 -0.777606529921874E-02
  0.00000000  0.00000000  0.02500000    0.1127D+02  0.954857613356764E+00  0.839436623287755E-02    0.104719563040944E+01 -0.920613033415851E-02
  0.00000000  0.00000000  0.02500000    0.1161D+02  0.955600141071727E+00  0.894292838969850E-02    0.104637115908505E+01 -0.979240368701566E-02
  0.00000000  0.00000000  0.02500000    0.1196D+02  0.955967764381562E+00  0.627779463154907E-02    0.104601526772728E+01 -0.686913228345602E-02
  0.00000000  0.00000000  0.02500000    0.1233D+02  0.958982934733774E+00  0.294390008578120E-02    0.104276159679838E+01 -0.320108506948177E-02
  0.00000000  0.00000000  0.02500000    0.1270D+02  0.962366805424168E+00  0.273229091202940E-02    0.103909645857646E+01 -0.295013688594449E-02
  0.00000000  0.00000000  0.02500000    0.1309D+02  0.964934590913288E+00  0.129005405029115E-02    0.103633782230118E+01 -0.138551547194942E-02
  0.00000000  0.00000000  0.02500000    0.1349D+02  0.967842190511410E+00  0.775302519937978E-03    0.103322563130892E+01 -0.827678771882256E-03
  0.00000000  0.00000000  0.02500000    0.1390D+02  0.970313668510756E+00  0.521178973899709E-03    0.103059427476937E+01 -0.553557147613512E-03
  0.00000000  0.00000000  0.02500000    0.1432D+02  0.972505539169437E+00  0.288277811559902E-03    0.102827168777314E+01 -0.304808455994410E-03
  0.00000000  0.00000000  0.02500000    0.1476D+02  0.974506535178838E+00  0.146232997048956E-03    0.102616036053460E+01 -0.153984093032557E-03
  0.00000000  0.00000000  0.02500000    0.1521D+02  0.976356767636861E+00  0.124885033272006E-04    0.102421577130740E+01 -0.131006641134905E-04
  0.00000000  0.00000000  0.02500000    0.1567D+02  0.978055966613437E+00 -0.556765247635344E-19    0.102243637801479E+01  0.582029109405538E-19
  0.00000000  0.00000000  0.02500000    0.1615D+02  0.979571896425944E+00 -0.530893494349802E-19    0.102085411356593E+01  0.553267003218234E-19
  0.00000000  0.00000000  0.02500000    0.1664D+02  0.980949961300736E+00 -0.503946335333751E-19    0.101941999026536E+01  0.523709657502802E-19
