 q(1:3)   w(Ry)   eps  epsi --- LFC included. 
  0.00000000  0.00000000  0.01000000    0.0000D+00  0.167522130119843E+01 -0.421390646419602E-16    0.596936058110419E+00  0.150155248872711E-16
  0.00000000  0.00000000  0.01000000    0.1015D-04  0.167522130121930E+01 -0.421390646484223E-16    0.596936058102983E+00  0.150155248891997E-16
  0.00000000  0.00000000  0.01000000    0.3076D-04  0.167522130139007E+01 -0.421390646712972E-16    0.596936058042131E+00  0.150155248942894E-16
  0.00000000  0.00000000  0.01000000    0.5200D-04  0.167522130174603E+01 -0.421390647259855E-16    0.596936057915291E+00  0.150155249073955E-16
  0.00000000  0.00000000  0.01000000    0.7389D-04  0.167522130230397E+01 -0.421390646495124E-16    0.596936057716482E+00  0.150155248701438E-16
  0.00000000  0.00000000  0.01000000    0.9644D-04  0.167522130308184E+01 -0.421390648142280E-16    0.596936057439301E+00  0.150155249148927E-16
  0.00000000  0.00000000  0.01000000    0.1197D-03  0.167522130409890E+01 -0.421390648242069E-16    0.596936057076890E+00  0.150155249002162E-16
  0.00000000  0.00000000  0.01000000    0.1436D-03  0.167522130537575E+01 -0.421390648550765E-16    0.596936056621907E+00  0.150155248883264E-16
  0.00000000  0.00000000  0.01000000    0.1683D-03  0.167522130693445E+01 -0.421390649898308E-16    0.596936056066489E+00  0.150155249084014E-16
  0.00000000  0.00000000  0.01000000    0.1937D-03  0.167522130879862E+01 -0.421390650822532E-16    0.596936055402224E+00  0.150155249079163E-16
  0.00000000  0.00000000  0.01000000    0.2199D-03  0.167522131099351E+01 -0.421390652073479E-16    0.596936054620115E+00  0.150155249131447E-16
  0.00000000  0.00000000  0.01000000    0.2469D-03  0.167522131354614E+01 -0.421390652547669E-16    0.596936053710528E+00  0.150155248842816E-16
  0.00000000  0.00000000  0.01000000    0.2748D-03  0.167522131648538E+01 -0.421390654346705E-16    0.596936052663182E+00  0.150155248956965E-16
  0.00000000  0.00000000  0.01000000    0.3034D-03  0.167522131984211E+01 -0.421390656516784E-16    0.596936051467069E+00  0.150155249128487E-16
  0.00000000  0.00000000  0.01000000    0.3330D-03  0.167522132364932E+01 -0.421390657989934E-16    0.596936050110436E+00  0.150155248970915E-16
  0.00000000  0.00000000  0.01000000    0.3634D-03  0.167522132794227E+01 -0.421390660501492E-16    0.596936048580718E+00  0.150155249096284E-16
  0.00000000  0.00000000  0.01000000    0.3948D-03  0.167522133275862E+01 -0.421390662803485E-16    0.596936046864494E+00  0.150155249053151E-16
  0.00000000  0.00000000  0.01000000    0.4271D-03  0.167522133813859E+01 -0.421390666153040E-16    0.596936044947437E+00  0.150155249282261E-16
  0.00000000  0.00000000  0.01000000    0.4604D-03  0.167522134412513E+01 -0.421390669710816E-16    0.596936042814237E+00  0.150155249476828E-16
  0.00000000  0.00000000  0.01000000    0.4948D-03  0.167522135076407E+01 -0.421390672591890E-16    0.596936040448564E+00  0.150155249313310E-16
  0.00000000  0.00000000  0.01000000    0.5301D-03  0.167522135810438E+01 -0.421390676122150E-16    0.596936037832974E+00  0.150155249255389E-16
  0.00000000  0.00000000  0.01000000    0.5666D-03  0.167522136619825E+01 -0.421390680495094E-16    0.596936034948864E+00  0.150155249362655E-16
  0.00000000  0.00000000  0.01000000    0.6041D-03  0.167522137510144E+01 -0.421390685353181E-16    0.596936031776365E+00  0.150155249497708E-16
  0.00000000  0.00000000  0.01000000    0.6428D-03  0.167522138487338E+01 -0.421390690340574E-16    0.596936028294305E+00  0.150155249523102E-16
  0.00000000  0.00000000  0.01000000    0.6827D-03  0.167522139557747E+01 -0.421390695582263E-16    0.596936024480086E+00  0.150155249472004E-16
  0.00000000  0.00000000  0.01000000    0.7238D-03  0.167522140728138E+01 -0.421390701850268E-16    0.596936020309602E+00  0.150155249607384E-16
  0.00000000  0.00000000  0.01000000    0.7662D-03  0.167522142005719E+01 -0.421390709397543E-16    0.596936015757167E+00  0.150155250006455E-16
  0.00000000  0.00000000  0.01000000    0.8098D-03  0.167522143398178E+01 -0.421390714990393E-16    0.596936010795379E+00  0.150155249503161E-16
  0.00000000  0.00000000  0.01000000    0.8548D-03  0.167522144913714E+01 -0.421390723948605E-16    0.596936005395032E+00  0.150155249978422E-16
  0.00000000  0.00000000  0.01000000    0.9011D-03  0.167522146561062E+01 -0.421390732874278E-16    0.596935999524992E+00  0.150155250205792E-16
  0.00000000  0.00000000  0.01000000    0.9488D-03  0.167522148349534E+01 -0.421390741928927E-16    0.596935993152085E+00  0.150155250226134E-16
  0.00000000  0.00000000  0.01000000    0.9980D-03  0.167522150289051E+01 -0.421390751999963E-16    0.596935986240953E+00  0.150155250337874E-16
  0.00000000  0.00000000  0.01000000    0.1049D-02  0.167522152390187E+01 -0.421390762506124E-16    0.596935978753923E+00  0.150155250314937E-16
  0.00000000  0.00000000  0.01000000    0.1101D-02  0.167522154664204E+01 -0.421390774008559E-16    0.596935970650860E+00  0.150155250337086E-16
  0.00000000  0.00000000  0.01000000    0.1155D-02  0.167522157123099E+01 -0.421390786294188E-16    0.596935961889017E+00  0.150155250306890E-16
  0.00000000  0.00000000  0.01000000    0.1210D-02  0.167522159779655E+01 -0.421390801194864E-16    0.596935952422843E+00  0.150155250854180E-16
  0.00000000  0.00000000  0.01000000    0.1267D-02  0.167522162647484E+01 -0.421390815342405E-16    0.596935942203837E+00  0.150155250754363E-16
  0.00000000  0.00000000  0.01000000    0.1326D-02  0.167522165741078E+01 -0.421390831904733E-16    0.596935931180353E+00  0.150155251110292E-16
  0.00000000  0.00000000  0.01000000    0.1387D-02  0.167522169075876E+01 -0.421390848061380E-16    0.596935919297384E+00  0.150155250889267E-16
  0.00000000  0.00000000  0.01000000    0.1450D-02  0.167522172668313E+01 -0.421390867766086E-16    0.596935906496364E+00  0.150155251470671E-16
  0.00000000  0.00000000  0.01000000    0.1514D-02  0.167522176535886E+01 -0.421390888252181E-16    0.596935892714945E+00  0.150155251837284E-16
  0.00000000  0.00000000  0.01000000    0.1580D-02  0.167522180697223E+01 -0.421390909797730E-16    0.596935877886753E+00  0.150155252054796E-16
  0.00000000  0.00000000  0.01000000    0.1649D-02  0.167522185172150E+01 -0.421390932925873E-16    0.596935861941135E+00  0.150155252274075E-16
  0.00000000  0.00000000  0.01000000    0.1719D-02  0.167522189981775E+01 -0.421390958049650E-16    0.596935844802884E+00  0.150155252604464E-16
  0.00000000  0.00000000  0.01000000    0.1792D-02  0.167522195148559E+01 -0.421390984762319E-16    0.596935826391960E+00  0.150155252860762E-16
  0.00000000  0.00000000  0.01000000    0.1867D-02  0.167522200696407E+01 -0.421391013206641E-16    0.596935806623179E+00  0.150155253050982E-16
  0.00000000  0.00000000  0.01000000    0.1944D-02  0.167522206650760E+01 -0.421391044372316E-16    0.596935785405895E+00  0.150155253482185E-16
  0.00000000  0.00000000  0.01000000    0.2024D-02  0.167522213038684E+01 -0.421391077463093E-16    0.596935762643656E+00  0.150155253822117E-16
  0.00000000  0.00000000  0.01000000    0.2106D-02  0.167522219888983E+01 -0.421391114415484E-16    0.596935738233829E+00  0.150155254709184E-16
  0.00000000  0.00000000  0.01000000    0.2190D-02  0.167522227232301E+01 -0.421391151603405E-16    0.596935712067219E+00  0.150155254796363E-16
  0.00000000  0.00000000  0.01000000    0.2277D-02  0.167522235101237E+01 -0.421391191284898E-16    0.596935684027663E+00  0.150155254829826E-16
  0.00000000  0.00000000  0.01000000    0.2367D-02  0.167522243530473E+01 -0.421391237159840E-16    0.596935653991581E+00  0.150155256065785E-16
  0.00000000  0.00000000  0.01000000    0.2459D-02  0.167522252556901E+01 -0.421391282454187E-16    0.596935621827515E+00  0.150155256024297E-16
  0.00000000  0.00000000  0.01000000    0.2554D-02  0.167522262219765E+01 -0.421391333395344E-16    0.596935587395627E+00  0.150155256854033E-16
  0.00000000  0.00000000  0.01000000    0.2652D-02  0.167522272560802E+01 -0.421391386799185E-16    0.596935550547198E+00  0.150155257345570E-16
  0.00000000  0.00000000  0.01000000    0.2753D-02  0.167522283624404E+01 -0.421391444678016E-16    0.596935511124041E+00  0.150155258136372E-16
  0.00000000  0.00000000  0.01000000    0.2858D-02  0.167522295457786E+01 -0.421391506064155E-16    0.596935468957917E+00  0.150155258796986E-16
  0.00000000  0.00000000  0.01000000    0.2965D-02  0.167522308111154E+01 -0.421391571647055E-16    0.596935423869924E+00  0.150155259483080E-16
  0.00000000  0.00000000  0.01000000    0.3075D-02  0.167522321637906E+01 -0.421391641696683E-16    0.596935375669796E+00  0.150155260195130E-16
  0.00000000  0.00000000  0.01000000    0.3189D-02  0.167522336094818E+01 -0.421391716443273E-16    0.596935324155222E+00  0.150155260913397E-16
  0.00000000  0.00000000  0.01000000    0.3307D-02  0.167522351542260E+01 -0.421391797194300E-16    0.596935269111082E+00  0.150155261995548E-16
  0.00000000  0.00000000  0.01000000    0.3428D-02  0.167522368044426E+01 -0.421391882748502E-16    0.596935210308634E+00  0.150155262898456E-16
  0.00000000  0.00000000  0.01000000    0.3553D-02  0.167522385669571E+01 -0.421391974462804E-16    0.596935147504671E+00  0.150155263983283E-16
  0.00000000  0.00000000  0.01000000    0.3681D-02  0.167522404490258E+01 -0.421392072459436E-16    0.596935080440631E+00  0.150155265163500E-16
  0.00000000  0.00000000  0.01000000    0.3813D-02  0.167522424583635E+01 -0.421392176976113E-16    0.596935008841610E+00  0.150155266385509E-16
  0.00000000  0.00000000  0.01000000    0.3950D-02  0.167522446031718E+01 -0.421392288869688E-16    0.596934932415364E+00  0.150155267807609E-16
  0.00000000  0.00000000  0.01000000    0.4090D-02  0.167522468921697E+01 -0.421392407209623E-16    0.596934850851212E+00  0.150155268941915E-16
  0.00000000  0.00000000  0.01000000    0.4235D-02  0.167522493346258E+01 -0.421392534176889E-16    0.596934763818890E+00  0.150155270399421E-16
  0.00000000  0.00000000  0.01000000    0.4385D-02  0.167522519403923E+01 -0.421392668847815E-16    0.596934670967336E+00  0.150155271674375E-16
  0.00000000  0.00000000  0.01000000    0.4538D-02  0.167522547199423E+01 -0.421392813901861E-16    0.596934571923369E+00  0.150155273533805E-16
  0.00000000  0.00000000  0.01000000    0.4697D-02  0.167522576844073E+01 -0.421392967834106E-16    0.596934466290344E+00  0.150155275241909E-16
  0.00000000  0.00000000  0.01000000    0.4860D-02  0.167522608456193E+01 -0.421393132197596E-16    0.596934353646660E+00  0.150155277139976E-16
  0.00000000  0.00000000  0.01000000    0.5029D-02  0.167522642161540E+01 -0.421393307528847E-16    0.596934233544209E+00  0.150155279193740E-16
  0.00000000  0.00000000  0.01000000    0.5202D-02  0.167522678093774E+01 -0.421393494289347E-16    0.596934105506737E+00  0.150155281328038E-16
  0.00000000  0.00000000  0.01000000    0.5381D-02  0.167522716394948E+01 -0.421393694576450E-16    0.596933969028070E+00  0.150155284035562E-16
  0.00000000  0.00000000  0.01000000    0.5565D-02  0.167522757216032E+01 -0.421393905649888E-16    0.596933823570270E+00  0.150155286069232E-16
  0.00000000  0.00000000  0.01000000    0.5755D-02  0.167522800717468E+01 -0.421394131986689E-16    0.596933668561646E+00  0.150155288736726E-16
  0.00000000  0.00000000  0.01000000    0.5950D-02  0.167522847069764E+01 -0.421394372453087E-16    0.596933503394649E+00  0.150155291328387E-16
  0.00000000  0.00000000  0.01000000    0.6152D-02  0.167522896454115E+01 -0.421394629460924E-16    0.596933327423636E+00  0.150155294378795E-16
  0.00000000  0.00000000  0.01000000    0.6360D-02  0.167522949063071E+01 -0.421394902512726E-16    0.596933139962518E+00  0.150155297365507E-16
  0.00000000  0.00000000  0.01000000    0.6574D-02  0.167523005101246E+01 -0.421395193955875E-16    0.596932940282219E+00  0.150155300758156E-16
  0.00000000  0.00000000  0.01000000    0.6794D-02  0.167523064786066E+01 -0.421395504303681E-16    0.596932727608010E+00  0.150155304349871E-16
  0.00000000  0.00000000  0.01000000    0.7021D-02  0.167523128348566E+01 -0.421395834131787E-16    0.596932501116680E+00  0.150155307931599E-16
  0.00000000  0.00000000  0.01000000    0.7255D-02  0.167523196034240E+01 -0.421396186027794E-16    0.596932259933492E+00  0.150155311985280E-16
  0.00000000  0.00000000  0.01000000    0.7497D-02  0.167523268103936E+01 -0.421396560150738E-16    0.596932003129008E+00  0.150155316099963E-16
  0.00000000  0.00000000  0.01000000    0.7745D-02  0.167523344834816E+01 -0.421396959003096E-16    0.596931729715661E+00  0.150155320670483E-16
  0.00000000  0.00000000  0.01000000    0.8001D-02  0.167523426521368E+01 -0.421397383164399E-16    0.596931438644164E+00  0.150155325375419E-16
  0.00000000  0.00000000  0.01000000    0.8265D-02  0.167523513476483E+01 -0.421397835936897E-16    0.596931128799649E+00  0.150155330830530E-16
  0.00000000  0.00000000  0.01000000    0.8537D-02  0.167523606032600E+01 -0.421398316392590E-16    0.596930798997604E+00  0.150155336109182E-16
  0.00000000  0.00000000  0.01000000    0.8818D-02  0.167523704542921E+01 -0.421398827856122E-16    0.596930447979551E+00  0.150155341762851E-16
  0.00000000  0.00000000  0.01000000    0.9107D-02  0.167523809382705E+01 -0.421399372518807E-16    0.596930074408419E+00  0.150155347899629E-16
  0.00000000  0.00000000  0.01000000    0.9404D-02  0.167523920950631E+01 -0.421399952807049E-16    0.596929676863699E+00  0.150155354669391E-16
  0.00000000  0.00000000  0.01000000    0.9711D-02  0.167524039670262E+01 -0.421400569845228E-16    0.596929253836228E+00  0.150155361713455E-16
  0.00000000  0.00000000  0.01000000    0.1003D-01  0.167524165991587E+01 -0.421401225515530E-16    0.596928803722695E+00  0.150155368895790E-16
  0.00000000  0.00000000  0.01000000    0.1035D-01  0.167524300392663E+01 -0.421401923718610E-16    0.596928324819792E+00  0.150155376749273E-16
  0.00000000  0.00000000  0.01000000    0.1069D-01  0.167524443381364E+01 -0.421402666700878E-16    0.596927815317990E+00  0.150155385163878E-16
  0.00000000  0.00000000  0.01000000    0.1103D-01  0.167524595497227E+01 -0.421403457829048E-16    0.596927273294955E+00  0.150155394372000E-16
  0.00000000  0.00000000  0.01000000    0.1139D-01  0.167524757313419E+01 -0.421404298173626E-16    0.596926696708546E+00  0.150155403727552E-16
  0.00000000  0.00000000  0.01000000    0.1176D-01  0.167524929438833E+01 -0.421405191663905E-16    0.596926083389351E+00  0.150155413539045E-16
  0.00000000  0.00000000  0.01000000    0.1214D-01  0.167525112520302E+01 -0.421406143909534E-16    0.596925431032803E+00  0.150155424645714E-16
  0.00000000  0.00000000  0.01000000    0.1253D-01  0.167525307244954E+01 -0.421407156230402E-16    0.596924737190787E+00  0.150155436286016E-16
  0.00000000  0.00000000  0.01000000    0.1293D-01  0.167525514342719E+01 -0.421408231143864E-16    0.596923999262721E+00  0.150155448048357E-16
  0.00000000  0.00000000  0.01000000    0.1334D-01  0.167525734588987E+01 -0.421409376596628E-16    0.596923214486079E+00  0.150155461374214E-16
  0.00000000  0.00000000  0.01000000    0.1377D-01  0.167525968807427E+01 -0.421410593625709E-16    0.596922379926368E+00  0.150155475156452E-16
  0.00000000  0.00000000  0.01000000    0.1421D-01  0.167526217872993E+01 -0.421411887933600E-16    0.596921492466411E+00  0.150155489858382E-16
  0.00000000  0.00000000  0.01000000    0.1466D-01  0.167526482715098E+01 -0.421413264259475E-16    0.596920548795047E+00  0.150155505502420E-16
  0.00000000  0.00000000  0.01000000    0.1513D-01  0.167526764321008E+01 -0.421414726983820E-16    0.596919545395050E+00  0.150155521879447E-16
  0.00000000  0.00000000  0.01000000    0.1561D-01  0.167527063739427E+01 -0.421416282221705E-16    0.596918478530375E+00  0.150155539288250E-16
  0.00000000  0.00000000  0.01000000    0.1610D-01  0.167527382084315E+01 -0.421417936475441E-16    0.596917344232544E+00  0.150155558048580E-16
  0.00000000  0.00000000  0.01000000    0.1662D-01  0.167527720538940E+01 -0.421419695645782E-16    0.596916138286237E+00  0.150155578141571E-16
  0.00000000  0.00000000  0.01000000    0.1714D-01  0.167528080360185E+01 -0.421421565073735E-16    0.596914856213956E+00  0.150155599216926E-16
  0.00000000  0.00000000  0.01000000    0.1768D-01  0.167528462883117E+01 -0.421423553493923E-16    0.596913493259765E+00  0.150155621993325E-16
  0.00000000  0.00000000  0.01000000    0.1824D-01  0.167528869525843E+01 -0.421425665706947E-16    0.596912044371995E+00  0.150155645638830E-16
  0.00000000  0.00000000  0.01000000    0.1882D-01  0.167529301794670E+01 -0.421427911470894E-16    0.596910504184896E+00  0.150155670929730E-16
  0.00000000  0.00000000  0.01000000    0.1941D-01  0.167529761289584E+01 -0.421430298788234E-16    0.596908866999128E+00  0.150155697848791E-16
  0.00000000  0.00000000  0.01000000    0.2002D-01  0.167530249710066E+01 -0.421432838015881E-16    0.596907126761068E+00  0.150155727039250E-16
  0.00000000  0.00000000  0.01000000    0.2065D-01  0.167530768861280E+01 -0.421435533818193E-16    0.596905277040796E+00  0.150155756926586E-16
  0.00000000  0.00000000  0.01000000    0.2130D-01  0.167531320660629E+01 -0.421438401917507E-16    0.596903311008762E+00  0.150155789674927E-16
  0.00000000  0.00000000  0.01000000    0.2197D-01  0.167531907144739E+01 -0.421441449816740E-16    0.596901221410948E+00  0.150155824306041E-16
  0.00000000  0.00000000  0.01000000    0.2266D-01  0.167532530476864E+01 -0.421444687520760E-16    0.596899000542522E+00  0.150155860506050E-16
  0.00000000  0.00000000  0.01000000    0.2337D-01  0.167533192954759E+01 -0.421448129989687E-16    0.596896640219853E+00  0.150155899485373E-16
  0.00000000  0.00000000  0.01000000    0.2410D-01  0.167533897019035E+01 -0.421451787368595E-16    0.596894131750770E+00  0.150155940482662E-16
  0.00000000  0.00000000  0.01000000    0.2486D-01  0.167534645262048E+01 -0.421455675707347E-16    0.596891465902982E+00  0.150155984568212E-16
  0.00000000  0.00000000  0.01000000    0.2564D-01  0.167535440437330E+01 -0.421459806363325E-16    0.596888632870530E+00  0.150156030851386E-16
  0.00000000  0.00000000  0.01000000    0.2644D-01  0.167536285469617E+01 -0.421464197215158E-16    0.596885622238146E+00  0.150156080457861E-16
  0.00000000  0.00000000  0.01000000    0.2726D-01  0.167537183465496E+01 -0.421468862850267E-16    0.596882422943411E+00  0.150156133014544E-16
  0.00000000  0.00000000  0.01000000    0.2811D-01  0.167538137724720E+01 -0.421473820891132E-16    0.596879023236540E+00  0.150156188883167E-16
  0.00000000  0.00000000  0.01000000    0.2899D-01  0.167539151752234E+01 -0.421479088478531E-16    0.596875410637662E+00  0.150156247885776E-16
  0.00000000  0.00000000  0.01000000    0.2989D-01  0.167540229270940E+01 -0.421484686884974E-16    0.596871571891449E+00  0.150156310925405E-16
  0.00000000  0.00000000  0.01000000    0.3082D-01  0.167541374235282E+01 -0.421490635403181E-16    0.596867492918900E+00  0.150156377784391E-16
  0.00000000  0.00000000  0.01000000    0.3178D-01  0.167542590845655E+01 -0.421496955215831E-16    0.596863158766138E+00  0.150156448477146E-16
  0.00000000  0.00000000  0.01000000    0.3277D-01  0.167543883563735E+01 -0.421503671648914E-16    0.596858553549997E+00  0.150156524025350E-16
  0.00000000  0.00000000  0.01000000    0.3379D-01  0.167545257128767E+01 -0.421510807677151E-16    0.596853660400216E+00  0.150156604115034E-16
  0.00000000  0.00000000  0.01000000    0.3484D-01  0.167546716574868E+01 -0.421518389990075E-16    0.596848461398021E+00  0.150156689226511E-16
  0.00000000  0.00000000  0.01000000    0.3592D-01  0.167548267249419E+01 -0.421526445040278E-16    0.596842937510873E+00  0.150156779193565E-16
  0.00000000  0.00000000  0.01000000    0.3703D-01  0.167549914832619E+01 -0.421535003582302E-16    0.596837068523126E+00  0.150156874785212E-16
  0.00000000  0.00000000  0.01000000    0.3818D-01  0.167551665358257E+01 -0.421544097658606E-16    0.596830832962366E+00  0.150156976594656E-16
  0.00000000  0.00000000  0.01000000    0.3936D-01  0.167553525235799E+01 -0.421553759345486E-16    0.596824208021104E+00  0.150157084552903E-16
  0.00000000  0.00000000  0.01000000    0.4058D-01  0.167555501273869E+01 -0.421564023742748E-16    0.596817169473597E+00  0.150157198951536E-16
  0.00000000  0.00000000  0.01000000    0.4184D-01  0.167557600705202E+01 -0.421574928277222E-16    0.596809691587422E+00  0.150157320149731E-16
  0.00000000  0.00000000  0.01000000    0.4313D-01  0.167559831213178E+01 -0.421586514315097E-16    0.596801747029542E+00  0.150157449100818E-16
  0.00000000  0.00000000  0.01000000    0.4447D-01  0.167562200960040E+01 -0.421598822914961E-16    0.596793306766410E+00  0.150157585788843E-16
  0.00000000  0.00000000  0.01000000    0.4584D-01  0.167564718616883E+01 -0.421611900885361E-16    0.596784339957854E+00  0.150157731332170E-16
  0.00000000  0.00000000  0.01000000    0.4726D-01  0.167567393395562E+01 -0.421625793132677E-16    0.596774813844233E+00  0.150157885200680E-16
  0.00000000  0.00000000  0.01000000    0.4872D-01  0.167570235082607E+01 -0.421640551579170E-16    0.596764693626545E+00  0.150158048330976E-16
  0.00000000  0.00000000  0.01000000    0.5022D-01  0.167573254075318E+01 -0.421656232113725E-16    0.596753942338876E+00  0.150158221975283E-16
  0.00000000  0.00000000  0.01000000    0.5177D-01  0.167576461420131E+01 -0.421672888814005E-16    0.596742520712917E+00  0.150158405574817E-16
  0.00000000  0.00000000  0.01000000    0.5337D-01  0.167579868853459E+01 -0.421690583967447E-16    0.596730387033812E+00  0.150158600254935E-16
  0.00000000  0.00000000  0.01000000    0.5501D-01  0.167583488845124E+01 -0.421709382912794E-16    0.596717496986934E+00  0.150158806909783E-16
  0.00000000  0.00000000  0.01000000    0.5671D-01  0.167587334644580E+01 -0.421729353173492E-16    0.596703803494940E+00  0.150159025810500E-16
  0.00000000  0.00000000  0.01000000    0.5846D-01  0.167591420330103E+01 -0.421750567330697E-16    0.596689256544466E+00  0.150159257539605E-16
  0.00000000  0.00000000  0.01000000    0.6026D-01  0.167595760861137E+01 -0.421773105540985E-16    0.596673803001830E+00  0.150159503792908E-16
  0.00000000  0.00000000  0.01000000    0.6211D-01  0.167600372134030E+01 -0.421797047719688E-16    0.596657386416960E+00  0.150159764495965E-16
  0.00000000  0.00000000  0.01000000    0.6403D-01  0.167605271041350E+01 -0.421822481887178E-16    0.596639946814852E+00  0.150160040668640E-16
  0.00000000  0.00000000  0.01000000    0.6600D-01  0.167610475535070E+01 -0.421849501949819E-16    0.596621420473666E+00  0.150160333520889E-16
  0.00000000  0.00000000  0.01000000    0.6803D-01  0.167616004693834E+01 -0.421878204875441E-16    0.596601739688638E+00  0.150160643325886E-16
  0.00000000  0.00000000  0.01000000    0.7012D-01  0.167621878794625E+01 -0.421908696354003E-16    0.596580832520811E+00  0.150160971305562E-16
  0.00000000  0.00000000  0.01000000    0.7227D-01  0.167628119389114E+01 -0.421941089198388E-16    0.596558622529615E+00  0.150161318923191E-16
  0.00000000  0.00000000  0.01000000    0.7450D-01  0.167634749384998E+01 -0.421975500397255E-16    0.596535028488248E+00  0.150161686687466E-16
  0.00000000  0.00000000  0.01000000    0.7678D-01  0.167641793132715E+01 -0.422012056207540E-16    0.596509964080582E+00  0.150162075808057E-16
  0.00000000  0.00000000  0.01000000    0.7914D-01  0.167649276517868E+01 -0.422050891505453E-16    0.596483337578506E+00  0.150162487797151E-16
  0.00000000  0.00000000  0.01000000    0.8157D-01  0.167657227059790E+01 -0.422092146255091E-16    0.596455051498244E+00  0.150162923034509E-16
  0.00000000  0.00000000  0.01000000    0.8408D-01  0.167665674016651E+01 -0.422135972839763E-16    0.596425002234322E+00  0.150163383185481E-16
  0.00000000  0.00000000  0.01000000    0.8666D-01  0.167674648497598E+01 -0.422182532990351E-16    0.596393079669600E+00  0.150163869904540E-16
  0.00000000  0.00000000  0.01000000    0.8932D-01  0.167684183582430E+01 -0.422231996533474E-16    0.596359166759708E+00  0.150164384172947E-16
  0.00000000  0.00000000  0.01000000    0.9206D-01  0.167694314449336E+01 -0.422284545265646E-16    0.596323139090157E+00  0.150164927444901E-16
  0.00000000  0.00000000  0.01000000    0.9488D-01  0.167705078511291E+01 -0.422340372224033E-16    0.596284864404193E+00  0.150165501140187E-16
  0.00000000  0.00000000  0.01000000    0.9779D-01  0.167716515561751E+01 -0.422399682206966E-16    0.596244202099353E+00  0.150166106564373E-16
  0.00000000  0.00000000  0.01000000    0.1008D+00  0.167728667930318E+01 -0.422462694005307E-16    0.596201002690517E+00  0.150166745418822E-16
  0.00000000  0.00000000  0.01000000    0.1039D+00  0.167741580649141E+01 -0.422529638871903E-16    0.596155107237043E+00  0.150167418953434E-16
  0.00000000  0.00000000  0.01000000    0.1071D+00  0.167755301630848E+01 -0.422600762870751E-16    0.596106346731467E+00  0.150168128477491E-16
  0.00000000  0.00000000  0.01000000    0.1103D+00  0.167769881858877E+01 -0.422676330659200E-16    0.596054541446939E+00  0.150168876356167E-16
  0.00000000  0.00000000  0.01000000    0.1137D+00  0.167785375591189E+01 -0.422756619073240E-16    0.595999500240423E+00  0.150169663359036E-16
  0.00000000  0.00000000  0.01000000    0.1172D+00  0.167801840578369E+01 -0.422841926530984E-16    0.595941019808402E+00  0.150170491602526E-16
  0.00000000  0.00000000  0.01000000    0.1208D+00  0.167819338297273E+01 -0.422932568613868E-16    0.595878883891565E+00  0.150171362552155E-16
  0.00000000  0.00000000  0.01000000    0.1245D+00  0.167837934201425E+01 -0.423028879746665E-16    0.595812862424704E+00  0.150172277160950E-16
  0.00000000  0.00000000  0.01000000    0.1283D+00  0.167857697989546E+01 -0.423131218279785E-16    0.595742710627593E+00  0.150173237181445E-16
  0.00000000  0.00000000  0.01000000    0.1322D+00  0.167878703893654E+01 -0.423239962909432E-16    0.595668168032481E+00  0.150174243365675E-16
  0.00000000  0.00000000  0.01000000    0.1363D+00  0.167901030988371E+01 -0.423355522232475E-16    0.595588957443187E+00  0.150175298287311E-16
  0.00000000  0.00000000  0.01000000    0.1405D+00  0.167924763523199E+01 -0.423478324765729E-16    0.595504783820553E+00  0.150176402188273E-16
  0.00000000  0.00000000  0.01000000    0.1448D+00  0.167949991279688E+01 -0.423608829245639E-16    0.595415333088462E+00  0.150177555975264E-16
  0.00000000  0.00000000  0.01000000    0.1492D+00  0.167976809955666E+01 -0.423747524246827E-16    0.595320270854013E+00  0.150178760374673E-16
  0.00000000  0.00000000  0.01000000    0.1537D+00  0.168005321578830E+01 -0.423894929959472E-16    0.595219241035047E+00  0.150180015798306E-16
  0.00000000  0.00000000  0.01000000    0.1585D+00  0.168035634952336E+01 -0.424051600231151E-16    0.595111864387370E+00  0.150181322242506E-16
  0.00000000  0.00000000  0.01000000    0.1633D+00  0.168067866135207E+01 -0.424218126527093E-16    0.594997736923440E+00  0.150182679800590E-16
  0.00000000  0.00000000  0.01000000    0.1683D+00  0.168102138960744E+01 -0.424395136660360E-16    0.594876428213399E+00  0.150184087251031E-16
  0.00000000  0.00000000  0.01000000    0.1734D+00  0.168138585596426E+01 -0.424583300589767E-16    0.594747479558466E+00  0.150185543070100E-16
  0.00000000  0.00000000  0.01000000    0.1787D+00  0.168177347149189E+01 -0.424783335238076E-16    0.594610402025731E+00  0.150187046009045E-16
  0.00000000  0.00000000  0.01000000    0.1842D+00  0.168218574320398E+01 -0.424995999156897E-16    0.594464674332187E+00  0.150188591986332E-16
  0.00000000  0.00000000  0.01000000    0.1898D+00  0.168262428115315E+01 -0.425222108291990E-16    0.594309740564705E+00  0.150190178337495E-16
  0.00000000  0.00000000  0.01000000    0.1956D+00  0.168309080612424E+01 -0.425462527430794E-16    0.594145007721099E+00  0.150191799352475E-16
  0.00000000  0.00000000  0.01000000    0.2016D+00  0.168358715798584E+01 -0.425718182699557E-16    0.593969843056032E+00  0.150193449127201E-16
  0.00000000  0.00000000  0.01000000    0.2078D+00  0.168411530476720E+01 -0.425990062237750E-16    0.593783571213513E+00  0.150195120097174E-16
  0.00000000  0.00000000  0.01000000    0.2141D+00  0.168467735253559E+01 -0.426279219529137E-16    0.593585471125915E+00  0.150196802357764E-16
  0.00000000  0.00000000  0.01000000    0.2207D+00  0.168527555615847E+01 -0.426586780592612E-16    0.593374772657042E+00  0.150198484175272E-16
  0.00000000  0.00000000  0.01000000    0.2274D+00  0.168591233104533E+01 -0.426913950973210E-16    0.593150652964239E+00  0.150200152235848E-16
  0.00000000  0.00000000  0.01000000    0.2343D+00  0.168659026597663E+01 -0.427262015835260E-16    0.592912232551599E+00  0.150201789257149E-16
  0.00000000  0.00000000  0.01000000    0.2415D+00  0.168731213714059E+01 -0.427632353292395E-16    0.592658570982991E+00  0.150203376026120E-16
  0.00000000  0.00000000  0.01000000    0.2489D+00  0.168808092351539E+01 -0.428026431533063E-16    0.592388662219772E+00  0.150204887478110E-16
  0.00000000  0.00000000  0.01000000    0.2565D+00  0.168889982375233E+01 -0.428445831276958E-16    0.592101429543785E+00  0.150206297385678E-16
  0.00000000  0.00000000  0.01000000    0.2643D+00  0.168977227473741E+01 -0.428892236030969E-16    0.591795720021149E+00  0.150207571415427E-16
  0.00000000  0.00000000  0.01000000    0.2724D+00  0.169070197203353E+01 -0.429367454846222E-16    0.591470298456698E+00  0.150208671230231E-16
  0.00000000  0.00000000  0.01000000    0.2807D+00  0.169169289243472E+01 -0.429873426452119E-16    0.591123840782222E+00  0.150209551645554E-16
  0.00000000  0.00000000  0.01000000    0.2893D+00  0.169274931889742E+01 -0.430412229374996E-16    0.590754926814181E+00  0.150210159428670E-16
  0.00000000  0.00000000  0.01000000    0.2981D+00  0.169387586815389E+01 -0.430986094529024E-16    0.590362032307523E+00  0.150210432444345E-16
  0.00000000  0.00000000  0.01000000    0.3072D+00  0.169507752135900E+01 -0.431597416129323E-16    0.589943520222170E+00  0.150210297630511E-16
  0.00000000  0.00000000  0.01000000    0.3166D+00  0.169635965817649E+01 -0.432248771214788E-16    0.589497631106694E+00  0.150209671310980E-16
  0.00000000  0.00000000  0.01000000    0.3262D+00  0.169772809477572E+01 -0.432942928993945E-16    0.589022472489686E+00  0.150208455210037E-16
  0.00000000  0.00000000  0.01000000    0.3362D+00  0.169918912628632E+01 -0.433682870068205E-16    0.588516007153108E+00  0.150206535055376E-16
  0.00000000  0.00000000  0.01000000    0.3464D+00  0.170074957434917E+01 -0.434471805900055E-16    0.587976040142578E+00  0.150203778286680E-16
  0.00000000  0.00000000  0.01000000    0.3570D+00  0.170241684051162E+01 -0.435313197541600E-16    0.587400204346825E+00  0.150200030395588E-16
  0.00000000  0.00000000  0.01000000    0.3679D+00  0.170419896634420E+01 -0.436210781973291E-16    0.586785944451764E+00  0.150195112621928E-16
  0.00000000  0.00000000  0.01000000    0.3791D+00  0.170610470131374E+01 -0.437168590680576E-16    0.586130499042630E+00  0.150188815507079E-16
  0.00000000  0.00000000  0.01000000    0.3907D+00  0.170814357963660E+01 -0.438190989777015E-16    0.585430880589525E+00  0.150180898180778E-16
  0.00000000  0.00000000  0.01000000    0.4026D+00  0.171032600756586E+01 -0.439282699405167E-16    0.584683853006016E+00  0.150171078561002E-16
  0.00000000  0.00000000  0.01000000    0.4149D+00  0.171266336284605E+01 -0.440448839450637E-16    0.583885906415509E+00  0.150159030333278E-16
  0.00000000  0.00000000  0.01000000    0.4276D+00  0.171516810841241E+01 -0.441694960584280E-16    0.583033228693612E+00  0.150144372265363E-16
  0.00000000  0.00000000  0.01000000    0.4406D+00  0.171785392283350E+01 -0.443027096430519E-16    0.582121673273917E+00  0.150126661674722E-16
  0.00000000  0.00000000  0.01000000    0.4540D+00  0.172073585051923E+01 -0.444451811036375E-16    0.581146722606058E+00  0.150105382683912E-16
  0.00000000  0.00000000  0.01000000    0.4679D+00  0.172383047536659E+01 -0.445976250818156E-16    0.580103446533707E+00  0.150079931796527E-16
  0.00000000  0.00000000  0.01000000    0.4822D+00  0.172715612233050E+01 -0.447608221143253E-16    0.578986454710692E+00  0.150049606812267E-16
  0.00000000  0.00000000  0.01000000    0.4969D+00  0.173073309243441E+01 -0.449356246217258E-16    0.577789841987375E+00  0.150013584204780E-16
  0.00000000  0.00000000  0.01000000    0.5120D+00  0.173458393803832E+01 -0.451229661958786E-16    0.576507125467173E+00  0.149970900592784E-16
  0.00000000  0.00000000  0.01000000    0.5276D+00  0.173873378684787E+01 -0.453238707388935E-16    0.575131171640074E+00  0.149920425303174E-16
  0.00000000  0.00000000  0.01000000    0.5437D+00  0.174321072529380E+01 -0.455394633987301E-16    0.573654111628679E+00  0.149860828877371E-16
  0.00000000  0.00000000  0.01000000    0.5603D+00  0.174804625469646E+01 -0.457709829964224E-16    0.572067242107188E+00  0.149790544391774E-16
  0.00000000  0.00000000  0.01000000    0.5774D+00  0.175327583728045E+01 -0.460197970489881E-16    0.570360908840860E+00  0.149707722603686E-16
  0.00000000  0.00000000  0.01000000    0.5950D+00  0.175893955392968E+01 -0.462874180965394E-16    0.568524368996014E+00  0.149610173396793E-16
  0.00000000  0.00000000  0.01000000    0.6131D+00  0.176508290201947E+01 -0.465755230832529E-16    0.566545627322023E+00  0.149495295166378E-16
  0.00000000  0.00000000  0.01000000    0.6318D+00  0.177175777036803E+01 -0.468859765244766E-16    0.564411239913615E+00  0.149359989200124E-16
  0.00000000  0.00000000  0.01000000    0.6511D+00  0.177902364024373E+01 -0.472208571466736E-16    0.562106077389166E+00  0.149200551253126E-16
  0.00000000  0.00000000  0.01000000    0.6709D+00  0.178694907782967E+01 -0.475824889472271E-16    0.559613036771337E+00  0.149012534645011E-16
  0.00000000  0.00000000  0.01000000    0.6914D+00  0.179561360665505E+01 -0.479734787889000E-16    0.556912687837583E+00  0.148790580101558E-16
  0.00000000  0.00000000  0.01000000    0.7125D+00  0.180511008144080E+01 -0.483967603208007E-16    0.553982834776383E+00  0.148528196436144E-16
  0.00000000  0.00000000  0.01000000    0.7342D+00  0.181554773255203E+01 -0.488556462715684E-16    0.550797966955322E+00  0.148217478164800E-16
  0.00000000  0.00000000  0.01000000    0.7565D+00  0.182705612076889E+01 -0.493538931787652E-16    0.547328562397505E+00  0.147848744738534E-16
  0.00000000  0.00000000  0.01000000    0.7796D+00  0.183979034843928E+01 -0.498957761052907E-16    0.543540192418290E+00  0.147410055543210E-16
  0.00000000  0.00000000  0.01000000    0.8034D+00  0.185393803727448E+01 -0.504861831970425E-16    0.539392352869637E+00  0.146886576544351E-16
  0.00000000  0.00000000  0.01000000    0.8279D+00  0.186972884338186E+01 -0.511307291288808E-16    0.534836911533791E+00  0.146259717544382E-16
  0.00000000  0.00000000  0.01000000    0.8531D+00  0.188744770563282E+01 -0.518358950626880E-16    0.529816003386818E+00  0.145505947911197E-16
  0.00000000  0.00000000  0.01000000    0.8791D+00  0.190745374388714E+01 -0.526092036151187E-16    0.524259108879952E+00  0.144595140482620E-16
  0.00000000  0.00000000  0.01000000    0.9059D+00  0.193020799495165E+01 -0.534594365715590E-16    0.518078881973053E+00  0.143488189885963E-16
  0.00000000  0.00000000  0.01000000    0.9335D+00  0.195631553183087E+01 -0.543969112826462E-16    0.511164985263968E+00  0.142133494836471E-16
  0.00000000  0.00000000  0.01000000    0.9619D+00  0.198659215747237E+01 -0.554338319656242E-16    0.503374583574488E+00  0.140461553604126E-16
  0.00000000  0.00000000  0.01000000    0.9913D+00  0.202217574418510E+01 -0.565847422760998E-16    0.494516860305325E+00  0.138376247326807E-16
  0.00000000  0.00000000  0.01000000    0.1021D+01  0.206472550445348E+01 -0.578671165044388E-16    0.484325881500017E+00  0.135739797616802E-16
  0.00000000  0.00000000  0.01000000    0.1053D+01  0.211681504616393E+01 -0.593021358424748E-16    0.472407828833317E+00  0.132344076490245E-16
  0.00000000  0.00000000  0.01000000    0.1085D+01  0.218283200283165E+01 -0.609157286477380E-16    0.458120459431951E+00  0.127846492806282E-16
  0.00000000  0.00000000  0.01000000    0.1118D+01  0.227167403890247E+01 -0.627399742362641E-16    0.440204000607031E+00  0.121577247368328E-16
  0.00000000  0.00000000  0.01000000    0.1152D+01  0.241828515683388E+01 -0.648149712576699E-16    0.413516163374729E+00  0.110830760251638E-16
  0.00000000  0.00000000  0.01000000    0.1187D+01  0.260698514793032E+01  0.102141448294931E+00    0.382996921986420E+00 -0.150057856429487E-01
  0.00000000  0.00000000  0.01000000    0.1223D+01  0.274052209719523E+01  0.320094350878934E+00    0.359982958457519E+00 -0.420461894953766E-01
  0.00000000  0.00000000  0.01000000    0.1260D+01  0.284448748541638E+01  0.482569932417219E+00    0.341721932359408E+00 -0.579734418413242E-01
  0.00000000  0.00000000  0.01000000    0.1299D+01  0.309107824772483E+01  0.697019451078923E+00    0.307857895587269E+00 -0.694200936357704E-01
  0.00000000  0.00000000  0.01000000    0.1338D+01  0.303901601814121E+01  0.167155468749232E+01    0.252625803213950E+00 -0.138952161825746E+00
  0.00000000  0.00000000  0.01000000    0.1379D+01  0.233783766957215E+01  0.190938667807911E+01    0.256588240400790E+00 -0.209563809476426E+00
  0.00000000  0.00000000  0.01000000    0.1421D+01  0.182072085739891E+01  0.179183683839140E+01    0.279007589406708E+00 -0.274581397174706E+00
  0.00000000  0.00000000  0.01000000    0.1464D+01  0.151270082535532E+01  0.160640022228859E+01    0.310693670405153E+00 -0.329938592507387E+00
  0.00000000  0.00000000  0.01000000    0.1509D+01  0.132038604836844E+01  0.138632057594841E+01    0.360239158385339E+00 -0.378227987298894E+00
  0.00000000  0.00000000  0.01000000    0.1555D+01  0.121767933110065E+01  0.115983038208626E+01    0.430587372448151E+00 -0.410131225810202E+00
  0.00000000  0.00000000  0.01000000    0.1602D+01  0.121205518017183E+01  0.919979484851687E+00    0.523466457225336E+00 -0.397323826120714E+00
  0.00000000  0.00000000  0.01000000    0.1651D+01  0.134452644289054E+01  0.670777022942183E+00    0.595531075999899E+00 -0.297107256120577E+00
  0.00000000  0.00000000  0.01000000    0.1701D+01  0.179547150626430E+01  0.472697165939662E+00    0.520855203920035E+00 -0.137126530774186E+00
  0.00000000  0.00000000  0.01000000    0.1753D+01  0.212657227860962E+01  0.117511854374390E+01    0.360239786243448E+00 -0.199064220514427E+00
  0.00000000  0.00000000  0.01000000    0.1807D+01  0.155405269699643E+01  0.207042628760390E+01    0.231887776089197E+00 -0.308938395922479E+00
  0.00000000  0.00000000  0.01000000    0.1862D+01  0.877685019991089E+00  0.625660467510473E+00    0.755464457805260E+00 -0.538535163631691E+00
  0.00000000  0.00000000  0.01000000    0.1919D+01  0.178416334965333E+01  0.666469674320685E+00    0.491854544749602E+00 -0.183731012250706E+00
  0.00000000  0.00000000  0.01000000    0.1977D+01  0.200584218366006E+01  0.175871860009070E+01    0.281858200018391E+00 -0.247132732075615E+00
  0.00000000  0.00000000  0.01000000    0.2037D+01  0.125865083812452E+01  0.202696568058843E+01    0.221095533047741E+00 -0.356058284032889E+00
  0.00000000  0.00000000  0.01000000    0.2099D+01  0.805565639274805E+00  0.166606363060505E+01    0.235221973774981E+00 -0.486483976623466E+00
  0.00000000  0.00000000  0.01000000    0.2163D+01  0.108867155473409E+01  0.214588067326924E+01    0.188025862919135E+00 -0.370617808060113E+00
  0.00000000  0.00000000  0.01000000    0.2229D+01 -0.148028963542609E+01  0.108690801094787E+01   -0.438913015296357E+00 -0.322273466636532E+00
  0.00000000  0.00000000  0.01000000    0.2297D+01 -0.215641806257700E+00  0.282819139915459E+00   -0.170483929961175E+01 -0.223593556730863E+01
  0.00000000  0.00000000  0.01000000    0.2367D+01  0.231500050908803E+00  0.227035099487010E+00    0.220188505073684E+01 -0.215941719922096E+01
  0.00000000  0.00000000  0.01000000    0.2439D+01  0.445523523147433E+00  0.209218123003773E+00    0.183900441860166E+01 -0.863597616434185E+00
  0.00000000  0.00000000  0.01000000    0.2513D+01  0.580027175358052E+00  0.213398520701208E+00    0.151851320205377E+01 -0.558678083976830E+00
  0.00000000  0.00000000  0.01000000    0.2590D+01  0.662826771107770E+00  0.224442348248101E+00    0.135349853653747E+01 -0.458313398209809E+00
  0.00000000  0.00000000  0.01000000    0.2669D+01  0.713927493828398E+00  0.225043735376439E+00    0.127410344780905E+01 -0.401622015722323E+00
  0.00000000  0.00000000  0.01000000    0.2750D+01  0.756685193062271E+00  0.212272759245576E+00    0.122513882219490E+01 -0.343687970414381E+00
  0.00000000  0.00000000  0.01000000    0.2834D+01  0.793640366037751E+00  0.213516236795163E+00    0.117497285472794E+01 -0.316107638942910E+00
  0.00000000  0.00000000  0.01000000    0.2920D+01  0.816655130933860E+00  0.203832720309839E+00    0.115269698639899E+01 -0.287706956744374E+00
  0.00000000  0.00000000  0.01000000    0.3009D+01  0.841150764332421E+00  0.182237247303233E+00    0.113554696774428E+01 -0.246018861731033E+00
  0.00000000  0.00000000  0.01000000    0.3101D+01  0.881210265390855E+00  0.155292156985854E+00    0.110062244764357E+01 -0.193958287408068E+00
  0.00000000  0.00000000  0.01000000    0.3195D+01  0.953155486701807E+00  0.134742150142982E+00    0.102859153750961E+01 -0.145406114025004E+00
  0.00000000  0.00000000  0.01000000    0.3293D+01  0.102547383118877E+01  0.200112040643120E+00    0.939387077446578E+00 -0.183312981086698E+00
  0.00000000  0.00000000  0.01000000    0.3393D+01  0.101887757752329E+01  0.263299924841095E+00    0.920030953049217E+00 -0.237755826738471E+00
  0.00000000  0.00000000  0.01000000    0.3496D+01  0.104994577883167E+01  0.289233309841298E+00    0.885251734848210E+00 -0.243864297066668E+00
  0.00000000  0.00000000  0.01000000    0.3603D+01  0.101578347354234E+01  0.478246081461221E+00    0.805834957128400E+00 -0.379399173730565E+00
  0.00000000  0.00000000  0.01000000    0.3713D+01  0.760591905237418E+00  0.363878324471265E+00    0.106988873406083E+01 -0.511850464408002E+00
  0.00000000  0.00000000  0.01000000    0.3826D+01  0.785028748782973E+00  0.261351541774677E+00    0.114673924477483E+01 -0.381772094461583E+00
  0.00000000  0.00000000  0.01000000    0.3942D+01  0.803357198508456E+00  0.188669453477613E+00    0.117970929533888E+01 -0.277056219110612E+00
  0.00000000  0.00000000  0.01000000    0.4062D+01  0.859366657368328E+00  0.134052511491562E+00    0.113600541504130E+01 -0.177205361237365E+00
  0.00000000  0.00000000  0.01000000    0.4186D+01  0.930159445456510E+00  0.162380375157083E+00    0.104328961925916E+01 -0.182129806454472E+00
  0.00000000  0.00000000  0.01000000    0.4313D+01  0.947237187267838E+00  0.211061375518420E+00    0.100576764083312E+01 -0.224103006701459E+00
  0.00000000  0.00000000  0.01000000    0.4445D+01  0.856276484552624E+00  0.208478530010732E+00    0.110249332504346E+01 -0.268425201320100E+00
  0.00000000  0.00000000  0.01000000    0.4580D+01  0.860337264170305E+00  0.131647491304738E+00    0.113574186701095E+01 -0.173789482088682E+00
  0.00000000  0.00000000  0.01000000    0.4720D+01  0.924961039872407E+00  0.842166648213439E-01    0.107223787431742E+01 -0.976260553445545E-01
  0.00000000  0.00000000  0.01000000    0.4863D+01  0.997129778384603E+00  0.114530926612266E+00    0.989819832136283E+00 -0.113691301785633E+00
  0.00000000  0.00000000  0.01000000    0.5012D+01  0.101743887062373E+01  0.210426125454551E+00    0.942543418847808E+00 -0.194936290943203E+00
  0.00000000  0.00000000  0.01000000    0.5164D+01  0.955288187965685E+00  0.227824012976511E+00    0.990470386495974E+00 -0.236214517282417E+00
  0.00000000  0.00000000  0.01000000    0.5322D+01  0.931963385014292E+00  0.166382440886329E+00    0.103986048659736E+01 -0.185645196714098E+00
  0.00000000  0.00000000  0.01000000    0.5484D+01  0.983333870066375E+00  0.232373492103604E+00    0.963162417489062E+00 -0.227606737882196E+00
  0.00000000  0.00000000  0.01000000    0.5651D+01  0.903200898187693E+00  0.272984669558874E+00    0.101449906182305E+01 -0.306623578115620E+00
  0.00000000  0.00000000  0.01000000    0.5823D+01  0.843086804612568E+00  0.224289725957061E+00    0.110771965526265E+01 -0.294691052637555E+00
  0.00000000  0.00000000  0.01000000    0.6000D+01  0.798268832208075E+00  0.164217202741639E+00    0.120184933702712E+01 -0.247240438659695E+00
  0.00000000  0.00000000  0.01000000    0.6183D+01  0.840953355414958E+00  0.874442935982628E-01    0.117640689998270E+01 -0.122325536476811E+00
  0.00000000  0.00000000  0.01000000    0.6371D+01  0.889823263397522E+00  0.116274516797391E+00    0.110495158817690E+01 -0.144385651943089E+00
  0.00000000  0.00000000  0.01000000    0.6565D+01  0.887997415698587E+00  0.126627587615835E+00    0.110368650242723E+01 -0.157384646414281E+00
  0.00000000  0.00000000  0.01000000    0.6765D+01  0.870687576482118E+00  0.112376986803107E+00    0.112969875898913E+01 -0.145806769224087E+00
  0.00000000  0.00000000  0.01000000    0.6971D+01  0.870919398199485E+00  0.124065293735458E+00    0.112537473345496E+01 -0.160313281753970E+00
  0.00000000  0.00000000  0.01000000    0.7184D+01  0.841114527961665E+00  0.860688227079568E-01    0.117657896881009E+01 -0.120395930996262E+00
  0.00000000  0.00000000  0.01000000    0.7402D+01  0.857800639092757E+00  0.497105280660453E-01    0.116187008984654E+01 -0.673317004887072E-01
  0.00000000  0.00000000  0.01000000    0.7628D+01  0.885795767568264E+00  0.353291606089394E-01    0.112713542120300E+01 -0.449547737544778E-01
  0.00000000  0.00000000  0.01000000    0.7860D+01  0.903365249743821E+00  0.479702616963327E-01    0.110385930270379E+01 -0.586168436760749E-01
  0.00000000  0.00000000  0.01000000    0.8100D+01  0.903128941030143E+00  0.460436844034189E-01    0.110439106481795E+01 -0.563045112787904E-01
  0.00000000  0.00000000  0.01000000    0.8346D+01  0.908617711082052E+00  0.404566101553111E-01    0.109839528213800E+01 -0.489065414243032E-01
  0.00000000  0.00000000  0.01000000    0.8600D+01  0.909924459226344E+00  0.497113621013912E-01    0.109572192732480E+01 -0.598619247338291E-01
  0.00000000  0.00000000  0.01000000    0.8862D+01  0.904241962009006E+00  0.229741773253771E-01    0.110518526793339E+01 -0.280795665205407E-01
  0.00000000  0.00000000  0.01000000    0.9132D+01  0.918719512769623E+00  0.264513988466491E-01    0.108756994583071E+01 -0.313128718950049E-01
  0.00000000  0.00000000  0.01000000    0.9410D+01  0.920347347880724E+00  0.207743275984390E-01    0.108599297260375E+01 -0.245133251423209E-01
  0.00000000  0.00000000  0.01000000    0.9697D+01  0.928573396577861E+00  0.139359018872193E-01    0.107667828786238E+01 -0.161586397360149E-01
  0.00000000  0.00000000  0.01000000    0.9992D+01  0.936095553270815E+00  0.170252684343461E-01    0.106791376109709E+01 -0.194227163924473E-01
  0.00000000  0.00000000  0.01000000    0.1030D+02  0.936738055650999E+00  0.179273018375292E-01    0.106714343957792E+01 -0.204230013180762E-01
  0.00000000  0.00000000  0.01000000    0.1061D+02  0.939085680136125E+00  0.110107683687668E-01    0.106471918878305E+01 -0.124838197551603E-01
  0.00000000  0.00000000  0.01000000    0.1093D+02  0.944561375607467E+00  0.104646586850219E-01    0.105856252420703E+01 -0.117276609002329E-01
  0.00000000  0.00000000  0.01000000    0.1127D+02  0.947931310388746E+00  0.948082548728563E-02    0.105482324208032E+01 -0.105499153456542E-01
  0.00000000  0.00000000  0.01000000    0.1161D+02  0.950255243234307E+00  0.887487170113046E-02    0.105225705324621E+01 -0.982751361874576E-02
  0.00000000  0.00000000  0.01000000    0.1196D+02  0.951875692163746E+00  0.648530394612962E-02    0.105050858102024E+01 -0.715730793634093E-02
  0.00000000  0.00000000  0.01000000    0.1233D+02  0.955390368153363E+00  0.310234258500019E-02    0.104668153368879E+01 -0.339878316040843E-02
  0.00000000  0.00000000  0.01000000    0.1270D+02  0.959168654577526E+00  0.289925009572554E-02    0.104255999065294E+01 -0.315131456629127E-02
  0.00000000  0.00000000  0.01000000    0.1309D+02  0.962069553962445E+00  0.131030000947519E-02    0.103942395947405E+01 -0.141565359628952E-02
  0.00000000  0.00000000  0.01000000    0.1349D+02  0.965332364551639E+00  0.769317386561728E-03    0.103591198389227E+01 -0.825565504090528E-03
  0.00000000  0.00000000  0.01000000    0.1390D+02  0.968078571078047E+00  0.528206450002612E-03    0.103297369879953E+01 -0.563614758853056E-03
  0.00000000  0.00000000  0.01000000    0.1432D+02  0.970480063015467E+00  0.304654567808575E-03    0.103041776906380E+01 -0.323470303059081E-03
  0.00000000  0.00000000  0.01000000    0.1476D+02  0.972660689509260E+00  0.150223216379274E-03    0.102810773266788E+01 -0.158786771226146E-03
  0.00000000  0.00000000  0.01000000    0.1521D+02  0.974677962502563E+00  0.919794533880881E-05    0.102597990144700E+01 -0.968207696826956E-05
  0.00000000  0.00000000  0.01000000    0.1567D+02  0.976523469182004E+00  0.158929819727495E-17    0.102404092841482E+01 -0.166663316635773E-17
  0.00000000  0.00000000  0.01000000    0.1615D+02  0.978165469721121E+00  0.147975872805179E-17    0.102232191889283E+01 -0.154655815318406E-17
  0.00000000  0.00000000  0.01000000    0.1664D+02  0.979656249780815E+00  0.137981251182495E-17    0.102076621286674E+01 -0.143771449677051E-17
