 q(1:3)   w(Ry)   eps  epsi --- LFC included. 
  0.00000000  0.00000000  0.01250000    0.0000D+00  0.167243933336116E+01 -0.157374171798463E-16    0.597929013060381E+00  0.562642729978951E-17
  0.00000000  0.00000000  0.01250000    0.1015D-04  0.167243933338201E+01 -0.157374172329355E-16    0.597929013052927E+00  0.562642731862965E-17
  0.00000000  0.00000000  0.01250000    0.3076D-04  0.167243933355263E+01 -0.157374172394465E-16    0.597929012991927E+00  0.562642731980941E-17
  0.00000000  0.00000000  0.01250000    0.5200D-04  0.167243933390828E+01 -0.157374172436225E-16    0.597929012864776E+00  0.562642731890949E-17
  0.00000000  0.00000000  0.01250000    0.7389D-04  0.167243933446572E+01 -0.157374172340410E-16    0.597929012665479E+00  0.562642731173319E-17
  0.00000000  0.00000000  0.01250000    0.9644D-04  0.167243933524291E+01 -0.157374172476433E-16    0.597929012387619E+00  0.562642731136704E-17
  0.00000000  0.00000000  0.01250000    0.1197D-03  0.167243933625908E+01 -0.157374172918600E-16    0.597929012024320E+00  0.562642732033817E-17
  0.00000000  0.00000000  0.01250000    0.1436D-03  0.167243933753481E+01 -0.157374172872741E-16    0.597929011568222E+00  0.562642731011498E-17
  0.00000000  0.00000000  0.01250000    0.1683D-03  0.167243933909215E+01 -0.157374173505501E-16    0.597929011011443E+00  0.562642732225895E-17
  0.00000000  0.00000000  0.01250000    0.1937D-03  0.167243934095468E+01 -0.157374173730752E-16    0.597929010345551E+00  0.562642731778017E-17
  0.00000000  0.00000000  0.01250000    0.2199D-03  0.167243934314765E+01 -0.157374175429600E-16    0.597929009561525E+00  0.562642736376210E-17
  0.00000000  0.00000000  0.01250000    0.2469D-03  0.167243934569804E+01 -0.157374175253456E-16    0.597929008649710E+00  0.562642734030453E-17
  0.00000000  0.00000000  0.01250000    0.2748D-03  0.167243934863470E+01 -0.157374176579126E-16    0.597929007599797E+00  0.562642736794068E-17
  0.00000000  0.00000000  0.01250000    0.3034D-03  0.167243935198849E+01 -0.157374177270987E-16    0.597929006400754E+00  0.562642737011040E-17
  0.00000000  0.00000000  0.01250000    0.3330D-03  0.167243935579237E+01 -0.157374177662968E-16    0.597929005040797E+00  0.562642735853046E-17
  0.00000000  0.00000000  0.01250000    0.3634D-03  0.167243936008155E+01 -0.157374179524276E-16    0.597929003507330E+00  0.562642739621634E-17
  0.00000000  0.00000000  0.01250000    0.3948D-03  0.167243936489368E+01 -0.157374179742190E-16    0.597929001786901E+00  0.562642737162920E-17
  0.00000000  0.00000000  0.01250000    0.4271D-03  0.167243937026894E+01 -0.157374181216380E-16    0.597928999865146E+00  0.562642738816744E-17
  0.00000000  0.00000000  0.01250000    0.4604D-03  0.167243937625023E+01 -0.157374182697828E-16    0.597928997726720E+00  0.562642740088745E-17
  0.00000000  0.00000000  0.01250000    0.4948D-03  0.167243938288336E+01 -0.157374184623349E-16    0.597928995355250E+00  0.562642742509811E-17
  0.00000000  0.00000000  0.01250000    0.5301D-03  0.167243939021723E+01 -0.157374186838062E-16    0.597928992733251E+00  0.562642745493302E-17
  0.00000000  0.00000000  0.01250000    0.5666D-03  0.167243939830401E+01 -0.157374188677203E-16    0.597928989842074E+00  0.562642746627470E-17
  0.00000000  0.00000000  0.01250000    0.6041D-03  0.167243940719940E+01 -0.157374190605230E-16    0.597928986661802E+00  0.562642747535351E-17
  0.00000000  0.00000000  0.01250000    0.6428D-03  0.167243941696277E+01 -0.157374193084751E-16    0.597928983171210E+00  0.562642749830918E-17
  0.00000000  0.00000000  0.01250000    0.6827D-03  0.167243942765749E+01 -0.157374195891954E-16    0.597928979347645E+00  0.562642752671360E-17
  0.00000000  0.00000000  0.01250000    0.7238D-03  0.167243943935114E+01 -0.157374198212947E-16    0.597928975166942E+00  0.562642753101389E-17
  0.00000000  0.00000000  0.01250000    0.7662D-03  0.167243945211574E+01 -0.157374201696491E-16    0.597928970603351E+00  0.562642756967172E-17
  0.00000000  0.00000000  0.01250000    0.8098D-03  0.167243946602814E+01 -0.157374204987632E-16    0.597928965629405E+00  0.562642759372802E-17
  0.00000000  0.00000000  0.01250000    0.8548D-03  0.167243948117021E+01 -0.157374209286482E-16    0.597928960215826E+00  0.562642764553807E-17
  0.00000000  0.00000000  0.01250000    0.9011D-03  0.167243949762926E+01 -0.157374212647021E-16    0.597928954331403E+00  0.562642765494054E-17
  0.00000000  0.00000000  0.01250000    0.9488D-03  0.167243951549830E+01 -0.157374217674532E-16    0.597928947942881E+00  0.562642771445342E-17
  0.00000000  0.00000000  0.01250000    0.9980D-03  0.167243953487648E+01 -0.157374221856978E-16    0.597928941014815E+00  0.562642773359956E-17
  0.00000000  0.00000000  0.01250000    0.1049D-02  0.167243955586942E+01 -0.157374227274472E-16    0.597928933509439E+00  0.562642778603618E-17
  0.00000000  0.00000000  0.01250000    0.1101D-02  0.167243957858966E+01 -0.157374232133941E-16    0.597928925386521E+00  0.562642780690037E-17
  0.00000000  0.00000000  0.01250000    0.1155D-02  0.167243960315706E+01 -0.157374238248924E-16    0.597928916603209E+00  0.562642786022318E-17
  0.00000000  0.00000000  0.01250000    0.1210D-02  0.167243962969934E+01 -0.157374245324133E-16    0.597928907113840E+00  0.562642793458802E-17
  0.00000000  0.00000000  0.01250000    0.1267D-02  0.167243965835249E+01 -0.157374252506549E-16    0.597928896869794E+00  0.562642799858295E-17
  0.00000000  0.00000000  0.01250000    0.1326D-02  0.167243968926132E+01 -0.157374260026883E-16    0.597928885819300E+00  0.562642805948191E-17
  0.00000000  0.00000000  0.01250000    0.1387D-02  0.167243972258008E+01 -0.157374267584098E-16    0.597928873907213E+00  0.562642810548449E-17
  0.00000000  0.00000000  0.01250000    0.1450D-02  0.167243975847297E+01 -0.157374276768162E-16    0.597928861074828E+00  0.562642819233019E-17
  0.00000000  0.00000000  0.01250000    0.1514D-02  0.167243979711480E+01 -0.157374285975797E-16    0.597928847259641E+00  0.562642826152253E-17
  0.00000000  0.00000000  0.01250000    0.1580D-02  0.167243983869169E+01 -0.157374296566340E-16    0.597928832395115E+00  0.562642836040819E-17
  0.00000000  0.00000000  0.01250000    0.1649D-02  0.167243988340175E+01 -0.157374307124481E-16    0.597928816410426E+00  0.562642843705418E-17
  0.00000000  0.00000000  0.01250000    0.1719D-02  0.167243993145585E+01 -0.157374319014926E-16    0.597928799230181E+00  0.562642853883249E-17
  0.00000000  0.00000000  0.01250000    0.1792D-02  0.167243998307840E+01 -0.157374332314708E-16    0.597928780774145E+00  0.562642866698716E-17
  0.00000000  0.00000000  0.01250000    0.1867D-02  0.167244003850827E+01 -0.157374345879712E-16    0.597928760956924E+00  0.562642877900686E-17
  0.00000000  0.00000000  0.01250000    0.1944D-02  0.167244009799961E+01 -0.157374360186752E-16    0.597928739687652E+00  0.562642889022846E-17
  0.00000000  0.00000000  0.01250000    0.2024D-02  0.167244016182287E+01 -0.157374375982623E-16    0.597928716869639E+00  0.562642902553160E-17
  0.00000000  0.00000000  0.01250000    0.2106D-02  0.167244023026583E+01 -0.157374393697532E-16    0.597928692400000E+00  0.562642919836075E-17
  0.00000000  0.00000000  0.01250000    0.2190D-02  0.167244030363465E+01 -0.157374410316619E-16    0.597928666169274E+00  0.562642929886893E-17
  0.00000000  0.00000000  0.01250000    0.2277D-02  0.167244038225505E+01 -0.157374430245826E-16    0.597928638061013E+00  0.562642948238525E-17
  0.00000000  0.00000000  0.01250000    0.2367D-02  0.167244046647353E+01 -0.157374451469107E-16    0.597928607951335E+00  0.562642967450089E-17
  0.00000000  0.00000000  0.01250000    0.2459D-02  0.167244055665871E+01 -0.157374472758692E-16    0.597928575708457E+00  0.562642982884066E-17
  0.00000000  0.00000000  0.01250000    0.2554D-02  0.167244065320266E+01 -0.157374496607577E-16    0.597928541192201E+00  0.562643003189560E-17
  0.00000000  0.00000000  0.01250000    0.2652D-02  0.167244075652240E+01 -0.157374522121267E-16    0.597928504253482E+00  0.562643024888010E-17
  0.00000000  0.00000000  0.01250000    0.2753D-02  0.167244086706146E+01 -0.157374549019998E-16    0.597928464733727E+00  0.562643046680777E-17
  0.00000000  0.00000000  0.01250000    0.2858D-02  0.167244098529157E+01 -0.157374578426633E-16    0.597928422464284E+00  0.562643072264900E-17
  0.00000000  0.00000000  0.01250000    0.2965D-02  0.167244111171436E+01 -0.157374609489027E-16    0.597928377265812E+00  0.562643098256281E-17
  0.00000000  0.00000000  0.01250000    0.3075D-02  0.167244124686334E+01 -0.157374642067339E-16    0.597928328947579E+00  0.562643123796006E-17
  0.00000000  0.00000000  0.01250000    0.3189D-02  0.167244139130575E+01 -0.157374678289532E-16    0.597928277306779E+00  0.562643156110249E-17
  0.00000000  0.00000000  0.01250000    0.3307D-02  0.167244154564479E+01 -0.157374715801157E-16    0.597928222127765E+00  0.562643186375579E-17
  0.00000000  0.00000000  0.01250000    0.3428D-02  0.167244171052183E+01 -0.157374757141104E-16    0.597928163181233E+00  0.562643223237432E-17
  0.00000000  0.00000000  0.01250000    0.3553D-02  0.167244188661882E+01 -0.157374800067686E-16    0.597928100223382E+00  0.562643258222540E-17
  0.00000000  0.00000000  0.01250000    0.3681D-02  0.167244207466074E+01 -0.157374845700557E-16    0.597928032995016E+00  0.562643294846051E-17
  0.00000000  0.00000000  0.01250000    0.3813D-02  0.167244227541841E+01 -0.157374895618137E-16    0.597927961220556E+00  0.562643338232457E-17
  0.00000000  0.00000000  0.01250000    0.3950D-02  0.167244248971127E+01 -0.157374947880763E-16    0.597927884607044E+00  0.562643380895767E-17
  0.00000000  0.00000000  0.01250000    0.4090D-02  0.167244271841046E+01 -0.157375004525652E-16    0.597927802843036E+00  0.562643429533242E-17
  0.00000000  0.00000000  0.01250000    0.4235D-02  0.167244296244201E+01 -0.157375064315610E-16    0.597927715597458E+00  0.562643479098609E-17
  0.00000000  0.00000000  0.01250000    0.4385D-02  0.167244322279030E+01 -0.157375128956265E-16    0.597927622518391E+00  0.562643535027458E-17
  0.00000000  0.00000000  0.01250000    0.4538D-02  0.167244350050170E+01 -0.157375195980283E-16    0.597927523231737E+00  0.562643587794577E-17
  0.00000000  0.00000000  0.01250000    0.4697D-02  0.167244379668840E+01 -0.157375269208601E-16    0.597927417339880E+00  0.562643650312150E-17
  0.00000000  0.00000000  0.01250000    0.4860D-02  0.167244411253255E+01 -0.157375347639530E-16    0.597927304420186E+00  0.562643718203542E-17
  0.00000000  0.00000000  0.01250000    0.5029D-02  0.167244444929064E+01 -0.157375430349471E-16    0.597927184023448E+00  0.562643787321302E-17
  0.00000000  0.00000000  0.01250000    0.5202D-02  0.167244480829807E+01 -0.157375517428130E-16    0.597927055672247E+00  0.562643857087615E-17
  0.00000000  0.00000000  0.01250000    0.5381D-02  0.167244519097414E+01 -0.157375612317117E-16    0.597926918859166E+00  0.562643938851824E-17
  0.00000000  0.00000000  0.01250000    0.5565D-02  0.167244559882723E+01 -0.157375712903808E-16    0.597926773044952E+00  0.562644024046030E-17
  0.00000000  0.00000000  0.01250000    0.5755D-02  0.167244603346036E+01 -0.157375818649023E-16    0.597926617656511E+00  0.562644109663976E-17
  0.00000000  0.00000000  0.01250000    0.5950D-02  0.167244649657708E+01 -0.157375932577369E-16    0.597926452084806E+00  0.562644205372863E-17
  0.00000000  0.00000000  0.01250000    0.6152D-02  0.167244698998780E+01 -0.157376054164228E-16    0.597926275682612E+00  0.562644308078954E-17
  0.00000000  0.00000000  0.01250000    0.6360D-02  0.167244751561631E+01 -0.157376182814833E-16    0.597926087762158E+00  0.562644414361421E-17
  0.00000000  0.00000000  0.01250000    0.6574D-02  0.167244807550695E+01 -0.157376321748626E-16    0.597925887592583E+00  0.562644534354706E-17
  0.00000000  0.00000000  0.01250000    0.6794D-02  0.167244867183208E+01 -0.157376466745406E-16    0.597925674397260E+00  0.562644651509236E-17
  0.00000000  0.00000000  0.01250000    0.7021D-02  0.167244930690003E+01 -0.157376623823335E-16    0.597925447350958E+00  0.562644785787672E-17
  0.00000000  0.00000000  0.01250000    0.7255D-02  0.167244998316358E+01 -0.157376789388266E-16    0.597925205576799E+00  0.562644922689995E-17
  0.00000000  0.00000000  0.01250000    0.7497D-02  0.167245070322894E+01 -0.157376966924885E-16    0.597924948143067E+00  0.562645072920837E-17
  0.00000000  0.00000000  0.01250000    0.7745D-02  0.167245146986529E+01 -0.157377155566288E-16    0.597924674059777E+00  0.562645231517579E-17
  0.00000000  0.00000000  0.01250000    0.8001D-02  0.167245228601493E+01 -0.157377355475063E-16    0.597924382275067E+00  0.562645397081725E-17
  0.00000000  0.00000000  0.01250000    0.8265D-02  0.167245315480402E+01 -0.157377569581685E-16    0.597924071671340E+00  0.562645577986590E-17
  0.00000000  0.00000000  0.01250000    0.8537D-02  0.167245407955406E+01 -0.157377797157748E-16    0.597923741061182E+00  0.562645769393075E-17
  0.00000000  0.00000000  0.01250000    0.8818D-02  0.167245506379396E+01 -0.157378038220593E-16    0.597923389183028E+00  0.562645968988653E-17
  0.00000000  0.00000000  0.01250000    0.9107D-02  0.167245611127301E+01 -0.157378296062673E-16    0.597923014696535E+00  0.562646186021422E-17
  0.00000000  0.00000000  0.01250000    0.9404D-02  0.167245722597452E+01 -0.157378570626576E-16    0.597922616177711E+00  0.562646417605808E-17
  0.00000000  0.00000000  0.01250000    0.9711D-02  0.167245841213041E+01 -0.157378861780814E-16    0.597922192113694E+00  0.562646660424136E-17
  0.00000000  0.00000000  0.01250000    0.1003D-01  0.167245967423662E+01 -0.157379171558890E-16    0.597921740897247E+00  0.562646918721130E-17
  0.00000000  0.00000000  0.01250000    0.1035D-01  0.167246101706954E+01 -0.157379502355466E-16    0.597921260820886E+00  0.562647197843963E-17
  0.00000000  0.00000000  0.01250000    0.1069D-01  0.167246244570345E+01 -0.157379852269899E-16    0.597920750070650E+00  0.562647487583176E-17
  0.00000000  0.00000000  0.01250000    0.1103D-01  0.167246396552900E+01 -0.157380225925446E-16    0.597920206719493E+00  0.562647800839997E-17
  0.00000000  0.00000000  0.01250000    0.1139D-01  0.167246558227283E+01 -0.157380623893190E-16    0.597919628720271E+00  0.562648135802596E-17
  0.00000000  0.00000000  0.01250000    0.1176D-01  0.167246730201854E+01 -0.157381045824950E-16    0.597919013898256E+00  0.562648487132497E-17
  0.00000000  0.00000000  0.01250000    0.1214D-01  0.167246913122879E+01 -0.157381496501599E-16    0.597918359943233E+00  0.562648867572881E-17
  0.00000000  0.00000000  0.01250000    0.1253D-01  0.167247107676884E+01 -0.157381974511099E-16    0.597917664401090E+00  0.562649267455851E-17
  0.00000000  0.00000000  0.01250000    0.1293D-01  0.167247314593159E+01 -0.157382482708614E-16    0.597916924664872E+00  0.562649692081250E-17
  0.00000000  0.00000000  0.01250000    0.1334D-01  0.167247534646416E+01 -0.157383023445355E-16    0.597916137965283E+00  0.562650144641536E-17
  0.00000000  0.00000000  0.01250000    0.1377D-01  0.167247768659601E+01 -0.157383598575968E-16    0.597915301360640E+00  0.562650626229265E-17
  0.00000000  0.00000000  0.01250000    0.1421D-01  0.167248017506901E+01 -0.157384210422577E-16    0.597914411726128E+00  0.562651139263358E-17
  0.00000000  0.00000000  0.01250000    0.1466D-01  0.167248282116916E+01 -0.157384860882515E-16    0.597913465742472E+00  0.562651684277858E-17
  0.00000000  0.00000000  0.01250000    0.1513D-01  0.167248563476047E+01 -0.157385552440343E-16    0.597912459883828E+00  0.562652263517098E-17
  0.00000000  0.00000000  0.01250000    0.1561D-01  0.167248862632078E+01 -0.157386287211138E-16    0.597911390404996E+00  0.562652877491335E-17
  0.00000000  0.00000000  0.01250000    0.1610D-01  0.167249180697994E+01 -0.157387069390086E-16    0.597910253327772E+00  0.562653533708285E-17
  0.00000000  0.00000000  0.01250000    0.1662D-01  0.167249518856026E+01 -0.157387900895946E-16    0.597909044426510E+00  0.562654231071344E-17
  0.00000000  0.00000000  0.01250000    0.1714D-01  0.167249878361956E+01 -0.157388782845436E-16    0.597907759212738E+00  0.562654965121580E-17
  0.00000000  0.00000000  0.01250000    0.1768D-01  0.167250260549681E+01 -0.157389722984347E-16    0.597906392918865E+00  0.562655754572753E-17
  0.00000000  0.00000000  0.01250000    0.1824D-01  0.167250666836066E+01 -0.157390721384036E-16    0.597904940480847E+00  0.562656590144409E-17
  0.00000000  0.00000000  0.01250000    0.1882D-01  0.167251098726099E+01 -0.157391783413845E-16    0.597903396519783E+00  0.562657480902751E-17
  0.00000000  0.00000000  0.01250000    0.1941D-01  0.167251557818364E+01 -0.157392910680146E-16    0.597901755322367E+00  0.562658421831591E-17
  0.00000000  0.00000000  0.01250000    0.2002D-01  0.167252045810853E+01 -0.157394111884305E-16    0.597900010820142E+00  0.562659432609139E-17
  0.00000000  0.00000000  0.01250000    0.2065D-01  0.167252564507149E+01 -0.157395385400090E-16    0.597898156567433E+00  0.562660495282940E-17
  0.00000000  0.00000000  0.01250000    0.2130D-01  0.167253115822976E+01 -0.157396740279394E-16    0.597896185717952E+00  0.562661629318127E-17
  0.00000000  0.00000000  0.01250000    0.2197D-01  0.167253701793175E+01 -0.157398180251152E-16    0.597894090999907E+00  0.562662834348951E-17
  0.00000000  0.00000000  0.01250000    0.2266D-01  0.167254324579108E+01 -0.157399712001428E-16    0.597891864689586E+00  0.562664119728792E-17
  0.00000000  0.00000000  0.01250000    0.2337D-01  0.167254986476514E+01 -0.157401337839160E-16    0.597889498583303E+00  0.562665478258918E-17
  0.00000000  0.00000000  0.01250000    0.2410D-01  0.167255689923869E+01 -0.157403066589430E-16    0.597886983967585E+00  0.562666925072858E-17
  0.00000000  0.00000000  0.01250000    0.2486D-01  0.167256437511259E+01 -0.157404904332971E-16    0.597884311587519E+00  0.562668464472602E-17
  0.00000000  0.00000000  0.01250000    0.2564D-01  0.167257231989803E+01 -0.157406856778844E-16    0.597881471613116E+00  0.562670098346882E-17
  0.00000000  0.00000000  0.01250000    0.2644D-01  0.167258076281678E+01 -0.157408930719190E-16    0.597878453603584E+00  0.562671831303925E-17
  0.00000000  0.00000000  0.01250000    0.2726D-01  0.167258973490750E+01 -0.157411136220530E-16    0.597875246469394E+00  0.562673678432455E-17
  0.00000000  0.00000000  0.01250000    0.2811D-01  0.167259926913883E+01 -0.157413479479255E-16    0.597871838431968E+00  0.562675639686789E-17
  0.00000000  0.00000000  0.01250000    0.2899D-01  0.167260940052953E+01 -0.157415968885054E-16    0.597868216980851E+00  0.562677721480130E-17
  0.00000000  0.00000000  0.01250000    0.2989D-01  0.167262016627605E+01 -0.157418614388700E-16    0.597864368828231E+00  0.562679934338315E-17
  0.00000000  0.00000000  0.01250000    0.3082D-01  0.167263160588818E+01 -0.157421426553121E-16    0.597860279860605E+00  0.562682289416194E-17
  0.00000000  0.00000000  0.01250000    0.3178D-01  0.167264376133313E+01 -0.157424412956065E-16    0.597855935087446E+00  0.562684785542304E-17
  0.00000000  0.00000000  0.01250000    0.3277D-01  0.167265667718860E+01 -0.157427587124193E-16    0.597851318586667E+00  0.562687441049228E-17
  0.00000000  0.00000000  0.01250000    0.3379D-01  0.167267040080558E+01 -0.157430959821855E-16    0.597846413446657E+00  0.562690262526504E-17
  0.00000000  0.00000000  0.01250000    0.3484D-01  0.167268498248117E+01 -0.157434542798665E-16    0.597841201704732E+00  0.562693258099176E-17
  0.00000000  0.00000000  0.01250000    0.3592D-01  0.167270047564240E+01 -0.157438349718149E-16    0.597835664281706E+00  0.562696440622564E-17
  0.00000000  0.00000000  0.01250000    0.3703D-01  0.167271693704157E+01 -0.157442394811357E-16    0.597829780912388E+00  0.562699822737888E-17
  0.00000000  0.00000000  0.01250000    0.3818D-01  0.167273442696376E+01 -0.157446693105210E-16    0.597823530071737E+00  0.562703417548048E-17
  0.00000000  0.00000000  0.01250000    0.3936D-01  0.167275300944760E+01 -0.157451259435200E-16    0.597816888896368E+00  0.562707234939905E-17
  0.00000000  0.00000000  0.01250000    0.4058D-01  0.167277275251976E+01 -0.157456110320321E-16    0.597809833101157E+00  0.562711288126610E-17
  0.00000000  0.00000000  0.01250000    0.4184D-01  0.167279372844435E+01 -0.157461263760551E-16    0.597802336890617E+00  0.562715592754801E-17
  0.00000000  0.00000000  0.01250000    0.4313D-01  0.167281601398799E+01 -0.157466739508210E-16    0.597794372864714E+00  0.562720167694649E-17
  0.00000000  0.00000000  0.01250000    0.4447D-01  0.167283969070174E+01 -0.157472557794907E-16    0.597785911918739E+00  0.562725030299324E-17
  0.00000000  0.00000000  0.01250000    0.4584D-01  0.167286484522077E+01 -0.157478739118080E-16    0.597776923136925E+00  0.562730195439461E-17
  0.00000000  0.00000000  0.01250000    0.4726D-01  0.167289156958312E+01 -0.157485304567682E-16    0.597767373679335E+00  0.562735676454948E-17
  0.00000000  0.00000000  0.01250000    0.4872D-01  0.167291996156856E+01 -0.157492279588852E-16    0.597757228661664E+00  0.562741498370135E-17
  0.00000000  0.00000000  0.01250000    0.5022D-01  0.167295012505927E+01 -0.157499690938990E-16    0.597746451027386E+00  0.562747686774918E-17
  0.00000000  0.00000000  0.01250000    0.5177D-01  0.167298217042312E+01 -0.157507562846645E-16    0.597735001411931E+00  0.562754253840721E-17
  0.00000000  0.00000000  0.01250000    0.5337D-01  0.167301621492174E+01 -0.157515928588318E-16    0.597722837998184E+00  0.562761239406955E-17
  0.00000000  0.00000000  0.01250000    0.5501D-01  0.167305238314448E+01 -0.157524813106528E-16    0.597709916362879E+00  0.562768648582418E-17
  0.00000000  0.00000000  0.01250000    0.5671D-01  0.167309080747022E+01 -0.157534252843302E-16    0.597696189313264E+00  0.562776522292441E-17
  0.00000000  0.00000000  0.01250000    0.5846D-01  0.167313162855886E+01 -0.157544280196251E-16    0.597681606713360E+00  0.562784881410079E-17
  0.00000000  0.00000000  0.01250000    0.6026D-01  0.167317499587435E+01 -0.157554933135745E-16    0.597666115299215E+00  0.562793760758184E-17
  0.00000000  0.00000000  0.01250000    0.6211D-01  0.167322106824148E+01 -0.157566249843029E-16    0.597649658482355E+00  0.562803189574955E-17
  0.00000000  0.00000000  0.01250000    0.6403D-01  0.167327001443867E+01 -0.157578273368714E-16    0.597632176140722E+00  0.562813207750182E-17
  0.00000000  0.00000000  0.01250000    0.6600D-01  0.167332201382915E+01 -0.157591046014936E-16    0.597613604396234E+00  0.562823845328162E-17
  0.00000000  0.00000000  0.01250000    0.6803D-01  0.167337725703311E+01 -0.157604613084110E-16    0.597593875378104E+00  0.562835135439732E-17
  0.00000000  0.00000000  0.01250000    0.7012D-01  0.167343594664378E+01 -0.157619026977930E-16    0.597572916970971E+00  0.562847128449894E-17
  0.00000000  0.00000000  0.01250000    0.7227D-01  0.167349829799017E+01 -0.157634340351955E-16    0.597550652546807E+00  0.562859866987740E-17
  0.00000000  0.00000000  0.01250000    0.7450D-01  0.167356453994989E+01 -0.157650606742429E-16    0.597527000679604E+00  0.562873387631313E-17
  0.00000000  0.00000000  0.01250000    0.7678D-01  0.167363491581546E+01 -0.157667888903041E-16    0.597501874841538E+00  0.562887750080029E-17
  0.00000000  0.00000000  0.01250000    0.7914D-01  0.167370968421782E+01 -0.157686247706818E-16    0.597475183079517E+00  0.562902996894484E-17
  0.00000000  0.00000000  0.01250000    0.8157D-01  0.167378912011106E+01 -0.157705752092576E-16    0.597446827670648E+00  0.562919188331629E-17
  0.00000000  0.00000000  0.01250000    0.8408D-01  0.167387351582272E+01 -0.157726472262060E-16    0.597416704755314E+00  0.562936377335334E-17
  0.00000000  0.00000000  0.01250000    0.8666D-01  0.167396318217415E+01 -0.157748485183025E-16    0.597384703946234E+00  0.562954628408454E-17
  0.00000000  0.00000000  0.01250000    0.8932D-01  0.167405844967628E+01 -0.157771871217683E-16    0.597350707911887E+00  0.562974004752887E-17
  0.00000000  0.00000000  0.01250000    0.9206D-01  0.167415966980589E+01 -0.157796717657012E-16    0.597314591932528E+00  0.562994580000358E-17
  0.00000000  0.00000000  0.01250000    0.9488D-01  0.167426721636848E+01 -0.157823113967573E-16    0.597276223426878E+00  0.563016420308832E-17
  0.00000000  0.00000000  0.01250000    0.9779D-01  0.167438148695396E+01 -0.157851158706887E-16    0.597235461447442E+00  0.563039608027593E-17
  0.00000000  0.00000000  0.01250000    0.1008D+00  0.167450290449197E+01 -0.157880954222994E-16    0.597192156142237E+00  0.563064221706015E-17
  0.00000000  0.00000000  0.01250000    0.1039D+00  0.167463191891460E+01 -0.157912611195332E-16    0.597146148180517E+00  0.563090351135418E-17
  0.00000000  0.00000000  0.01250000    0.1071D+00  0.167476900893406E+01 -0.157946245236548E-16    0.597097268139961E+00  0.563118083990173E-17
  0.00000000  0.00000000  0.01250000    0.1103D+00  0.167491468394461E+01 -0.157981983659436E-16    0.597045335852505E+00  0.563147528627865E-17
  0.00000000  0.00000000  0.01250000    0.1137D+00  0.167506948605782E+01 -0.158019955372603E-16    0.596990159705818E+00  0.563178776640554E-17
  0.00000000  0.00000000  0.01250000    0.1172D+00  0.167523399228192E+01 -0.158060301751003E-16    0.596931535897175E+00  0.563211940082933E-17
  0.00000000  0.00000000  0.01250000    0.1208D+00  0.167540881685624E+01 -0.158103174296330E-16    0.596869247636175E+00  0.563247141484028E-17
  0.00000000  0.00000000  0.01250000    0.1245D+00  0.167559461375322E+01 -0.158148730996026E-16    0.596803064292541E+00  0.563284499112775E-17
  0.00000000  0.00000000  0.01250000    0.1283D+00  0.167579207936145E+01 -0.158197140512506E-16    0.596732740484751E+00  0.563324140014135E-17
  0.00000000  0.00000000  0.01250000    0.1322D+00  0.167600195536434E+01 -0.158248585593654E-16    0.596658015105126E+00  0.563366210112669E-17
  0.00000000  0.00000000  0.01250000    0.1363D+00  0.167622503183070E+01 -0.158303256709450E-16    0.596578610276355E+00  0.563410849358341E-17
  0.00000000  0.00000000  0.01250000    0.1405D+00  0.167646215053481E+01 -0.158361358993295E-16    0.596494230234182E+00  0.563458214081424E-17
  0.00000000  0.00000000  0.01250000    0.1448D+00  0.167671420852523E+01 -0.158423108830212E-16    0.596404560130472E+00  0.563508462300734E-17
  0.00000000  0.00000000  0.01250000    0.1492D+00  0.167698216196403E+01 -0.158488739865640E-16    0.596309264750218E+00  0.563561772355309E-17
  0.00000000  0.00000000  0.01250000    0.1537D+00  0.167726703025947E+01 -0.158558498546934E-16    0.596207987135657E+00  0.563618324073868E-17
  0.00000000  0.00000000  0.01250000    0.1585D+00  0.167756990051830E+01 -0.158632648405382E-16    0.596100347109853E+00  0.563678310800571E-17
  0.00000000  0.00000000  0.01250000    0.1633D+00  0.167789193234612E+01 -0.158711470327677E-16    0.595985939691448E+00  0.563741936888577E-17
  0.00000000  0.00000000  0.01250000    0.1683D+00  0.167823436302740E+01 -0.158795263683998E-16    0.595864333391481E+00  0.563809417953416E-17
  0.00000000  0.00000000  0.01250000    0.1734D+00  0.167859851312021E+01 -0.158884345749978E-16    0.595735068382244E+00  0.563880974756069E-17
  0.00000000  0.00000000  0.01250000    0.1787D+00  0.167898579250424E+01 -0.158979057308743E-16    0.595597654527190E+00  0.563956848680672E-17
  0.00000000  0.00000000  0.01250000    0.1842D+00  0.167939770692561E+01 -0.159079762502099E-16    0.595451569259702E+00  0.564037296399210E-17
  0.00000000  0.00000000  0.01250000    0.1898D+00  0.167983586508608E+01 -0.159186846391373E-16    0.595296255297394E+00  0.564122576014473E-17
  0.00000000  0.00000000  0.01250000    0.1956D+00  0.168030198633052E+01 -0.159300724010054E-16    0.595131118177048E+00  0.564212973487901E-17
  0.00000000  0.00000000  0.01250000    0.2016D+00  0.168079790899219E+01 -0.159421834592711E-16    0.594955523593913E+00  0.564308775998420E-17
  0.00000000  0.00000000  0.01250000    0.2078D+00  0.168132559946288E+01 -0.159550650372368E-16    0.594768794527044E+00  0.564410296365525E-17
  0.00000000  0.00000000  0.01250000    0.2141D+00  0.168188716206305E+01 -0.159687676192977E-16    0.594570208130591E+00  0.564517864286957E-17
  0.00000000  0.00000000  0.01250000    0.2207D+00  0.168248484979604E+01 -0.159833446910301E-16    0.594358992368476E+00  0.564631809100111E-17
  0.00000000  0.00000000  0.01250000    0.2274D+00  0.168312107608150E+01 -0.159988540682168E-16    0.594134322367418E+00  0.564752497937051E-17
  0.00000000  0.00000000  0.01250000    0.2343D+00  0.168379842757504E+01 -0.160153570090838E-16    0.593895316460280E+00  0.564880294658093E-17
  0.00000000  0.00000000  0.01250000    0.2415D+00  0.168451967819512E+01 -0.160329197270932E-16    0.593641031888362E+00  0.565015602618115E-17
  0.00000000  0.00000000  0.01250000    0.2489D+00  0.168528780449435E+01 -0.160516124392457E-16    0.593370460127454E+00  0.565158819369757E-17
  0.00000000  0.00000000  0.01250000    0.2565D+00  0.168610600253094E+01 -0.160715107984152E-16    0.593082521798121E+00  0.565310374266039E-17
  0.00000000  0.00000000  0.01250000    0.2643D+00  0.168697770641745E+01 -0.160926956797736E-16    0.592776061115620E+00  0.565470706666705E-17
  0.00000000  0.00000000  0.01250000    0.2724D+00  0.168790660874903E+01 -0.161152538886864E-16    0.592449839829194E+00  0.565640275100000E-17
  0.00000000  0.00000000  0.01250000    0.2807D+00  0.168889668314245E+01 -0.161392785933358E-16    0.592102530593730E+00  0.565819555006218E-17
  0.00000000  0.00000000  0.01250000    0.2893D+00  0.168995220915072E+01 -0.161648698795812E-16    0.591732709709317E+00  0.566009038844369E-17
  0.00000000  0.00000000  0.01250000    0.2981D+00  0.169107779985831E+01 -0.161921350514283E-16    0.591338849155127E+00  0.566209225115381E-17
  0.00000000  0.00000000  0.01250000    0.3072D+00  0.169227843250795E+01 -0.162211897479346E-16    0.590919307833996E+00  0.566420633505791E-17
  0.00000000  0.00000000  0.01250000    0.3166D+00  0.169355948256490E+01 -0.162521582050604E-16    0.590472321931969E+00  0.566643787274238E-17
  0.00000000  0.00000000  0.01250000    0.3262D+00  0.169492676168956E+01 -0.162851741354094E-16    0.589995994283059E+00  0.566879214091578E-17
  0.00000000  0.00000000  0.01250000    0.3362D+00  0.169638656016539E+01 -0.163203820054647E-16    0.589488282613194E+00  0.567127457025755E-17
  0.00000000  0.00000000  0.01250000    0.3464D+00  0.169794569442044E+01 -0.163579372614689E-16    0.588946986517922E+00  0.567389044740898E-17
  0.00000000  0.00000000  0.01250000    0.3570D+00  0.169961156038977E+01 -0.163980079799194E-16    0.588369733005740E+00  0.567664506515745E-17
  0.00000000  0.00000000  0.01250000    0.3679D+00  0.170139219359586E+01 -0.164407755585648E-16    0.587753960411983E+00  0.567954348395599E-17
  0.00000000  0.00000000  0.01250000    0.3791D+00  0.170329633698115E+01 -0.164864364992903E-16    0.587096900456180E+00  0.568259060866404E-17
  0.00000000  0.00000000  0.01250000    0.3907D+00  0.170533351771601E+01 -0.165352035954923E-16    0.586395558177572E+00  0.568579098529936E-17
  0.00000000  0.00000000  0.01250000    0.4026D+00  0.170751413443509E+01 -0.165873072154678E-16    0.585646689437707E+00  0.568914854730545E-17
  0.00000000  0.00000000  0.01250000    0.4149D+00  0.170984955663506E+01 -0.166429981381776E-16    0.584846775623919E+00  0.569266679636048E-17
  0.00000000  0.00000000  0.01250000    0.4276D+00  0.171235223830931E+01 -0.167025484010870E-16    0.583991995120905E+00  0.569634818475492E-17
  0.00000000  0.00000000  0.01250000    0.4406D+00  0.171503584831773E+01 -0.167662546545581E-16    0.583078191036586E+00  0.570019422277831E-17
  0.00000000  0.00000000  0.01250000    0.4540D+00  0.171791542051172E+01 -0.168344396435687E-16    0.582100834569683E+00  0.570420478740179E-17
  0.00000000  0.00000000  0.01250000    0.4679D+00  0.172100752728534E+01 -0.169074564870176E-16    0.581054983284919E+00  0.570837819747997E-17
  0.00000000  0.00000000  0.01250000    0.4822D+00  0.172433048103764E+01 -0.169856909964664E-16    0.579935233412007E+00  0.571271040037071E-17
  0.00000000  0.00000000  0.01250000    0.4969D+00  0.172790456905846E+01 -0.170695661275494E-16    0.578735665098046E+00  0.571719461980782E-17
  0.00000000  0.00000000  0.01250000    0.5120D+00  0.173175232865186E+01 -0.171595458166926E-16    0.577449779310235E+00  0.572182048262460E-17
  0.00000000  0.00000000  0.01250000    0.5276D+00  0.173589887097722E+01 -0.172561405521093E-16    0.576070424792114E+00  0.572657335304902E-17
  0.00000000  0.00000000  0.01250000    0.5437D+00  0.174037226423216E+01 -0.173599131399419E-16    0.574589713104393E+00  0.573143327757938E-17
  0.00000000  0.00000000  0.01250000    0.5603D+00  0.174520398958585E+01 -0.174714847138467E-16    0.572998919305305E+00  0.573637346661636E-17
  0.00000000  0.00000000  0.01250000    0.5774D+00  0.175042948692000E+01 -0.175915432258564E-16    0.571288365211196E+00  0.574135893284394E-17
  0.00000000  0.00000000  0.01250000    0.5950D+00  0.175608881225754E+01 -0.177208522084614E-16    0.569447281378924E+00  0.574634440091527E-17
  0.00000000  0.00000000  0.01250000    0.6131D+00  0.176222743520312E+01 -0.178602610564552E-16    0.567463642900746E+00  0.575127171430411E-17
  0.00000000  0.00000000  0.01250000    0.6318D+00  0.176889721342026E+01 -0.180107176959093E-16    0.565323972706386E+00  0.575606677533137E-17
  0.00000000  0.00000000  0.01250000    0.6511D+00  0.177615759305997E+01 -0.181732829360837E-16    0.563013104190377E+00  0.576063547466368E-17
  0.00000000  0.00000000  0.01250000    0.6709D+00  0.178407710051191E+01 -0.183491475520683E-16    0.560513892428229E+00  0.576485854462155E-17
  0.00000000  0.00000000  0.01250000    0.6914D+00  0.179273521394823E+01 -0.185396526839568E-16    0.557806859718927E+00  0.576858498871221E-17
  0.00000000  0.00000000  0.01250000    0.7125D+00  0.180222473605178E+01 -0.187463143985457E-16    0.554869756249571E+00  0.577162364538757E-17
  0.00000000  0.00000000  0.01250000    0.7342D+00  0.181265483704529E+01 -0.189708528548661E-16    0.551677009634138E+00  0.577373207479560E-17
  0.00000000  0.00000000  0.01250000    0.7565D+00  0.182415500762419E+01 -0.192152275996818E-16    0.548199026848283E+00  0.577460195366468E-17
  0.00000000  0.00000000  0.01250000    0.7796D+00  0.183688026770040E+01 -0.194816806012508E-16    0.544401296907557E+00  0.577383968446525E-17
  0.00000000  0.00000000  0.01250000    0.8034D+00  0.185101814098722E+01 -0.197727890476069E-16    0.540243219586524E+00  0.577094031589939E-17
  0.00000000  0.00000000  0.01250000    0.8279D+00  0.186679816567082E+01 -0.200915294296536E-16    0.535676549500282E+00  0.576525162547113E-17
  0.00000000  0.00000000  0.01250000    0.8531D+00  0.188450513672513E+01 -0.204413591403514E-16    0.530643286936212E+00  0.575592488037974E-17
  0.00000000  0.00000000  0.01250000    0.8791D+00  0.190449799552196E+01 -0.208263162477028E-16    0.525072750063952E+00  0.574184439762873E-17
  0.00000000  0.00000000  0.01250000    0.9059D+00  0.192723755316481E+01 -0.212511458793018E-16    0.518877394412459E+00  0.572152570606754E-17
  0.00000000  0.00000000  0.01250000    0.9335D+00  0.195332859057067E+01 -0.217214641503813E-16    0.511946635516070E+00  0.569296458565725E-17
  0.00000000  0.00000000  0.01250000    0.9619D+00  0.198358652181017E+01 -0.222439640409745E-16    0.504137323481823E+00  0.565340224484344E-17
  0.00000000  0.00000000  0.01250000    0.9913D+00  0.201914868251415E+01 -0.228266866934717E-16    0.495258228707976E+00  0.559894598995263E-17
  0.00000000  0.00000000  0.01250000    0.1021D+01  0.206167350835591E+01 -0.234793792901268E-16    0.485042852782959E+00  0.552391300867908E-17
  0.00000000  0.00000000  0.01250000    0.1053D+01  0.211373340364741E+01 -0.242139682743871E-16    0.473096559043076E+00  0.541957895523783E-17
  0.00000000  0.00000000  0.01250000    0.1085D+01  0.217971392058969E+01 -0.250452033974505E-16    0.458775801059922E+00  0.527139508668437E-17
  0.00000000  0.00000000  0.01250000    0.1118D+01  0.226850823066282E+01 -0.259915389212135E-16    0.440818325665857E+00  0.505069653874721E-17
  0.00000000  0.00000000  0.01250000    0.1152D+01  0.241503548694928E+01 -0.270763305357074E-16    0.414072590404549E+00  0.464240231009310E-17
  0.00000000  0.00000000  0.01250000    0.1187D+01  0.260370782314557E+01  0.102031853157745E+00    0.383478788989846E+00 -0.150274355438437E-01
  0.00000000  0.00000000  0.01250000    0.1223D+01  0.273714850711542E+01  0.320098902361577E+00    0.360414541731719E+00 -0.421490828515754E-01
  0.00000000  0.00000000  0.01250000    0.1260D+01  0.284093651144302E+01  0.482388316465896E+00    0.342132339767266E+00 -0.580937457504247E-01
  0.00000000  0.00000000  0.01250000    0.1299D+01  0.308734371865677E+01  0.696734992087393E+00    0.308206387007525E+00 -0.695543464484735E-01
  0.00000000  0.00000000  0.01250000    0.1338D+01  0.303527404285259E+01  0.167042886838466E+01    0.252871626092896E+00 -0.139165050093455E+00
  0.00000000  0.00000000  0.01250000    0.1379D+01  0.233492532677351E+01  0.190839462915345E+01    0.256758827773549E+00 -0.209855605355856E+00
  0.00000000  0.00000000  0.01250000    0.1421D+01  0.181785322937457E+01  0.179101918610907E+01    0.279139787642293E+00 -0.275019295944900E+00
  0.00000000  0.00000000  0.01250000    0.1464D+01  0.150996556747922E+01  0.160583240440810E+01    0.310776034182366E+00 -0.330507024101629E+00
  0.00000000  0.00000000  0.01250000    0.1509D+01  0.131769397328387E+01  0.138569967578966E+01    0.360372164862325E+00 -0.378970840072108E+00
  0.00000000  0.00000000  0.01250000    0.1555D+01  0.121507648603233E+01  0.115952878490004E+01    0.430737987443284E+00 -0.411046630341187E+00
  0.00000000  0.00000000  0.01250000    0.1602D+01  0.120942633958896E+01  0.919848870962701E+00    0.523825589474636E+00 -0.398404070828634E+00
  0.00000000  0.00000000  0.01250000    0.1651D+01  0.134194144180183E+01  0.670992888485191E+00    0.596143321056813E+00 -0.298081508243738E+00
  0.00000000  0.00000000  0.01250000    0.1701D+01  0.179126906280815E+01  0.474443527872037E+00    0.521666833159612E+00 -0.138171008385572E+00
  0.00000000  0.00000000  0.01250000    0.1753D+01  0.212160189144113E+01  0.117345340497287E+01    0.360927904881052E+00 -0.199628441434272E+00
  0.00000000  0.00000000  0.01250000    0.1807D+01  0.155078961367769E+01  0.206811853204359E+01    0.232082470036231E+00 -0.309503012537029E+00
  0.00000000  0.00000000  0.01250000    0.1862D+01  0.875255493227108E+00  0.624986308543273E+00    0.756696272589236E+00 -0.540327725736750E+00
  0.00000000  0.00000000  0.01250000    0.1919D+01  0.178093544273269E+01  0.666304784437869E+00    0.492557135002881E+00 -0.184281343268595E+00
  0.00000000  0.00000000  0.01250000    0.1977D+01  0.200238674742189E+01  0.175689626100401E+01    0.282175849367365E+00 -0.247581390227161E+00
  0.00000000  0.00000000  0.01250000    0.2037D+01  0.125680183276520E+01  0.202663842498051E+01    0.221002796833771E+00 -0.356375005521780E+00
  0.00000000  0.00000000  0.01250000    0.2099D+01  0.802271618116851E+00  0.166485913682746E+01    0.234898585648097E+00 -0.487457174992725E+00
  0.00000000  0.00000000  0.01250000    0.2163D+01  0.108587831417756E+01  0.214451857917275E+01    0.187930268335102E+00 -0.371146515011483E+00
  0.00000000  0.00000000  0.01250000    0.2229D+01 -0.148003474537583E+01  0.108828327333826E+01   -0.438546572235774E+00 -0.322467361415106E+00
  0.00000000  0.00000000  0.01250000    0.2297D+01 -0.217913980398838E+00  0.284458473359145E+00   -0.169710806367882E+01 -0.221535473784657E+01
  0.00000000  0.00000000  0.01250000    0.2367D+01  0.227068494805250E+00  0.229844270135431E+00    0.217522540212624E+01 -0.220181622008178E+01
  0.00000000  0.00000000  0.01250000    0.2439D+01  0.439125930186329E+00  0.209604383364418E+00    0.185468652168057E+01 -0.885282325610332E+00
  0.00000000  0.00000000  0.01250000    0.2513D+01  0.574545947896918E+00  0.210554383527023E+00    0.153442951317128E+01 -0.562323799156642E+00
  0.00000000  0.00000000  0.01250000    0.2590D+01  0.658867199928624E+00  0.222531708843388E+00    0.136234760959508E+01 -0.460131482694449E+00
  0.00000000  0.00000000  0.01250000    0.2669D+01  0.710565887062860E+00  0.222318682425823E+00    0.128184756051738E+01 -0.401058741931654E+00
  0.00000000  0.00000000  0.01250000    0.2750D+01  0.754317326935586E+00  0.210474502726660E+00    0.122994379098353E+01 -0.343186877120626E+00
  0.00000000  0.00000000  0.01250000    0.2834D+01  0.791298173795748E+00  0.212702194423189E+00    0.117858808340563E+01 -0.316806331624501E+00
  0.00000000  0.00000000  0.01250000    0.2920D+01  0.813714958511624E+00  0.203659579793264E+00    0.115648699770442E+01 -0.289449829482877E+00
  0.00000000  0.00000000  0.01250000    0.3009D+01  0.836766545391933E+00  0.182607052078644E+00    0.114074933686096E+01 -0.248945030979074E+00
  0.00000000  0.00000000  0.01250000    0.3101D+01  0.875836724177273E+00  0.153372273481701E+00    0.110779445841218E+01 -0.193991585357086E+00
  0.00000000  0.00000000  0.01250000    0.3195D+01  0.949282405099175E+00  0.131093576891714E+00    0.103371341858616E+01 -0.142753293219696E+00
  0.00000000  0.00000000  0.01250000    0.3293D+01  0.102258117599587E+01  0.197842160616125E+00    0.942632913543286E+00 -0.182374305982756E+00
  0.00000000  0.00000000  0.01250000    0.3393D+01  0.101601129112927E+01  0.260479079642630E+00    0.923538914584157E+00 -0.236771548294169E+00
  0.00000000  0.00000000  0.01250000    0.3496D+01  0.104785250098054E+01  0.286334708468776E+00    0.888023817263970E+00 -0.242660145957251E+00
  0.00000000  0.00000000  0.01250000    0.3603D+01  0.101406524469931E+01  0.476844758460941E+00    0.807563732926506E+00 -0.379741377768389E+00
  0.00000000  0.00000000  0.01250000    0.3713D+01  0.758804431862365E+00  0.362073578229669E+00    0.107345360469402E+01 -0.512212595755632E+00
  0.00000000  0.00000000  0.01250000    0.3826D+01  0.783102765261153E+00  0.260686143820923E+00    0.114958085842754E+01 -0.382682598361001E+00
  0.00000000  0.00000000  0.01250000    0.3942D+01  0.800692945209320E+00  0.187922091894752E+00    0.118371473736628E+01 -0.277817047075850E+00
  0.00000000  0.00000000  0.01250000    0.4062D+01  0.856661157350754E+00  0.132974074710347E+00    0.113985849554472E+01 -0.176933000224414E+00
  0.00000000  0.00000000  0.01250000    0.4186D+01  0.927382361272763E+00  0.161962195263847E+00    0.104638831734035E+01 -0.182745926655640E+00
  0.00000000  0.00000000  0.01250000    0.4313D+01  0.943330261006439E+00  0.210755171230993E+00    0.100967637473437E+01 -0.225577961442687E+00
  0.00000000  0.00000000  0.01250000    0.4445D+01  0.852078105305719E+00  0.206089078146552E+00    0.110874070703612E+01 -0.268167141948386E+00
  0.00000000  0.00000000  0.01250000    0.4580D+01  0.857295867692756E+00  0.130856295946551E+00    0.113990047894540E+01 -0.173992620335309E+00
  0.00000000  0.00000000  0.01250000    0.4720D+01  0.920265614626671E+00  0.835277372511351E-01    0.107776390536454E+01 -0.978230402996930E-01
  0.00000000  0.00000000  0.01250000    0.4863D+01  0.991664444894464E+00  0.112232493213085E+00    0.995652527308450E+00 -0.112683847937726E+00
  0.00000000  0.00000000  0.01250000    0.5012D+01  0.101181287621628E+01  0.206350810229325E+00    0.948859863938823E+00 -0.193512067616750E+00
  0.00000000  0.00000000  0.01250000    0.5164D+01  0.952393675543397E+00  0.224489955560645E+00    0.994719535531063E+00 -0.234466639228011E+00
  0.00000000  0.00000000  0.01250000    0.5322D+01  0.927959491726404E+00  0.162973577178948E+00    0.104538885245688E+01 -0.183597196156622E+00
  0.00000000  0.00000000  0.01250000    0.5484D+01  0.979246716022224E+00  0.227668700577432E+00    0.968824903709472E+00 -0.225245694783199E+00
  0.00000000  0.00000000  0.01250000    0.5651D+01  0.899425149760415E+00  0.268225234829855E+00    0.102101777164932E+01 -0.304486406277437E+00
  0.00000000  0.00000000  0.01250000    0.5823D+01  0.839718512440201E+00  0.218445030764178E+00    0.111539301362704E+01 -0.290159211171683E+00
  0.00000000  0.00000000  0.01250000    0.6000D+01  0.797112458065736E+00  0.156846948236826E+00    0.120776584619354E+01 -0.237650767144956E+00
  0.00000000  0.00000000  0.01250000    0.6183D+01  0.841080087795671E+00  0.832347592786322E-01    0.117741647556430E+01 -0.116519197560766E+00
  0.00000000  0.00000000  0.01250000    0.6371D+01  0.889429020822310E+00  0.111326104198172E+00    0.110697441797369E+01 -0.138555350134757E+00
  0.00000000  0.00000000  0.01250000    0.6565D+01  0.888295110431153E+00  0.122038537434596E+00    0.110489742516832E+01 -0.151796474166502E+00
  0.00000000  0.00000000  0.01250000    0.6765D+01  0.871244604869866E+00  0.108847629441559E+00    0.113014358404115E+01 -0.141192782559429E+00
  0.00000000  0.00000000  0.01250000    0.6971D+01  0.870895169224783E+00  0.121171610146943E+00    0.112643776496706E+01 -0.156726414997662E+00
  0.00000000  0.00000000  0.01250000    0.7184D+01  0.840593721486827E+00  0.819352847125970E-01    0.117843898540868E+01 -0.114866113459780E+00
  0.00000000  0.00000000  0.01250000    0.7402D+01  0.858467585230471E+00  0.458635898451487E-01    0.116155101839374E+01 -0.620558078235688E-01
  0.00000000  0.00000000  0.01250000    0.7628D+01  0.886268242003067E+00  0.332356763056735E-01    0.112674202385770E+01 -0.422536106002143E-01
  0.00000000  0.00000000  0.01250000    0.7860D+01  0.902498001558832E+00  0.446274329212179E-01    0.110533295355135E+01 -0.546573755897775E-01
  0.00000000  0.00000000  0.01250000    0.8100D+01  0.902985016164308E+00  0.416631808952729E-01    0.110508553393636E+01 -0.509879761911376E-01
  0.00000000  0.00000000  0.01250000    0.8346D+01  0.909674688494801E+00  0.360651762533850E-01    0.109756889517806E+01 -0.435144740811991E-01
  0.00000000  0.00000000  0.01250000    0.8600D+01  0.911692291577023E+00  0.463696133772601E-01    0.109403121958315E+01 -0.556435599416685E-01
  0.00000000  0.00000000  0.01250000    0.8862D+01  0.905748598950529E+00  0.201999304330601E-01    0.110351025979847E+01 -0.246103946568895E-01
  0.00000000  0.00000000  0.01250000    0.9132D+01  0.920090548905276E+00  0.238018066182594E-01    0.108612271308606E+01 -0.280968898238677E-01
  0.00000000  0.00000000  0.01250000    0.9410D+01  0.921627206653169E+00  0.182984340656527E-01    0.108460985908397E+01 -0.215343707847740E-01
  0.00000000  0.00000000  0.01250000    0.9697D+01  0.929686948314833E+00  0.114171761956977E-01    0.107546869380311E+01 -0.132074733246107E-01
  0.00000000  0.00000000  0.01250000    0.9992D+01  0.937303571567687E+00  0.140566709596414E-01    0.106665030749159E+01 -0.159964742013435E-01
  0.00000000  0.00000000  0.01250000    0.1030D+02  0.938747160797196E+00  0.144822181743192E-01    0.106499609330857E+01 -0.164298827439270E-01
  0.00000000  0.00000000  0.01250000    0.1061D+02  0.942181790870416E+00  0.824791563378030E-02    0.106128496857011E+01 -0.929055196033751E-02
  0.00000000  0.00000000  0.01250000    0.1093D+02  0.947970873255161E+00  0.905951776018260E-02    0.105478839607669E+01 -0.100803457965729E-01
  0.00000000  0.00000000  0.01250000    0.1127D+02  0.950853649953073E+00  0.905697632293966E-02    0.105159114732918E+01 -0.100165110826922E-01
  0.00000000  0.00000000  0.01250000    0.1161D+02  0.952501883632240E+00  0.879960856474778E-02    0.104977709350241E+01 -0.969827741214887E-02
  0.00000000  0.00000000  0.01250000    0.1196D+02  0.953683363620288E+00  0.635314546799511E-02    0.104851952122162E+01 -0.698491480344814E-02
  0.00000000  0.00000000  0.01250000    0.1233D+02  0.956962898843127E+00  0.304106407161797E-02    0.104496203846172E+01 -0.332071025450648E-02
  0.00000000  0.00000000  0.01250000    0.1270D+02  0.960558714124639E+00  0.279830121716502E-02    0.104105194052562E+01 -0.303279421597841E-02
  0.00000000  0.00000000  0.01250000    0.1309D+02  0.963328205810953E+00  0.129446552210493E-02    0.103806593466888E+01 -0.139489382122814E-02
  0.00000000  0.00000000  0.01250000    0.1349D+02  0.966433236193432E+00  0.764111489397886E-03    0.103473197880696E+01 -0.818111964534674E-03
  0.00000000  0.00000000  0.01250000    0.1390D+02  0.969061189838519E+00  0.521876289588009E-03    0.103192628129450E+01 -0.555731531153433E-03
  0.00000000  0.00000000  0.01250000    0.1432D+02  0.971367547657230E+00  0.299744870601743E-03    0.102947633693348E+01 -0.317676097112698E-03
  0.00000000  0.00000000  0.01250000    0.1476D+02  0.973468033533311E+00  0.145656522010177E-03    0.102725507480952E+01 -0.153704483619224E-03
  0.00000000  0.00000000  0.01250000    0.1521D+02  0.975413602869955E+00  0.104661675546800E-04    0.102520612480959E+01 -0.110004402735112E-04
  0.00000000  0.00000000  0.01250000    0.1567D+02  0.977194266174726E+00  0.303749077129005E-20    0.102333797343546E+01 -0.318092293192508E-20
  0.00000000  0.00000000  0.01250000    0.1615D+02  0.978780828994117E+00  0.329083168343383E-19    0.102167918534703E+01 -0.343506343182072E-19
  0.00000000  0.00000000  0.01250000    0.1664D+02  0.980222181160061E+00  0.521214400525586E-19    0.102017687338653E+01 -0.542459544083100E-19
