 q(1:3)   w(Ry)   eps  epsi --- LFC included. 
  0.00000000  0.00000000  0.04000000    0.0000D+00  0.166754383711568E+01 -0.287335603698197E-17    0.599684384747377E+00  0.103332020954731E-17
  0.00000000  0.00000000  0.04000000    0.1015D-04  0.166754383713647E+01 -0.287335606167014E-17    0.599684384739902E+00  0.103332021839994E-17
  0.00000000  0.00000000  0.04000000    0.3076D-04  0.166754383730658E+01 -0.287335604948276E-17    0.599684384678727E+00  0.103332021380627E-17
  0.00000000  0.00000000  0.04000000    0.5200D-04  0.166754383766116E+01 -0.287335608017579E-17    0.599684384551214E+00  0.103332022440470E-17
  0.00000000  0.00000000  0.04000000    0.7389D-04  0.166754383821692E+01 -0.287335603752614E-17    0.599684384351348E+00  0.103332020837820E-17
  0.00000000  0.00000000  0.04000000    0.9644D-04  0.166754383899177E+01 -0.287335604628097E-17    0.599684384072695E+00  0.103332021056633E-17
  0.00000000  0.00000000  0.04000000    0.1197D-03  0.166754384000488E+01 -0.287335607328311E-17    0.599684383708360E+00  0.103332021902129E-17
  0.00000000  0.00000000  0.04000000    0.1436D-03  0.166754384127678E+01 -0.287335607120788E-17    0.599684383250960E+00  0.103332021669870E-17
  0.00000000  0.00000000  0.04000000    0.1683D-03  0.166754384282943E+01 -0.287335607455628E-17    0.599684382692593E+00  0.103332021597860E-17
  0.00000000  0.00000000  0.04000000    0.1937D-03  0.166754384468636E+01 -0.287335605711393E-17    0.599684382024800E+00  0.103332020740460E-17
  0.00000000  0.00000000  0.04000000    0.2199D-03  0.166754384687273E+01 -0.287335607162322E-17    0.599684381238537E+00  0.103332020991283E-17
  0.00000000  0.00000000  0.04000000    0.2469D-03  0.166754384941545E+01 -0.287335609700425E-17    0.599684380324120E+00  0.103332021588911E-17
  0.00000000  0.00000000  0.04000000    0.2748D-03  0.166754385234327E+01 -0.287335608656690E-17    0.599684379271211E+00  0.103332020850707E-17
  0.00000000  0.00000000  0.04000000    0.3034D-03  0.166754385568697E+01 -0.287335609854548E-17    0.599684378068747E+00  0.103332020867087E-17
  0.00000000  0.00000000  0.04000000    0.3330D-03  0.166754385947940E+01 -0.287335613723061E-17    0.599684376704909E+00  0.103332021788279E-17
  0.00000000  0.00000000  0.04000000    0.3634D-03  0.166754386375568E+01 -0.287335611392018E-17    0.599684375167066E+00  0.103332020420013E-17
  0.00000000  0.00000000  0.04000000    0.3948D-03  0.166754386855333E+01 -0.287335614135723E-17    0.599684373441728E+00  0.103332020812120E-17
  0.00000000  0.00000000  0.04000000    0.4271D-03  0.166754387391241E+01 -0.287335617965747E-17    0.599684371514489E+00  0.103332021525310E-17
  0.00000000  0.00000000  0.04000000    0.4604D-03  0.166754387987570E+01 -0.287335614884286E-17    0.599684369369961E+00  0.103332019678101E-17
  0.00000000  0.00000000  0.04000000    0.4948D-03  0.166754388648887E+01 -0.287335620163610E-17    0.599684366991724E+00  0.103332020757067E-17
  0.00000000  0.00000000  0.04000000    0.5301D-03  0.166754389380068E+01 -0.287335623561130E-17    0.599684364362243E+00  0.103332021072713E-17
  0.00000000  0.00000000  0.04000000    0.5666D-03  0.166754390186312E+01 -0.287335628242922E-17    0.599684361462817E+00  0.103332021757180E-17
  0.00000000  0.00000000  0.04000000    0.6041D-03  0.166754391073175E+01 -0.287335631135756E-17    0.599684358273469E+00  0.103332021698388E-17
  0.00000000  0.00000000  0.04000000    0.6428D-03  0.166754392046575E+01 -0.287335628307188E-17    0.599684354772916E+00  0.103332019474810E-17
  0.00000000  0.00000000  0.04000000    0.6827D-03  0.166754393112828E+01 -0.287335637089416E-17    0.599684350938442E+00  0.103332021311644E-17
  0.00000000  0.00000000  0.04000000    0.7238D-03  0.166754394278675E+01 -0.287335637406116E-17    0.599684346745809E+00  0.103332019980665E-17
  0.00000000  0.00000000  0.04000000    0.7662D-03  0.166754395551295E+01 -0.287335644056904E-17    0.599684342169196E+00  0.103332020795232E-17
  0.00000000  0.00000000  0.04000000    0.8098D-03  0.166754396938348E+01 -0.287335650090592E-17    0.599684337181057E+00  0.103332021246055E-17
  0.00000000  0.00000000  0.04000000    0.8548D-03  0.166754398447999E+01 -0.287335655179944E-17    0.599684331752030E+00  0.103332021205336E-17
  0.00000000  0.00000000  0.04000000    0.9011D-03  0.166754400088951E+01 -0.287335658026756E-17    0.599684325850816E+00  0.103332020195425E-17
  0.00000000  0.00000000  0.04000000    0.9488D-03  0.166754401870479E+01 -0.287335668054062E-17    0.599684319444064E+00  0.103332021593554E-17
  0.00000000  0.00000000  0.04000000    0.9980D-03  0.166754403802466E+01 -0.287335673318461E-17    0.599684312496228E+00  0.103332021092372E-17
  0.00000000  0.00000000  0.04000000    0.1049D-02  0.166754405895443E+01 -0.287335678122198E-17    0.599684304969436E+00  0.103332020226004E-17
  0.00000000  0.00000000  0.04000000    0.1101D-02  0.166754408160631E+01 -0.287335689120133E-17    0.599684296823339E+00  0.103332021373776E-17
  0.00000000  0.00000000  0.04000000    0.1155D-02  0.166754410609979E+01 -0.287335693456827E-17    0.599684288014964E+00  0.103332019897789E-17
  0.00000000  0.00000000  0.04000000    0.1210D-02  0.166754413256220E+01 -0.287335699824209E-17    0.599684278498517E+00  0.103332018908063E-17
  0.00000000  0.00000000  0.04000000    0.1267D-02  0.166754416112914E+01 -0.287335713651068E-17    0.599684268225240E+00  0.103332020340104E-17
  0.00000000  0.00000000  0.04000000    0.1326D-02  0.166754419194497E+01 -0.287335722790055E-17    0.599684257143214E+00  0.103332019807574E-17
  0.00000000  0.00000000  0.04000000    0.1387D-02  0.166754422516347E+01 -0.287335735701075E-17    0.599684245197136E+00  0.103332020333776E-17
  0.00000000  0.00000000  0.04000000    0.1450D-02  0.166754426094836E+01 -0.287335744024269E-17    0.599684232328133E+00  0.103332018892039E-17
  0.00000000  0.00000000  0.04000000    0.1514D-02  0.166754429947392E+01 -0.287335759409525E-17    0.599684218473524E+00  0.103332019650307E-17
  0.00000000  0.00000000  0.04000000    0.1580D-02  0.166754434092572E+01 -0.287335772911745E-17    0.599684203566583E+00  0.103332019368740E-17
  0.00000000  0.00000000  0.04000000    0.1649D-02  0.166754438550124E+01 -0.287335784062641E-17    0.599684187536280E+00  0.103332017854452E-17
  0.00000000  0.00000000  0.04000000    0.1719D-02  0.166754443341075E+01 -0.287335800716947E-17    0.599684170307012E+00  0.103332017906116E-17
  0.00000000  0.00000000  0.04000000    0.1792D-02  0.166754448487797E+01 -0.287335818879641E-17    0.599684151798312E+00  0.103332018059308E-17
  0.00000000  0.00000000  0.04000000    0.1867D-02  0.166754454014106E+01 -0.287335836257146E-17    0.599684131924543E+00  0.103332017459698E-17
  0.00000000  0.00000000  0.04000000    0.1944D-02  0.166754459945339E+01 -0.287335854638723E-17    0.599684110594578E+00  0.103332016719336E-17
  0.00000000  0.00000000  0.04000000    0.2024D-02  0.166754466308461E+01 -0.287335878446832E-17    0.599684087711454E+00  0.103332017395215E-17
  0.00000000  0.00000000  0.04000000    0.2106D-02  0.166754473132163E+01 -0.287335899503656E-17    0.599684063171991E+00  0.103332016510865E-17
  0.00000000  0.00000000  0.04000000    0.2190D-02  0.166754480446969E+01 -0.287335925576209E-17    0.599684036866416E+00  0.103332016821633E-17
  0.00000000  0.00000000  0.04000000    0.2277D-02  0.166754488285352E+01 -0.287335952062696E-17    0.599684008677948E+00  0.103332016632375E-17
  0.00000000  0.00000000  0.04000000    0.2367D-02  0.166754496681860E+01 -0.287335975697633E-17    0.599683978482352E+00  0.103332014725939E-17
  0.00000000  0.00000000  0.04000000    0.2459D-02  0.166754505673242E+01 -0.287336005197771E-17    0.599683946147469E+00  0.103332014191505E-17
  0.00000000  0.00000000  0.04000000    0.2554D-02  0.166754515298588E+01 -0.287336039569943E-17    0.599683911532721E+00  0.103332014623465E-17
  0.00000000  0.00000000  0.04000000    0.2652D-02  0.166754525599473E+01 -0.287336072139491E-17    0.599683874488597E+00  0.103332013569945E-17
  0.00000000  0.00000000  0.04000000    0.2753D-02  0.166754536620119E+01 -0.287336110094407E-17    0.599683834856072E+00  0.103332013561094E-17
  0.00000000  0.00000000  0.04000000    0.2858D-02  0.166754548407555E+01 -0.287336148259924E-17    0.599683792466013E+00  0.103332012677671E-17
  0.00000000  0.00000000  0.04000000    0.2965D-02  0.166754561011795E+01 -0.287336192676330E-17    0.599683747138567E+00  0.103332013029906E-17
  0.00000000  0.00000000  0.04000000    0.3075D-02  0.166754574486027E+01 -0.287336230872515E-17    0.599683698682458E+00  0.103332010067013E-17
  0.00000000  0.00000000  0.04000000    0.3189D-02  0.166754588886806E+01 -0.287336280069274E-17    0.599683646894301E+00  0.103332009911853E-17
  0.00000000  0.00000000  0.04000000    0.3307D-02  0.166754604274271E+01 -0.287336331829816E-17    0.599683591557834E+00  0.103332009455852E-17
  0.00000000  0.00000000  0.04000000    0.3428D-02  0.166754620712365E+01 -0.287336388369167E-17    0.599683532443098E+00  0.103332009416329E-17
  0.00000000  0.00000000  0.04000000    0.3553D-02  0.166754638269077E+01 -0.287336448102873E-17    0.599683469305597E+00  0.103332009139221E-17
  0.00000000  0.00000000  0.04000000    0.3681D-02  0.166754657016689E+01 -0.287336508116341E-17    0.599683401885394E+00  0.103332007486803E-17
  0.00000000  0.00000000  0.04000000    0.3813D-02  0.166754677032049E+01 -0.287336575291169E-17    0.599683329906126E+00  0.103332006838593E-17
  0.00000000  0.00000000  0.04000000    0.3950D-02  0.166754698396856E+01 -0.287336645210301E-17    0.599683253073997E+00  0.103332005504878E-17
  0.00000000  0.00000000  0.04000000    0.4090D-02  0.166754721197961E+01 -0.287336720294746E-17    0.599683171076675E+00  0.103332004248664E-17
  0.00000000  0.00000000  0.04000000    0.4235D-02  0.166754745527689E+01 -0.287336801379081E-17    0.599683083582143E+00  0.103332003255659E-17
  0.00000000  0.00000000  0.04000000    0.4385D-02  0.166754771484180E+01 -0.287336886569221E-17    0.599682990237474E+00  0.103332001723083E-17
  0.00000000  0.00000000  0.04000000    0.4538D-02  0.166754799171759E+01 -0.287336978200127E-17    0.599682890667505E+00  0.103332000361342E-17
  0.00000000  0.00000000  0.04000000    0.4697D-02  0.166754828701309E+01 -0.287337077196106E-17    0.599682784473486E+00  0.103331999365414E-17
  0.00000000  0.00000000  0.04000000    0.4860D-02  0.166754860190689E+01 -0.287337181406162E-17    0.599682671231575E+00  0.103331997815690E-17
  0.00000000  0.00000000  0.04000000    0.5029D-02  0.166754893765169E+01 -0.287337289889293E-17    0.599682550491286E+00  0.103331995218516E-17
  0.00000000  0.00000000  0.04000000    0.5202D-02  0.166754929557889E+01 -0.287337412891634E-17    0.599682421773834E+00  0.103331995093593E-17
  0.00000000  0.00000000  0.04000000    0.5381D-02  0.166754967710352E+01 -0.287337535002927E-17    0.599682284570358E+00  0.103331991723730E-17
  0.00000000  0.00000000  0.04000000    0.5565D-02  0.166755008372941E+01 -0.287337671055063E-17    0.599682138340062E+00  0.103331990256381E-17
  0.00000000  0.00000000  0.04000000    0.5755D-02  0.166755051705475E+01 -0.287337813353076E-17    0.599681982508220E+00  0.103331987726218E-17
  0.00000000  0.00000000  0.04000000    0.5950D-02  0.166755097877799E+01 -0.287337965456572E-17    0.599681816464057E+00  0.103331985202849E-17
  0.00000000  0.00000000  0.04000000    0.6152D-02  0.166755147070407E+01 -0.287338128587683E-17    0.599681639558498E+00  0.103331982902081E-17
  0.00000000  0.00000000  0.04000000    0.6360D-02  0.166755199475099E+01 -0.287338304388857E-17    0.599681451101814E+00  0.103331981176860E-17
  0.00000000  0.00000000  0.04000000    0.6574D-02  0.166755255295696E+01 -0.287338489215752E-17    0.599681250361055E+00  0.103331978464013E-17
  0.00000000  0.00000000  0.04000000    0.6794D-02  0.166755314748780E+01 -0.287338685958661E-17    0.599681036557378E+00  0.103331975534523E-17
  0.00000000  0.00000000  0.04000000    0.7021D-02  0.166755378064486E+01 -0.287338892107564E-17    0.599680808863201E+00  0.103331971200524E-17
  0.00000000  0.00000000  0.04000000    0.7255D-02  0.166755445487359E+01 -0.287339115848711E-17    0.599680566399139E+00  0.103331968102862E-17
  0.00000000  0.00000000  0.04000000    0.7497D-02  0.166755517277231E+01 -0.287339353112002E-17    0.599680308230820E+00  0.103331964455833E-17
  0.00000000  0.00000000  0.04000000    0.7745D-02  0.166755593710191E+01 -0.287339604809061E-17    0.599680033365433E+00  0.103331960245108E-17
  0.00000000  0.00000000  0.04000000    0.8001D-02  0.166755675079581E+01 -0.287339877164945E-17    0.599679740748116E+00  0.103331957345762E-17
  0.00000000  0.00000000  0.04000000    0.8265D-02  0.166755761697077E+01 -0.287340161597457E-17    0.599679429258082E+00  0.103331952285225E-17
  0.00000000  0.00000000  0.04000000    0.8537D-02  0.166755853893830E+01 -0.287340466253253E-17    0.599679097704527E+00  0.103331947582755E-17
  0.00000000  0.00000000  0.04000000    0.8818D-02  0.166755952021668E+01 -0.287340790390708E-17    0.599678744822290E+00  0.103331942535613E-17
  0.00000000  0.00000000  0.04000000    0.9107D-02  0.166756056454394E+01 -0.287341136335459E-17    0.599678369267200E+00  0.103331937516859E-17
  0.00000000  0.00000000  0.04000000    0.9404D-02  0.166756167589138E+01 -0.287341502281668E-17    0.599677969611203E+00  0.103331931384904E-17
  0.00000000  0.00000000  0.04000000    0.9711D-02  0.166756285847821E+01 -0.287341893138658E-17    0.599677544337120E+00  0.103331925382303E-17
  0.00000000  0.00000000  0.04000000    0.1003D-01  0.166756411678682E+01 -0.287342311059656E-17    0.599677091833128E+00  0.103331919727853E-17
  0.00000000  0.00000000  0.04000000    0.1035D-01  0.166756545557925E+01 -0.287342752037285E-17    0.599676610386871E+00  0.103331912390269E-17
  0.00000000  0.00000000  0.04000000    0.1069D-01  0.166756687991449E+01 -0.287343225017734E-17    0.599676098179210E+00  0.103331905959719E-17
  0.00000000  0.00000000  0.04000000    0.1103D-01  0.166756839516698E+01 -0.287343724617748E-17    0.599675553277602E+00  0.103331897834236E-17
  0.00000000  0.00000000  0.04000000    0.1139D-01  0.166757000704613E+01 -0.287344256684813E-17    0.599674973629061E+00  0.103331889409043E-17
  0.00000000  0.00000000  0.04000000    0.1176D-01  0.166757172161724E+01 -0.287344824866510E-17    0.599674357052652E+00  0.103331881244136E-17
  0.00000000  0.00000000  0.04000000    0.1214D-01  0.166757354532350E+01 -0.287345429406758E-17    0.599673701231571E+00  0.103331872628681E-17
  0.00000000  0.00000000  0.04000000    0.1253D-01  0.166757548500955E+01 -0.287346066164536E-17    0.599673003704702E+00  0.103331861225239E-17
  0.00000000  0.00000000  0.04000000    0.1293D-01  0.166757754794632E+01 -0.287346749063742E-17    0.599672261857649E+00  0.103331851139821E-17
  0.00000000  0.00000000  0.04000000    0.1334D-01  0.166757974185762E+01 -0.287347473937850E-17    0.599671472913217E+00  0.103331839916843E-17
  0.00000000  0.00000000  0.04000000    0.1377D-01  0.166758207494815E+01 -0.287348247665075E-17    0.599670633921326E+00  0.103331829012887E-17
  0.00000000  0.00000000  0.04000000    0.1421D-01  0.166758455593349E+01 -0.287349065219787E-17    0.599669741748247E+00  0.103331815540526E-17
  0.00000000  0.00000000  0.04000000    0.1466D-01  0.166758719407168E+01 -0.287349939070114E-17    0.599668793065232E+00  0.103331802835934E-17
  0.00000000  0.00000000  0.04000000    0.1513D-01  0.166758999919706E+01 -0.287350869827782E-17    0.599667784336377E+00  0.103331789900231E-17
  0.00000000  0.00000000  0.04000000    0.1561D-01  0.166759298175594E+01 -0.287351851633546E-17    0.599666711805793E+00  0.103331773331734E-17
  0.00000000  0.00000000  0.04000000    0.1610D-01  0.166759615284467E+01 -0.287352900267443E-17    0.599665571483928E+00  0.103331757429696E-17
  0.00000000  0.00000000  0.04000000    0.1662D-01  0.166759952425000E+01 -0.287354014972715E-17    0.599664359133075E+00  0.103331740461144E-17
  0.00000000  0.00000000  0.04000000    0.1714D-01  0.166760310849197E+01 -0.287355200276047E-17    0.599663070251956E+00  0.103331722502141E-17
  0.00000000  0.00000000  0.04000000    0.1768D-01  0.166760691886940E+01 -0.287356460460274E-17    0.599661700059376E+00  0.103331703444527E-17
  0.00000000  0.00000000  0.04000000    0.1824D-01  0.166761096950831E+01 -0.287357797866065E-17    0.599660243476839E+00  0.103331682379218E-17
  0.00000000  0.00000000  0.04000000    0.1882D-01  0.166761527541329E+01 -0.287359220294973E-17    0.599658695110098E+00  0.103331660251932E-17
  0.00000000  0.00000000  0.04000000    0.1941D-01  0.166761985252209E+01 -0.287360736150981E-17    0.599657049229543E+00  0.103331638109318E-17
  0.00000000  0.00000000  0.04000000    0.2002D-01  0.166762471776353E+01 -0.287362345148661E-17    0.599655299749401E+00  0.103331613750550E-17
  0.00000000  0.00000000  0.04000000    0.2065D-01  0.166762988911916E+01 -0.287364055973541E-17    0.599653440205606E+00  0.103331588070173E-17
  0.00000000  0.00000000  0.04000000    0.2130D-01  0.166763538568860E+01 -0.287365870726931E-17    0.599651463732333E+00  0.103331559456546E-17
  0.00000000  0.00000000  0.04000000    0.2197D-01  0.166764122775901E+01 -0.287367801205121E-17    0.599649363037040E+00  0.103331529636965E-17
  0.00000000  0.00000000  0.04000000    0.2266D-01  0.166764743687898E+01 -0.287369855326079E-17    0.599647130373976E+00  0.103331498787758E-17
  0.00000000  0.00000000  0.04000000    0.2337D-01  0.166765403593683E+01 -0.287372035397175E-17    0.599644757516048E+00  0.103331464901728E-17
  0.00000000  0.00000000  0.04000000    0.2410D-01  0.166766104924394E+01 -0.287374356575644E-17    0.599642235724918E+00  0.103331430415763E-17
  0.00000000  0.00000000  0.04000000    0.2486D-01  0.166766850262322E+01 -0.287376816777544E-17    0.599639555719266E+00  0.103331391379907E-17
  0.00000000  0.00000000  0.04000000    0.2564D-01  0.166767642350309E+01 -0.287379438155997E-17    0.599636707641052E+00  0.103331352360081E-17
  0.00000000  0.00000000  0.04000000    0.2644D-01  0.166768484101739E+01 -0.287382218510675E-17    0.599633681019695E+00  0.103331308954055E-17
  0.00000000  0.00000000  0.04000000    0.2726D-01  0.166769378611137E+01 -0.287385177365311E-17    0.599630464734021E+00  0.103331264346225E-17
  0.00000000  0.00000000  0.04000000    0.2811D-01  0.166770329165448E+01 -0.287388317306235E-17    0.599627046971844E+00  0.103331215392389E-17
  0.00000000  0.00000000  0.04000000    0.2899D-01  0.166771339256010E+01 -0.287391657197557E-17    0.599623415187010E+00  0.103331164547714E-17
  0.00000000  0.00000000  0.04000000    0.2989D-01  0.166772412591274E+01 -0.287395203636195E-17    0.599619556053794E+00  0.103331109587450E-17
  0.00000000  0.00000000  0.04000000    0.3082D-01  0.166773553110333E+01 -0.287398972359344E-17    0.599615455418419E+00  0.103331051287266E-17
  0.00000000  0.00000000  0.04000000    0.3178D-01  0.166774764997276E+01 -0.287402979146439E-17    0.599611098247588E+00  0.103330990134173E-17
  0.00000000  0.00000000  0.04000000    0.3277D-01  0.166776052696462E+01 -0.287407235615477E-17    0.599606468573779E+00  0.103330924796258E-17
  0.00000000  0.00000000  0.04000000    0.3379D-01  0.166777420928739E+01 -0.287411759052091E-17    0.599601549437129E+00  0.103330855636459E-17
  0.00000000  0.00000000  0.04000000    0.3484D-01  0.166778874708682E+01 -0.287416563648158E-17    0.599596322823698E+00  0.103330781541175E-17
  0.00000000  0.00000000  0.04000000    0.3592D-01  0.166780419362919E+01 -0.287421671153330E-17    0.599590769599861E+00  0.103330703726974E-17
  0.00000000  0.00000000  0.04000000    0.3703D-01  0.166782060549599E+01 -0.287427093724993E-17    0.599584869442604E+00  0.103330619550726E-17
  0.00000000  0.00000000  0.04000000    0.3818D-01  0.166783804279092E+01 -0.287432856244096E-17    0.599578600765470E+00  0.103330530506710E-17
  0.00000000  0.00000000  0.04000000    0.3936D-01  0.166785656935988E+01 -0.287438978549375E-17    0.599571940639834E+00  0.103330435812310E-17
  0.00000000  0.00000000  0.04000000    0.4058D-01  0.166787625302484E+01 -0.287445482927858E-17    0.599564864711285E+00  0.103330335071894E-17
  0.00000000  0.00000000  0.04000000    0.4184D-01  0.166789716583244E+01 -0.287452396534891E-17    0.599557347110728E+00  0.103330229115812E-17
  0.00000000  0.00000000  0.04000000    0.4313D-01  0.166791938431830E+01 -0.287459740977523E-17    0.599549360359952E+00  0.103330116223064E-17
  0.00000000  0.00000000  0.04000000    0.4447D-01  0.166794298978805E+01 -0.287467536836720E-17    0.599540875271206E+00  0.103329993712223E-17
  0.00000000  0.00000000  0.04000000    0.4584D-01  0.166796806861615E+01 -0.287475824439320E-17    0.599531860840513E+00  0.103329865370719E-17
  0.00000000  0.00000000  0.04000000    0.4726D-01  0.166799471256367E+01 -0.287484629687813E-17    0.599522284134235E+00  0.103329729132665E-17
  0.00000000  0.00000000  0.04000000    0.4872D-01  0.166802301911612E+01 -0.287493980269696E-17    0.599512110168536E+00  0.103329582863651E-17
  0.00000000  0.00000000  0.04000000    0.5022D-01  0.166805309184305E+01 -0.287503912222139E-17    0.599501301781161E+00  0.103329426675447E-17
  0.00000000  0.00000000  0.04000000    0.5177D-01  0.166808504078018E+01 -0.287514473601995E-17    0.599489819495227E+00  0.103329264197052E-17
  0.00000000  0.00000000  0.04000000    0.5337D-01  0.166811898283624E+01 -0.287525687917450E-17    0.599477621374307E+00  0.103329089381681E-17
  0.00000000  0.00000000  0.04000000    0.5501D-01  0.166815504222563E+01 -0.287537599512734E-17    0.599464662868394E+00  0.103328902764288E-17
  0.00000000  0.00000000  0.04000000    0.5671D-01  0.166819335092882E+01 -0.287550252499727E-17    0.599450896650089E+00  0.103328703832171E-17
  0.00000000  0.00000000  0.04000000    0.5846D-01  0.166823404918239E+01 -0.287563697760622E-17    0.599436272440371E+00  0.103328493480443E-17
  0.00000000  0.00000000  0.04000000    0.6026D-01  0.166827728600044E+01 -0.287577976362158E-17    0.599420736823326E+00  0.103328267987412E-17
  0.00000000  0.00000000  0.04000000    0.6211D-01  0.166832321972974E+01 -0.287593150747183E-17    0.599404233049033E+00  0.103328030153351E-17
  0.00000000  0.00000000  0.04000000    0.6403D-01  0.166837201864075E+01 -0.287609267292349E-17    0.599386700823908E+00  0.103327775773410E-17
  0.00000000  0.00000000  0.04000000    0.6600D-01  0.166842386155682E+01 -0.287626388841837E-17    0.599368076087627E+00  0.103327505248757E-17
  0.00000000  0.00000000  0.04000000    0.6803D-01  0.166847893852443E+01 -0.287644577473942E-17    0.599348290775778E+00  0.103327217311113E-17
  0.00000000  0.00000000  0.04000000    0.7012D-01  0.166853745152699E+01 -0.287663894270755E-17    0.599327272567263E+00  0.103326908851575E-17
  0.00000000  0.00000000  0.04000000    0.7227D-01  0.166859961524539E+01 -0.287684417633091E-17    0.599304944615449E+00  0.103326581404594E-17
  0.00000000  0.00000000  0.04000000    0.7450D-01  0.166866565786829E+01 -0.287706222620510E-17    0.599281225262041E+00  0.103326233625371E-17
  0.00000000  0.00000000  0.04000000    0.7678D-01  0.166873582195588E+01 -0.287729383057389E-17    0.599256027732375E+00  0.103325861939468E-17
  0.00000000  0.00000000  0.04000000    0.7914D-01  0.166881036536055E+01 -0.287753986919281E-17    0.599229259811045E+00  0.103325465953745E-17
  0.00000000  0.00000000  0.04000000    0.8157D-01  0.166888956220870E+01 -0.287780126273287E-17    0.599200823496400E+00  0.103325044720537E-17
  0.00000000  0.00000000  0.04000000    0.8408D-01  0.166897370394785E+01 -0.287807893008543E-17    0.599170614632553E+00  0.103324595074278E-17
  0.00000000  0.00000000  0.04000000    0.8666D-01  0.166906310046362E+01 -0.287837387864717E-17    0.599138522517349E+00  0.103324114733958E-17
  0.00000000  0.00000000  0.04000000    0.8932D-01  0.166915808127191E+01 -0.287868724876074E-17    0.599104429484591E+00  0.103323603748735E-17
  0.00000000  0.00000000  0.04000000    0.9206D-01  0.166925899679130E+01 -0.287902017823631E-17    0.599068210458790E+00  0.103323059475258E-17
  0.00000000  0.00000000  0.04000000    0.9488D-01  0.166936621970184E+01 -0.287937384225314E-17    0.599029732480513E+00  0.103322477840983E-17
  0.00000000  0.00000000  0.04000000    0.9779D-01  0.166948014639629E+01 -0.287974951408341E-17    0.598988854200262E+00  0.103321855342096E-17
  0.00000000  0.00000000  0.04000000    0.1008D+00  0.166960119853084E+01 -0.288014867050562E-17    0.598945425338665E+00  0.103321192630464E-17
  0.00000000  0.00000000  0.04000000    0.1039D+00  0.166972982468270E+01 -0.288057272495059E-17    0.598899286110574E+00  0.103320484731135E-17
  0.00000000  0.00000000  0.04000000    0.1071D+00  0.166986650212250E+01 -0.288102322334695E-17    0.598850266610497E+00  0.103319727847669E-17
  0.00000000  0.00000000  0.04000000    0.1103D+00  0.167001173871042E+01 -0.288150186071366E-17    0.598798186156582E+00  0.103318919718165E-17
  0.00000000  0.00000000  0.04000000    0.1137D+00  0.167016607492534E+01 -0.288201037346036E-17    0.598742852590095E+00  0.103318055497986E-17
  0.00000000  0.00000000  0.04000000    0.1172D+00  0.167033008603756E+01 -0.288255066838274E-17    0.598684061527174E+00  0.103317132112440E-17
  0.00000000  0.00000000  0.04000000    0.1208D+00  0.167050438443624E+01 -0.288312467499141E-17    0.598621595559282E+00  0.103316142670416E-17
  0.00000000  0.00000000  0.04000000    0.1245D+00  0.167068962212380E+01 -0.288373454770498E-17    0.598555223398579E+00  0.103315083398288E-17
  0.00000000  0.00000000  0.04000000    0.1283D+00  0.167088649339088E+01 -0.288438264172701E-17    0.598484698963966E+00  0.103313952435370E-17
  0.00000000  0.00000000  0.04000000    0.1322D+00  0.167109573768629E+01 -0.288507123027117E-17    0.598409760403404E+00  0.103312739343330E-17
  0.00000000  0.00000000  0.04000000    0.1363D+00  0.167131814269822E+01 -0.288580286647863E-17    0.598330129047467E+00  0.103311437684637E-17
  0.00000000  0.00000000  0.04000000    0.1405D+00  0.167155454766430E+01 -0.288658037619979E-17    0.598245508288869E+00  0.103310044341020E-17
  0.00000000  0.00000000  0.04000000    0.1448D+00  0.167180584692958E+01 -0.288740656190638E-17    0.598155582382123E+00  0.103308548464708E-17
  0.00000000  0.00000000  0.04000000    0.1492D+00  0.167207299377411E+01 -0.288828461297032E-17    0.598060015156907E+00  0.103306945680139E-17
  0.00000000  0.00000000  0.04000000    0.1537D+00  0.167235700453312E+01 -0.288921766787168E-17    0.597958448638290E+00  0.103305221897953E-17
  0.00000000  0.00000000  0.04000000    0.1585D+00  0.167265896303578E+01 -0.289020928356876E-17    0.597850501566116E+00  0.103303369545013E-17
  0.00000000  0.00000000  0.04000000    0.1633D+00  0.167298002539104E+01 -0.289126320542140E-17    0.597735767805276E+00  0.103301378724815E-17
  0.00000000  0.00000000  0.04000000    0.1683D+00  0.167332142515188E+01 -0.289238339043483E-17    0.597613814637697E+00  0.103299237395206E-17
  0.00000000  0.00000000  0.04000000    0.1734D+00  0.167368447889302E+01 -0.289357410439025E-17    0.597484180926027E+00  0.103296934130252E-17
  0.00000000  0.00000000  0.04000000    0.1787D+00  0.167407059224061E+01 -0.289483973222422E-17    0.597346375137968E+00  0.103294450584373E-17
  0.00000000  0.00000000  0.04000000    0.1842D+00  0.167448126639705E+01 -0.289618517355160E-17    0.597199873219053E+00  0.103291774782615E-17
  0.00000000  0.00000000  0.04000000    0.1898D+00  0.167491810520862E+01 -0.289761545956013E-17    0.597044116300506E+00  0.103288886546264E-17
  0.00000000  0.00000000  0.04000000    0.1956D+00  0.167538282282954E+01 -0.289913612293097E-17    0.596878508227219E+00  0.103285769713227E-17
  0.00000000  0.00000000  0.04000000    0.2016D+00  0.167587725204166E+01 -0.290075291919704E-17    0.596702412889569E+00  0.103282401140815E-17
  0.00000000  0.00000000  0.04000000    0.2078D+00  0.167640335329706E+01 -0.290247212846221E-17    0.596515151340668E+00  0.103278760303511E-17
  0.00000000  0.00000000  0.04000000    0.2141D+00  0.167696322455779E+01 -0.290430028726451E-17    0.596315998678918E+00  0.103274818487465E-17
  0.00000000  0.00000000  0.04000000    0.2207D+00  0.167755911201725E+01 -0.290624455060075E-17    0.596104180673256E+00  0.103270550305005E-17
  0.00000000  0.00000000  0.04000000    0.2274D+00  0.167819342179757E+01 -0.290831242654783E-17    0.595878870105965E+00  0.103265922755804E-17
  0.00000000  0.00000000  0.04000000    0.2343D+00  0.167886873272986E+01 -0.291051197140415E-17    0.595639182804954E+00  0.103260900533440E-17
  0.00000000  0.00000000  0.04000000    0.2415D+00  0.167958781033788E+01 -0.291285187985155E-17    0.595384173334071E+00  0.103255447429160E-17
  0.00000000  0.00000000  0.04000000    0.2489D+00  0.168035362216200E+01 -0.291534125083041E-17    0.595112830306139E+00  0.103249516066604E-17
  0.00000000  0.00000000  0.04000000    0.2565D+00  0.168116935457843E+01 -0.291799004487944E-17    0.594824071279101E+00  0.103243061962804E-17
  0.00000000  0.00000000  0.04000000    0.2643D+00  0.168203843129057E+01 -0.292080875630522E-17    0.594516737190561E+00  0.103236029537320E-17
  0.00000000  0.00000000  0.04000000    0.2724D+00  0.168296453369381E+01 -0.292380871430434E-17    0.594189586280333E+00  0.103228360166466E-17
  0.00000000  0.00000000  0.04000000    0.2807D+00  0.168395162334444E+01 -0.292700200251446E-17    0.593841287443835E+00  0.103219986454940E-17
  0.00000000  0.00000000  0.04000000    0.2893D+00  0.168500396679649E+01 -0.293040161327076E-17    0.593470412951720E+00  0.103210834503170E-17
  0.00000000  0.00000000  0.04000000    0.2981D+00  0.168612616311063E+01 -0.293402140412264E-17    0.593075430461955E+00  0.103200818853580E-17
  0.00000000  0.00000000  0.04000000    0.3072D+00  0.168732317438476E+01 -0.293787631811455E-17    0.592654694240555E+00  0.103189846347225E-17
  0.00000000  0.00000000  0.04000000    0.3166D+00  0.168860035971105E+01 -0.294198235932984E-17    0.592206435494968E+00  0.103177810918264E-17
  0.00000000  0.00000000  0.04000000    0.3262D+00  0.168996351302848E+01 -0.294635672356777E-17    0.591728751710126E+00  0.103164593358893E-17
  0.00000000  0.00000000  0.04000000    0.3362D+00  0.169141890541606E+01 -0.295101791846758E-17    0.591219594860813E+00  0.103150060141621E-17
  0.00000000  0.00000000  0.04000000    0.3464D+00  0.169297333246294E+01 -0.295598585542444E-17    0.590676758354605E+00  0.103134060610633E-17
  0.00000000  0.00000000  0.04000000    0.3570D+00  0.169463416745994E+01 -0.296128190958825E-17    0.590097862536835E+00  0.103116422338884E-17
  0.00000000  0.00000000  0.04000000    0.3679D+00  0.169640942128667E+01 -0.296692912977555E-17    0.589480338562099E+00  0.103096950887205E-17
  0.00000000  0.00000000  0.04000000    0.3791D+00  0.169830781002462E+01 -0.297295253206505E-17    0.588821410404692E+00  0.103075431477370E-17
  0.00000000  0.00000000  0.04000000    0.3907D+00  0.170033883151528E+01 -0.297937884226467E-17    0.588118074742102E+00  0.103051610429819E-17
  0.00000000  0.00000000  0.04000000    0.4026D+00  0.170251285231099E+01 -0.298623725129283E-17    0.587367078399792E+00  0.103025210489283E-17
  0.00000000  0.00000000  0.04000000    0.4149D+00  0.170484120674515E+01 -0.299355903837382E-17    0.586564892990345E+00  0.102995905428423E-17
  0.00000000  0.00000000  0.04000000    0.4276D+00  0.170733631018995E+01 -0.300137833268939E-17    0.585707686313276E+00  0.102963332326408E-17
  0.00000000  0.00000000  0.04000000    0.4406D+00  0.171001178899023E+01 -0.300973194394541E-17    0.584791290000699E+00  0.102927069707249E-17
  0.00000000  0.00000000  0.04000000    0.4540D+00  0.171288263008255E+01 -0.301865999107886E-17    0.583811162795088E+00  0.102886640831300E-17
  0.00000000  0.00000000  0.04000000    0.4679D+00  0.171596535395618E+01 -0.302820600633412E-17    0.582762348723701E+00  0.102841496222630E-17
  0.00000000  0.00000000  0.04000000    0.4822D+00  0.171927821542402E+01 -0.303841742932232E-17    0.581639429284210E+00  0.102791006345787E-17
  0.00000000  0.00000000  0.04000000    0.4969D+00  0.172284143769395E+01 -0.304934582140401E-17    0.580436468569339E+00  0.102734440982074E-17
  0.00000000  0.00000000  0.04000000    0.5120D+00  0.172667748652804E+01 -0.306104765926458E-17    0.579146950025261E+00  0.102670963719446E-17
  0.00000000  0.00000000  0.04000000    0.5276D+00  0.173081139293535E+01 -0.307358477316735E-17    0.577763703244444E+00  0.102599608948104E-17
  0.00000000  0.00000000  0.04000000    0.5437D+00  0.173527113497893E+01 -0.308702475671120E-17    0.576278818821096E+00  0.102519251580279E-17
  0.00000000  0.00000000  0.04000000    0.5603D+00  0.174008809205011E+01 -0.310144185676484E-17    0.574683548820700E+00  0.102428585130238E-17
  0.00000000  0.00000000  0.04000000    0.5774D+00  0.174529758859452E+01 -0.311691780052998E-17    0.572968189800396E+00  0.102326088203930E-17
  0.00000000  0.00000000  0.04000000    0.5950D+00  0.175093954907567E+01 -0.313354281507003E-17    0.571121944517104E+00  0.102209985873878E-17
  0.00000000  0.00000000  0.04000000    0.6131D+00  0.175705929237490E+01 -0.315141628537322E-17    0.569132757408752E+00  0.102078185296357E-17
  0.00000000  0.00000000  0.04000000    0.6318D+00  0.176370850248563E+01 -0.317064860635104E-17    0.566987117537100E+00  0.101928233123809E-17
  0.00000000  0.00000000  0.04000000    0.6511D+00  0.177094642419058E+01 -0.319136214486208E-17    0.564669820803333E+00  0.101757222344061E-17
  0.00000000  0.00000000  0.04000000    0.6709D+00  0.177884134878393E+01 -0.321369341737846E-17    0.562163680692282E+00  0.101561711580692E-17
  0.00000000  0.00000000  0.04000000    0.6914D+00  0.178747247787784E+01 -0.323779464191700E-17    0.559449173274678E+00  0.101337590260645E-17
  0.00000000  0.00000000  0.04000000    0.7125D+00  0.179693228607852E+01 -0.326383653142934E-17    0.556503997255409E+00  0.101079939973280E-17
  0.00000000  0.00000000  0.04000000    0.7342D+00  0.180732955077615E+01 -0.329201092208994E-17    0.553302522813593E+00  0.100782834405604E-17
  0.00000000  0.00000000  0.04000000    0.7565D+00  0.181879328737531E+01 -0.332253416927094E-17    0.549815092754765E+00  0.100439090309971E-17
  0.00000000  0.00000000  0.04000000    0.7796D+00  0.183147793396434E+01 -0.335565135811562E-17    0.546007124331247E+00  0.100039946664115E-17
  0.00000000  0.00000000  0.04000000    0.8034D+00  0.184557029252932E+01 -0.339164100716478E-17    0.541837937058208E+00  0.995746287206228E-18
  0.00000000  0.00000000  0.04000000    0.8279D+00  0.186129899235333E+01 -0.343082124939521E-17    0.537259195920828E+00  0.990297783091615E-18
  0.00000000  0.00000000  0.04000000    0.8531D+00  0.187894766367332E+01 -0.347355696832957E-17    0.532212801523705E+00  0.983886630324090E-18
  0.00000000  0.00000000  0.04000000    0.8791D+00  0.189887372462886E+01 -0.352026901485011E-17    0.526627962159756E+00  0.976300884834768E-18
  0.00000000  0.00000000  0.04000000    0.9059D+00  0.192153594571581E+01 -0.357144517294109E-17    0.520417014435542E+00  0.967268313801877E-18
  0.00000000  0.00000000  0.04000000    0.9335D+00  0.194753629356097E+01 -0.362765404746942E-17    0.513469249998701E+00  0.956433422661946E-18
  0.00000000  0.00000000  0.04000000    0.9619D+00  0.197768615902080E+01 -0.368956314493562E-17    0.505641400906160E+00  0.943322512941429E-18
  0.00000000  0.00000000  0.04000000    0.9913D+00  0.201311685654336E+01 -0.375796087414512E-17    0.496742152225113E+00  0.927287239453111E-18
  0.00000000  0.00000000  0.04000000    0.1021D+01  0.205547724232275E+01 -0.383378562735157E-17    0.486505021515087E+00  0.907407740020136E-18
  0.00000000  0.00000000  0.04000000    0.1053D+01  0.210732309578000E+01 -0.391816289673623E-17    0.474535680837239E+00  0.882308034091819E-18
  0.00000000  0.00000000  0.04000000    0.1085D+01  0.217300689450507E+01 -0.401245385971833E-17    0.460191821079225E+00  0.849743483727281E-18
  0.00000000  0.00000000  0.04000000    0.1118D+01  0.226133673683501E+01 -0.411831635342916E-17    0.442216315558385E+00  0.805358465394339E-18
  0.00000000  0.00000000  0.04000000    0.1152D+01  0.240665577631751E+01 -0.423773311065961E-17    0.415514345607883E+00  0.731653823394260E-18
  0.00000000  0.00000000  0.04000000    0.1187D+01  0.259540953057975E+01  0.993822974563844E-01    0.384731538845740E+00 -0.147319734261279E-01
  0.00000000  0.00000000  0.04000000    0.1223D+01  0.272920611356198E+01  0.318380323992265E+00    0.361487507269940E+00 -0.421699589165697E-01
  0.00000000  0.00000000  0.04000000    0.1260D+01  0.283208313377307E+01  0.479291097977919E+00    0.343265543736746E+00 -0.580929695860952E-01
  0.00000000  0.00000000  0.04000000    0.1299D+01  0.307757402453002E+01  0.692085986479183E+00    0.309290092937257E+00 -0.695532706516808E-01
  0.00000000  0.00000000  0.04000000    0.1338D+01  0.302991178248926E+01  0.165641655906313E+01    0.254100230018385E+00 -0.138913558835832E+00
  0.00000000  0.00000000  0.04000000    0.1379D+01  0.233771638811707E+01  0.190671422696999E+01    0.256878444293775E+00 -0.209518052243868E+00
  0.00000000  0.00000000  0.04000000    0.1421D+01  0.181477498664329E+01  0.178979617864489E+01    0.279334589444906E+00 -0.275489790432131E+00
  0.00000000  0.00000000  0.04000000    0.1464D+01  0.150800180029423E+01  0.160110637407920E+01    0.311724482281902E+00 -0.330970463987981E+00
  0.00000000  0.00000000  0.04000000    0.1509D+01  0.131686842875277E+01  0.138826299836226E+01    0.359660909578076E+00 -0.379160075389960E+00
  0.00000000  0.00000000  0.04000000    0.1555D+01  0.120971720726532E+01  0.116028086175938E+01    0.430555306078701E+00 -0.412960217951586E+00
  0.00000000  0.00000000  0.04000000    0.1602D+01  0.120525362134888E+01  0.917129891205112E+00    0.525448070845001E+00 -0.399836286331737E+00
  0.00000000  0.00000000  0.04000000    0.1651D+01  0.134120502258455E+01  0.671984990478107E+00    0.595986561257407E+00 -0.298607608044796E+00
  0.00000000  0.00000000  0.04000000    0.1701D+01  0.177752506378246E+01  0.487814464279316E+00    0.523177206914678E+00 -0.143577952353118E+00
  0.00000000  0.00000000  0.04000000    0.1753D+01  0.210530451261878E+01  0.115495373538768E+01    0.365109656952295E+00 -0.200296327488813E+00
  0.00000000  0.00000000  0.04000000    0.1807D+01  0.155741963439852E+01  0.205420561145230E+01    0.234363496187515E+00 -0.309120803638709E+00
  0.00000000  0.00000000  0.04000000    0.1862D+01  0.876430622305748E+00  0.628373339797043E+00    0.753605256832082E+00 -0.540311394960575E+00
  0.00000000  0.00000000  0.04000000    0.1919D+01  0.177342745413233E+01  0.673639452874442E+00    0.492778199252263E+00 -0.187182642153896E+00
  0.00000000  0.00000000  0.04000000    0.1977D+01  0.199201762613370E+01  0.174939108515047E+01    0.283419885448951E+00 -0.248899514971202E+00
  0.00000000  0.00000000  0.04000000    0.2037D+01  0.125324662693519E+01  0.202183394029422E+01    0.221482726287106E+00 -0.357312984987850E+00
  0.00000000  0.00000000  0.04000000    0.2099D+01  0.799721929276742E+00  0.166071782153359E+01    0.235382718287520E+00 -0.488800245223528E+00
  0.00000000  0.00000000  0.04000000    0.2163D+01  0.107359655751180E+01  0.214850321651522E+01    0.186107977735395E+00 -0.372443061582044E+00
  0.00000000  0.00000000  0.04000000    0.2229D+01 -0.147310647886108E+01  0.108376035584412E+01   -0.440445983696471E+00 -0.324034890125560E+00
  0.00000000  0.00000000  0.04000000    0.2297D+01 -0.221445474782905E+00  0.283565232430524E+00   -0.171069931528191E+01 -0.219058370658610E+01
  0.00000000  0.00000000  0.04000000    0.2367D+01  0.224607935001348E+00  0.225131929111436E+00    0.222091395256944E+01 -0.222609518461341E+01
  0.00000000  0.00000000  0.04000000    0.2439D+01  0.438537121632923E+00  0.208216795863673E+00    0.186081769387497E+01 -0.883513569985512E+00
  0.00000000  0.00000000  0.04000000    0.2513D+01  0.573042811952974E+00  0.210370814096115E+00    0.153781699589507E+01 -0.564550861836542E+00
  0.00000000  0.00000000  0.04000000    0.2590D+01  0.656818481044820E+00  0.222922938167298E+00    0.136522852935314E+01 -0.463355955741528E+00
  0.00000000  0.00000000  0.04000000    0.2669D+01  0.706478492086947E+00  0.224683166744851E+00    0.128545434799144E+01 -0.408816343098396E+00
  0.00000000  0.00000000  0.04000000    0.2750D+01  0.749316057893297E+00  0.209148195612427E+00    0.123809379310493E+01 -0.345575248386997E+00
  0.00000000  0.00000000  0.04000000    0.2834D+01  0.786419927328323E+00  0.213744883447458E+00    0.118411203217738E+01 -0.321835548046610E+00
  0.00000000  0.00000000  0.04000000    0.2920D+01  0.808239109473513E+00  0.201063061294590E+00    0.116515226496899E+01 -0.289851206806354E+00
  0.00000000  0.00000000  0.04000000    0.3009D+01  0.833462832714118E+00  0.181427474997128E+00    0.114553335758323E+01 -0.249358719349870E+00
  0.00000000  0.00000000  0.04000000    0.3101D+01  0.870785353637890E+00  0.155160460043169E+00    0.111304961822135E+01 -0.198328198898387E+00
  0.00000000  0.00000000  0.04000000    0.3195D+01  0.941740102444315E+00  0.130003400135227E+00    0.104200689889688E+01 -0.143844824563970E+00
  0.00000000  0.00000000  0.04000000    0.3293D+01  0.101611323996461E+01  0.194161992270159E+00    0.949474384403003E+00 -0.181428438125254E+00
  0.00000000  0.00000000  0.04000000    0.3393D+01  0.101129759841961E+01  0.256151989690157E+00    0.929213930041492E+00 -0.235360983156590E+00
  0.00000000  0.00000000  0.04000000    0.3496D+01  0.104461402635019E+01  0.282832868956003E+00    0.891907893165948E+00 -0.241487154016120E+00
  0.00000000  0.00000000  0.04000000    0.3603D+01  0.101085504358676E+01  0.473961157472810E+00    0.810976114218490E+00 -0.380243616744449E+00
  0.00000000  0.00000000  0.04000000    0.3713D+01  0.758208138988885E+00  0.365555009346184E+00    0.107014451286917E+01 -0.515948942364746E+00
  0.00000000  0.00000000  0.04000000    0.3826D+01  0.774917799240092E+00  0.257145656739841E+00    0.116245548249155E+01 -0.385744628358323E+00
  0.00000000  0.00000000  0.04000000    0.3942D+01  0.798122531461993E+00  0.187772245232637E+00    0.118722654365221E+01 -0.279315750293381E+00
  0.00000000  0.00000000  0.04000000    0.4062D+01  0.851297107963799E+00  0.133153665508717E+00    0.114662589885273E+01 -0.179346834343951E+00
  0.00000000  0.00000000  0.04000000    0.4186D+01  0.920732493712941E+00  0.161379701211114E+00    0.105372076548843E+01 -0.184688976934799E+00
  0.00000000  0.00000000  0.04000000    0.4313D+01  0.935446594674756E+00  0.208996707839743E+00    0.101818429600296E+01 -0.227481896935796E+00
  0.00000000  0.00000000  0.04000000    0.4445D+01  0.846890670201368E+00  0.202801427782968E+00    0.111675108311938E+01 -0.267423791645899E+00
  0.00000000  0.00000000  0.04000000    0.4580D+01  0.850751146000535E+00  0.128227824444104E+00    0.114932219533906E+01 -0.173229369582955E+00
  0.00000000  0.00000000  0.04000000    0.4720D+01  0.913722767395424E+00  0.808596089135689E-01    0.108591968909728E+01 -0.960981213396329E-01
  0.00000000  0.00000000  0.04000000    0.4863D+01  0.984041984426164E+00  0.109228452373743E+00    0.100384843410347E+01 -0.111426964103436E+00
  0.00000000  0.00000000  0.04000000    0.5012D+01  0.100334914529260E+01  0.199960087834366E+00    0.958589217409032E+00 -0.191039764183271E+00
  0.00000000  0.00000000  0.04000000    0.5164D+01  0.948006805861060E+00  0.220459593887014E+00    0.100072569970744E+01 -0.232719406639084E+00
  0.00000000  0.00000000  0.04000000    0.5322D+01  0.920935313257823E+00  0.157237674255430E+00    0.105509540209136E+01 -0.180143756846033E+00
  0.00000000  0.00000000  0.04000000    0.5484D+01  0.973145957565315E+00  0.220833008869027E+00    0.977269769656114E+00 -0.221768812820060E+00
  0.00000000  0.00000000  0.04000000    0.5651D+01  0.893205289564090E+00  0.261246533190325E+00    0.103133694971368E+01 -0.301647567263371E+00
  0.00000000  0.00000000  0.04000000    0.5823D+01  0.834593917586815E+00  0.208868095480774E+00    0.112756618144302E+01 -0.282188254531623E+00
  0.00000000  0.00000000  0.04000000    0.6000D+01  0.794593489321943E+00  0.146130002818940E+00    0.121733349432108E+01 -0.223874156216066E+00
  0.00000000  0.00000000  0.04000000    0.6183D+01  0.840309990744098E+00  0.771185657223652E-01    0.118009770040985E+01 -0.108302225452873E+00
  0.00000000  0.00000000  0.04000000    0.6371D+01  0.887724070233987E+00  0.102792971586667E+00    0.111157196602475E+01 -0.128713177158755E+00
  0.00000000  0.00000000  0.04000000    0.6565D+01  0.888286402688839E+00  0.114021498439710E+00    0.110751496356896E+01 -0.142161937082773E+00
  0.00000000  0.00000000  0.04000000    0.6765D+01  0.872613332978885E+00  0.103025161263358E+00    0.113022828627465E+01 -0.133440490830401E+00
  0.00000000  0.00000000  0.04000000    0.6971D+01  0.870958648940421E+00  0.116163449292721E+00    0.112809284306823E+01 -0.150458527431424E+00
  0.00000000  0.00000000  0.04000000    0.7184D+01  0.839930614854054E+00  0.764585478022040E-01    0.118079004899889E+01 -0.107486845709792E+00
  0.00000000  0.00000000  0.04000000    0.7402D+01  0.858505482384728E+00  0.392456557576356E-01    0.116238581521404E+01 -0.531372186869803E-01
  0.00000000  0.00000000  0.04000000    0.7628D+01  0.887038226997667E+00  0.288001851087583E-01    0.112615997963416E+01 -0.365639437945266E-01
  0.00000000  0.00000000  0.04000000    0.7860D+01  0.901723511070251E+00  0.392132866405973E-01    0.110689411407062E+01 -0.481355489160132E-01
  0.00000000  0.00000000  0.04000000    0.8100D+01  0.902902436600379E+00  0.350868495460735E-01    0.110586939592166E+01 -0.429741592662065E-01
  0.00000000  0.00000000  0.04000000    0.8346D+01  0.911216381354044E+00  0.289212452860882E-01    0.109632976289073E+01 -0.347965890822613E-01
  0.00000000  0.00000000  0.04000000    0.8600D+01  0.914522919757933E+00  0.409323608233292E-01    0.109128015377118E+01 -0.488436889316275E-01
  0.00000000  0.00000000  0.04000000    0.8862D+01  0.908320591402097E+00  0.157614870243325E-01    0.110060147972260E+01 -0.190980102243765E-01
  0.00000000  0.00000000  0.04000000    0.9132D+01  0.922378719682193E+00  0.197044867298297E-01    0.108365882961329E+01 -0.231498630357985E-01
  0.00000000  0.00000000  0.04000000    0.9410D+01  0.923675815008498E+00  0.143501587576350E-01    0.108236967669114E+01 -0.168156147888586E-01
  0.00000000  0.00000000  0.04000000    0.9697D+01  0.931409775761856E+00  0.760767276508828E-02    0.107356967437004E+01 -0.876882225811840E-02
  0.00000000  0.00000000  0.04000000    0.9992D+01  0.939105164510820E+00  0.922787645003136E-02    0.106474066168349E+01 -0.104624014952126E-01
  0.00000000  0.00000000  0.04000000    0.1030D+02  0.941969583955301E+00  0.894312772732975E-02    0.106150972148026E+01 -0.100780504855990E-01
  0.00000000  0.00000000  0.04000000    0.1061D+02  0.947033793291360E+00  0.393616231980477E-02    0.105591028799801E+01 -0.438868635750284E-02
  0.00000000  0.00000000  0.04000000    0.1093D+02  0.953365396940527E+00  0.653509271289805E-02    0.104886648671880E+01 -0.718972993582085E-02
  0.00000000  0.00000000  0.04000000    0.1127D+02  0.955727937233429E+00  0.833746462993778E-02    0.104624325003416E+01 -0.912709124808227E-02
  0.00000000  0.00000000  0.04000000    0.1161D+02  0.956190000572876E+00  0.888447268874698E-02    0.104572697291775E+01 -0.971640858533082E-02
  0.00000000  0.00000000  0.04000000    0.1196D+02  0.956533552209732E+00  0.613119438107124E-02    0.104539868336722E+01 -0.670080262070619E-02
  0.00000000  0.00000000  0.04000000    0.1233D+02  0.959504351172441E+00  0.301824738190951E-02    0.104219444536827E+01 -0.327835997025936E-02
  0.00000000  0.00000000  0.04000000    0.1270D+02  0.962756012426988E+00  0.272488137352586E-02    0.103867644200548E+01 -0.293975841584837E-02
  0.00000000  0.00000000  0.04000000    0.1309D+02  0.965275349106437E+00  0.131875531915097E-02    0.103597189593382E+01 -0.141534065851608E-02
  0.00000000  0.00000000  0.04000000    0.1349D+02  0.968141531583023E+00  0.748619754903568E-03    0.103290621201095E+01 -0.798699332740796E-03
  0.00000000  0.00000000  0.04000000    0.1390D+02  0.970599253830808E+00  0.521616614830741E-03    0.103029103642530E+01 -0.553695998208858E-03
  0.00000000  0.00000000  0.04000000    0.1432D+02  0.972758138628783E+00  0.282754511260148E-03    0.102800467639247E+01 -0.298813187270000E-03
  0.00000000  0.00000000  0.04000000    0.1476D+02  0.974741555633563E+00  0.137194562576988E-03    0.102591294524172E+01 -0.144396919317781E-03
  0.00000000  0.00000000  0.04000000    0.1521D+02  0.976574115720699E+00  0.119008798501797E-04    0.102398782002686E+01 -0.124786801308917E-04
  0.00000000  0.00000000  0.04000000    0.1567D+02  0.978252853882840E+00  0.571577105396958E-19    0.102223059818414E+01 -0.597272580436826E-19
  0.00000000  0.00000000  0.04000000    0.1615D+02  0.979752085928068E+00  0.546184888950227E-19    0.102066636485163E+01 -0.568993476154382E-19
  0.00000000  0.00000000  0.04000000    0.1664D+02  0.981115626838166E+00  0.520203691678532E-19    0.101924785687360E+01 -0.540422029144316E-19
