 q(1:3)   w(Ry)   eps    epsi  --- NO LFC
  0.00000000  0.00000000  0.01500000    0.0000D+00  0.172884538755761E+01 -0.420559510434027E-17    0.578420723563215E+00  0.140706819752287E-17
  0.00000000  0.00000000  0.01500000    0.1015D-04  0.172884538758059E+01 -0.420559510433851E-17    0.578420723555528E+00  0.140706819748488E-17
  0.00000000  0.00000000  0.01500000    0.3076D-04  0.172884538776862E+01 -0.420559510432902E-17    0.578420723492617E+00  0.140706819717563E-17
  0.00000000  0.00000000  0.01500000    0.5200D-04  0.172884538816057E+01 -0.420559510431064E-17    0.578420723361483E+00  0.140706819653149E-17
  0.00000000  0.00000000  0.01500000    0.7389D-04  0.172884538877491E+01 -0.420559510427839E-17    0.578420723155943E+00  0.140706819552070E-17
  0.00000000  0.00000000  0.01500000    0.9644D-04  0.172884538963142E+01 -0.420559510423571E-17    0.578420722869379E+00  0.140706819411223E-17
  0.00000000  0.00000000  0.01500000    0.1197D-03  0.172884539075130E+01 -0.420559510417808E-17    0.578420722494699E+00  0.140706819227006E-17
  0.00000000  0.00000000  0.01500000    0.1436D-03  0.172884539215724E+01 -0.420559510410689E-17    0.578420722024314E+00  0.140706818995772E-17
  0.00000000  0.00000000  0.01500000    0.1683D-03  0.172884539387353E+01 -0.420559510402338E-17    0.578420721450094E+00  0.140706818713608E-17
  0.00000000  0.00000000  0.01500000    0.1937D-03  0.172884539592617E+01 -0.420559510391575E-17    0.578420720763342E+00  0.140706818375888E-17
  0.00000000  0.00000000  0.01500000    0.2199D-03  0.172884539834295E+01 -0.420559510379489E-17    0.578420719954757E+00  0.140706817978451E-17
  0.00000000  0.00000000  0.01500000    0.2469D-03  0.172884540115366E+01 -0.420559510365146E-17    0.578420719014379E+00  0.140706817516138E-17
  0.00000000  0.00000000  0.01500000    0.2748D-03  0.172884540439005E+01 -0.420559510348639E-17    0.578420717931577E+00  0.140706816983810E-17
  0.00000000  0.00000000  0.01500000    0.3034D-03  0.172884540808614E+01 -0.420559510330007E-17    0.578420716694974E+00  0.140706816375944E-17
  0.00000000  0.00000000  0.01500000    0.3330D-03  0.172884541227826E+01 -0.420559510308836E-17    0.578420715292416E+00  0.140706815686487E-17
  0.00000000  0.00000000  0.01500000    0.3634D-03  0.172884541700522E+01 -0.420559510284770E-17    0.578420713710912E+00  0.140706814909001E-17
  0.00000000  0.00000000  0.01500000    0.3948D-03  0.172884542230850E+01 -0.420559510257910E-17    0.578420711936591E+00  0.140706814036771E-17
  0.00000000  0.00000000  0.01500000    0.4271D-03  0.172884542823238E+01 -0.420559510228075E-17    0.578420709954636E+00  0.140706813062527E-17
  0.00000000  0.00000000  0.01500000    0.4604D-03  0.172884543482415E+01 -0.420559510194620E-17    0.578420707749223E+00  0.140706811978354E-17
  0.00000000  0.00000000  0.01500000    0.4948D-03  0.172884544213429E+01 -0.420559510157692E-17    0.578420705303467E+00  0.140706810776089E-17
  0.00000000  0.00000000  0.01500000    0.5301D-03  0.172884545021670E+01 -0.420559510116514E-17    0.578420702599332E+00  0.140706809446694E-17
  0.00000000  0.00000000  0.01500000    0.5666D-03  0.172884545912885E+01 -0.420559510071737E-17    0.578420699617589E+00  0.140706807981034E-17
  0.00000000  0.00000000  0.01500000    0.6041D-03  0.172884546893215E+01 -0.420559510021696E-17    0.578420696337694E+00  0.140706806368555E-17
  0.00000000  0.00000000  0.01500000    0.6428D-03  0.172884547969202E+01 -0.420559509967260E-17    0.578420692737758E+00  0.140706804598899E-17
  0.00000000  0.00000000  0.01500000    0.6827D-03  0.172884549147829E+01 -0.420559509907940E-17    0.578420688794420E+00  0.140706802660537E-17
  0.00000000  0.00000000  0.01500000    0.7238D-03  0.172884550436546E+01 -0.420559509842323E-17    0.578420684482755E+00  0.140706800540869E-17
  0.00000000  0.00000000  0.01500000    0.7662D-03  0.172884551843288E+01 -0.420559509771120E-17    0.578420679776209E+00  0.140706798227215E-17
  0.00000000  0.00000000  0.01500000    0.8098D-03  0.172884553376525E+01 -0.420559509693550E-17    0.578420674646453E+00  0.140706795705530E-17
  0.00000000  0.00000000  0.01500000    0.8548D-03  0.172884555045279E+01 -0.420559509609061E-17    0.578420669063292E+00  0.140706792960940E-17
  0.00000000  0.00000000  0.01500000    0.9011D-03  0.172884556859173E+01 -0.420559509517052E-17    0.578420662994538E+00  0.140706789977582E-17
  0.00000000  0.00000000  0.01500000    0.9488D-03  0.172884558828458E+01 -0.420559509417355E-17    0.578420656405893E+00  0.140706786738715E-17
  0.00000000  0.00000000  0.01500000    0.9980D-03  0.172884560964059E+01 -0.420559509309132E-17    0.578420649260804E+00  0.140706783226274E-17
  0.00000000  0.00000000  0.01500000    0.1049D-02  0.172884563277617E+01 -0.420559509191956E-17    0.578420641520321E+00  0.140706779421166E-17
  0.00000000  0.00000000  0.01500000    0.1101D-02  0.172884565781536E+01 -0.420559509064864E-17    0.578420633142950E+00  0.140706775302881E-17
  0.00000000  0.00000000  0.01500000    0.1155D-02  0.172884568489023E+01 -0.420559508928198E-17    0.578420624084499E+00  0.140706770850034E-17
  0.00000000  0.00000000  0.01500000    0.1210D-02  0.172884571414155E+01 -0.420559508779915E-17    0.578420614297874E+00  0.140706766039028E-17
  0.00000000  0.00000000  0.01500000    0.1267D-02  0.172884574571918E+01 -0.420559508619723E-17    0.578420603732931E+00  0.140706760845370E-17
  0.00000000  0.00000000  0.01500000    0.1326D-02  0.172884577978273E+01 -0.420559508447426E-17    0.578420592336278E+00  0.140706755243019E-17
  0.00000000  0.00000000  0.01500000    0.1387D-02  0.172884581650216E+01 -0.420559508261629E-17    0.578420580051043E+00  0.140706749203837E-17
  0.00000000  0.00000000  0.01500000    0.1450D-02  0.172884585605846E+01 -0.420559508061275E-17    0.578420566816679E+00  0.140706742698015E-17
  0.00000000  0.00000000  0.01500000    0.1514D-02  0.172884589864427E+01 -0.420559507845341E-17    0.578420552568728E+00  0.140706735693849E-17
  0.00000000  0.00000000  0.01500000    0.1580D-02  0.172884594446471E+01 -0.420559507613143E-17    0.578420537238569E+00  0.140706728157725E-17
  0.00000000  0.00000000  0.01500000    0.1649D-02  0.172884599373810E+01 -0.420559507363461E-17    0.578420520753155E+00  0.140706720053697E-17
  0.00000000  0.00000000  0.01500000    0.1719D-02  0.172884604669684E+01 -0.420559507095360E-17    0.578420503034736E+00  0.140706711343625E-17
  0.00000000  0.00000000  0.01500000    0.1792D-02  0.172884610358825E+01 -0.420559506807236E-17    0.578420484000560E+00  0.140706701986711E-17
  0.00000000  0.00000000  0.01500000    0.1867D-02  0.172884616467557E+01 -0.420559506497815E-17    0.578420463562561E+00  0.140706691939683E-17
  0.00000000  0.00000000  0.01500000    0.1944D-02  0.172884623023890E+01 -0.420559506165535E-17    0.578420441627025E+00  0.140706681156425E-17
  0.00000000  0.00000000  0.01500000    0.2024D-02  0.172884630057628E+01 -0.420559505809451E-17    0.578420418094233E+00  0.140706669588106E-17
  0.00000000  0.00000000  0.01500000    0.2106D-02  0.172884637600487E+01 -0.420559505427238E-17    0.578420392858078E+00  0.140706657182325E-17
  0.00000000  0.00000000  0.01500000    0.2190D-02  0.172884645686208E+01 -0.420559505017602E-17    0.578420365805670E+00  0.140706643883725E-17
  0.00000000  0.00000000  0.01500000    0.2277D-02  0.172884654350687E+01 -0.420559504578657E-17    0.578420336816912E+00  0.140706629633247E-17
  0.00000000  0.00000000  0.01500000    0.2367D-02  0.172884663632112E+01 -0.420559504108564E-17    0.578420305764043E+00  0.140706614368115E-17
  0.00000000  0.00000000  0.01500000    0.2459D-02  0.172884673571105E+01 -0.420559503605105E-17    0.578420272511151E+00  0.140706598021467E-17
  0.00000000  0.00000000  0.01500000    0.2554D-02  0.172884684210877E+01 -0.420559503065972E-17    0.578420236913668E+00  0.140706580522192E-17
  0.00000000  0.00000000  0.01500000    0.2652D-02  0.172884695597384E+01 -0.420559502488885E-17    0.578420198817837E+00  0.140706561794723E-17
  0.00000000  0.00000000  0.01500000    0.2753D-02  0.172884707779507E+01 -0.420559501871906E-17    0.578420158060119E+00  0.140706541758847E-17
  0.00000000  0.00000000  0.01500000    0.2858D-02  0.172884720809234E+01 -0.420559501211908E-17    0.578420114466580E+00  0.140706520328895E-17
  0.00000000  0.00000000  0.01500000    0.2965D-02  0.172884734741849E+01 -0.420559500506144E-17    0.578420067852259E+00  0.140706497413963E-17
  0.00000000  0.00000000  0.01500000    0.3075D-02  0.172884749636145E+01 -0.420559499751205E-17    0.578420018020451E+00  0.140706472917208E-17
  0.00000000  0.00000000  0.01500000    0.3189D-02  0.172884765554638E+01 -0.420559498944598E-17    0.578419964761997E+00  0.140706446736036E-17
  0.00000000  0.00000000  0.01500000    0.3307D-02  0.172884782563805E+01 -0.420559498082604E-17    0.578419907854493E+00  0.140706418761000E-17
  0.00000000  0.00000000  0.01500000    0.3428D-02  0.172884800734328E+01 -0.420559497162113E-17    0.578419847061455E+00  0.140706388876006E-17
  0.00000000  0.00000000  0.01500000    0.3553D-02  0.172884820141361E+01 -0.420559496178773E-17    0.578419782131444E+00  0.140706356957269E-17
  0.00000000  0.00000000  0.01500000    0.3681D-02  0.172884840864805E+01 -0.420559495128630E-17    0.578419712797143E+00  0.140706322873410E-17
  0.00000000  0.00000000  0.01500000    0.3813D-02  0.172884862989607E+01 -0.420559494007331E-17    0.578419638774343E+00  0.140706286484702E-17
  0.00000000  0.00000000  0.01500000    0.3950D-02  0.172884886606075E+01 -0.420559492810637E-17    0.578419559760907E+00  0.140706247642732E-17
  0.00000000  0.00000000  0.01500000    0.4090D-02  0.172884911810213E+01 -0.420559491533213E-17    0.578419475435638E+00  0.140706206189446E-17
  0.00000000  0.00000000  0.01500000    0.4235D-02  0.172884938704079E+01 -0.420559490170179E-17    0.578419385457090E+00  0.140706161957093E-17
  0.00000000  0.00000000  0.01500000    0.4385D-02  0.172884967396155E+01 -0.420559488715824E-17    0.578419289462318E+00  0.140706114767184E-17
  0.00000000  0.00000000  0.01500000    0.4538D-02  0.172884998001760E+01 -0.420559487164308E-17    0.578419187065509E+00  0.140706064430061E-17
  0.00000000  0.00000000  0.01500000    0.4697D-02  0.172885030643462E+01 -0.420559485509730E-17    0.578419077856592E+00  0.140706010744245E-17
  0.00000000  0.00000000  0.01500000    0.4860D-02  0.172885065451545E+01 -0.420559483745175E-17    0.578418961399691E+00  0.140705953495361E-17
  0.00000000  0.00000000  0.01500000    0.5029D-02  0.172885102564479E+01 -0.420559481863583E-17    0.578418837231532E+00  0.140705892455658E-17
  0.00000000  0.00000000  0.01500000    0.5202D-02  0.172885142129436E+01 -0.420559479857906E-17    0.578418704859738E+00  0.140705827383230E-17
  0.00000000  0.00000000  0.01500000    0.5381D-02  0.172885184302832E+01 -0.420559477719266E-17    0.578418563761001E+00  0.140705758020509E-17
  0.00000000  0.00000000  0.01500000    0.5565D-02  0.172885229250900E+01 -0.420559475439910E-17    0.578418413379173E+00  0.140705684094330E-17
  0.00000000  0.00000000  0.01500000    0.5755D-02  0.172885277150302E+01 -0.420559473010701E-17    0.578418253123211E+00  0.140705605314086E-17
  0.00000000  0.00000000  0.01500000    0.5950D-02  0.172885328188784E+01 -0.420559470422317E-17    0.578418082365001E+00  0.140705521371072E-17
  0.00000000  0.00000000  0.01500000    0.6152D-02  0.172885382565861E+01 -0.420559467664183E-17    0.578417900437042E+00  0.140705431937004E-17
  0.00000000  0.00000000  0.01500000    0.6360D-02  0.172885440493549E+01 -0.420559464725646E-17    0.578417706630023E+00  0.140705336663231E-17
  0.00000000  0.00000000  0.01500000    0.6574D-02  0.172885502197149E+01 -0.420559461595527E-17    0.578417500190189E+00  0.140705235179303E-17
  0.00000000  0.00000000  0.01500000    0.6794D-02  0.172885567916068E+01 -0.420559458260813E-17    0.578417280316583E+00  0.140705127091194E-17
  0.00000000  0.00000000  0.01500000    0.7021D-02  0.172885637904698E+01 -0.420559454709343E-17    0.578417046158132E+00  0.140705011980779E-17
  0.00000000  0.00000000  0.01500000    0.7255D-02  0.172885712433355E+01 -0.420559450926709E-17    0.578416796810487E+00  0.140704889403268E-17
  0.00000000  0.00000000  0.01500000    0.7497D-02  0.172885791789257E+01 -0.420559446899098E-17    0.578416531312749E+00  0.140704758886555E-17
  0.00000000  0.00000000  0.01500000    0.7745D-02  0.172885876277588E+01 -0.420559442609724E-17    0.578416248643924E+00  0.140704619928303E-17
  0.00000000  0.00000000  0.01500000    0.8001D-02  0.172885966222607E+01 -0.420559438043062E-17    0.578415947719205E+00  0.140704471995555E-17
  0.00000000  0.00000000  0.01500000    0.8265D-02  0.172886061968841E+01 -0.420559433180694E-17    0.578415627385988E+00  0.140704314521404E-17
  0.00000000  0.00000000  0.01500000    0.8537D-02  0.172886163882338E+01 -0.420559428004514E-17    0.578415286419666E+00  0.140704146904015E-17
  0.00000000  0.00000000  0.01500000    0.8818D-02  0.172886272352008E+01 -0.420559422494211E-17    0.578414923519164E+00  0.140703968503621E-17
  0.00000000  0.00000000  0.01500000    0.9107D-02  0.172886387791049E+01 -0.420559416628682E-17    0.578414537302152E+00  0.140703778640655E-17
  0.00000000  0.00000000  0.01500000    0.9404D-02  0.172886510638447E+01 -0.420559410385375E-17    0.578414126300039E+00  0.140703576593106E-17
  0.00000000  0.00000000  0.01500000    0.9711D-02  0.172886641360589E+01 -0.420559403740366E-17    0.578413688952580E+00  0.140703361593914E-17
  0.00000000  0.00000000  0.01500000    0.1003D-01  0.172886780452957E+01 -0.420559396668243E-17    0.578413223602197E+00  0.140703132828172E-17
  0.00000000  0.00000000  0.01500000    0.1035D-01  0.172886928441940E+01 -0.420559389141926E-17    0.578412728487929E+00  0.140702889430122E-17
  0.00000000  0.00000000  0.01500000    0.1069D-01  0.172887085886760E+01 -0.420559381132389E-17    0.578412201738997E+00  0.140702630479935E-17
  0.00000000  0.00000000  0.01500000    0.1103D-01  0.172887253381501E+01 -0.420559372609105E-17    0.578411641368005E+00  0.140702355000545E-17
  0.00000000  0.00000000  0.01500000    0.1139D-01  0.172887431557278E+01 -0.420559363539775E-17    0.578411045263691E+00  0.140702061954042E-17
  0.00000000  0.00000000  0.01500000    0.1176D-01  0.172887621084545E+01 -0.420559353889159E-17    0.578410411183219E+00  0.140701750237526E-17
  0.00000000  0.00000000  0.01500000    0.1214D-01  0.172887822675530E+01 -0.420559343620716E-17    0.578409736744020E+00  0.140701418679690E-17
  0.00000000  0.00000000  0.01500000    0.1253D-01  0.172888037086832E+01 -0.420559332695085E-17    0.578409019415124E+00  0.140701066036090E-17
  0.00000000  0.00000000  0.01500000    0.1293D-01  0.172888265122178E+01 -0.420559321071086E-17    0.578408256507932E+00  0.140700690985002E-17
  0.00000000  0.00000000  0.01500000    0.1334D-01  0.172888507635353E+01 -0.420559308703352E-17    0.578407445166422E+00  0.140700292121858E-17
  0.00000000  0.00000000  0.01500000    0.1377D-01  0.172888765533300E+01 -0.420559295545959E-17    0.578406582356786E+00  0.140699867955424E-17
  0.00000000  0.00000000  0.01500000    0.1421D-01  0.172889039779434E+01 -0.420559281547022E-17    0.578405664856354E+00  0.140699416900604E-17
  0.00000000  0.00000000  0.01500000    0.1466D-01  0.172889331397134E+01 -0.420559266654732E-17    0.578404689241904E+00  0.140698937274776E-17
  0.00000000  0.00000000  0.01500000    0.1513D-01  0.172889641473484E+01 -0.420559250810612E-17    0.578403651877182E+00  0.140698427289466E-17
  0.00000000  0.00000000  0.01500000    0.1561D-01  0.172889971163214E+01 -0.420559233955271E-17    0.578402548899707E+00  0.140697885045859E-17
  0.00000000  0.00000000  0.01500000    0.1610D-01  0.172890321692911E+01 -0.420559216023602E-17    0.578401376206708E+00  0.140697308526345E-17
  0.00000000  0.00000000  0.01500000    0.1662D-01  0.172890694365476E+01 -0.420559196946714E-17    0.578400129440217E+00  0.140696695587931E-17
  0.00000000  0.00000000  0.01500000    0.1714D-01  0.172891090564868E+01 -0.420559176651765E-17    0.578398803971222E+00  0.140696043954466E-17
  0.00000000  0.00000000  0.01500000    0.1768D-01  0.172891511761138E+01 -0.420559155061055E-17    0.578397394882852E+00  0.140695351208170E-17
  0.00000000  0.00000000  0.01500000    0.1824D-01  0.172891959515770E+01 -0.420559132090962E-17    0.578395896952506E+00  0.140694614780586E-17
  0.00000000  0.00000000  0.01500000    0.1882D-01  0.172892435487368E+01 -0.420559107653814E-17    0.578394304632874E+00  0.140693831943979E-17
  0.00000000  0.00000000  0.01500000    0.1941D-01  0.172892941437686E+01 -0.420559081654588E-17    0.578392612031775E+00  0.140692999800430E-17
  0.00000000  0.00000000  0.01500000    0.2002D-01  0.172893479238035E+01 -0.420559053993713E-17    0.578390812890765E+00  0.140692115272374E-17
  0.00000000  0.00000000  0.01500000    0.2065D-01  0.172894050876093E+01 -0.420559024563338E-17    0.578388900562381E+00  0.140691175090288E-17
  0.00000000  0.00000000  0.01500000    0.2130D-01  0.172894658463128E+01 -0.420558993250012E-17    0.578386867986012E+00  0.140690175781862E-17
  0.00000000  0.00000000  0.01500000    0.2197D-01  0.172895304241686E+01 -0.420558959931547E-17    0.578384707662232E+00  0.140689113658468E-17
  0.00000000  0.00000000  0.01500000    0.2266D-01  0.172895990593745E+01 -0.420558924478592E-17    0.578382411625559E+00  0.140687984802454E-17
  0.00000000  0.00000000  0.01500000    0.2337D-01  0.172896720049383E+01 -0.420558886752259E-17    0.578379971415525E+00  0.140686785052279E-17
  0.00000000  0.00000000  0.01500000    0.2410D-01  0.172897495295984E+01 -0.420558846604520E-17    0.578377378045933E+00  0.140685509987717E-17
  0.00000000  0.00000000  0.01500000    0.2486D-01  0.172898319188017E+01 -0.420558803878403E-17    0.578374621972211E+00  0.140684154914049E-17
  0.00000000  0.00000000  0.01500000    0.2564D-01  0.172899194757429E+01 -0.420558758405067E-17    0.578371693056733E+00  0.140682714844237E-17
  0.00000000  0.00000000  0.01500000    0.2644D-01  0.172900125224683E+01 -0.420558710004276E-17    0.578368580531972E+00  0.140681184481182E-17
  0.00000000  0.00000000  0.01500000    0.2726D-01  0.172901114010482E+01 -0.420558658483754E-17    0.578365272961384E+00  0.140679558198499E-17
  0.00000000  0.00000000  0.01500000    0.2811D-01  0.172902164748232E+01 -0.420558603638368E-17    0.578361758197841E+00  0.140677830020056E-17
  0.00000000  0.00000000  0.01500000    0.2899D-01  0.172903281297277E+01 -0.420558545248467E-17    0.578358023339462E+00  0.140675993597962E-17
  0.00000000  0.00000000  0.01500000    0.2989D-01  0.172904467756968E+01 -0.420558483078686E-17    0.578354054682720E+00  0.140674042189387E-17
  0.00000000  0.00000000  0.01500000    0.3082D-01  0.172905728481607E+01 -0.420558416878065E-17    0.578349837672601E+00  0.140671968632404E-17
  0.00000000  0.00000000  0.01500000    0.3178D-01  0.172907068096326E+01 -0.420558346377190E-17    0.578345356849672E+00  0.140669765319324E-17
  0.00000000  0.00000000  0.01500000    0.3277D-01  0.172908491513963E+01 -0.420558271287967E-17    0.578340595793842E+00  0.140667424169315E-17
  0.00000000  0.00000000  0.01500000    0.3379D-01  0.172910003953000E+01 -0.420558191301462E-17    0.578335537064599E+00  0.140664936598672E-17
  0.00000000  0.00000000  0.01500000    0.3484D-01  0.172911610956610E+01 -0.420558106087224E-17    0.578330162137544E+00  0.140662293489774E-17
  0.00000000  0.00000000  0.01500000    0.3592D-01  0.172913318412922E+01 -0.420558015290401E-17    0.578324451336925E+00  0.140659485157386E-17
  0.00000000  0.00000000  0.01500000    0.3703D-01  0.172915132576543E+01 -0.420557918529908E-17    0.578318383763975E+00  0.140656501313264E-17
  0.00000000  0.00000000  0.01500000    0.3818D-01  0.172917060091438E+01 -0.420557815397602E-17    0.578311937220771E+00  0.140653331028941E-17
  0.00000000  0.00000000  0.01500000    0.3936D-01  0.172919108015252E+01 -0.420557705454387E-17    0.578305088129299E+00  0.140649962695160E-17
  0.00000000  0.00000000  0.01500000    0.4058D-01  0.172921283845163E+01 -0.420557588228895E-17    0.578297811445477E+00  0.140646383979736E-17
  0.00000000  0.00000000  0.01500000    0.4184D-01  0.172923595545369E+01 -0.420557463213710E-17    0.578290080567770E+00  0.140642581781978E-17
  0.00000000  0.00000000  0.01500000    0.4313D-01  0.172926051576300E+01 -0.420557329864232E-17    0.578281867240096E+00  0.140638542185236E-17
  0.00000000  0.00000000  0.01500000    0.4447D-01  0.172928660925697E+01 -0.420557187592074E-17    0.578273141448586E+00  0.140634250404649E-17
  0.00000000  0.00000000  0.01500000    0.4584D-01  0.172931433141636E+01 -0.420557035765775E-17    0.578263871311915E+00  0.140629690734245E-17
  0.00000000  0.00000000  0.01500000    0.4726D-01  0.172934378367669E+01 -0.420556873702105E-17    0.578254022964675E+00  0.140624846487524E-17
  0.00000000  0.00000000  0.01500000    0.4872D-01  0.172937507380170E+01 -0.420556700667072E-17    0.578243560433475E+00  0.140619699937786E-17
  0.00000000  0.00000000  0.01500000    0.5022D-01  0.172940831628089E+01 -0.420556515865390E-17    0.578232445505125E+00  0.140614232250785E-17
  0.00000000  0.00000000  0.01500000    0.5177D-01  0.172944363275201E+01 -0.420556318439705E-17    0.578220637586628E+00  0.140608423416689E-17
  0.00000000  0.00000000  0.01500000    0.5337D-01  0.172948115245085E+01 -0.420556107462686E-17    0.578208093556210E+00  0.140602252175357E-17
  0.00000000  0.00000000  0.01500000    0.5501D-01  0.172952101268958E+01 -0.420555881931250E-17    0.578194767604991E+00  0.140595695937807E-17
  0.00000000  0.00000000  0.01500000    0.5671D-01  0.172956335936580E+01 -0.420555640758635E-17    0.578180611068613E+00  0.140588730702147E-17
  0.00000000  0.00000000  0.01500000    0.5846D-01  0.172960834750428E+01 -0.420555382767856E-17    0.578165572248156E+00  0.140581330964823E-17
  0.00000000  0.00000000  0.01500000    0.6026D-01  0.172965614183351E+01 -0.420555106682047E-17    0.578149596219718E+00  0.140573469625369E-17
  0.00000000  0.00000000  0.01500000    0.6211D-01  0.172970691739948E+01 -0.420554811115444E-17    0.578132624631834E+00  0.140565117885554E-17
  0.00000000  0.00000000  0.01500000    0.6403D-01  0.172976086021910E+01 -0.420554494561977E-17    0.578114595490002E+00  0.140556245141542E-17
  0.00000000  0.00000000  0.01500000    0.6600D-01  0.172981816797597E+01 -0.420554155384829E-17    0.578095442927439E+00  0.140546818869777E-17
  0.00000000  0.00000000  0.01500000    0.6803D-01  0.172987905076142E+01 -0.420553791802315E-17    0.578075096961168E+00  0.140536804504629E-17
  0.00000000  0.00000000  0.01500000    0.7012D-01  0.172994373186376E+01 -0.420553401873066E-17    0.578053483232455E+00  0.140526165308323E-17
  0.00000000  0.00000000  0.01500000    0.7227D-01  0.173001244860932E+01 -0.420552983481141E-17    0.578030522730549E+00  0.140514862232874E-17
  0.00000000  0.00000000  0.01500000    0.7450D-01  0.173008545325829E+01 -0.420552534316730E-17    0.578006131498699E+00  0.140502853772100E-17
  0.00000000  0.00000000  0.01500000    0.7678D-01  0.173016301396002E+01 -0.420552051857823E-17    0.577980220321083E+00  0.140490095804860E-17
  0.00000000  0.00000000  0.01500000    0.7914D-01  0.173024541577096E+01 -0.420551533346638E-17    0.577952694389553E+00  0.140476541426954E-17
  0.00000000  0.00000000  0.01500000    0.8157D-01  0.173033296174048E+01 -0.420550975764146E-17    0.577923452948694E+00  0.140462140772077E-17
  0.00000000  0.00000000  0.01500000    0.8408D-01  0.173042597406872E+01 -0.420550375804460E-17    0.577892388917809E+00  0.140446840821791E-17
  0.00000000  0.00000000  0.01500000    0.8666D-01  0.173052479534193E+01 -0.420549729842310E-17    0.577859388488225E+00  0.140430585201495E-17
  0.00000000  0.00000000  0.01500000    0.8932D-01  0.173062978985084E+01 -0.420549033899878E-17    0.577824330694196E+00  0.140413313963717E-17
  0.00000000  0.00000000  0.01500000    0.9206D-01  0.173074134499794E+01 -0.420548283606974E-17    0.577787086955615E+00  0.140394963355860E-17
  0.00000000  0.00000000  0.01500000    0.9488D-01  0.173085987280017E+01 -0.420547474158577E-17    0.577747520590565E+00  0.140375465572881E-17
  0.00000000  0.00000000  0.01500000    0.9779D-01  0.173098581149413E+01 -0.420546600266244E-17    0.577705486295600E+00  0.140354748492747E-17
  0.00000000  0.00000000  0.01500000    0.1008D+00  0.173111962725115E+01 -0.420545656104958E-17    0.577660829591484E+00  0.140332735394167E-17
  0.00000000  0.00000000  0.01500000    0.1039D+00  0.173126181601079E+01 -0.420544635251835E-17    0.577613386231912E+00  0.140309344654294E-17
  0.00000000  0.00000000  0.01500000    0.1071D+00  0.173141290544134E+01 -0.420543530618284E-17    0.577562981572614E+00  0.140284489425737E-17
  0.00000000  0.00000000  0.01500000    0.1103D+00  0.173157345703722E+01 -0.420542334374551E-17    0.577509429897958E+00  0.140258077291250E-17
  0.00000000  0.00000000  0.01500000    0.1137D+00  0.173174406836376E+01 -0.420541037863896E-17    0.577452533701965E+00  0.140230009893789E-17
  0.00000000  0.00000000  0.01500000    0.1172D+00  0.173192537546073E+01 -0.420539631507587E-17    0.577392082920418E+00  0.140200182540865E-17
  0.00000000  0.00000000  0.01500000    0.1208D+00  0.173211805541733E+01 -0.420538104695992E-17    0.577327854110420E+00  0.140168483779995E-17
  0.00000000  0.00000000  0.01500000    0.1245D+00  0.173232282913183E+01 -0.420536445668587E-17    0.577259609573558E+00  0.140134794944520E-17
  0.00000000  0.00000000  0.01500000    0.1283D+00  0.173254046427135E+01 -0.420534641378102E-17    0.577187096418302E+00  0.140098989666265E-17
  0.00000000  0.00000000  0.01500000    0.1322D+00  0.173277177844740E+01 -0.420532677336773E-17    0.577110045557194E+00  0.140060933352442E-17
  0.00000000  0.00000000  0.01500000    0.1363D+00  0.173301764262547E+01 -0.420530537445942E-17    0.577028170633642E+00  0.140020482624975E-17
  0.00000000  0.00000000  0.01500000    0.1405D+00  0.173327898478799E+01 -0.420528203799465E-17    0.576941166872983E+00  0.139977484716772E-17
  0.00000000  0.00000000  0.01500000    0.1448D+00  0.173355679387204E+01 -0.420525656467147E-17    0.576848709851854E+00  0.139931776824489E-17
  0.00000000  0.00000000  0.01500000    0.1492D+00  0.173385212400561E+01 -0.420522873248542E-17    0.576750454179313E+00  0.139883185411781E-17
  0.00000000  0.00000000  0.01500000    0.1537D+00  0.173416609906807E+01 -0.420519829394238E-17    0.576646032082738E+00  0.139831525459188E-17
  0.00000000  0.00000000  0.01500000    0.1585D+00  0.173449991760368E+01 -0.420516497293675E-17    0.576535051890671E+00  0.139776599657060E-17
  0.00000000  0.00000000  0.01500000    0.1633D+00  0.173485485811966E+01 -0.420512846119081E-17    0.576417096404170E+00  0.139718197534595E-17
  0.00000000  0.00000000  0.01500000    0.1683D+00  0.173523228480374E+01 -0.420508841429160E-17    0.576291721147354E+00  0.139656094522411E-17
  0.00000000  0.00000000  0.01500000    0.1734D+00  0.173563365369998E+01 -0.420504444713832E-17    0.576158452486921E+00  0.139590050938292E-17
  0.00000000  0.00000000  0.01500000    0.1787D+00  0.173606051938568E+01 -0.420499612886711E-17    0.576016785609444E+00  0.139519810893879E-17
  0.00000000  0.00000000  0.01500000    0.1842D+00  0.173651454219730E+01 -0.420494297703930E-17    0.575866182344000E+00  0.139445101110285E-17
  0.00000000  0.00000000  0.01500000    0.1898D+00  0.173699749605839E+01 -0.420488445113431E-17    0.575706068816570E+00  0.139365629638713E-17
  0.00000000  0.00000000  0.01500000    0.1956D+00  0.173751127696893E+01 -0.420481994510063E-17    0.575535832921032E+00  0.139281084472048E-17
  0.00000000  0.00000000  0.01500000    0.2016D+00  0.173805791222221E+01 -0.420474877898944E-17    0.575354821590175E+00  0.139191132041962E-17
  0.00000000  0.00000000  0.01500000    0.2078D+00  0.173863957042352E+01 -0.420467018941515E-17    0.575162337848097E+00  0.139095415586057E-17
  0.00000000  0.00000000  0.01500000    0.2141D+00  0.173925857239377E+01 -0.420458331873926E-17    0.574957637623534E+00  0.138993553374094E-17
  0.00000000  0.00000000  0.01500000    0.2207D+00  0.173991740305149E+01 -0.420448720281425E-17    0.574739926301208E+00  0.138885136779584E-17
  0.00000000  0.00000000  0.01500000    0.2274D+00  0.174061872437846E+01 -0.420438075702513E-17    0.574508354985712E+00  0.138769728178961E-17
  0.00000000  0.00000000  0.01500000    0.2343D+00  0.174136538958781E+01 -0.420426276042512E-17    0.574262016449462E+00  0.138646858661674E-17
  0.00000000  0.00000000  0.01500000    0.2415D+00  0.174216045862865E+01 -0.420413183770738E-17    0.573999940732875E+00  0.138516025531700E-17
  0.00000000  0.00000000  0.01500000    0.2489D+00  0.174300721517971E+01 -0.420398643863235E-17    0.573721090361005E+00  0.138376689575916E-17
  0.00000000  0.00000000  0.01500000    0.2565D+00  0.174390918530456E+01 -0.420382481461894E-17    0.573424355136565E+00  0.138228272076505E-17
  0.00000000  0.00000000  0.01500000    0.2643D+00  0.174487015796533E+01 -0.420364499201039E-17    0.573108546464045E+00  0.138070151536731E-17
  0.00000000  0.00000000  0.01500000    0.2724D+00  0.174589420761928E+01 -0.420344474159950E-17    0.572772391153991E+00  0.137901660090428E-17
  0.00000000  0.00000000  0.01500000    0.2807D+00  0.174698571915536E+01 -0.420322154372696E-17    0.572414524649626E+00  0.137722079554995E-17
  0.00000000  0.00000000  0.01500000    0.2893D+00  0.174814941546491E+01 -0.420297254845492E-17    0.572033483610470E+00  0.137530637092165E-17
  0.00000000  0.00000000  0.01500000    0.2981D+00  0.174939038798575E+01 -0.420269452988225E-17    0.571627697778424E+00  0.137326500424451E-17
  0.00000000  0.00000000  0.01500000    0.3072D+00  0.175071413060981E+01 -0.420238383382776E-17    0.571195481041601E+00  0.137108772558349E-17
  0.00000000  0.00000000  0.01500000    0.3166D+00  0.175212657740614E+01 -0.420203631779782E-17    0.570735021598958E+00  0.136876485952763E-17
  0.00000000  0.00000000  0.01500000    0.3262D+00  0.175363414468323E+01 -0.420164728199880E-17    0.570244371114612E+00  0.136628596063383E-17
  0.00000000  0.00000000  0.01500000    0.3362D+00  0.175524377799987E+01 -0.420121138998471E-17    0.569721432734271E+00  0.136363974185346E-17
  0.00000000  0.00000000  0.01500000    0.3464D+00  0.175696300483568E+01 -0.420072257729371E-17    0.569163947816605E+00  0.136081399505532E-17
  0.00000000  0.00000000  0.01500000    0.3570D+00  0.175879999375428E+01 -0.420017394605698E-17    0.568569481209420E+00  0.135779550260368E-17
  0.00000000  0.00000000  0.01500000    0.3679D+00  0.176076362103740E+01 -0.419955764324460E-17    0.567935404873271E+00  0.135456993880845E-17
  0.00000000  0.00000000  0.01500000    0.3791D+00  0.176286354594390E+01 -0.419886471990662E-17    0.567258879622791E+00  0.135112175992417E-17
  0.00000000  0.00000000  0.01500000    0.3907D+00  0.176511029595978E+01 -0.419808496800737E-17    0.566536834717317E+00  0.134743408108444E-17
  0.00000000  0.00000000  0.01500000    0.4026D+00  0.176751536366252E+01 -0.419720673109324E-17    0.565765944986112E+00  0.134348853839577E-17
  0.00000000  0.00000000  0.01500000    0.4149D+00  0.177009131713759E+01 -0.419621668419578E-17    0.564942605117738E+00  0.133926513409579E-17
  0.00000000  0.00000000  0.01500000    0.4276D+00  0.177285192626957E+01 -0.419509957741291E-17    0.564062900675635E+00  0.133474206232092E-17
  0.00000000  0.00000000  0.01500000    0.4406D+00  0.177581230770543E+01 -0.419383793664397E-17    0.563122575319980E+00  0.132989551266773E-17
  0.00000000  0.00000000  0.01500000    0.4540D+00  0.177898909187500E+01 -0.419241171358344E-17    0.562116993615758E+00  0.132469944824406E-17
  0.00000000  0.00000000  0.01500000    0.4679D+00  0.178240061618673E+01 -0.419079787539590E-17    0.561041098683752E+00  0.131912535432344E-17
  0.00000000  0.00000000  0.01500000    0.4822D+00  0.178606714943529E+01 -0.418896992264391E-17    0.559889363799215E+00  0.131314195309213E-17
  0.00000000  0.00000000  0.01500000    0.4969D+00  0.179001115361729E+01 -0.418689732142422E-17    0.558655736853473E+00  0.130671487912426E-17
  0.00000000  0.00000000  0.01500000    0.5120D+00  0.179425759082414E+01 -0.418454483271901E-17    0.557333576357160E+00  0.129980630929081E-17
  0.00000000  0.00000000  0.01500000    0.5276D+00  0.179883428476711E+01 -0.418187171818642E-17    0.555915577364854E+00  0.129237453964935E-17
  0.00000000  0.00000000  0.01500000    0.5437D+00  0.180377234892157E+01 -0.417883079677125E-17    0.554393685321695E+00  0.128437350042698E-17
  0.00000000  0.00000000  0.01500000    0.5603D+00  0.180910669644128E+01 -0.417536732073533E-17    0.552758995346771E+00  0.127575219855934E-17
  0.00000000  0.00000000  0.01500000    0.5774D+00  0.181487665114535E+01 -0.417141763195317E-17    0.551001633840464E+00  0.126645407509462E-17
  0.00000000  0.00000000  0.01500000    0.5950D+00  0.182112668438086E+01 -0.416690755007613E-17    0.549110618485050E+00  0.125641626231523E-17
  0.00000000  0.00000000  0.01500000    0.6131D+00  0.182790730992695E+01 -0.416175043164904E-17    0.547073691630438E+00  0.124556872217870E-17
  0.00000000  0.00000000  0.01500000    0.6318D+00  0.183527617907126E+01 -0.415584482397919E-17    0.544877120622822E+00  0.123383324388319E-17
  0.00000000  0.00000000  0.01500000    0.6511D+00  0.184329943163874E+01 -0.414907161709852E-17    0.542505456702156E+00  0.122112227340237E-17
  0.00000000  0.00000000  0.01500000    0.6709D+00  0.185205337769516E+01 -0.414129057097777E-17    0.539941241458428E+00  0.120733754170549E-17
  0.00000000  0.00000000  0.01500000    0.6914D+00  0.186162661130889E+01 -0.413233606103478E-17    0.537164646189125E+00  0.119236845062052E-17
  0.00000000  0.00000000  0.01500000    0.7125D+00  0.187212269587173E+01 -0.412201183923276E-17    0.534153024374487E+00  0.117609016507777E-17
  0.00000000  0.00000000  0.01500000    0.7342D+00  0.188366361591566E+01 -0.411008454837655E-17    0.530880350159492E+00  0.115836134742487E-17
  0.00000000  0.00000000  0.01500000    0.7565D+00  0.189639427253122E+01 -0.409627564625460E-17    0.527316505056329E+00  0.113902145182458E-17
  0.00000000  0.00000000  0.01500000    0.7796D+00  0.191048842389089E+01 -0.408025128771453E-17    0.523426359194266E+00  0.111788747286757E-17
  0.00000000  0.00000000  0.01500000    0.8034D+00  0.192615666523420E+01 -0.406160956393987E-17    0.519168569228720E+00  0.109475000872785E-17
  0.00000000  0.00000000  0.01500000    0.8279D+00  0.194365734979607E+01 -0.403986429418748E-17    0.514493977091652E+00  0.106936845007437E-17
  0.00000000  0.00000000  0.01500000    0.8531D+00  0.196331185653332E+01 -0.401442428033061E-17    0.509343432461989E+00  0.104146503037616E-17
  0.00000000  0.00000000  0.01500000    0.8791D+00  0.198552646878526E+01 -0.398456653451778E-17    0.503644759070776E+00  0.101071735070168E-17
  0.00000000  0.00000000  0.01500000    0.9059D+00  0.201082465074005E+01 -0.394940141956902E-17    0.497308405102338E+00  0.976748778344218E-18
  0.00000000  0.00000000  0.01500000    0.9335D+00  0.203989634812855E+01 -0.390782681838549E-17    0.490220986432680E+00  0.939115715107055E-18
  0.00000000  0.00000000  0.01500000    0.9619D+00  0.207367656636256E+01 -0.385846724320682E-17    0.482235280188414E+00  0.897289896750627E-18
  0.00000000  0.00000000  0.01500000    0.9913D+00  0.211347751226510E+01 -0.379959200268028E-17    0.473153839677367E+00  0.850631972586652E-18
  0.00000000  0.00000000  0.01500000    0.1021D+01  0.216122700175198E+01 -0.372900383445393E-17    0.462700123212118E+00  0.798347666516105E-18
  0.00000000  0.00000000  0.01500000    0.1053D+01  0.221994272298488E+01 -0.364388523344362E-17    0.450462072577902E+00  0.739402903281216E-18
  0.00000000  0.00000000  0.01500000    0.1085D+01  0.229482665769689E+01 -0.354058312860383E-17    0.435762760836851E+00  0.672318440226418E-18
  0.00000000  0.00000000  0.01500000    0.1118D+01  0.239656286188842E+01 -0.341430187427680E-17    0.417264247853707E+00  0.594462230126114E-18
  0.00000000  0.00000000  0.01500000    0.1152D+01  0.256732214191963E+01 -0.325865324648777E-17    0.389510916324775E+00  0.494398810067167E-18
  0.00000000  0.00000000  0.01500000    0.1187D+01  0.279342381780771E+01  0.125164722778348E+00    0.357266361091819E+00 -0.160080059312950E-01
  0.00000000  0.00000000  0.01500000    0.1223D+01  0.294077868376595E+01  0.404549747014326E+00    0.333730385741479E+00 -0.459097938474632E-01
  0.00000000  0.00000000  0.01500000    0.1260D+01  0.304308684106840E+01  0.614616359867579E+00    0.315734130062079E+00 -0.637692487397372E-01
  0.00000000  0.00000000  0.01500000    0.1299D+01  0.330285357577775E+01  0.910575611526032E+00    0.281381536681853E+00 -0.775750904355120E-01
  0.00000000  0.00000000  0.01500000    0.1338D+01  0.298355676894344E+01  0.205254269084064E+01    0.227499874352327E+00 -0.156508905454611E+00
  0.00000000  0.00000000  0.01500000    0.1379D+01  0.214766578335091E+01  0.206244143546691E+01    0.242232525201204E+00 -0.232620178086209E+00
  0.00000000  0.00000000  0.01500000    0.1421D+01  0.168177951409922E+01  0.177593664750068E+01    0.281124341783776E+00 -0.296863540608486E+00
  0.00000000  0.00000000  0.01500000    0.1464D+01  0.146338958684368E+01  0.150715723011810E+01    0.331606384706856E+00 -0.341524201591610E+00
  0.00000000  0.00000000  0.01500000    0.1509D+01  0.137403170675190E+01  0.125716668457706E+01    0.396153657359316E+00 -0.362459743511156E+00
  0.00000000  0.00000000  0.01500000    0.1555D+01  0.136357893934888E+01  0.105821855691131E+01    0.457703686304883E+00 -0.355205350007694E+00
  0.00000000  0.00000000  0.01500000    0.1602D+01  0.142538769207673E+01  0.851242679107540E+00    0.517129793454912E+00 -0.308830329652651E+00
  0.00000000  0.00000000  0.01500000    0.1651D+01  0.163477930405127E+01  0.648277998932513E+00    0.528581336571374E+00 -0.209610955005591E+00
  0.00000000  0.00000000  0.01500000    0.1701D+01  0.222124469900291E+01  0.536256549926681E+00    0.425403635312897E+00 -0.102701645569066E+00
  0.00000000  0.00000000  0.01500000    0.1753D+01  0.246333472357253E+01  0.162564231722962E+01    0.282793114692858E+00 -0.186625248232265E+00
  0.00000000  0.00000000  0.01500000    0.1807D+01  0.133350809681296E+01  0.249545385490223E+01    0.166573289480041E+00 -0.311716110573431E+00
  0.00000000  0.00000000  0.01500000    0.1862D+01  0.103257940162323E+01  0.662701135404845E+00    0.685920149074280E+00 -0.440218021852858E+00
  0.00000000  0.00000000  0.01500000    0.1919D+01  0.225413110981509E+01  0.848159439540913E+00    0.388611033706783E+00 -0.146222247283211E+00
  0.00000000  0.00000000  0.01500000    0.1977D+01  0.205019487991846E+01  0.277329727615838E+01    0.172365284294192E+00 -0.233158407583360E+00
  0.00000000  0.00000000  0.01500000    0.2037D+01  0.768272584525402E+00  0.273467007150743E+01    0.952168369031266E-01 -0.338924802768327E+00
  0.00000000  0.00000000  0.01500000    0.2099D+01  0.219470071841352E+00  0.211286819257794E+01    0.486373299785770E-01 -0.468238182187948E+00
  0.00000000  0.00000000  0.01500000    0.2163D+01 -0.526051500891183E+00  0.226411185057210E+01   -0.973640677440792E-01 -0.419052391687547E+00
  0.00000000  0.00000000  0.01500000    0.2229D+01 -0.750896981366517E+00  0.475285077012464E+00   -0.950812808760413E+00 -0.601823086588693E+00
  0.00000000  0.00000000  0.01500000    0.2297D+01 -0.508648513853340E-01  0.249486888515597E+00   -0.784576791223544E+00 -0.384826883619582E+01
  0.00000000  0.00000000  0.01500000    0.2367D+01  0.274959199969469E+00  0.224521336015920E+00    0.218200127512628E+01 -0.178174013284222E+01
  0.00000000  0.00000000  0.01500000    0.2439D+01  0.458056264599572E+00  0.216731646062281E+00    0.178379052252777E+01 -0.844009537814541E+00
  0.00000000  0.00000000  0.01500000    0.2513D+01  0.579989417631066E+00  0.225163362337019E+00    0.149834667648440E+01 -0.581687812515107E+00
  0.00000000  0.00000000  0.01500000    0.2590D+01  0.657584753587228E+00  0.238274529817614E+00    0.134422503972529E+01 -0.487077274164812E+00
  0.00000000  0.00000000  0.01500000    0.2669D+01  0.707685374642312E+00  0.239893273410744E+00    0.126741892522769E+01 -0.429633401579441E+00
  0.00000000  0.00000000  0.01500000    0.2750D+01  0.752779188160301E+00  0.229649049899084E+00    0.121530630437027E+01 -0.370751400310456E+00
  0.00000000  0.00000000  0.01500000    0.2834D+01  0.788201064950167E+00  0.235509042786115E+00    0.116472801569359E+01 -0.348012699144868E+00
  0.00000000  0.00000000  0.01500000    0.2920D+01  0.809507651716543E+00  0.226172671190281E+00    0.114587013484611E+01 -0.320150783857027E+00
  0.00000000  0.00000000  0.01500000    0.3009D+01  0.835164007620751E+00  0.203443019192338E+00    0.113029854094822E+01 -0.275336755009708E+00
  0.00000000  0.00000000  0.01500000    0.3101D+01  0.880634682212855E+00  0.172208528523853E+00    0.109372077889553E+01 -0.213877615490094E+00
  0.00000000  0.00000000  0.01500000    0.3195D+01  0.966573845125140E+00  0.152482495700676E+00    0.100945982772658E+01 -0.159248002227284E+00
  0.00000000  0.00000000  0.01500000    0.3293D+01  0.105602394358074E+01  0.223294324077073E+00    0.906421811259373E+00 -0.191661227857759E+00
  0.00000000  0.00000000  0.01500000    0.3393D+01  0.107957904779748E+01  0.346518272070489E+00    0.839769555019784E+00 -0.269545334115679E+00
  0.00000000  0.00000000  0.01500000    0.3496D+01  0.103302578133183E+01  0.459774157564053E+00    0.807976435769184E+00 -0.359610274787570E+00
  0.00000000  0.00000000  0.01500000    0.3603D+01  0.835094893684187E+00  0.596765531280918E+00    0.792676716839961E+00 -0.566453160756491E+00
  0.00000000  0.00000000  0.01500000    0.3713D+01  0.701598287731956E+00  0.340710279478310E+00    0.115333060871703E+01 -0.560080605808143E+00
  0.00000000  0.00000000  0.01500000    0.3826D+01  0.739650666425286E+00  0.271080778358526E+00    0.119189321637849E+01 -0.436826944776052E+00
  0.00000000  0.00000000  0.01500000    0.3942D+01  0.775194107066443E+00  0.199163845658317E+00    0.121012116351958E+01 -0.310905852407904E+00
  0.00000000  0.00000000  0.01500000    0.4062D+01  0.847371640743187E+00  0.164861377218731E+00    0.113707891308598E+01 -0.221225713257668E+00
  0.00000000  0.00000000  0.01500000    0.4186D+01  0.873368206847491E+00  0.237605796916584E+00    0.106608615884255E+01 -0.290036034478360E+00
  0.00000000  0.00000000  0.01500000    0.4313D+01  0.810785373596981E+00  0.253801672412194E+00    0.112330093687847E+01 -0.351629007732511E+00
  0.00000000  0.00000000  0.01500000    0.4445D+01  0.789779309362650E+00  0.145070589065671E+00    0.122484985744947E+01 -0.224986509814486E+00
  0.00000000  0.00000000  0.01500000    0.4580D+01  0.845423724503679E+00  0.938554187356122E-01    0.116843838268646E+01 -0.129715159978719E+00
  0.00000000  0.00000000  0.01500000    0.4720D+01  0.924294671811583E+00  0.753080627197066E-01    0.107477131333816E+01 -0.875683350154706E-01
  0.00000000  0.00000000  0.01500000    0.4863D+01  0.993312771739695E+00  0.136050146872799E+00    0.988194020625572E+00 -0.135349051648117E+00
  0.00000000  0.00000000  0.01500000    0.5012D+01  0.966153491487424E+00  0.251601505957674E+00    0.969298003826346E+00 -0.252420386235959E+00
  0.00000000  0.00000000  0.01500000    0.5164D+01  0.882319674938289E+00  0.239467117449295E+00    0.105561780058591E+01 -0.286501320343052E+00
  0.00000000  0.00000000  0.01500000    0.5322D+01  0.917602586916906E+00  0.137478366788963E+00    0.106587073993511E+01 -0.159692410008094E+00
  0.00000000  0.00000000  0.01500000    0.5484D+01  0.910063928619324E+00  0.297072793115841E+00    0.993011577293255E+00 -0.324149451028588E+00
  0.00000000  0.00000000  0.01500000    0.5651D+01  0.803403942672234E+00  0.240813030034967E+00    0.114209297199632E+01 -0.342331988380942E+00
  0.00000000  0.00000000  0.01500000    0.5823D+01  0.775077954275184E+00  0.163048829525603E+00    0.123551722412129E+01 -0.259908872572804E+00
  0.00000000  0.00000000  0.01500000    0.6000D+01  0.794247614893747E+00  0.960876598353370E-01    0.124089146948866E+01 -0.150122399081739E+00
  0.00000000  0.00000000  0.01500000    0.6183D+01  0.844033468691126E+00  0.625601828168368E-01    0.117831366387011E+01 -0.873371980634894E-01
  0.00000000  0.00000000  0.01500000    0.6371D+01  0.869371364616343E+00  0.950122843585978E-01    0.113667995142981E+01 -0.124226036381617E+00
  0.00000000  0.00000000  0.01500000    0.6565D+01  0.858975260582896E+00  0.927049857166705E-01    0.115077386883289E+01 -0.124197377932488E+00
  0.00000000  0.00000000  0.01500000    0.6765D+01  0.865170383958720E+00  0.689225149866768E-01    0.114855265948275E+01 -0.914977435126404E-01
  0.00000000  0.00000000  0.01500000    0.6971D+01  0.864057592777169E+00  0.828826108046636E-01    0.114677859556811E+01 -0.110001931364432E+00
  0.00000000  0.00000000  0.01500000    0.7184D+01  0.858546406170957E+00  0.493602068559716E-01    0.116092207082860E+01 -0.667446199155743E-01
  0.00000000  0.00000000  0.01500000    0.7402D+01  0.875265050747498E+00  0.320464631482343E-01    0.114098152315912E+01 -0.417752568819103E-01
  0.00000000  0.00000000  0.01500000    0.7628D+01  0.896962006504476E+00  0.231220087104034E-01    0.111413406781333E+01 -0.287202996712530E-01
  0.00000000  0.00000000  0.01500000    0.7860D+01  0.908819593978678E+00  0.359341445877501E-01    0.109861086397451E+01 -0.434383698297106E-01
  0.00000000  0.00000000  0.01500000    0.8100D+01  0.909952543442684E+00  0.337571895564525E-01    0.109744805460378E+01 -0.407128506586269E-01
  0.00000000  0.00000000  0.01500000    0.8346D+01  0.915956469687774E+00  0.307049225119297E-01    0.109052946633793E+01 -0.365570022910547E-01
  0.00000000  0.00000000  0.01500000    0.8600D+01  0.911575466838873E+00  0.397669702015958E-01    0.109491814921782E+01 -0.477651922381407E-01
  0.00000000  0.00000000  0.01500000    0.8862D+01  0.913058727653046E+00  0.151922997288328E-01    0.109491667195690E+01 -0.182182172456998E-01
  0.00000000  0.00000000  0.01500000    0.9132D+01  0.923460681399111E+00  0.197823116089846E-01    0.108238643124616E+01 -0.231868081614557E-01
  0.00000000  0.00000000  0.01500000    0.9410D+01  0.926136167332975E+00  0.140383668310353E-01    0.107950679743434E+01 -0.163631579820711E-01
  0.00000000  0.00000000  0.01500000    0.9697D+01  0.933851303857759E+00  0.884719526351197E-02    0.107073818874669E+01 -0.101440451952124E-01
  0.00000000  0.00000000  0.01500000    0.9992D+01  0.940166846190384E+00  0.115188039769331E-01    0.106348135781430E+01 -0.130296376046694E-01
  0.00000000  0.00000000  0.01500000    0.1030D+02  0.941716253924807E+00  0.113685753330553E-01    0.106173624948550E+01 -0.128174792415501E-01
  0.00000000  0.00000000  0.01500000    0.1061D+02  0.945808714004193E+00  0.621931137838247E-02    0.105725052838992E+01 -0.695211425276334E-02
  0.00000000  0.00000000  0.01500000    0.1093D+02  0.950974355145960E+00  0.782740355569362E-02    0.105148183120437E+01 -0.865467357745212E-02
  0.00000000  0.00000000  0.01500000    0.1127D+02  0.953102864844609E+00  0.812061169547925E-02    0.104912853440911E+01 -0.893876806043657E-02
  0.00000000  0.00000000  0.01500000    0.1161D+02  0.954373905017630E+00  0.749675812147114E-02    0.104774270863616E+01 -0.823018485614943E-02
  0.00000000  0.00000000  0.01500000    0.1196D+02  0.955938728906820E+00  0.512345455421018E-02    0.104606210127775E+01 -0.560648028447082E-02
  0.00000000  0.00000000  0.01500000    0.1233D+02  0.959189260379763E+00  0.242668866194402E-02    0.104254044614974E+01 -0.263756193359379E-02
  0.00000000  0.00000000  0.01500000    0.1270D+02  0.962434447452120E+00  0.227720769815875E-02    0.103902598695525E+01 -0.245843026747980E-02
  0.00000000  0.00000000  0.01500000    0.1309D+02  0.965049808149040E+00  0.105928923713260E-02    0.103621469764204E+01 -0.113740354881383E-02
  0.00000000  0.00000000  0.01500000    0.1349D+02  0.967871982551646E+00  0.648420641106119E-03    0.103319402689811E+01 -0.692182794197718E-03
  0.00000000  0.00000000  0.01500000    0.1390D+02  0.970287042199462E+00  0.445266266939301E-03    0.103062263631034E+01 -0.472954367042563E-03
  0.00000000  0.00000000  0.01500000    0.1432D+02  0.972432635101474E+00  0.258162200942899E-03    0.102834879602287E+01 -0.273006868481477E-03
  0.00000000  0.00000000  0.01500000    0.1476D+02  0.974393664920622E+00  0.130497682323216E-03    0.102627923196217E+01 -0.137446563959777E-03
  0.00000000  0.00000000  0.01500000    0.1521D+02  0.976217015918286E+00  0.930717632217645E-05    0.102436239442973E+01 -0.976619057781556E-05
  0.00000000  0.00000000  0.01500000    0.1567D+02  0.977896183384564E+00  0.131859268951566E-18    0.102260343888339E+01 -0.137887583743126E-18
  0.00000000  0.00000000  0.01500000    0.1615D+02  0.979400578194497E+00  0.126822333066962E-18    0.102103268291252E+01 -0.132213263773335E-18
  0.00000000  0.00000000  0.01500000    0.1664D+02  0.980772942688949E+00  0.121474245170298E-18    0.101960398423955E+01 -0.126283688066024E-18
