 q(1:3)   w(Ry)   eps    epsi  --- NO LFC
  0.00000000  0.00000000  0.01750000    0.0000D+00  0.172801211010401E+01  0.120137930187511E-16    0.578699648082796E+00 -0.402333858162158E-17
  0.00000000  0.00000000  0.01750000    0.1015D-04  0.172801211012698E+01  0.120137930191466E-16    0.578699648075102E+00 -0.402333858164707E-17
  0.00000000  0.00000000  0.01750000    0.3076D-04  0.172801211031499E+01  0.120137930223807E-16    0.578699648012141E+00 -0.402333858185470E-17
  0.00000000  0.00000000  0.01750000    0.5200D-04  0.172801211070686E+01  0.120137930291234E-16    0.578699647880904E+00 -0.402333858228795E-17
  0.00000000  0.00000000  0.01750000    0.7389D-04  0.172801211132109E+01  0.120137930396914E-16    0.578699647675203E+00 -0.402333858296689E-17
  0.00000000  0.00000000  0.01750000    0.9644D-04  0.172801211217745E+01  0.120137930544250E-16    0.578699647388414E+00 -0.402333858391334E-17
  0.00000000  0.00000000  0.01750000    0.1197D-03  0.172801211329714E+01  0.120137930736895E-16    0.578699647013439E+00 -0.402333858515095E-17
  0.00000000  0.00000000  0.01750000    0.1436D-03  0.172801211470282E+01  0.120137930978753E-16    0.578699646542684E+00 -0.402333858670490E-17
  0.00000000  0.00000000  0.01750000    0.1683D-03  0.172801211641881E+01  0.120137931273983E-16    0.578699645968013E+00 -0.402333858860127E-17
  0.00000000  0.00000000  0.01750000    0.1937D-03  0.172801211847108E+01  0.120137931627094E-16    0.578699645280721E+00 -0.402333859087011E-17
  0.00000000  0.00000000  0.01750000    0.2199D-03  0.172801212088743E+01  0.120137932042837E-16    0.578699644471499E+00 -0.402333859354103E-17
  0.00000000  0.00000000  0.01750000    0.2469D-03  0.172801212369764E+01  0.120137932526342E-16    0.578699643530381E+00 -0.402333859664725E-17
  0.00000000  0.00000000  0.01750000    0.2748D-03  0.172801212693345E+01  0.120137933083082E-16    0.578699642446729E+00 -0.402333860022418E-17
  0.00000000  0.00000000  0.01750000    0.3034D-03  0.172801213062889E+01  0.120137933718887E-16    0.578699641209153E+00 -0.402333860430869E-17
  0.00000000  0.00000000  0.01750000    0.3330D-03  0.172801213482025E+01  0.120137934440027E-16    0.578699639805492E+00 -0.402333860894160E-17
  0.00000000  0.00000000  0.01750000    0.3634D-03  0.172801213954638E+01  0.120137935253177E-16    0.578699638222745E+00 -0.402333861416573E-17
  0.00000000  0.00000000  0.01750000    0.3948D-03  0.172801214484871E+01  0.120137936165462E-16    0.578699636447028E+00 -0.402333862002665E-17
  0.00000000  0.00000000  0.01750000    0.4271D-03  0.172801215077153E+01  0.120137937184493E-16    0.578699634463515E+00 -0.402333862657306E-17
  0.00000000  0.00000000  0.01750000    0.4604D-03  0.172801215736214E+01  0.120137938318434E-16    0.578699632256367E+00 -0.402333863385810E-17
  0.00000000  0.00000000  0.01750000    0.4948D-03  0.172801216467097E+01  0.120137939575942E-16    0.578699629808688E+00 -0.402333864193681E-17
  0.00000000  0.00000000  0.01750000    0.5301D-03  0.172801217275194E+01  0.120137940966303E-16    0.578699627102427E+00 -0.402333865086917E-17
  0.00000000  0.00000000  0.01750000    0.5666D-03  0.172801218166250E+01  0.120137942499397E-16    0.578699624118339E+00 -0.402333866071844E-17
  0.00000000  0.00000000  0.01750000    0.6041D-03  0.172801219146406E+01  0.120137944185797E-16    0.578699620835864E+00 -0.402333867155283E-17
  0.00000000  0.00000000  0.01750000    0.6428D-03  0.172801220222201E+01  0.120137946036737E-16    0.578699617233098E+00 -0.402333868344397E-17
  0.00000000  0.00000000  0.01750000    0.6827D-03  0.172801221400618E+01  0.120137948064234E-16    0.578699613286659E+00 -0.402333869646920E-17
  0.00000000  0.00000000  0.01750000    0.7238D-03  0.172801222689105E+01  0.120137950281128E-16    0.578699608971603E+00 -0.402333871071167E-17
  0.00000000  0.00000000  0.01750000    0.7662D-03  0.172801224095597E+01  0.120137952701044E-16    0.578699604261356E+00 -0.402333872625818E-17
  0.00000000  0.00000000  0.01750000    0.8098D-03  0.172801225628560E+01  0.120137955338556E-16    0.578699599127566E+00 -0.402333874320258E-17
  0.00000000  0.00000000  0.01750000    0.8548D-03  0.172801227297018E+01  0.120137958209199E-16    0.578699593540015E+00 -0.402333876164493E-17
  0.00000000  0.00000000  0.01750000    0.9011D-03  0.172801229110589E+01  0.120137961329512E-16    0.578699587466489E+00 -0.402333878169119E-17
  0.00000000  0.00000000  0.01750000    0.9488D-03  0.172801231079523E+01  0.120137964717137E-16    0.578699580872662E+00 -0.402333880345488E-17
  0.00000000  0.00000000  0.01750000    0.9980D-03  0.172801233214743E+01  0.120137968390859E-16    0.578699573721955E+00 -0.402333882705646E-17
  0.00000000  0.00000000  0.01750000    0.1049D-02  0.172801235527890E+01  0.120137972370711E-16    0.578699565975384E+00 -0.402333885262483E-17
  0.00000000  0.00000000  0.01750000    0.1101D-02  0.172801238031362E+01  0.120137976678019E-16    0.578699557591426E+00 -0.402333888029673E-17
  0.00000000  0.00000000  0.01750000    0.1155D-02  0.172801240738367E+01  0.120137981335502E-16    0.578699548525852E+00 -0.402333891021801E-17
  0.00000000  0.00000000  0.01750000    0.1210D-02  0.172801243662978E+01  0.120137986367403E-16    0.578699538731530E+00 -0.402333894254525E-17
  0.00000000  0.00000000  0.01750000    0.1267D-02  0.172801246820179E+01  0.120137991799486E-16    0.578699528158280E+00 -0.402333897744349E-17
  0.00000000  0.00000000  0.01750000    0.1326D-02  0.172801250225927E+01  0.120137997659177E-16    0.578699516752664E+00 -0.402333901508818E-17
  0.00000000  0.00000000  0.01750000    0.1387D-02  0.172801253897216E+01  0.120138003975754E-16    0.578699504457768E+00 -0.402333905566840E-17
  0.00000000  0.00000000  0.01750000    0.1450D-02  0.172801257852141E+01  0.120138010780335E-16    0.578699491212997E+00 -0.402333909938375E-17
  0.00000000  0.00000000  0.01750000    0.1514D-02  0.172801262109964E+01  0.120138018106073E-16    0.578699476953842E+00 -0.402333914644753E-17
  0.00000000  0.00000000  0.01750000    0.1580D-02  0.172801266691192E+01  0.120138025988233E-16    0.578699461611627E+00 -0.402333919708574E-17
  0.00000000  0.00000000  0.01750000    0.1649D-02  0.172801271617653E+01  0.120138034464387E-16    0.578699445113250E+00 -0.402333925154025E-17
  0.00000000  0.00000000  0.01750000    0.1719D-02  0.172801276912584E+01  0.120138043574490E-16    0.578699427380897E+00 -0.402333931006708E-17
  0.00000000  0.00000000  0.01750000    0.1792D-02  0.172801282600712E+01  0.120138053361102E-16    0.578699408331754E+00 -0.402333937294005E-17
  0.00000000  0.00000000  0.01750000    0.1867D-02  0.172801288708355E+01  0.120138063869511E-16    0.578699387877683E+00 -0.402333944045027E-17
  0.00000000  0.00000000  0.01750000    0.1944D-02  0.172801295263520E+01  0.120138075147894E-16    0.578699365924897E+00 -0.402333951290704E-17
  0.00000000  0.00000000  0.01750000    0.2024D-02  0.172801302296006E+01  0.120138087247512E-16    0.578699342373599E+00 -0.402333959063943E-17
  0.00000000  0.00000000  0.01750000    0.2106D-02  0.172801309837521E+01  0.120138100222953E-16    0.578699317117599E+00 -0.402333967399897E-17
  0.00000000  0.00000000  0.01750000    0.2190D-02  0.172801317921802E+01  0.120138114132222E-16    0.578699290043918E+00 -0.402333976335723E-17
  0.00000000  0.00000000  0.01750000    0.2277D-02  0.172801326584738E+01  0.120138129037094E-16    0.578699261032364E+00 -0.402333985911179E-17
  0.00000000  0.00000000  0.01750000    0.2367D-02  0.172801335864509E+01  0.120138145003239E-16    0.578699229955076E+00 -0.402333996168398E-17
  0.00000000  0.00000000  0.01750000    0.2459D-02  0.172801345801732E+01  0.120138162100558E-16    0.578699196676035E+00 -0.402334007152342E-17
  0.00000000  0.00000000  0.01750000    0.2554D-02  0.172801356439609E+01  0.120138180403371E-16    0.578699161050558E+00 -0.402334018910718E-17
  0.00000000  0.00000000  0.01750000    0.2652D-02  0.172801367824087E+01  0.120138199990745E-16    0.578699122924770E+00 -0.402334031494360E-17
  0.00000000  0.00000000  0.01750000    0.2753D-02  0.172801380004041E+01  0.120138220946743E-16    0.578699082135001E+00 -0.402334044957202E-17
  0.00000000  0.00000000  0.01750000    0.2858D-02  0.172801393031447E+01  0.120138243360807E-16    0.578699038507181E+00 -0.402334059356734E-17
  0.00000000  0.00000000  0.01750000    0.2965D-02  0.172801406961580E+01  0.120138267328038E-16    0.578698991856204E+00 -0.402334074754057E-17
  0.00000000  0.00000000  0.01750000    0.3075D-02  0.172801421853223E+01  0.120138292949595E-16    0.578698941985209E+00 -0.402334091214209E-17
  0.00000000  0.00000000  0.01750000    0.3189D-02  0.172801437768881E+01  0.120138320332970E-16    0.578698888684874E+00 -0.402334108806110E-17
  0.00000000  0.00000000  0.01750000    0.3307D-02  0.172801454775018E+01  0.120138349592569E-16    0.578698831732619E+00 -0.402334127603396E-17
  0.00000000  0.00000000  0.01750000    0.3428D-02  0.172801472942305E+01  0.120138380849939E-16    0.578698770891775E+00 -0.402334147684035E-17
  0.00000000  0.00000000  0.01750000    0.3553D-02  0.172801492345881E+01  0.120138414234375E-16    0.578698705910704E+00 -0.402334169131116E-17
  0.00000000  0.00000000  0.01750000    0.3681D-02  0.172801513065634E+01  0.120138449883327E-16    0.578698636521880E+00 -0.402334192032953E-17
  0.00000000  0.00000000  0.01750000    0.3813D-02  0.172801535186495E+01  0.120138487942925E-16    0.578698562440870E+00 -0.402334216483419E-17
  0.00000000  0.00000000  0.01750000    0.3950D-02  0.172801558798756E+01  0.120138528568510E-16    0.578698483365300E+00 -0.402334242582282E-17
  0.00000000  0.00000000  0.01750000    0.4090D-02  0.172801583998405E+01  0.120138571925234E-16    0.578698398973720E+00 -0.402334270435642E-17
  0.00000000  0.00000000  0.01750000    0.4235D-02  0.172801610887481E+01  0.120138618188649E-16    0.578698308924415E+00 -0.402334300156247E-17
  0.00000000  0.00000000  0.01750000    0.4385D-02  0.172801639574446E+01  0.120138667545380E-16    0.578698212854155E+00 -0.402334331864012E-17
  0.00000000  0.00000000  0.01750000    0.4538D-02  0.172801670174600E+01  0.120138720193780E-16    0.578698110376824E+00 -0.402334365686299E-17
  0.00000000  0.00000000  0.01750000    0.4697D-02  0.172801702810488E+01  0.120138776344698E-16    0.578698001082027E+00 -0.402334401758555E-17
  0.00000000  0.00000000  0.01750000    0.4860D-02  0.172801737612371E+01  0.120138836222257E-16    0.578697884533547E+00 -0.402334440224780E-17
  0.00000000  0.00000000  0.01750000    0.5029D-02  0.172801774718694E+01  0.120138900064630E-16    0.578697760267745E+00 -0.402334481237884E-17
  0.00000000  0.00000000  0.01750000    0.5202D-02  0.172801814276604E+01  0.120138968124989E-16    0.578697627791857E+00 -0.402334524960516E-17
  0.00000000  0.00000000  0.01750000    0.5381D-02  0.172801856442489E+01  0.120139040672429E-16    0.578697486582163E+00 -0.402334571565588E-17
  0.00000000  0.00000000  0.01750000    0.5565D-02  0.172801901382550E+01  0.120139117992861E-16    0.578697336082079E+00 -0.402334621236637E-17
  0.00000000  0.00000000  0.01750000    0.5755D-02  0.172801949273421E+01  0.120139200390190E-16    0.578697175700095E+00 -0.402334674168888E-17
  0.00000000  0.00000000  0.01750000    0.5950D-02  0.172802000302812E+01  0.120139288187371E-16    0.578697004807605E+00 -0.402334730569771E-17
  0.00000000  0.00000000  0.01750000    0.6152D-02  0.172802054670204E+01  0.120139381727596E-16    0.578696822736582E+00 -0.402334790659671E-17
  0.00000000  0.00000000  0.01750000    0.6360D-02  0.172802112587574E+01  0.120139481375592E-16    0.578696628777158E+00 -0.402334854672897E-17
  0.00000000  0.00000000  0.01750000    0.6574D-02  0.172802174280183E+01  0.120139587518881E-16    0.578696422174984E+00 -0.402334922858246E-17
  0.00000000  0.00000000  0.01750000    0.6794D-02  0.172802239987397E+01  0.120139700569324E-16    0.578696202128476E+00 -0.402334995480329E-17
  0.00000000  0.00000000  0.01750000    0.7021D-02  0.172802309963561E+01  0.120139820964481E-16    0.578695967785887E+00 -0.402335072820056E-17
  0.00000000  0.00000000  0.01750000    0.7255D-02  0.172802384478943E+01  0.120139949169340E-16    0.578695718242160E+00 -0.402335155176056E-17
  0.00000000  0.00000000  0.01750000    0.7497D-02  0.172802463820711E+01  0.120140085677954E-16    0.578695452535642E+00 -0.402335242865568E-17
  0.00000000  0.00000000  0.01750000    0.7745D-02  0.172802548293993E+01  0.120140231015315E-16    0.578695169644533E+00 -0.402335336225813E-17
  0.00000000  0.00000000  0.01750000    0.8001D-02  0.172802638222992E+01  0.120140385739158E-16    0.578694868483174E+00 -0.402335435614831E-17
  0.00000000  0.00000000  0.01750000    0.8265D-02  0.172802733952172E+01  0.120140550442132E-16    0.578694547898054E+00 -0.402335541413228E-17
  0.00000000  0.00000000  0.01750000    0.8537D-02  0.172802835847517E+01  0.120140725753860E-16    0.578694206663604E+00 -0.402335654025199E-17
  0.00000000  0.00000000  0.01750000    0.8818D-02  0.172802944297867E+01  0.120140912343338E-16    0.578693843477725E+00 -0.402335773880358E-17
  0.00000000  0.00000000  0.01750000    0.9107D-02  0.172803059716347E+01  0.120141110921304E-16    0.578693456957001E+00 -0.402335901435006E-17
  0.00000000  0.00000000  0.01750000    0.9404D-02  0.172803182541865E+01  0.120141322242849E-16    0.578693045631686E+00 -0.402336037173899E-17
  0.00000000  0.00000000  0.01750000    0.9711D-02  0.172803313240723E+01  0.120141547110212E-16    0.578692607940307E+00 -0.402336181612098E-17
  0.00000000  0.00000000  0.01750000    0.1003D-01  0.172803452308317E+01  0.120141786375655E-16    0.578692142223983E+00 -0.402336335296685E-17
  0.00000000  0.00000000  0.01750000    0.1035D-01  0.172803600270943E+01  0.120142040944612E-16    0.578691646720368E+00 -0.402336498808899E-17
  0.00000000  0.00000000  0.01750000    0.1069D-01  0.172803757687720E+01  0.120142311778974E-16    0.578691119557213E+00 -0.402336672766156E-17
  0.00000000  0.00000000  0.01750000    0.1103D-01  0.172803925152628E+01  0.120142599900601E-16    0.578690558745559E+00 -0.402336857824353E-17
  0.00000000  0.00000000  0.01750000    0.1139D-01  0.172804103296671E+01  0.120142906395027E-16    0.578689962172482E+00 -0.402337054680168E-17
  0.00000000  0.00000000  0.01750000    0.1176D-01  0.172804292790181E+01  0.120143232415466E-16    0.578689327593383E+00 -0.402337264073756E-17
  0.00000000  0.00000000  0.01750000    0.1214D-01  0.172804494345262E+01  0.120143579186950E-16    0.578688652623821E+00 -0.402337486791217E-17
  0.00000000  0.00000000  0.01750000    0.1253D-01  0.172804708718376E+01  0.120143948010845E-16    0.578687934730833E+00 -0.402337723667662E-17
  0.00000000  0.00000000  0.01750000    0.1293D-01  0.172804936713107E+01  0.120144340269522E-16    0.578687171223708E+00 -0.402337975589993E-17
  0.00000000  0.00000000  0.01750000    0.1334D-01  0.172805179183090E+01  0.120144757431503E-16    0.578686359244178E+00 -0.402338243500487E-17
  0.00000000  0.00000000  0.01750000    0.1377D-01  0.172805437035105E+01  0.120145201056647E-16    0.578685495756048E+00 -0.402338528399727E-17
  0.00000000  0.00000000  0.01750000    0.1421D-01  0.172805711232394E+01  0.120145672802020E-16    0.578684577534113E+00 -0.402338831350822E-17
  0.00000000  0.00000000  0.01750000    0.1466D-01  0.172806002798157E+01  0.120146174427699E-16    0.578683601152462E+00 -0.402339153482545E-17
  0.00000000  0.00000000  0.01750000    0.1513D-01  0.172806312819282E+01  0.120146707803400E-16    0.578682562971980E+00 -0.402339495994147E-17
  0.00000000  0.00000000  0.01750000    0.1561D-01  0.172806642450295E+01  0.120147274915076E-16    0.578681459127149E+00 -0.402339860159053E-17
  0.00000000  0.00000000  0.01750000    0.1610D-01  0.172806992917563E+01  0.120147877872307E-16    0.578680285511969E+00 -0.402340247329988E-17
  0.00000000  0.00000000  0.01750000    0.1662D-01  0.172807365523756E+01  0.120148518915880E-16    0.578679037765049E+00 -0.402340658943609E-17
  0.00000000  0.00000000  0.01750000    0.1714D-01  0.172807761652587E+01  0.120149200425905E-16    0.578677711253734E+00 -0.402341096525557E-17
  0.00000000  0.00000000  0.01750000    0.1768D-01  0.172808182773844E+01  0.120149924930541E-16    0.578676301057288E+00 -0.402341561696233E-17
  0.00000000  0.00000000  0.01750000    0.1824D-01  0.172808630448735E+01  0.120150695115183E-16    0.578674801949002E+00 -0.402342056176641E-17
  0.00000000  0.00000000  0.01750000    0.1882D-01  0.172809106335567E+01  0.120151513832144E-16    0.578673208377204E+00 -0.402342581794341E-17
  0.00000000  0.00000000  0.01750000    0.1941D-01  0.172809612195782E+01  0.120152384111103E-16    0.578671514445080E+00 -0.402343140490285E-17
  0.00000000  0.00000000  0.01750000    0.2002D-01  0.172810149900356E+01  0.120153309170050E-16    0.578669713889265E+00 -0.402343734325629E-17
  0.00000000  0.00000000  0.01750000    0.2065D-01  0.172810721436614E+01  0.120154292427056E-16    0.578667800057066E+00 -0.402344365489387E-17
  0.00000000  0.00000000  0.01750000    0.2130D-01  0.172811328915449E+01  0.120155337512586E-16    0.578665765882322E+00 -0.402345036305971E-17
  0.00000000  0.00000000  0.01750000    0.2197D-01  0.172811974579006E+01  0.120156448282796E-16    0.578663603859709E+00 -0.402345749243887E-17
  0.00000000  0.00000000  0.01750000    0.2266D-01  0.172812660808842E+01  0.120157628833483E-16    0.578661306017480E+00 -0.402346506924391E-17
  0.00000000  0.00000000  0.01750000    0.2337D-01  0.172813390134582E+01  0.120158883514985E-16    0.578658863888515E+00 -0.402347312130991E-17
  0.00000000  0.00000000  0.01750000    0.2410D-01  0.172814165243134E+01  0.120160216948000E-16    0.578656268479550E+00 -0.402348167819454E-17
  0.00000000  0.00000000  0.01750000    0.2486D-01  0.172814988988458E+01  0.120161634040305E-16    0.578653510238508E+00 -0.402349077128152E-17
  0.00000000  0.00000000  0.01750000    0.2564D-01  0.172815864401961E+01  0.120163140004734E-16    0.578650579019789E+00 -0.402350043389802E-17
  0.00000000  0.00000000  0.01750000    0.2644D-01  0.172816794703534E+01  0.120164740377986E-16    0.578647464047400E+00 -0.402351070142918E-17
  0.00000000  0.00000000  0.01750000    0.2726D-01  0.172817783313272E+01  0.120166441040847E-16    0.578644153875803E+00 -0.402352161144793E-17
  0.00000000  0.00000000  0.01750000    0.2811D-01  0.172818833863932E+01  0.120168248239497E-16    0.578640636348318E+00 -0.402353320384702E-17
  0.00000000  0.00000000  0.01750000    0.2899D-01  0.172819950214175E+01  0.120170168608245E-16    0.578636898552917E+00 -0.402354552098190E-17
  0.00000000  0.00000000  0.01750000    0.2989D-01  0.172821136462622E+01  0.120172209193738E-16    0.578632926775299E+00 -0.402355860782489E-17
  0.00000000  0.00000000  0.01750000    0.3082D-01  0.172822396962799E+01  0.120174377480429E-16    0.578628706449001E+00 -0.402357251211963E-17
  0.00000000  0.00000000  0.01750000    0.3178D-01  0.172823736339017E+01  0.120176681417962E-16    0.578624222102434E+00 -0.402358728455643E-17
  0.00000000  0.00000000  0.01750000    0.3277D-01  0.172825159503242E+01  0.120179129450052E-16    0.578619457302593E+00 -0.402360297895067E-17
  0.00000000  0.00000000  0.01750000    0.3379D-01  0.172826671673025E+01  0.120181730545181E-16    0.578614394595254E+00 -0.402361965243259E-17
  0.00000000  0.00000000  0.01750000    0.3484D-01  0.172828278390556E+01  0.120184494229306E-16    0.578609015441448E+00 -0.402363736565156E-17
  0.00000000  0.00000000  0.01750000    0.3592D-01  0.172829985542917E+01  0.120187430620527E-16    0.578603300149950E+00 -0.402365618298981E-17
  0.00000000  0.00000000  0.01750000    0.3703D-01  0.172831799383605E+01  0.120190550466019E-16    0.578597227805558E+00 -0.402367617279227E-17
  0.00000000  0.00000000  0.01750000    0.3818D-01  0.172833726555401E+01  0.120193865181145E-16    0.578590776192894E+00 -0.402369740760586E-17
  0.00000000  0.00000000  0.01750000    0.3936D-01  0.172835774114700E+01  0.120197386891119E-16    0.578583921715400E+00 -0.402371996443601E-17
  0.00000000  0.00000000  0.01750000    0.4058D-01  0.172837949557346E+01  0.120201128475263E-16    0.578576639309301E+00 -0.402374392501852E-17
  0.00000000  0.00000000  0.01750000    0.4184D-01  0.172840260846125E+01  0.120205103614005E-16    0.578568902352141E+00 -0.402376937610597E-17
  0.00000000  0.00000000  0.01750000    0.4313D-01  0.172842716439962E+01  0.120209326838840E-16    0.578560682565617E+00 -0.402379640977179E-17
  0.00000000  0.00000000  0.01750000    0.4447D-01  0.172845325325005E+01  0.120213813585547E-16    0.578551949912257E+00 -0.402382512373596E-17
  0.00000000  0.00000000  0.01750000    0.4584D-01  0.172848097047635E+01  0.120218580250468E-16    0.578542672485663E+00 -0.402385562170062E-17
  0.00000000  0.00000000  0.01750000    0.4726D-01  0.172851041749604E+01  0.120223644250714E-16    0.578532816393797E+00 -0.402388801371809E-17
  0.00000000  0.00000000  0.01750000    0.4872D-01  0.172854170205374E+01  0.120229024087785E-16    0.578522345634975E+00 -0.402392241656817E-17
  0.00000000  0.00000000  0.01750000    0.5022D-01  0.172857493861864E+01  0.120234739415538E-16    0.578511221965957E+00 -0.402395895416755E-17
  0.00000000  0.00000000  0.01750000    0.5177D-01  0.172861024880694E+01  0.120240811112208E-16    0.578499404761821E+00 -0.402399775799659E-17
  0.00000000  0.00000000  0.01750000    0.5337D-01  0.172864776183152E+01  0.120247261357110E-16    0.578486850866880E+00 -0.402403896755345E-17
  0.00000000  0.00000000  0.01750000    0.5501D-01  0.172868761498023E+01  0.120254113712139E-16    0.578473514436231E+00 -0.402408273083342E-17
  0.00000000  0.00000000  0.01750000    0.5671D-01  0.172872995412481E+01  0.120261393208534E-16    0.578459346767242E+00 -0.402412920483846E-17
  0.00000000  0.00000000  0.01750000    0.5846D-01  0.172877493426258E+01  0.120269126438998E-16    0.578444296120336E+00 -0.402417855611082E-17
  0.00000000  0.00000000  0.01750000    0.6026D-01  0.172882272009289E+01  0.120277341655863E-16    0.578428307528415E+00 -0.402423096130294E-17
  0.00000000  0.00000000  0.01750000    0.6211D-01  0.172887348663074E+01  0.120286068875368E-16    0.578411322594124E+00 -0.402428660777478E-17
  0.00000000  0.00000000  0.01750000    0.6403D-01  0.172892741986014E+01  0.120295339988686E-16    0.578393279274205E+00 -0.402434569422759E-17
  0.00000000  0.00000000  0.01750000    0.6600D-01  0.172898471742977E+01  0.120305188879983E-16    0.578374111650074E+00 -0.402440843137070E-17
  0.00000000  0.00000000  0.01750000    0.6803D-01  0.172904558939382E+01  0.120315651552138E-16    0.578353749683714E+00 -0.402447504262823E-17
  0.00000000  0.00000000  0.01750000    0.7012D-01  0.172911025900116E+01  0.120326766260467E-16    0.578332118957908E+00 -0.402454576488184E-17
  0.00000000  0.00000000  0.01750000    0.7227D-01  0.172917896353623E+01  0.120338573655059E-16    0.578309140399769E+00 -0.402462084925390E-17
  0.00000000  0.00000000  0.01750000    0.7450D-01  0.172925195521473E+01  0.120351116932387E-16    0.578284729986512E+00 -0.402470056193625E-17
  0.00000000  0.00000000  0.01750000    0.7678D-01  0.172932950213871E+01  0.120364441996600E-16    0.578258798432150E+00 -0.402478518505763E-17
  0.00000000  0.00000000  0.01750000    0.7914D-01  0.172941188931442E+01  0.120378597631389E-16    0.578231250853967E+00 -0.402487501760141E-17
  0.00000000  0.00000000  0.01750000    0.8157D-01  0.172949941973785E+01  0.120393635683014E-16    0.578201986417304E+00 -0.402497037636887E-17
  0.00000000  0.00000000  0.01750000    0.8408D-01  0.172959241555245E+01  0.120409611255242E-16    0.578170897957246E+00 -0.402507159699181E-17
  0.00000000  0.00000000  0.01750000    0.8666D-01  0.172969121928423E+01  0.120426582917071E-16    0.578137871575605E+00 -0.402517903499618E-17
  0.00000000  0.00000000  0.01750000    0.8932D-01  0.172979619515994E+01  0.120444612924088E-16    0.578102786211494E+00 -0.402529306691777E-17
  0.00000000  0.00000000  0.01750000    0.9206D-01  0.172990773051404E+01  0.120463767454449E-16    0.578065513183672E+00 -0.402541409147311E-17
  0.00000000  0.00000000  0.01750000    0.9488D-01  0.173002623729124E+01  0.120484116860477E-16    0.578025915702719E+00 -0.402554253078570E-17
  0.00000000  0.00000000  0.01750000    0.9779D-01  0.173015215365135E+01  0.120505735936912E-16    0.577983848350898E+00 -0.402567883166704E-17
  0.00000000  0.00000000  0.01750000    0.1008D+00  0.173028594568410E+01  0.120528704207083E-16    0.577939156527467E+00 -0.402582346695588E-17
  0.00000000  0.00000000  0.01750000    0.1039D+00  0.173042810924235E+01  0.120553106228306E-16    0.577891675856930E+00 -0.402597693691748E-17
  0.00000000  0.00000000  0.01750000    0.1071D+00  0.173057917190224E+01  0.120579031917768E-16    0.577841231557646E+00 -0.402613977069915E-17
  0.00000000  0.00000000  0.01750000    0.1103D+00  0.173073969506025E+01  0.120606576900432E-16    0.577787637767901E+00 -0.402631252784362E-17
  0.00000000  0.00000000  0.01750000    0.1137D+00  0.173091027617762E+01  0.120635842880663E-16    0.577730696826359E+00 -0.402649579986252E-17
  0.00000000  0.00000000  0.01750000    0.1172D+00  0.173109155118348E+01  0.120666938039115E-16    0.577670198503563E+00 -0.402669021186185E-17
  0.00000000  0.00000000  0.01750000    0.1208D+00  0.173128419704940E+01  0.120699977457050E-16    0.577605919180852E+00 -0.402689642422691E-17
  0.00000000  0.00000000  0.01750000    0.1245D+00  0.173148893454863E+01  0.120735083569840E-16    0.577537620972832E+00 -0.402711513435450E-17
  0.00000000  0.00000000  0.01750000    0.1283D+00  0.173170653121538E+01  0.120772386652001E-16    0.577465050789039E+00 -0.402734707843156E-17
  0.00000000  0.00000000  0.01750000    0.1322D+00  0.173193780451981E+01  0.120812025336278E-16    0.577387939330335E+00 -0.402759303326010E-17
  0.00000000  0.00000000  0.01750000    0.1363D+00  0.173218362527717E+01  0.120854147169081E-16    0.577306000014860E+00 -0.402785381810924E-17
  0.00000000  0.00000000  0.01750000    0.1405D+00  0.173244492131008E+01  0.120898909205613E-16    0.577218927828193E+00 -0.402813029660361E-17
  0.00000000  0.00000000  0.01750000    0.1448D+00  0.173272268138569E+01  0.120946478647249E-16    0.577126398091749E+00 -0.402842337861855E-17
  0.00000000  0.00000000  0.01750000    0.1492D+00  0.173301795945125E+01  0.120997033524910E-16    0.577028065142869E+00 -0.402873402218020E-17
  0.00000000  0.00000000  0.01750000    0.1537D+00  0.173333187919390E+01  0.121050763432087E-16    0.576923560919597E+00 -0.402906323535419E-17
  0.00000000  0.00000000  0.01750000    0.1585D+00  0.173366563895337E+01  0.121107870311434E-16    0.576812493442339E+00 -0.402941207809844E-17
  0.00000000  0.00000000  0.01750000    0.1633D+00  0.173402051701931E+01  0.121168569299566E-16    0.576694445183929E+00 -0.402978166406353E-17
  0.00000000  0.00000000  0.01750000    0.1683D+00  0.173439787734793E+01  0.121233089634577E-16    0.576568971318798E+00 -0.403017316230177E-17
  0.00000000  0.00000000  0.01750000    0.1734D+00  0.173479917573691E+01  0.121301675632107E-16    0.576435597841012E+00 -0.403058779886773E-17
  0.00000000  0.00000000  0.01750000    0.1787D+00  0.173522596650133E+01  0.121374587735305E-16    0.576293819539976E+00 -0.403102685825416E-17
  0.00000000  0.00000000  0.01750000    0.1842D+00  0.173567990969853E+01  0.121452103645578E-16    0.576143097821356E+00 -0.403149168462965E-17
  0.00000000  0.00000000  0.01750000    0.1898D+00  0.173616277895484E+01  0.121534519540889E-16    0.575982858359626E+00 -0.403198368281263E-17
  0.00000000  0.00000000  0.01750000    0.1956D+00  0.173667646995382E+01  0.121622151389757E-16    0.575812488567079E+00 -0.403250431892361E-17
  0.00000000  0.00000000  0.01750000    0.2016D+00  0.173722300965171E+01  0.121715336369420E-16    0.575631334862693E+00 -0.403305512063401E-17
  0.00000000  0.00000000  0.01750000    0.2078D+00  0.173780456629480E+01  0.121814434397852E-16    0.575438699722209E+00 -0.403363767691957E-17
  0.00000000  0.00000000  0.01750000    0.2141D+00  0.173842346032149E+01  0.121919829790422E-16    0.575233838488965E+00 -0.403425363721770E-17
  0.00000000  0.00000000  0.01750000    0.2207D+00  0.173908217624266E+01  0.122031933052769E-16    0.575015955922527E+00 -0.403490470985201E-17
  0.00000000  0.00000000  0.01750000    0.2274D+00  0.173978337560557E+01  0.122151182823300E-16    0.574784202459646E+00 -0.403559265958351E-17
  0.00000000  0.00000000  0.01750000    0.2343D+00  0.174052991116007E+01  0.122278047979986E-16    0.574537670159025E+00 -0.403631930411301E-17
  0.00000000  0.00000000  0.01750000    0.2415D+00  0.174132484236116E+01  0.122413029927611E-16    0.574275388298052E+00 -0.403708650932111E-17
  0.00000000  0.00000000  0.01750000    0.2489D+00  0.174217145236050E+01  0.122556665084121E-16    0.573996318585684E+00 -0.403789618301398E-17
  0.00000000  0.00000000  0.01750000    0.2565D+00  0.174307326665917E+01  0.122709527586374E-16    0.573699349951385E+00 -0.403875026688190E-17
  0.00000000  0.00000000  0.01750000    0.2643D+00  0.174403407361884E+01  0.122872232238418E-16    0.573383292864812E+00 -0.403965072633733E-17
  0.00000000  0.00000000  0.01750000    0.2724D+00  0.174505794705559E+01  0.123045437728034E-16    0.573046873135237E+00 -0.404059953783072E-17
  0.00000000  0.00000000  0.01750000    0.2807D+00  0.174614927117339E+01  0.123229850141167E-16    0.572688725132883E+00 -0.404159867319005E-17
  0.00000000  0.00000000  0.01750000    0.2893D+00  0.174731276813156E+01  0.123426226806454E-16    0.572307384366750E+00 -0.404265008040852E-17
  0.00000000  0.00000000  0.01750000    0.2981D+00  0.174855352858524E+01  0.123635380507780E-16    0.571901279344363E+00 -0.404375566024771E-17
  0.00000000  0.00000000  0.01750000    0.3072D+00  0.174987704558912E+01  0.123858184106518E-16    0.571468722628643E+00 -0.404491723786373E-17
  0.00000000  0.00000000  0.01750000    0.3166D+00  0.175128925231622E+01  0.124095575621597E-16    0.571007900994891E+00 -0.404613652854451E-17
  0.00000000  0.00000000  0.01750000    0.3262D+00  0.175279656411555E+01  0.124348563821804E-16    0.570516864576691E+00 -0.404741509645915E-17
  0.00000000  0.00000000  0.01750000    0.3362D+00  0.175440592551780E+01  0.124618234392611E-16    0.569993514873053E+00 -0.404875430512208E-17
  0.00000000  0.00000000  0.01750000    0.3464D+00  0.175612486290034E+01  0.124905756748209E-16    0.569435591469530E+00 -0.405015525800354E-17
  0.00000000  0.00000000  0.01750000    0.3570D+00  0.175796154364417E+01  0.125212391570450E-16    0.568840657303031E+00 -0.405161872743652E-17
  0.00000000  0.00000000  0.01750000    0.3679D+00  0.175992484276123E+01  0.125539499168170E-16    0.568206082272840E+00 -0.405314506958851E-17
  0.00000000  0.00000000  0.01750000    0.3791D+00  0.176202441814587E+01  0.125888548763963E-16    0.567529024967925E+00 -0.405473412280058E-17
  0.00000000  0.00000000  0.01750000    0.3907D+00  0.176427079581646E+01  0.126261128833404E-16    0.566806412241962E+00 -0.405638508608669E-17
  0.00000000  0.00000000  0.01750000    0.4026D+00  0.176667546677050E+01  0.126658958639738E-16    0.566034916321111E+00 -0.405809637386427E-17
  0.00000000  0.00000000  0.01750000    0.4149D+00  0.176925099739060E+01  0.127083901131139E-16    0.565210929073863E+00 -0.405986544218994E-17
  0.00000000  0.00000000  0.01750000    0.4276D+00  0.177201115572404E+01  0.127537977394635E-16    0.564330533004688E+00 -0.406168858073844E-17
  0.00000000  0.00000000  0.01750000    0.4406D+00  0.177497105643286E+01  0.128023382893399E-16    0.563389468451215E+00 -0.406356066349564E-17
  0.00000000  0.00000000  0.01750000    0.4540D+00  0.177814732779950E+01  0.128542505752332E-16    0.562383096364418E+00 -0.406547484953894E-17
  0.00000000  0.00000000  0.01750000    0.4679D+00  0.178155830490575E+01  0.129097947404218E-16    0.561306355928049E+00 -0.406742222332632E-17
  0.00000000  0.00000000  0.01750000    0.4822D+00  0.178522425402106E+01  0.129692545963239E-16    0.560153716121428E+00 -0.406939136138919E-17
  0.00000000  0.00000000  0.01750000    0.4969D+00  0.178916763439625E+01  0.130329402760497E-16    0.558919120140157E+00 -0.407136780919190E-17
  0.00000000  0.00000000  0.01750000    0.5120D+00  0.179341340513090E+01  0.131011912557410E-16    0.557595921352561E+00 -0.407333344791623E-17
  0.00000000  0.00000000  0.01750000    0.5276D+00  0.179798938666879E+01  0.131743798051089E-16    0.556176809170572E+00 -0.407526572577953E-17
  0.00000000  0.00000000  0.01750000    0.5437D+00  0.180292668890755E+01  0.132529149406984E-16    0.554653722834361E+00 -0.407713672191496E-17
  0.00000000  0.00000000  0.01750000    0.5603D+00  0.180826022107208E+01  0.133372469701627E-16    0.553017750623923E+00 -0.407891200226823E-17
  0.00000000  0.00000000  0.01750000    0.5774D+00  0.181402930265293E+01  0.134278727340886E-16    0.551259011382864E+00 -0.408054921579447E-17
  0.00000000  0.00000000  0.01750000    0.5950D+00  0.182027840021052E+01  0.135253416744621E-16    0.549366514421283E+00 -0.408199636451043E-17
  0.00000000  0.00000000  0.01750000    0.6131D+00  0.182705802220839E+01  0.136302628870689E-16    0.547327992786616E+00 -0.408318966144057E-17
  0.00000000  0.00000000  0.01750000    0.6318D+00  0.183442581400254E+01  0.137433133502493E-16    0.545129703456415E+00 -0.408405086427748E-17
  0.00000000  0.00000000  0.01750000    0.6511D+00  0.184244790876206E+01  0.138652475669189E-16    0.542756186074155E+00 -0.408448393716119E-17
  0.00000000  0.00000000  0.01750000    0.6709D+00  0.185120060903593E+01  0.139969089130322E-16    0.540189969211810E+00 -0.408437084445916E-17
  0.00000000  0.00000000  0.01750000    0.6914D+00  0.186077250033974E+01  0.141392430573422E-16    0.537411209493594E+00 -0.408356621316299E-17
  0.00000000  0.00000000  0.01750000    0.7125D+00  0.187126713624819E+01  0.142933139098536E-16    0.534397243786878E+00 -0.408189050619511E-17
  0.00000000  0.00000000  0.01750000    0.7342D+00  0.188280648990822E+01  0.144603226755640E-16    0.531122027335240E+00 -0.407912121427928E-17
  0.00000000  0.00000000  0.01750000    0.7565D+00  0.189553544904488E+01  0.146416307462032E-16    0.527555420028614E+00 -0.407498137906585E-17
  0.00000000  0.00000000  0.01750000    0.7796D+00  0.190962775591101E+01  0.148387873675629E-16    0.523662267111811E+00 -0.406912447205243E-17
  0.00000000  0.00000000  0.01750000    0.8034D+00  0.192529398645239E+01  0.150535632924804E-16    0.519401196407741E+00 -0.406111421909191E-17
  0.00000000  0.00000000  0.01750000    0.8279D+00  0.194279247002898E+01  0.152879919941160E-16    0.514723016187665E+00 -0.405039728744002E-17
  0.00000000  0.00000000  0.01750000    0.8531D+00  0.196244455530295E+01  0.155444205082849E-16    0.509568536495863E+00 -0.403626568082083E-17
  0.00000000  0.00000000  0.01750000    0.8791D+00  0.198465648598958E+01  0.158255726493157E-16    0.503865533939686E+00 -0.401780392180706E-17
  0.00000000  0.00000000  0.01750000    0.9059D+00  0.200995167250943E+01  0.161346282800093E-16    0.497524400052613E+00 -0.399381306768503E-17
  0.00000000  0.00000000  0.01750000    0.9335D+00  0.203901998429340E+01  0.164753236287779E-16    0.490431681740744E+00 -0.396269812788745E-17
  0.00000000  0.00000000  0.01750000    0.9619D+00  0.207279631236975E+01  0.168520795130762E-16    0.482440070947799E+00 -0.392229491503271E-17
  0.00000000  0.00000000  0.01750000    0.9913D+00  0.211259267998771E+01  0.172701670214355E-16    0.473352014078653E+00 -0.386959039502057E-17
  0.00000000  0.00000000  0.01750000    0.1021D+01  0.216033658173192E+01  0.177359241567396E-16    0.462890833056352E+00 -0.380023963736048E-17
  0.00000000  0.00000000  0.01750000    0.1053D+01  0.221904507432943E+01  0.182570428463901E-16    0.450644293605522E+00 -0.370764536151814E-17
  0.00000000  0.00000000  0.01750000    0.1085D+01  0.229391867197005E+01  0.188429547377941E-16    0.435935245751842E+00 -0.358090642213421E-17
  0.00000000  0.00000000  0.01750000    0.1118D+01  0.239563687385303E+01  0.195053584300312E-16    0.417425533441404E+00 -0.339869315608182E-17
  0.00000000  0.00000000  0.01750000    0.1152D+01  0.256633121687479E+01  0.202589598935631E-16    0.389661316288618E+00 -0.307603824746262E-17
  0.00000000  0.00000000  0.01750000    0.1187D+01  0.279249418709483E+01  0.124962782659756E+00    0.357387129713979E+00 -0.159929035563379E-01
  0.00000000  0.00000000  0.01750000    0.1223D+01  0.293989515647085E+01  0.404502627209069E+00    0.333828399691915E+00 -0.459317280125318E-01
  0.00000000  0.00000000  0.01750000    0.1260D+01  0.304214973248199E+01  0.614395049834803E+00    0.315832680299547E+00 -0.637858266081412E-01
  0.00000000  0.00000000  0.01750000    0.1299D+01  0.330293118828157E+01  0.909774693859595E+00    0.281410810746443E+00 -0.775130996079958E-01
  0.00000000  0.00000000  0.01750000    0.1338D+01  0.298266484674041E+01  0.205494999566936E+01    0.227352698282776E+00 -0.156637922917214E+00
  0.00000000  0.00000000  0.01750000    0.1379D+01  0.214544576589153E+01  0.206189581285686E+01    0.242304100354699E+00 -0.232868067747121E+00
  0.00000000  0.00000000  0.01750000    0.1421D+01  0.168055507528524E+01  0.177516464244457E+01    0.281242095761339E+00 -0.297075074601646E+00
  0.00000000  0.00000000  0.01750000    0.1464D+01  0.146287405218464E+01  0.150637506644881E+01    0.331780191895208E+00 -0.341646232542144E+00
  0.00000000  0.00000000  0.01750000    0.1509D+01  0.137391292645683E+01  0.125722059646991E+01    0.396141208442233E+00 -0.362495232975526E+00
  0.00000000  0.00000000  0.01750000    0.1555D+01  0.136271594273138E+01  0.105925159381296E+01    0.457439399917519E+00 -0.355571838738653E+00
  0.00000000  0.00000000  0.01750000    0.1602D+01  0.142399682624930E+01  0.851230065580884E+00    0.517373105476110E+00 -0.309272839929148E+00
  0.00000000  0.00000000  0.01750000    0.1651D+01  0.163384768511508E+01  0.648202724293064E+00    0.528817467907577E+00 -0.209799803540014E+00
  0.00000000  0.00000000  0.01750000    0.1701D+01  0.221946034714740E+01  0.537309021413019E+00    0.425615687707529E+00 -0.103037276135204E+00
  0.00000000  0.00000000  0.01750000    0.1753D+01  0.246125828738282E+01  0.162425178841900E+01    0.283033829913809E+00 -0.186781780188305E+00
  0.00000000  0.00000000  0.01750000    0.1807D+01  0.133307965282580E+01  0.249387422264065E+01    0.166707682848004E+00 -0.311870331296038E+00
  0.00000000  0.00000000  0.01750000    0.1862D+01  0.103256511260378E+01  0.662782075568135E+00    0.685875221532403E+00 -0.440249043241146E+00
  0.00000000  0.00000000  0.01750000    0.1919D+01  0.225461032525609E+01  0.847979794936545E+00    0.388569321269478E+00 -0.146144515385956E+00
  0.00000000  0.00000000  0.01750000    0.1977D+01  0.204721921135638E+01  0.277791225179376E+01    0.171921052357959E+00 -0.233283077375007E+00
  0.00000000  0.00000000  0.01750000    0.2037D+01  0.765260142417043E+00  0.272953659703957E+01    0.952290688873449E-01 -0.339663879277742E+00
  0.00000000  0.00000000  0.01750000    0.2099D+01  0.219889968115788E+00  0.211266348321506E+01    0.487377345054697E-01 -0.468263435693062E+00
  0.00000000  0.00000000  0.01750000    0.2163D+01 -0.526273332639242E+00  0.226339854044322E+01   -0.974591692834333E-01 -0.419152801079026E+00
  0.00000000  0.00000000  0.01750000    0.2229D+01 -0.751788721642824E+00  0.476072086481302E+00   -0.949430880773035E+00 -0.601229477600681E+00
  0.00000000  0.00000000  0.01750000    0.2297D+01 -0.517262111573449E-01  0.247987554906973E+00   -0.806037834038254E+00 -0.386433390641403E+01
  0.00000000  0.00000000  0.01750000    0.2367D+01  0.274965511369431E+00  0.224508740304746E+00    0.218208919816310E+01 -0.178167107093655E+01
  0.00000000  0.00000000  0.01750000    0.2439D+01  0.458113959841948E+00  0.216699003663780E+00    0.178374630563211E+01 -0.843755224906884E+00
  0.00000000  0.00000000  0.01750000    0.2513D+01  0.579215634865025E+00  0.226956505210586E+00    0.149668120024232E+01 -0.586450907356010E+00
  0.00000000  0.00000000  0.01750000    0.2590D+01  0.655120588934236E+00  0.238950486037322E+00    0.134720769252078E+01 -0.491384240334683E+00
  0.00000000  0.00000000  0.01750000    0.2669D+01  0.705138396692267E+00  0.238500898523413E+00    0.127257676643614E+01 -0.430427138358621E+00
  0.00000000  0.00000000  0.01750000    0.2750D+01  0.753034672998522E+00  0.226161268333032E+00    0.121808852147867E+01 -0.365832351201796E+00
  0.00000000  0.00000000  0.01750000    0.2834D+01  0.789660520616229E+00  0.236580742744659E+00    0.116206150813761E+01 -0.348151347993989E+00
  0.00000000  0.00000000  0.01750000    0.2920D+01  0.809627826134410E+00  0.227331511218429E+00    0.114487323188800E+01 -0.321463459576570E+00
  0.00000000  0.00000000  0.01750000    0.3009D+01  0.833459705008038E+00  0.206133249638495E+00    0.113065757528295E+01 -0.279636938439882E+00
  0.00000000  0.00000000  0.01750000    0.3101D+01  0.877966616300932E+00  0.171729350432627E+00    0.109702446694430E+01 -0.214576836543943E+00
  0.00000000  0.00000000  0.01750000    0.3195D+01  0.965293729677858E+00  0.151704754550160E+00    0.101098381146147E+01 -0.158885369558063E+00
  0.00000000  0.00000000  0.01750000    0.3293D+01  0.105478412709769E+01  0.223805571430488E+00    0.907217499771088E+00 -0.192494678040602E+00
  0.00000000  0.00000000  0.01750000    0.3393D+01  0.107752168729506E+01  0.346579104801500E+00    0.841045009444306E+00 -0.270517642389835E+00
  0.00000000  0.00000000  0.01750000    0.3496D+01  0.103144097031520E+01  0.458685319952308E+00    0.809441390654078E+00 -0.359961349161211E+00
  0.00000000  0.00000000  0.01750000    0.3603D+01  0.833267390185872E+00  0.597146407894999E+00    0.792894490388734E+00 -0.568213879904449E+00
  0.00000000  0.00000000  0.01750000    0.3713D+01  0.699148429965485E+00  0.339257520417983E+00    0.115771415217703E+01 -0.561773746155414E+00
  0.00000000  0.00000000  0.01750000    0.3826D+01  0.738731277924643E+00  0.268502236184857E+00    0.119571144408281E+01 -0.434598082092863E+00
  0.00000000  0.00000000  0.01750000    0.3942D+01  0.775346042886271E+00  0.198295744263895E+00    0.121056518296842E+01 -0.309603597179760E+00
  0.00000000  0.00000000  0.01750000    0.4062D+01  0.846844532930289E+00  0.164982492205323E+00    0.113767394084871E+01 -0.221641959981480E+00
  0.00000000  0.00000000  0.01750000    0.4186D+01  0.872325278176392E+00  0.237167843984458E+00    0.106745631736533E+01 -0.290220081511765E+00
  0.00000000  0.00000000  0.01750000    0.4313D+01  0.809669104537668E+00  0.253401796862995E+00    0.112488956135366E+01 -0.352056209779934E+00
  0.00000000  0.00000000  0.01750000    0.4445D+01  0.789105196331305E+00  0.144060424391198E+00    0.122638425530303E+01 -0.223890853978691E+00
  0.00000000  0.00000000  0.01750000    0.4580D+01  0.844660775052775E+00  0.943206107462294E-01    0.116932633334041E+01 -0.130574991972873E+00
  0.00000000  0.00000000  0.01750000    0.4720D+01  0.922707003941327E+00  0.752989901897009E-01    0.107659789555941E+01 -0.878575040936133E-01
  0.00000000  0.00000000  0.01750000    0.4863D+01  0.991357244577015E+00  0.135838696380437E+00    0.990128161054281E+00 -0.135670283727598E+00
  0.00000000  0.00000000  0.01750000    0.5012D+01  0.963755744477721E+00  0.250828714430789E+00    0.971782493931631E+00 -0.252917769939012E+00
  0.00000000  0.00000000  0.01750000    0.5164D+01  0.880550569179113E+00  0.237262714634684E+00    0.105878303397225E+01 -0.285287121083337E+00
  0.00000000  0.00000000  0.01750000    0.5322D+01  0.916216481093374E+00  0.136364789295604E+00    0.106779164496471E+01 -0.158924430723463E+00
  0.00000000  0.00000000  0.01750000    0.5484D+01  0.908624635349772E+00  0.294995851592262E+00    0.995620697043648E+00 -0.323240163166182E+00
  0.00000000  0.00000000  0.01750000    0.5651D+01  0.802263438346631E+00  0.239040452718308E+00    0.114483627400856E+01 -0.341112617311006E+00
  0.00000000  0.00000000  0.01750000    0.5823D+01  0.774254965018020E+00  0.160599650065959E+00    0.123828687596977E+01 -0.256851357688596E+00
  0.00000000  0.00000000  0.01750000    0.6000D+01  0.794168945163640E+00  0.938943338411773E-01    0.124181945003197E+01 -0.146819906169641E+00
  0.00000000  0.00000000  0.01750000    0.6183D+01  0.843904317010497E+00  0.611866230175887E-01    0.117877182084213E+01 -0.854659296934573E-01
  0.00000000  0.00000000  0.01750000    0.6371D+01  0.869142226224263E+00  0.930886057945631E-01    0.113751098692888E+01 -0.121831972552079E+00
  0.00000000  0.00000000  0.01750000    0.6565D+01  0.859244180708639E+00  0.908435746411146E-01    0.115094848710275E+01 -0.121684006879123E+00
  0.00000000  0.00000000  0.01750000    0.6765D+01  0.865654917909882E+00  0.675938927853280E-01    0.114819404484834E+01 -0.896557087108359E-01
  0.00000000  0.00000000  0.01750000    0.6971D+01  0.864285560702606E+00  0.819267561556730E-01    0.114672125953775E+01 -0.108699204615084E+00
  0.00000000  0.00000000  0.01750000    0.7184D+01  0.858655150551083E+00  0.480998873917304E-01    0.116096879251283E+01 -0.650348025622867E-01
  0.00000000  0.00000000  0.01750000    0.7402D+01  0.875615034435568E+00  0.308165891630168E-01    0.114064156031285E+01 -0.401439913250028E-01
  0.00000000  0.00000000  0.01750000    0.7628D+01  0.897262644030683E+00  0.223156990683476E-01    0.111381191343303E+01 -0.277014669498065E-01
  0.00000000  0.00000000  0.01750000    0.7860D+01  0.908912552058957E+00  0.349888292100378E-01    0.109858787302988E+01 -0.422904308831328E-01
  0.00000000  0.00000000  0.01750000    0.8100D+01  0.910101276901525E+00  0.326531710670526E-01    0.109736620028707E+01 -0.393719766916144E-01
  0.00000000  0.00000000  0.01750000    0.8346D+01  0.916256229264878E+00  0.296002855221457E-01    0.109025990641824E+01 -0.352215935811098E-01
  0.00000000  0.00000000  0.01750000    0.8600D+01  0.912028127453633E+00  0.387339755708264E-01    0.109448327682838E+01 -0.464828739720025E-01
  0.00000000  0.00000000  0.01750000    0.8862D+01  0.913485875263967E+00  0.144279562218236E-01    0.109443465563368E+01 -0.172859326309412E-01
  0.00000000  0.00000000  0.01750000    0.9132D+01  0.923857855114186E+00  0.188933133051374E-01    0.108196509690423E+01 -0.221266783064895E-01
  0.00000000  0.00000000  0.01750000    0.9410D+01  0.926549910235358E+00  0.133152025050889E-01    0.107904983163269E+01 -0.155067383446422E-01
  0.00000000  0.00000000  0.01750000    0.9697D+01  0.934166442711120E+00  0.808065704776632E-02    0.107039295698066E+01 -0.925903350435371E-02
  0.00000000  0.00000000  0.01750000    0.9992D+01  0.940536353318671E+00  0.105555562200479E-01    0.106308922413538E+01 -0.119309562386325E-01
  0.00000000  0.00000000  0.01750000    0.1030D+02  0.942376890524104E+00  0.102941731374178E-01    0.106101995780665E+01 -0.115901856865812E-01
  0.00000000  0.00000000  0.01750000    0.1061D+02  0.946766054442745E+00  0.539922800573359E-02    0.105619278839827E+01 -0.602326800355161E-02
  0.00000000  0.00000000  0.01750000    0.1093D+02  0.952016844924807E+00  0.735393831785310E-02    0.105033890904795E+01 -0.811343579807123E-02
  0.00000000  0.00000000  0.01750000    0.1127D+02  0.954063687288849E+00  0.794505560672776E-02    0.104807537410700E+01 -0.872794682185728E-02
  0.00000000  0.00000000  0.01750000    0.1161D+02  0.955103326627097E+00  0.754867599547570E-02    0.104694173963540E+01 -0.827452251324103E-02
  0.00000000  0.00000000  0.01750000    0.1196D+02  0.956487871374505E+00  0.508412081274610E-02    0.104546202538512E+01 -0.555705451294221E-02
  0.00000000  0.00000000  0.01750000    0.1233D+02  0.959685834873278E+00  0.240783511730123E-02    0.104200110985038E+01 -0.261436271474811E-02
  0.00000000  0.00000000  0.01750000    0.1270D+02  0.962870100945534E+00  0.226942927994077E-02    0.103855592137695E+01 -0.244781639238171E-02
  0.00000000  0.00000000  0.01750000    0.1309D+02  0.965431440039668E+00  0.105972816207352E-02    0.103580508531402E+01 -0.113697542238849E-02
  0.00000000  0.00000000  0.01750000    0.1349D+02  0.968209325755384E+00  0.645619819635034E-03    0.103283404606044E+01 -0.688712773976042E-03
  0.00000000  0.00000000  0.01750000    0.1390D+02  0.970590736530537E+00  0.442069936306057E-03    0.103030016145263E+01 -0.469265478854232E-03
  0.00000000  0.00000000  0.01750000    0.1432D+02  0.972709419362745E+00  0.252924431707154E-03    0.102805618253852E+01 -0.267315727138664E-03
  0.00000000  0.00000000  0.01750000    0.1476D+02  0.974648046427476E+00  0.128127702665662E-03    0.102601137547404E+01 -0.134879950696240E-03
  0.00000000  0.00000000  0.01750000    0.1521D+02  0.976448190351532E+00  0.108287948596899E-04    0.102411987625990E+01 -0.113574730961987E-04
  0.00000000  0.00000000  0.01750000    0.1567D+02  0.978106317216755E+00 -0.246566084959173E-19    0.102238374540464E+01  0.257727767414524E-19
  0.00000000  0.00000000  0.01750000    0.1615D+02  0.979593678032854E+00 -0.226460392543021E-19    0.102083141451885E+01  0.235993645157470E-19
  0.00000000  0.00000000  0.01750000    0.1664D+02  0.980950663643329E+00 -0.205670199579911E-19    0.101941926037944E+01  0.213735685706287E-19
