 q(1:3)   w(Ry)   eps    epsi  --- NO LFC
  0.00000000  0.00000000  0.01250000    0.0000D+00  0.173013933476738E+01 -0.157375290082321E-16    0.577988130727317E+00  0.525744071066855E-17
  0.00000000  0.00000000  0.01250000    0.1015D-04  0.173013933479036E+01 -0.157375290087446E-16    0.577988130719639E+00  0.525744071070008E-17
  0.00000000  0.00000000  0.01250000    0.3076D-04  0.173013933497845E+01 -0.157375290129396E-16    0.577988130656804E+00  0.525744071095840E-17
  0.00000000  0.00000000  0.01250000    0.5200D-04  0.173013933537051E+01 -0.157375290216767E-16    0.577988130525828E+00  0.525744071149446E-17
  0.00000000  0.00000000  0.01250000    0.7389D-04  0.173013933598503E+01 -0.157375290353793E-16    0.577988130320536E+00  0.525744071233735E-17
  0.00000000  0.00000000  0.01250000    0.9644D-04  0.173013933684179E+01 -0.157375290544771E-16    0.577988130034317E+00  0.525744071351042E-17
  0.00000000  0.00000000  0.01250000    0.1197D-03  0.173013933796200E+01 -0.157375290794525E-16    0.577988129660089E+00  0.525744071504591E-17
  0.00000000  0.00000000  0.01250000    0.1436D-03  0.173013933936834E+01 -0.157375291108082E-16    0.577988129190270E+00  0.525744071697389E-17
  0.00000000  0.00000000  0.01250000    0.1683D-03  0.173013934108513E+01 -0.157375291490805E-16    0.577988128616743E+00  0.525744071932580E-17
  0.00000000  0.00000000  0.01250000    0.1937D-03  0.173013934313837E+01 -0.157375291948582E-16    0.577988127930818E+00  0.525744072214027E-17
  0.00000000  0.00000000  0.01250000    0.2199D-03  0.173013934555585E+01 -0.157375292487534E-16    0.577988127123207E+00  0.525744072545284E-17
  0.00000000  0.00000000  0.01250000    0.2469D-03  0.173013934836737E+01 -0.157375293114341E-16    0.577988126183962E+00  0.525744072930567E-17
  0.00000000  0.00000000  0.01250000    0.2748D-03  0.173013935160471E+01 -0.157375293836085E-16    0.577988125102466E+00  0.525744073374215E-17
  0.00000000  0.00000000  0.01250000    0.3034D-03  0.173013935530187E+01 -0.157375294660363E-16    0.577988123867352E+00  0.525744073880941E-17
  0.00000000  0.00000000  0.01250000    0.3330D-03  0.173013935949521E+01 -0.157375295595223E-16    0.577988122466484E+00  0.525744074455542E-17
  0.00000000  0.00000000  0.01250000    0.3634D-03  0.173013936422354E+01 -0.157375296649367E-16    0.577988120886887E+00  0.525744075103488E-17
  0.00000000  0.00000000  0.01250000    0.3948D-03  0.173013936952837E+01 -0.157375297832044E-16    0.577988119114704E+00  0.525744075830465E-17
  0.00000000  0.00000000  0.01250000    0.4271D-03  0.173013937545396E+01 -0.157375299153106E-16    0.577988117135138E+00  0.525744076642472E-17
  0.00000000  0.00000000  0.01250000    0.4604D-03  0.173013938204765E+01 -0.157375300623145E-16    0.577988114932382E+00  0.525744077546136E-17
  0.00000000  0.00000000  0.01250000    0.4948D-03  0.173013938935992E+01 -0.157375302253343E-16    0.577988112489573E+00  0.525744078548132E-17
  0.00000000  0.00000000  0.01250000    0.5301D-03  0.173013939744467E+01 -0.157375304055813E-16    0.577988109788698E+00  0.525744079656159E-17
  0.00000000  0.00000000  0.01250000    0.5666D-03  0.173013940635941E+01 -0.157375306043286E-16    0.577988106810548E+00  0.525744080877802E-17
  0.00000000  0.00000000  0.01250000    0.6041D-03  0.173013941616556E+01 -0.157375308229507E-16    0.577988103534605E+00  0.525744082221654E-17
  0.00000000  0.00000000  0.01250000    0.6428D-03  0.173013942692856E+01 -0.157375310629053E-16    0.577988099939007E+00  0.525744083696635E-17
  0.00000000  0.00000000  0.01250000    0.6827D-03  0.173013943871825E+01 -0.157375313257407E-16    0.577988096000421E+00  0.525744085312024E-17
  0.00000000  0.00000000  0.01250000    0.7238D-03  0.173013945160916E+01 -0.157375316131414E-16    0.577988091693952E+00  0.525744087078805E-17
  0.00000000  0.00000000  0.01250000    0.7662D-03  0.173013946568068E+01 -0.157375319268534E-16    0.577988086993078E+00  0.525744089007060E-17
  0.00000000  0.00000000  0.01250000    0.8098D-03  0.173013948101749E+01 -0.157375322687784E-16    0.577988081869504E+00  0.525744091108840E-17
  0.00000000  0.00000000  0.01250000    0.8548D-03  0.173013949770989E+01 -0.157375326409238E-16    0.577988076293071E+00  0.525744093396347E-17
  0.00000000  0.00000000  0.01250000    0.9011D-03  0.173013951585410E+01 -0.157375330454376E-16    0.577988070231631E+00  0.525744095882847E-17
  0.00000000  0.00000000  0.01250000    0.9488D-03  0.173013953555267E+01 -0.157375334846079E-16    0.577988063650926E+00  0.525744098582458E-17
  0.00000000  0.00000000  0.01250000    0.9980D-03  0.173013955691488E+01 -0.157375339608627E-16    0.577988056514447E+00  0.525744101509878E-17
  0.00000000  0.00000000  0.01250000    0.1049D-02  0.173013958005719E+01 -0.157375344768052E-16    0.577988048783292E+00  0.525744104681295E-17
  0.00000000  0.00000000  0.01250000    0.1101D-02  0.173013960510365E+01 -0.157375350351994E-16    0.577988040416017E+00  0.525744108113657E-17
  0.00000000  0.00000000  0.01250000    0.1155D-02  0.173013963218639E+01 -0.157375356389852E-16    0.577988031368482E+00  0.525744111824868E-17
  0.00000000  0.00000000  0.01250000    0.1210D-02  0.173013966144620E+01 -0.157375362913182E-16    0.577988021593651E+00  0.525744115834784E-17
  0.00000000  0.00000000  0.01250000    0.1267D-02  0.173013969303302E+01 -0.157375369955249E-16    0.577988011041439E+00  0.525744120163418E-17
  0.00000000  0.00000000  0.01250000    0.1326D-02  0.173013972710646E+01 -0.157375377551681E-16    0.577987999658520E+00  0.525744124832778E-17
  0.00000000  0.00000000  0.01250000    0.1387D-02  0.173013976383656E+01 -0.157375385740382E-16    0.577987987388090E+00  0.525744129866147E-17
  0.00000000  0.00000000  0.01250000    0.1450D-02  0.173013980340435E+01 -0.157375394561747E-16    0.577987974169675E+00  0.525744135288466E-17
  0.00000000  0.00000000  0.01250000    0.1514D-02  0.173013984600254E+01 -0.157375404058743E-16    0.577987959938894E+00  0.525744141126143E-17
  0.00000000  0.00000000  0.01250000    0.1580D-02  0.173013989183629E+01 -0.157375414277060E-16    0.577987944627209E+00  0.525744147407128E-17
  0.00000000  0.00000000  0.01250000    0.1649D-02  0.173013994112400E+01 -0.157375425265448E-16    0.577987928161662E+00  0.525744154161561E-17
  0.00000000  0.00000000  0.01250000    0.1719D-02  0.173013999409812E+01 -0.157375437075606E-16    0.577987910464595E+00  0.525744161420865E-17
  0.00000000  0.00000000  0.01250000    0.1792D-02  0.173014005100607E+01 -0.157375449762847E-16    0.577987891453357E+00  0.525744169219471E-17
  0.00000000  0.00000000  0.01250000    0.1867D-02  0.173014011211113E+01 -0.157375463385830E-16    0.577987871039988E+00  0.525744177593314E-17
  0.00000000  0.00000000  0.01250000    0.1944D-02  0.173014017769351E+01 -0.157375478006980E-16    0.577987849130886E+00  0.525744186580662E-17
  0.00000000  0.00000000  0.01250000    0.2024D-02  0.173014024805133E+01 -0.157375493692755E-16    0.577987825626453E+00  0.525744196222332E-17
  0.00000000  0.00000000  0.01250000    0.2106D-02  0.173014032350183E+01 -0.157375510513948E-16    0.577987800420710E+00  0.525744206562022E-17
  0.00000000  0.00000000  0.01250000    0.2190D-02  0.173014040438254E+01 -0.157375528545704E-16    0.577987773400902E+00  0.525744217645644E-17
  0.00000000  0.00000000  0.01250000    0.2277D-02  0.173014049105251E+01 -0.157375547868200E-16    0.577987744447079E+00  0.525744229522826E-17
  0.00000000  0.00000000  0.01250000    0.2367D-02  0.173014058389372E+01 -0.157375568566494E-16    0.577987713431631E+00  0.525744242245566E-17
  0.00000000  0.00000000  0.01250000    0.2459D-02  0.173014068331253E+01 -0.157375590731226E-16    0.577987680218813E+00  0.525744255869715E-17
  0.00000000  0.00000000  0.01250000    0.2554D-02  0.173014078974116E+01 -0.157375614458751E-16    0.577987644664227E+00  0.525744270454470E-17
  0.00000000  0.00000000  0.01250000    0.2652D-02  0.173014090363931E+01 -0.157375639851572E-16    0.577987606614306E+00  0.525744286062888E-17
  0.00000000  0.00000000  0.01250000    0.2753D-02  0.173014102549594E+01 -0.157375667018644E-16    0.577987565905705E+00  0.525744302761788E-17
  0.00000000  0.00000000  0.01250000    0.2858D-02  0.173014115583108E+01 -0.157375696075947E-16    0.577987522364699E+00  0.525744320622575E-17
  0.00000000  0.00000000  0.01250000    0.2965D-02  0.173014129519770E+01 -0.157375727146735E-16    0.577987475806553E+00  0.525744339720924E-17
  0.00000000  0.00000000  0.01250000    0.3075D-02  0.173014144418394E+01 -0.157375760362209E-16    0.577987426034797E+00  0.525744360137713E-17
  0.00000000  0.00000000  0.01250000    0.3189D-02  0.173014160341512E+01 -0.157375795861637E-16    0.577987372840524E+00  0.525744381958136E-17
  0.00000000  0.00000000  0.01250000    0.3307D-02  0.173014177355621E+01 -0.157375833793403E-16    0.577987316001599E+00  0.525744405273778E-17
  0.00000000  0.00000000  0.01250000    0.3428D-02  0.173014195531423E+01 -0.157375874315036E-16    0.577987255281823E+00  0.525744430181188E-17
  0.00000000  0.00000000  0.01250000    0.3553D-02  0.173014214944096E+01 -0.157375917594210E-16    0.577987190430058E+00  0.525744456783629E-17
  0.00000000  0.00000000  0.01250000    0.3681D-02  0.173014235673560E+01 -0.157375963809075E-16    0.577987121179311E+00  0.525744485190517E-17
  0.00000000  0.00000000  0.01250000    0.3813D-02  0.173014257804791E+01 -0.157376013149032E-16    0.577987047245715E+00  0.525744515518149E-17
  0.00000000  0.00000000  0.01250000    0.3950D-02  0.173014281428121E+01 -0.157376065815513E-16    0.577986968327498E+00  0.525744547890444E-17
  0.00000000  0.00000000  0.01250000    0.4090D-02  0.173014306639582E+01 -0.157376122022622E-16    0.577986884103848E+00  0.525744582439012E-17
  0.00000000  0.00000000  0.01250000    0.4235D-02  0.173014333541262E+01 -0.157376181997934E-16    0.577986794233733E+00  0.525744619303678E-17
  0.00000000  0.00000000  0.01250000    0.4385D-02  0.173014362241675E+01 -0.157376245983381E-16    0.577986698354644E+00  0.525744658633156E-17
  0.00000000  0.00000000  0.01250000    0.4538D-02  0.173014392856172E+01 -0.157376314236119E-16    0.577986596081232E+00  0.525744700585467E-17
  0.00000000  0.00000000  0.01250000    0.4697D-02  0.173014425507359E+01 -0.157376387029473E-16    0.577986487003922E+00  0.525744745328567E-17
  0.00000000  0.00000000  0.01250000    0.4860D-02  0.173014460325555E+01 -0.157376464654062E-16    0.577986370687362E+00  0.525744793041290E-17
  0.00000000  0.00000000  0.01250000    0.5029D-02  0.173014497449272E+01 -0.157376547418539E-16    0.577986246668837E+00  0.525744843912930E-17
  0.00000000  0.00000000  0.01250000    0.5202D-02  0.173014537025725E+01 -0.157376635651203E-16    0.577986114456563E+00  0.525744898145525E-17
  0.00000000  0.00000000  0.01250000    0.5381D-02  0.173014579211375E+01 -0.157376729700868E-16    0.577985973527863E+00  0.525744955953442E-17
  0.00000000  0.00000000  0.01250000    0.5565D-02  0.173014624172502E+01 -0.157376829938189E-16    0.577985823327260E+00  0.525745017564333E-17
  0.00000000  0.00000000  0.01250000    0.5755D-02  0.173014672085822E+01 -0.157376936757136E-16    0.577985663264421E+00  0.525745083220315E-17
  0.00000000  0.00000000  0.01250000    0.5950D-02  0.173014723139133E+01 -0.157377050576413E-16    0.577985492711990E+00  0.525745153178781E-17
  0.00000000  0.00000000  0.01250000    0.6152D-02  0.173014777532009E+01 -0.157377171840956E-16    0.577985311003271E+00  0.525745227713173E-17
  0.00000000  0.00000000  0.01250000    0.6360D-02  0.173014835476528E+01 -0.157377301023552E-16    0.577985117429807E+00  0.525745307113990E-17
  0.00000000  0.00000000  0.01250000    0.6574D-02  0.173014897198056E+01 -0.157377438626581E-16    0.577984911238751E+00  0.525745391689823E-17
  0.00000000  0.00000000  0.01250000    0.6794D-02  0.173014962936070E+01 -0.157377585184021E-16    0.577984691630114E+00  0.525745481769050E-17
  0.00000000  0.00000000  0.01250000    0.7021D-02  0.173015032945036E+01 -0.157377741263090E-16    0.577984457753845E+00  0.525745577699997E-17
  0.00000000  0.00000000  0.01250000    0.7255D-02  0.173015107495346E+01 -0.157377907466626E-16    0.577984208706687E+00  0.525745679853180E-17
  0.00000000  0.00000000  0.01250000    0.7497D-02  0.173015186874305E+01 -0.157378084435090E-16    0.577983943528898E+00  0.525745788622016E-17
  0.00000000  0.00000000  0.01250000    0.7745D-02  0.173015271387184E+01 -0.157378272849133E-16    0.577983661200715E+00  0.525745904424972E-17
  0.00000000  0.00000000  0.01250000    0.8001D-02  0.173015361358337E+01 -0.157378473431720E-16    0.577983360638638E+00  0.525746027705885E-17
  0.00000000  0.00000000  0.01250000    0.8265D-02  0.173015457132390E+01 -0.157378686951280E-16    0.577983040691452E+00  0.525746158937264E-17
  0.00000000  0.00000000  0.01250000    0.8537D-02  0.173015559075497E+01 -0.157378914223980E-16    0.577982700136025E+00  0.525746298620227E-17
  0.00000000  0.00000000  0.01250000    0.8818D-02  0.173015667576683E+01 -0.157379156117117E-16    0.577982337672851E+00  0.525746447287707E-17
  0.00000000  0.00000000  0.01250000    0.9107D-02  0.173015783049264E+01 -0.157379413552133E-16    0.577981951921266E+00  0.525746605505843E-17
  0.00000000  0.00000000  0.01250000    0.9404D-02  0.173015905932356E+01 -0.157379687507922E-16    0.577981541414448E+00  0.525746773875905E-17
  0.00000000  0.00000000  0.01250000    0.9711D-02  0.173016036692478E+01 -0.157379979024496E-16    0.577981104594033E+00  0.525746953036747E-17
  0.00000000  0.00000000  0.01250000    0.1003D-01  0.173016175825258E+01 -0.157380289206774E-16    0.577980639804439E+00  0.525747143667127E-17
  0.00000000  0.00000000  0.01250000    0.1035D-01  0.173016323857239E+01 -0.157380619228578E-16    0.577980145286828E+00  0.525747346488072E-17
  0.00000000  0.00000000  0.01250000    0.1069D-01  0.173016481347803E+01 -0.157380970336931E-16    0.577979619172677E+00  0.525747562265523E-17
  0.00000000  0.00000000  0.01250000    0.1103D-01  0.173016648891208E+01 -0.157381343856553E-16    0.577979059476983E+00  0.525747791812978E-17
  0.00000000  0.00000000  0.01250000    0.1139D-01  0.173016827118753E+01 -0.157381741194808E-16    0.577978464091029E+00  0.525748035994862E-17
  0.00000000  0.00000000  0.01250000    0.1176D-01  0.173017016701085E+01 -0.157382163846717E-16    0.577977830774681E+00  0.525748295729228E-17
  0.00000000  0.00000000  0.01250000    0.1214D-01  0.173017218350641E+01 -0.157382613400482E-16    0.577977157148243E+00  0.525748571991389E-17
  0.00000000  0.00000000  0.01250000    0.1253D-01  0.173017432824237E+01 -0.157383091543196E-16    0.577976440683793E+00  0.525748865817210E-17
  0.00000000  0.00000000  0.01250000    0.1293D-01  0.173017660925836E+01 -0.157383600067047E-16    0.577975678695973E+00  0.525749178307053E-17
  0.00000000  0.00000000  0.01250000    0.1334D-01  0.173017903509471E+01 -0.157384140875904E-16    0.577974868332202E+00  0.525749510629970E-17
  0.00000000  0.00000000  0.01250000    0.1377D-01  0.173018161482347E+01 -0.157384715991994E-16    0.577974006562330E+00  0.525749864027128E-17
  0.00000000  0.00000000  0.01250000    0.1421D-01  0.173018435808158E+01 -0.157385327563617E-16    0.577973090167568E+00  0.525750239817447E-17
  0.00000000  0.00000000  0.01250000    0.1466D-01  0.173018727510583E+01 -0.157385977872648E-16    0.577972115728821E+00  0.525750639401389E-17
  0.00000000  0.00000000  0.01250000    0.1513D-01  0.173019037677020E+01 -0.157386669343124E-16    0.577971079614216E+00  0.525751064266915E-17
  0.00000000  0.00000000  0.01250000    0.1561D-01  0.173019367462535E+01 -0.157387404549676E-16    0.577969977965928E+00  0.525751515993655E-17
  0.00000000  0.00000000  0.01250000    0.1610D-01  0.173019718094070E+01 -0.157388186227368E-16    0.577968806686128E+00  0.525751996260151E-17
  0.00000000  0.00000000  0.01250000    0.1662D-01  0.173020090874906E+01 -0.157389017281312E-16    0.577967561422101E+00  0.525752506848868E-17
  0.00000000  0.00000000  0.01250000    0.1714D-01  0.173020487189405E+01 -0.157389900797166E-16    0.577966237550414E+00  0.525753049652383E-17
  0.00000000  0.00000000  0.01250000    0.1768D-01  0.173020908508041E+01 -0.157390840052769E-16    0.577964830160121E+00  0.525753626681654E-17
  0.00000000  0.00000000  0.01250000    0.1824D-01  0.173021356392756E+01 -0.157391838529602E-16    0.577963334034913E+00  0.525754240071730E-17
  0.00000000  0.00000000  0.01250000    0.1882D-01  0.173021832502632E+01 -0.157392899925719E-16    0.577961743634166E+00  0.525754892090410E-17
  0.00000000  0.00000000  0.01250000    0.1941D-01  0.173022338599938E+01 -0.157394028169081E-16    0.577960053072800E+00  0.525755585146023E-17
  0.00000000  0.00000000  0.01250000    0.2002D-01  0.173022876556526E+01 -0.157395227431846E-16    0.577958256099912E+00  0.525756321796211E-17
  0.00000000  0.00000000  0.01250000    0.2065D-01  0.173023448360651E+01 -0.157396502145601E-16    0.577956346076051E+00  0.525757104757315E-17
  0.00000000  0.00000000  0.01250000    0.2130D-01  0.173024056124195E+01 -0.157397857017309E-16    0.577954315949112E+00  0.525757936913688E-17
  0.00000000  0.00000000  0.01250000    0.2197D-01  0.173024702090355E+01 -0.157399297046583E-16    0.577952158228709E+00  0.525758821328585E-17
  0.00000000  0.00000000  0.01250000    0.2266D-01  0.173025388641801E+01 -0.157400827543796E-16    0.577949864958958E+00  0.525759761254991E-17
  0.00000000  0.00000000  0.01250000    0.2337D-01  0.173026118309345E+01 -0.157402454149450E-16    0.577947427689586E+00  0.525760760147559E-17
  0.00000000  0.00000000  0.01250000    0.2410D-01  0.173026893781152E+01 -0.157404182854502E-16    0.577944837445225E+00  0.525761821674412E-17
  0.00000000  0.00000000  0.01250000    0.2486D-01  0.173027717912519E+01 -0.157406020022224E-16    0.577942084692805E+00  0.525762949730607E-17
  0.00000000  0.00000000  0.01250000    0.2564D-01  0.173028593736273E+01 -0.157407972411509E-16    0.577939159306917E+00  0.525764148452664E-17
  0.00000000  0.00000000  0.01250000    0.2644D-01  0.173029524473813E+01 -0.157410047201238E-16    0.577936050533010E+00  0.525765422232705E-17
  0.00000000  0.00000000  0.01250000    0.2726D-01  0.173030513546834E+01 -0.157412252016514E-16    0.577932746948320E+00  0.525766775734626E-17
  0.00000000  0.00000000  0.01250000    0.2811D-01  0.173031564589795E+01 -0.157414594956219E-16    0.577929236420357E+00  0.525768213910219E-17
  0.00000000  0.00000000  0.01250000    0.2899D-01  0.173032681463163E+01 -0.157417084622683E-16    0.577925506062789E+00  0.525769742017554E-17
  0.00000000  0.00000000  0.01250000    0.2989D-01  0.173033868267477E+01 -0.157419730152974E-16    0.577921542188602E+00  0.525771365639751E-17
  0.00000000  0.00000000  0.01250000    0.3082D-01  0.173035129358303E+01 -0.157422541251941E-16    0.577917330260321E+00  0.525773090704203E-17
  0.00000000  0.00000000  0.01250000    0.3178D-01  0.173036469362116E+01 -0.157425528227832E-16    0.577912854837142E+00  0.525774923504712E-17
  0.00000000  0.00000000  0.01250000    0.3277D-01  0.173037893193178E+01 -0.157428702029710E-16    0.577908099518761E+00  0.525776870723491E-17
  0.00000000  0.00000000  0.01250000    0.3379D-01  0.173039406071484E+01 -0.157432074287221E-16    0.577903046885684E+00  0.525778939454597E-17
  0.00000000  0.00000000  0.01250000    0.3484D-01  0.173041013541818E+01 -0.157435657353133E-16    0.577897678435833E+00  0.525781137229689E-17
  0.00000000  0.00000000  0.01250000    0.3592D-01  0.173042721494014E+01 -0.157439464348372E-16    0.577891974517166E+00  0.525783472044809E-17
  0.00000000  0.00000000  0.01250000    0.3703D-01  0.173044536184496E+01 -0.157443509209765E-16    0.577885914256100E+00  0.525785952388398E-17
  0.00000000  0.00000000  0.01250000    0.3818D-01  0.173046464259152E+01 -0.157447806741088E-16    0.577879475481461E+00  0.525788587272072E-17
  0.00000000  0.00000000  0.01250000    0.3936D-01  0.173048512777675E+01 -0.157452372666905E-16    0.577872634643647E+00  0.525791386261806E-17
  0.00000000  0.00000000  0.01250000    0.4058D-01  0.173050689239418E+01 -0.157457223690127E-16    0.577865366728755E+00  0.525794359512216E-17
  0.00000000  0.00000000  0.01250000    0.4184D-01  0.173053001610885E+01 -0.157462377553052E-16    0.577857645167305E+00  0.525797517802361E-17
  0.00000000  0.00000000  0.01250000    0.4313D-01  0.173055458354961E+01 -0.157467853102136E-16    0.577849441737262E+00  0.525800872573439E-17
  0.00000000  0.00000000  0.01250000    0.4447D-01  0.173058068461988E+01 -0.157473670357326E-16    0.577840726460927E+00  0.525804435970189E-17
  0.00000000  0.00000000  0.01250000    0.4584D-01  0.173060841482812E+01 -0.157479850584874E-16    0.577831467495388E+00  0.525808220881958E-17
  0.00000000  0.00000000  0.01250000    0.4726D-01  0.173063787563922E+01 -0.157486416375723E-16    0.577821631016047E+00  0.525812240989362E-17
  0.00000000  0.00000000  0.01250000    0.4872D-01  0.173066917484812E+01 -0.157493391727993E-16    0.577811181092860E+00  0.525816510810957E-17
  0.00000000  0.00000000  0.01250000    0.5022D-01  0.173070242697749E+01 -0.157500802135634E-16    0.577800079558683E+00  0.525821045755713E-17
  0.00000000  0.00000000  0.01250000    0.5177D-01  0.173073775370029E+01 -0.157508674681479E-16    0.577788285869430E+00  0.525825862174710E-17
  0.00000000  0.00000000  0.01250000    0.5337D-01  0.173077528428972E+01 -0.157517038137394E-16    0.577775756955290E+00  0.525830977419677E-17
  0.00000000  0.00000000  0.01250000    0.5501D-01  0.173081515609769E+01 -0.157525923069996E-16    0.577762447062579E+00  0.525836409902432E-17
  0.00000000  0.00000000  0.01250000    0.5671D-01  0.173085751506399E+01 -0.157535361953422E-16    0.577748307585577E+00  0.525842179158843E-17
  0.00000000  0.00000000  0.01250000    0.5846D-01  0.173090251625826E+01 -0.157545389289217E-16    0.577733286887657E+00  0.525848305916232E-17
  0.00000000  0.00000000  0.01250000    0.6026D-01  0.173095032445659E+01 -0.157556041733882E-16    0.577717330111097E+00  0.525854812164794E-17
  0.00000000  0.00000000  0.01250000    0.6211D-01  0.173100111475559E+01 -0.157567358234582E-16    0.577700378974740E+00  0.525861721233030E-17
  0.00000000  0.00000000  0.01250000    0.6403D-01  0.173105507322591E+01 -0.157579380173655E-16    0.577682371558780E+00  0.525869057867922E-17
  0.00000000  0.00000000  0.01250000    0.6600D-01  0.173111239760827E+01 -0.157592151521892E-16    0.577663242075798E+00  0.525876848317950E-17
  0.00000000  0.00000000  0.01250000    0.6803D-01  0.173117329805465E+01 -0.157605719002646E-16    0.577642920627137E+00  0.525885120423999E-17
  0.00000000  0.00000000  0.01250000    0.7012D-01  0.173123799791784E+01 -0.157620132265599E-16    0.577621332943652E+00  0.525893903712312E-17
  0.00000000  0.00000000  0.01250000    0.7227D-01  0.173130673459261E+01 -0.157635444072126E-16    0.577598400109792E+00  0.525903229493769E-17
  0.00000000  0.00000000  0.01250000    0.7450D-01  0.173137976041195E+01 -0.157651710492997E-16    0.577574038269957E+00  0.525913130969843E-17
  0.00000000  0.00000000  0.01250000    0.7678D-01  0.173145734360247E+01 -0.157668991118161E-16    0.577548158315814E+00  0.525923643341648E-17
  0.00000000  0.00000000  0.01250000    0.7914D-01  0.173153976930280E+01 -0.157687349281028E-16    0.577520665553438E+00  0.525934803927748E-17
  0.00000000  0.00000000  0.01250000    0.8157D-01  0.173162734064956E+01 -0.157706852297017E-16    0.577491459348802E+00  0.525946652286901E-17
  0.00000000  0.00000000  0.01250000    0.8408D-01  0.173172037993564E+01 -0.157727571717685E-16    0.577460432750216E+00  0.525959230347110E-17
  0.00000000  0.00000000  0.01250000    0.8666D-01  0.173181922984583E+01 -0.157749583601847E-16    0.577427472086114E+00  0.525972582542350E-17
  0.00000000  0.00000000  0.01250000    0.8932D-01  0.173192425477561E+01 -0.157772968804245E-16    0.577392456536479E+00  0.525986755955093E-17
  0.00000000  0.00000000  0.01250000    0.9206D-01  0.173203584223875E+01 -0.157797813284013E-16    0.577355257676102E+00  0.526001800468272E-17
  0.00000000  0.00000000  0.01250000    0.9488D-01  0.173215440437052E+01 -0.157824208432923E-16    0.577315738987720E+00  0.526017768922375E-17
  0.00000000  0.00000000  0.01250000    0.9779D-01  0.173228037953321E+01 -0.157852251426211E-16    0.577273755342923E+00  0.526034717282306E-17
  0.00000000  0.00000000  0.01250000    0.1008D+00  0.173241423403180E+01 -0.157882045596535E-16    0.577229152448560E+00  0.526052704810897E-17
  0.00000000  0.00000000  0.01250000    0.1039D+00  0.173255646394791E+01 -0.157913700833399E-16    0.577181766256170E+00  0.526071794251260E-17
  0.00000000  0.00000000  0.01250000    0.1071D+00  0.173270759710083E+01 -0.157947334009836E-16    0.577131422331847E+00  0.526092052018142E-17
  0.00000000  0.00000000  0.01250000    0.1103D+00  0.173286819514552E+01 -0.157983069437776E-16    0.577077935183652E+00  0.526113548396398E-17
  0.00000000  0.00000000  0.01250000    0.1137D+00  0.173303885581799E+01 -0.158021039355062E-16    0.577021107543489E+00  0.526136357749425E-17
  0.00000000  0.00000000  0.01250000    0.1172D+00  0.173322021533951E+01 -0.158061384445629E-16    0.576960729600144E+00  0.526160558734859E-17
  0.00000000  0.00000000  0.01250000    0.1208D+00  0.173341295099222E+01 -0.158104254396351E-16    0.576896578179823E+00  0.526186234530658E-17
  0.00000000  0.00000000  0.01250000    0.1245D+00  0.173361778387964E+01 -0.158149808492103E-16    0.576828415870375E+00  0.526213473067582E-17
  0.00000000  0.00000000  0.01250000    0.1283D+00  0.173383548188714E+01 -0.158198216253182E-16    0.576755990084816E+00  0.526242367271470E-17
  0.00000000  0.00000000  0.01250000    0.1322D+00  0.173406686285837E+01 -0.158249658117544E-16    0.576679032059719E+00  0.526273015312562E-17
  0.00000000  0.00000000  0.01250000    0.1363D+00  0.173431279800579E+01 -0.158304326171897E-16    0.576597255783304E+00  0.526305520862774E-17
  0.00000000  0.00000000  0.01250000    0.1405D+00  0.173457421557455E+01 -0.158362424934976E-16    0.576510356847873E+00  0.526339993358640E-17
  0.00000000  0.00000000  0.01250000    0.1448D+00  0.173485210478126E+01 -0.158424172197965E-16    0.576418011220667E+00  0.526376548271505E-17
  0.00000000  0.00000000  0.01250000    0.1492D+00  0.173514752005138E+01 -0.158489799925857E-16    0.576319873926564E+00  0.526415307380964E-17
  0.00000000  0.00000000  0.01250000    0.1537D+00  0.173546158558086E+01 -0.158559555225562E-16    0.576215577635676E+00  0.526456399052897E-17
  0.00000000  0.00000000  0.01250000    0.1585D+00  0.173579550025094E+01 -0.158633701385389E-16    0.576104731148014E+00  0.526499958517186E-17
  0.00000000  0.00000000  0.01250000    0.1633D+00  0.173615054292758E+01 -0.158712518993394E-16    0.575986917766794E+00  0.526546128147727E-17
  0.00000000  0.00000000  0.01250000    0.1683D+00  0.173652807818047E+01 -0.158796307139282E-16    0.575861693551075E+00  0.526595057735542E-17
  0.00000000  0.00000000  0.01250000    0.1734D+00  0.173692956246046E+01 -0.158885384709173E-16    0.575728585437536E+00  0.526646904758369E-17
  0.00000000  0.00000000  0.01250000    0.1787D+00  0.173735655077811E+01 -0.158980091779990E-16    0.575587089220189E+00  0.526701834638490E-17
  0.00000000  0.00000000  0.01250000    0.1842D+00  0.173781070393147E+01 -0.159080791122784E-16    0.575436667375617E+00  0.526760020985467E-17
  0.00000000  0.00000000  0.01250000    0.1898D+00  0.173829379633591E+01 -0.159187869825295E-16    0.575276746720183E+00  0.526821645819847E-17
  0.00000000  0.00000000  0.01250000    0.1956D+00  0.173880772451564E+01 -0.159301741043782E-16    0.575106715884044E+00  0.526886899768174E-17
  0.00000000  0.00000000  0.01250000    0.2016D+00  0.173935451632277E+01 -0.159422845896798E-16    0.574925922585428E+00  0.526955982223710E-17
  0.00000000  0.00000000  0.01250000    0.2078D+00  0.173993634095849E+01 -0.159551655514296E-16    0.574733670686551E+00  0.527029101463173E-17
  0.00000000  0.00000000  0.01250000    0.2141D+00  0.174055551987931E+01 -0.159688673256756E-16    0.574529217010752E+00  0.527106474707867E-17
  0.00000000  0.00000000  0.01250000    0.2207D+00  0.174121453868186E+01 -0.159834437120956E-16    0.574311767897954E+00  0.527188328116083E-17
  0.00000000  0.00000000  0.01250000    0.2274D+00  0.174191606007168E+01 -0.159989522350904E-16    0.574080475472998E+00  0.527274896691207E-17
  0.00000000  0.00000000  0.01250000    0.2343D+00  0.174266293803452E+01 -0.160154544275124E-16    0.573834433598423E+00  0.527366424088772E-17
  0.00000000  0.00000000  0.01250000    0.2415D+00  0.174345823334467E+01 -0.160330161392217E-16    0.573572673479875E+00  0.527463162296552E-17
  0.00000000  0.00000000  0.01250000    0.2489D+00  0.174430523056247E+01 -0.160517078732233E-16    0.573294158888431E+00  0.527565371167005E-17
  0.00000000  0.00000000  0.01250000    0.2565D+00  0.174520745669374E+01 -0.160716051521358E-16    0.572997780959793E+00  0.527673317766018E-17
  0.00000000  0.00000000  0.01250000    0.2643D+00  0.174616870170815E+01 -0.160927889184411E-16    0.572682352525144E+00  0.527787275507115E-17
  0.00000000  0.00000000  0.01250000    0.2724D+00  0.174719304114076E+01 -0.161153459720030E-16    0.572346601922755E+00  0.527907523021228E-17
  0.00000000  0.00000000  0.01250000    0.2807D+00  0.174828486103411E+01 -0.161393694492957E-16    0.571989166232614E+00  0.528034342719315E-17
  0.00000000  0.00000000  0.01250000    0.2893D+00  0.174944888551485E+01 -0.161649593487870E-16    0.571608583868803E+00  0.528168018978023E-17
  0.00000000  0.00000000  0.01250000    0.2981D+00  0.175069020734441E+01 -0.161922231080644E-16    0.571203286455166E+00  0.528308835883158E-17
  0.00000000  0.00000000  0.01250000    0.3072D+00  0.175201432183375E+01 -0.162212762386341E-16    0.570771589899645E+00  0.528457074439661E-17
  0.00000000  0.00000000  0.01250000    0.3166D+00  0.175342716457433E+01 -0.162522430254346E-16    0.570311684570465E+00  0.528613009148535E-17
  0.00000000  0.00000000  0.01250000    0.3262D+00  0.175493515350903E+01 -0.162852572989059E-16    0.569821624463148E+00  0.528776903825075E-17
  0.00000000  0.00000000  0.01250000    0.3362D+00  0.175654523595260E+01 -0.163204632887345E-16    0.569299315230949E+00  0.528949006513326E-17
  0.00000000  0.00000000  0.01250000    0.3464D+00  0.175826494127276E+01 -0.163580165695908E-16    0.568742500931701E+00  0.529129543317672E-17
  0.00000000  0.00000000  0.01250000    0.3570D+00  0.176010244006511E+01 -0.163980851108097E-16    0.568148749321095E+00  0.529318710939505E-17
  0.00000000  0.00000000  0.01250000    0.3679D+00  0.176206661080022E+01 -0.164408504438167E-16    0.567515435495291E+00  0.529516667664356E-17
  0.00000000  0.00000000  0.01250000    0.3791D+00  0.176416711509722E+01 -0.164865089630541E-16    0.566839723653329E+00  0.529723522485607E-17
  0.00000000  0.00000000  0.01250000    0.3907D+00  0.176641448298992E+01 -0.165352733789417E-16    0.566118546711273E+00  0.529939321993968E-17
  0.00000000  0.00000000  0.01250000    0.4026D+00  0.176882020980945E+01 -0.165873743441087E-16    0.565348583453671E+00  0.530164034572390E-17
  0.00000000  0.00000000  0.01250000    0.4149D+00  0.177139686662108E+01 -0.166430622777711E-16    0.564526232852320E+00  0.530397531340245E-17
  0.00000000  0.00000000  0.01250000    0.4276D+00  0.177415822653847E+01 -0.167026094173961E-16    0.563647585114819E+00  0.530639563169040E-17
  0.00000000  0.00000000  0.01250000    0.4406D+00  0.177711940971306E+01 -0.167663121315295E-16    0.562708388943578E+00  0.530889732929169E-17
  0.00000000  0.00000000  0.01250000    0.4540D+00  0.178029705038421E+01 -0.168344935338815E-16    0.561704014385795E+00  0.531147461941379E-17
  0.00000000  0.00000000  0.01250000    0.4679D+00  0.178370949010890E+01 -0.169075064457460E-16    0.560629410531951E+00  0.531411949356454E-17
  0.00000000  0.00000000  0.01250000    0.4822D+00  0.178737700220821E+01 -0.169857367625462E-16    0.559479057168439E+00  0.531682122880621E-17
  0.00000000  0.00000000  0.01250000    0.4969D+00  0.179132205362794E+01 -0.170696072906707E-16    0.558246909300712E+00  0.531956578868370E-17
  0.00000000  0.00000000  0.01250000    0.5120D+00  0.179556961188336E+01 -0.171595821336161E-16    0.556926333226984E+00  0.532233509307287E-17
  0.00000000  0.00000000  0.01250000    0.5276D+00  0.180014750664487E+01 -0.172561717216835E-16    0.555510032543837E+00  0.532510612564235E-17
  0.00000000  0.00000000  0.01250000    0.5437D+00  0.180508685795318E+01 -0.173599385987527E-16    0.553989962086321E+00  0.532784983934181E-17
  0.00000000  0.00000000  0.01250000    0.5603D+00  0.181042258621727E+01 -0.174715041027858E-16    0.552357227319736E+00  0.533052980933258E-17
  0.00000000  0.00000000  0.01250000    0.5774D+00  0.181619402330082E+01 -0.175915561059202E-16    0.550601966073296E+00  0.533310056852008E-17
  0.00000000  0.00000000  0.01250000    0.5950D+00  0.182244564950374E+01 -0.177208580157698E-16    0.548713208688723E+00  0.533550554179661E-17
  0.00000000  0.00000000  0.01250000    0.6131D+00  0.182922798860989E+01 -0.178602592848479E-16    0.546678711580365E+00  0.533767446984660E-17
  0.00000000  0.00000000  0.01250000    0.6318D+00  0.183659870313817E+01 -0.180107077314897E-16    0.544484757770609E+00  0.533952017917746E-17
  0.00000000  0.00000000  0.01250000    0.6511D+00  0.184462394558612E+01 -0.181732640475264E-16    0.542115916034177E+00  0.534093450864606E-17
  0.00000000  0.00000000  0.01250000    0.6709D+00  0.185338004040025E+01 -0.183491189593059E-16    0.539554747651240E+00  0.534178313886064E-17
  0.00000000  0.00000000  0.01250000    0.6914D+00  0.186295559807316E+01 -0.185396136254461E-16    0.536781446124799E+00  0.534189898178732E-17
  0.00000000  0.00000000  0.01250000    0.7125D+00  0.187345420089153E+01 -0.187462640064214E-16    0.533773390096286E+00  0.534107366253513E-17
  0.00000000  0.00000000  0.01250000    0.7342D+00  0.188499785530483E+01 -0.189707901370783E-16    0.530504582371681E+00  0.533904644538923E-17
  0.00000000  0.00000000  0.01250000    0.7565D+00  0.189773148806873E+01 -0.192151514914267E-16    0.526944937303892E+00  0.533548969471907E-17
  0.00000000  0.00000000  0.01250000    0.7796D+00  0.191182888773894E+01 -0.194815899693255E-16    0.523059362902852E+00  0.532998957335634E-17
  0.00000000  0.00000000  0.01250000    0.8034D+00  0.192750068598264E+01 -0.197726824896759E-16    0.518806559848357E+00  0.532202009371168E-17
  0.00000000  0.00000000  0.01250000    0.8279D+00  0.194500528036476E+01 -0.200914057861523E-16    0.514137421679628E+00  0.531090772508046E-17
  0.00000000  0.00000000  0.01250000    0.8531D+00  0.196466410475182E+01 -0.204412168346427E-16    0.508992859176975E+00  0.529578230525855E-17
  0.00000000  0.00000000  0.01250000    0.8791D+00  0.198688351196178E+01 -0.208261534861814E-16    0.503300769259812E+00  0.527550760133322E-17
  0.00000000  0.00000000  0.01250000    0.9059D+00  0.201218705641665E+01 -0.212509614728392E-16    0.496971688994374E+00  0.524858073320417E-17
  0.00000000  0.00000000  0.01250000    0.9335D+00  0.204126480490520E+01 -0.217212561996862E-16    0.489892344000142E+00  0.521298221020672E-17
  0.00000000  0.00000000  0.01250000    0.9619D+00  0.207505193212169E+01 -0.222437309441303E-16    0.481915649685704E+00  0.516594398599654E-17
  0.00000000  0.00000000  0.01250000    0.9913D+00  0.211486089484392E+01 -0.228264277366823E-16    0.472844338101870E+00  0.510357307220354E-17
  0.00000000  0.00000000  0.01250000    0.1021D+01  0.216261990648359E+01 -0.234790940533961E-16    0.462402106353490E+00  0.502019911728970E-17
  0.00000000  0.00000000  0.01250000    0.1053D+01  0.222134735843239E+01 -0.242136587373417E-16    0.450177229690769E+00  0.490712889619686E-17
  0.00000000  0.00000000  0.01250000    0.1085D+01  0.229624670122785E+01 -0.250448763084255E-16    0.435493276687247E+00  0.474987084007606E-17
  0.00000000  0.00000000  0.01250000    0.1118D+01  0.239800613647403E+01 -0.259912135038197E-16    0.417013111346902E+00  0.451987033980087E-17
  0.00000000  0.00000000  0.01250000    0.1152D+01  0.256883006257040E+01 -0.270760939899881E-16    0.389282270777924E+00  0.410312986670376E-17
  0.00000000  0.00000000  0.01250000    0.1187D+01  0.279488766233837E+01  0.125336735905519E+00    0.357078023480696E+00 -0.160131637953634E-01
  0.00000000  0.00000000  0.01250000    0.1223D+01  0.294221446174646E+01  0.404575603849266E+00    0.333572781795543E+00 -0.458686514451103E-01
  0.00000000  0.00000000  0.01250000    0.1260D+01  0.304452862439861E+01  0.614762633254275E+00    0.315590439104760E+00 -0.637252045584689E-01
  0.00000000  0.00000000  0.01250000    0.1299D+01  0.330431834845442E+01  0.910591890970528E+00    0.281273704358233E+00 -0.775123723934317E-01
  0.00000000  0.00000000  0.01250000    0.1338D+01  0.298507524175247E+01  0.205272839854117E+01    0.227445254827983E+00 -0.156405884571518E+00
  0.00000000  0.00000000  0.01250000    0.1379D+01  0.214883890869694E+01  0.206280170740816E+01    0.242186561887392E+00 -0.232489672143722E+00
  0.00000000  0.00000000  0.01250000    0.1421D+01  0.168329823500284E+01  0.177528306557321E+01    0.281247062101994E+00 -0.296615974643996E+00
  0.00000000  0.00000000  0.01250000    0.1464D+01  0.146528193318155E+01  0.150756906038442E+01    0.331525579490412E+00 -0.341093201961860E+00
  0.00000000  0.00000000  0.01250000    0.1509D+01  0.137560076670307E+01  0.125750634038413E+01    0.396015919848600E+00 -0.362018212083594E+00
  0.00000000  0.00000000  0.01250000    0.1555D+01  0.136504884219007E+01  0.105864482963298E+01    0.457442676095927E+00 -0.354763367386524E+00
  0.00000000  0.00000000  0.01250000    0.1602D+01  0.142656992479266E+01  0.851729948393261E+00    0.516770994910769E+00 -0.308536809291319E+00
  0.00000000  0.00000000  0.01250000    0.1651D+01  0.163547350808400E+01  0.648351315130200E+00    0.528401686027523E+00 -0.209474458839943E+00
  0.00000000  0.00000000  0.01250000    0.1701D+01  0.222394405209626E+01  0.534027530613515E+00    0.425137870903874E+00 -0.102086798071688E+00
  0.00000000  0.00000000  0.01250000    0.1753D+01  0.246649572521287E+01  0.162844653355837E+01    0.282355087995281E+00 -0.186418390909152E+00
  0.00000000  0.00000000  0.01250000    0.1807D+01  0.133392343375151E+01  0.249769772031955E+01    0.166369308594990E+00 -0.311517312234469E+00
  0.00000000  0.00000000  0.01250000    0.1862D+01  0.103224415096360E+01  0.663186271414904E+00    0.685719768214730E+00 -0.440554626435326E+00
  0.00000000  0.00000000  0.01250000    0.1919D+01  0.225366128608274E+01  0.847884176728585E+00    0.388703244584252E+00 -0.146239957424528E+00
  0.00000000  0.00000000  0.01250000    0.1977D+01  0.205194527031586E+01  0.277003645967463E+01    0.172670612052840E+00 -0.233097781807346E+00
  0.00000000  0.00000000  0.01250000    0.2037D+01  0.771821753742455E+00  0.273548133912084E+01    0.955394386174647E-01 -0.338609724617017E+00
  0.00000000  0.00000000  0.01250000    0.2099D+01  0.220665613583313E+00  0.211526613853581E+01    0.487869687476786E-01 -0.467664269561452E+00
  0.00000000  0.00000000  0.01250000    0.2163D+01 -0.525546970961321E+00  0.226362528862651E+01   -0.973199255321125E-01 -0.419174415787760E+00
  0.00000000  0.00000000  0.01250000    0.2229D+01 -0.749539143403402E+00  0.475542824933161E+00   -0.951252278664848E+00 -0.603519108777121E+00
  0.00000000  0.00000000  0.01250000    0.2297D+01 -0.494533828604822E-01  0.249725084782293E+00   -0.763072278762653E+00 -0.385329129144964E+01
  0.00000000  0.00000000  0.01250000    0.2367D+01  0.275215651462784E+00  0.225956703192898E+00    0.217046895628304E+01 -0.178199171136371E+01
  0.00000000  0.00000000  0.01250000    0.2439D+01  0.457926922677253E+00  0.215062999969931E+00    0.178913234893462E+01 -0.840256711825432E+00
  0.00000000  0.00000000  0.01250000    0.2513D+01  0.582627146677039E+00  0.222565260653207E+00    0.149779586890616E+01 -0.572162368110841E+00
  0.00000000  0.00000000  0.01250000    0.2590D+01  0.660952000240435E+00  0.239508277035213E+00    0.133735916116123E+01 -0.484617019617862E+00
  0.00000000  0.00000000  0.01250000    0.2669D+01  0.709328153183512E+00  0.241350539570592E+00    0.126350652027805E+01 -0.429911006706053E+00
  0.00000000  0.00000000  0.01250000    0.2750D+01  0.753744383554250E+00  0.230379300022457E+00    0.121335810160122E+01 -0.370858604352502E+00
  0.00000000  0.00000000  0.01250000    0.2834D+01  0.788846800664947E+00  0.236067644559849E+00    0.116347848765372E+01 -0.348178665166606E+00
  0.00000000  0.00000000  0.01250000    0.2920D+01  0.809838265748093E+00  0.225913808676185E+00    0.114565968603979E+01 -0.319595101968817E+00
  0.00000000  0.00000000  0.01250000    0.3009D+01  0.836278195615098E+00  0.201819537561645E+00    0.112996465901283E+01 -0.272695074604016E+00
  0.00000000  0.00000000  0.01250000    0.3101D+01  0.882898379096177E+00  0.171006990995061E+00    0.109167872753353E+01 -0.211445279262982E+00
  0.00000000  0.00000000  0.01250000    0.3195D+01  0.970036685338157E+00  0.151366331682511E+00    0.100638433136573E+01 -0.157038086088965E+00
  0.00000000  0.00000000  0.01250000    0.3293D+01  0.105964009046085E+01  0.224741608328756E+00    0.903092668394550E+00 -0.191539090104290E+00
  0.00000000  0.00000000  0.01250000    0.3393D+01  0.108163185549938E+01  0.348556620131802E+00    0.837552876188409E+00 -0.269901998745329E+00
  0.00000000  0.00000000  0.01250000    0.3496D+01  0.103444858272236E+01  0.460713374936515E+00    0.806687797958110E+00 -0.359275331925448E+00
  0.00000000  0.00000000  0.01250000    0.3603D+01  0.836038218214455E+00  0.598084710835451E+00    0.791204441579236E+00 -0.566011540314845E+00
  0.00000000  0.00000000  0.01250000    0.3713D+01  0.702973891216712E+00  0.339959488450355E+00    0.115289864551017E+01 -0.557543941047901E+00
  0.00000000  0.00000000  0.01250000    0.3826D+01  0.741970820487001E+00  0.271707361064883E+00    0.118839763448402E+01 -0.435187444365353E+00
  0.00000000  0.00000000  0.01250000    0.3942D+01  0.776851802969695E+00  0.200272512928921E+00    0.120702670025529E+01 -0.311171666858911E+00
  0.00000000  0.00000000  0.01250000    0.4062D+01  0.848858558256111E+00  0.165043958631640E+00    0.113514061162380E+01 -0.220705909510791E+00
  0.00000000  0.00000000  0.01250000    0.4186D+01  0.875472104264424E+00  0.237738495319166E+00    0.106379460141608E+01 -0.288878339626599E+00
  0.00000000  0.00000000  0.01250000    0.4313D+01  0.813120866118487E+00  0.254557868875207E+00    0.112005480208868E+01 -0.350647456391298E+00
  0.00000000  0.00000000  0.01250000    0.4445D+01  0.791645582562222E+00  0.146220702581516E+00    0.122151840285152E+01 -0.225620256103889E+00
  0.00000000  0.00000000  0.01250000    0.4580D+01  0.847233269349354E+00  0.941512545471420E-01    0.116591412656844E+01 -0.129565589173517E+00
  0.00000000  0.00000000  0.01250000    0.4720D+01  0.926493848624362E+00  0.757040175914229E-01    0.107217950987035E+01 -0.876080252415117E-01
  0.00000000  0.00000000  0.01250000    0.4863D+01  0.996557881029628E+00  0.135799745195160E+00    0.985160382216952E+00 -0.134246621724776E+00
  0.00000000  0.00000000  0.01250000    0.5012D+01  0.970069442943827E+00  0.253423192372583E+00    0.964995459601557E+00 -0.252097653189799E+00
  0.00000000  0.00000000  0.01250000    0.5164D+01  0.885475375630420E+00  0.242113521088599E+00    0.105077786756197E+01 -0.287311806063801E+00
  0.00000000  0.00000000  0.01250000    0.5322D+01  0.920395079873299E+00  0.140132122351734E+00    0.106187492558776E+01 -0.161672731904637E+00
  0.00000000  0.00000000  0.01250000    0.5484D+01  0.912201534046056E+00  0.300740104481610E+00    0.988776060946999E+00 -0.325985656436204E+00
  0.00000000  0.00000000  0.01250000    0.5651D+01  0.804933870343296E+00  0.243783392430915E+00    0.113795878571437E+01 -0.344643781867073E+00
  0.00000000  0.00000000  0.01250000    0.5823D+01  0.776554996635067E+00  0.166420486736805E+00    0.123119363253035E+01 -0.263852327885085E+00
  0.00000000  0.00000000  0.01250000    0.6000D+01  0.794680607109408E+00  0.100115828144481E+00    0.123870694609712E+01 -0.156055364416059E+00
  0.00000000  0.00000000  0.01250000    0.6183D+01  0.844061125507244E+00  0.649961632970905E-01    0.117776461032837E+01 -0.906926982242352E-01
  0.00000000  0.00000000  0.01250000    0.6371D+01  0.869542884304954E+00  0.980418167348365E-01    0.113559298719606E+01 -0.128039227904251E+00
  0.00000000  0.00000000  0.01250000    0.6565D+01  0.858597203342652E+00  0.954491872638941E-01    0.115047238751749E+01 -0.127896589845136E+00
  0.00000000  0.00000000  0.01250000    0.6765D+01  0.864564086115469E+00  0.711433017425701E-01    0.114887286382144E+01 -0.945385196162119E-01
  0.00000000  0.00000000  0.01250000    0.6971D+01  0.863716749196844E+00  0.845569698711506E-01    0.114679584470579E+01 -0.112270118391612E+00
  0.00000000  0.00000000  0.01250000    0.7184D+01  0.858296688710122E+00  0.514467819487384E-01    0.116092722387034E+01 -0.695866249170431E-01
  0.00000000  0.00000000  0.01250000    0.7402D+01  0.874660591126638E+00  0.339248421150678E-01    0.114158325336795E+01 -0.442777827475092E-01
  0.00000000  0.00000000  0.01250000    0.7628D+01  0.896668105348669E+00  0.242620269601226E-01    0.111442393838739E+01 -0.301540597651202E-01
  0.00000000  0.00000000  0.01250000    0.7860D+01  0.908784590407136E+00  0.377869410708198E-01    0.109847165922805E+01 -0.456740621411948E-01
  0.00000000  0.00000000  0.01250000    0.8100D+01  0.909555994615524E+00  0.356269788615949E-01    0.109775329472325E+01 -0.429985989404458E-01
  0.00000000  0.00000000  0.01250000    0.8346D+01  0.915432652565710E+00  0.323328802532118E-01    0.109101861791617E+01 -0.385345379894847E-01
  0.00000000  0.00000000  0.01250000    0.8600D+01  0.910925194951649E+00  0.414504647073831E-01    0.109551662144687E+01 -0.498500571784551E-01
  0.00000000  0.00000000  0.01250000    0.8862D+01  0.912354230505422E+00  0.165054579211594E-01    0.109570689442066E+01 -0.198225025270784E-01
  0.00000000  0.00000000  0.01250000    0.9132D+01  0.922853101497134E+00  0.211049987595583E-01    0.108302964704582E+01 -0.247681232477690E-01
  0.00000000  0.00000000  0.01250000    0.9410D+01  0.925546548100888E+00  0.153140994275271E-01    0.108014697547282E+01 -0.178721191415760E-01
  0.00000000  0.00000000  0.01250000    0.9697D+01  0.933310984533328E+00  0.101545327814272E-01    0.107132740708477E+01 -0.116561676174028E-01
  0.00000000  0.00000000  0.01250000    0.9992D+01  0.939563228282283E+00  0.130399808472707E-01    0.106411935543604E+01 -0.147686665425002E-01
  0.00000000  0.00000000  0.01250000    0.1030D+02  0.940690825443983E+00  0.131405103176820E-01    0.106284113553601E+01 -0.148468280223484E-01
  0.00000000  0.00000000  0.01250000    0.1061D+02  0.944240971966325E+00  0.763898252735016E-02    0.105898238333065E+01 -0.856724942382921E-02
  0.00000000  0.00000000  0.01250000    0.1093D+02  0.949223265017414E+00  0.859279703798732E-02    0.105340660801057E+01 -0.953591163923215E-02
  0.00000000  0.00000000  0.01250000    0.1127D+02  0.951568061531108E+00  0.833626407084204E-02    0.105081633042814E+01 -0.920573396117056E-02
  0.00000000  0.00000000  0.01250000    0.1161D+02  0.953179961356202E+00  0.752362049556537E-02    0.104905447254322E+01 -0.828037521829648E-02
  0.00000000  0.00000000  0.01250000    0.1196D+02  0.955014196909476E+00  0.509902415712260E-02    0.104707500354847E+01 -0.559055640710957E-02
  0.00000000  0.00000000  0.01250000    0.1233D+02  0.958420208775172E+00  0.246789900850799E-02    0.104337675733528E+01 -0.268665919327673E-02
  0.00000000  0.00000000  0.01250000    0.1270D+02  0.961735597376552E+00  0.231195319378684E-02    0.103978081277336E+01 -0.249956908893372E-02
  0.00000000  0.00000000  0.01250000    0.1309D+02  0.964421077660819E+00  0.107546156581356E-02    0.103689019208978E+01 -0.115627455205183E-02
  0.00000000  0.00000000  0.01250000    0.1349D+02  0.967315023687655E+00  0.650140836138437E-03    0.103378891445090E+01 -0.694818515967533E-03
  0.00000000  0.00000000  0.01250000    0.1390D+02  0.969789884652396E+00  0.452656007963734E-03    0.103115097194129E+01 -0.481296711745112E-03
  0.00000000  0.00000000  0.01250000    0.1432D+02  0.971979075172484E+00  0.263791533245491E-03    0.102882865679654E+01 -0.279220299855835E-03
  0.00000000  0.00000000  0.01250000    0.1476D+02  0.973981749961535E+00  0.129681168624590E-03    0.102671326471138E+01 -0.136702126108007E-03
  0.00000000  0.00000000  0.01250000    0.1521D+02  0.975843460427572E+00  0.947789915737319E-05    0.102475452309483E+01 -0.995294883330905E-05
  0.00000000  0.00000000  0.01250000    0.1567D+02  0.977554484827166E+00  0.301767451598468E-20    0.102296088404403E+01 -0.315784238990484E-20
  0.00000000  0.00000000  0.01250000    0.1615D+02  0.979087141605181E+00  0.328917122024932E-19    0.102135954758892E+01 -0.343118225814781E-19
  0.00000000  0.00000000  0.01250000    0.1664D+02  0.980484614784794E+00  0.521074011200973E-19    0.101990381584875E+01 -0.542023163188676E-19
