 q(1:3)   w(Ry)   eps  epsi --- LFC included. 
  0.00000000  0.00000000  0.01750000    0.0000D+00  0.167034168739839E+01  0.120140359734876E-16    0.598679903366078E+00 -0.430604226063877E-17
  0.00000000  0.00000000  0.01750000    0.1015D-04  0.167034168741923E+01  0.120140359366934E-16    0.598679903358610E+00 -0.430604224734366E-17
  0.00000000  0.00000000  0.01750000    0.3076D-04  0.167034168758975E+01  0.120140360240647E-16    0.598679903297491E+00 -0.430604227777985E-17
  0.00000000  0.00000000  0.01750000    0.5200D-04  0.167034168794520E+01  0.120140359729036E-16    0.598679903170092E+00 -0.430604225761018E-17
  0.00000000  0.00000000  0.01750000    0.7389D-04  0.167034168850233E+01  0.120140359831582E-16    0.598679902970408E+00 -0.430604225841312E-17
  0.00000000  0.00000000  0.01750000    0.9644D-04  0.167034168927908E+01  0.120140360272405E-16    0.598679902692007E+00 -0.430604227020815E-17
  0.00000000  0.00000000  0.01750000    0.1197D-03  0.167034169029467E+01  0.120140360280318E-16    0.598679902328001E+00 -0.430604226525549E-17
  0.00000000  0.00000000  0.01750000    0.1436D-03  0.167034169156968E+01  0.120140360363605E-16    0.598679901871016E+00 -0.430604226166687E-17
  0.00000000  0.00000000  0.01750000    0.1683D-03  0.167034169312613E+01  0.120140360848002E-16    0.598679901313154E+00 -0.430604227100361E-17
  0.00000000  0.00000000  0.01750000    0.1937D-03  0.167034169498762E+01  0.120140360683581E-16    0.598679900645966E+00 -0.430604225551288E-17
  0.00000000  0.00000000  0.01750000    0.2199D-03  0.167034169717934E+01  0.120140361443380E-16    0.598679899860414E+00 -0.430604227144517E-17
  0.00000000  0.00000000  0.01750000    0.2469D-03  0.167034169972829E+01  0.120140362179662E-16    0.598679898946825E+00 -0.430604228469270E-17
  0.00000000  0.00000000  0.01750000    0.2748D-03  0.167034170266329E+01  0.120140362684712E-16    0.598679897894870E+00 -0.430604228766208E-17
  0.00000000  0.00000000  0.01750000    0.3034D-03  0.167034170601518E+01  0.120140363259509E-16    0.598679896693494E+00 -0.430604229098189E-17
  0.00000000  0.00000000  0.01750000    0.3330D-03  0.167034170981690E+01  0.120140363891837E-16    0.598679895330891E+00 -0.430604229404440E-17
  0.00000000  0.00000000  0.01750000    0.3634D-03  0.167034171410366E+01  0.120140365128361E-16    0.598679893794440E+00 -0.430604231626158E-17
  0.00000000  0.00000000  0.01750000    0.3948D-03  0.167034171891306E+01  0.120140365436450E-16    0.598679892070664E+00 -0.430604230250729E-17
  0.00000000  0.00000000  0.01750000    0.4271D-03  0.167034172428527E+01  0.120140366680443E-16    0.598679890145170E+00 -0.430604231939575E-17
  0.00000000  0.00000000  0.01750000    0.4604D-03  0.167034173026318E+01  0.120140368261477E-16    0.598679888002583E+00 -0.430604234524138E-17
  0.00000000  0.00000000  0.01750000    0.4948D-03  0.167034173689255E+01  0.120140368894281E-16    0.598679885626499E+00 -0.430604233374193E-17
  0.00000000  0.00000000  0.01750000    0.5301D-03  0.167034174422227E+01  0.120140370968836E-16    0.598679882999399E+00 -0.430604237030649E-17
  0.00000000  0.00000000  0.01750000    0.5666D-03  0.167034175230447E+01  0.120140372511541E-16    0.598679880102597E+00 -0.430604238392889E-17
  0.00000000  0.00000000  0.01750000    0.6041D-03  0.167034176119482E+01  0.120140374288764E-16    0.598679876916137E+00 -0.430604240179005E-17
  0.00000000  0.00000000  0.01750000    0.6428D-03  0.167034177095267E+01  0.120140375412941E-16    0.598679873418754E+00 -0.430604239177225E-17
  0.00000000  0.00000000  0.01750000    0.6827D-03  0.167034178164133E+01  0.120140377719299E-16    0.598679869587750E+00 -0.430604241932672E-17
  0.00000000  0.00000000  0.01750000    0.7238D-03  0.167034179332836E+01  0.120140380243341E-16    0.598679865398913E+00 -0.430604244953584E-17
  0.00000000  0.00000000  0.01750000    0.7662D-03  0.167034180608574E+01  0.120140381490051E-16    0.598679860826444E+00 -0.430604242844458E-17
  0.00000000  0.00000000  0.01750000    0.8098D-03  0.167034181999025E+01  0.120140385108779E-16    0.598679855842820E+00 -0.430604248645612E-17
  0.00000000  0.00000000  0.01750000    0.8548D-03  0.167034183512375E+01  0.120140387889503E-16    0.598679850418709E+00 -0.430604250809561E-17
  0.00000000  0.00000000  0.01750000    0.9011D-03  0.167034185157348E+01  0.120140390630837E-16    0.598679844522837E+00 -0.430604252153699E-17
  0.00000000  0.00000000  0.01750000    0.9488D-03  0.167034186943241E+01  0.120140394169926E-16    0.598679838121884E+00 -0.430604255630564E-17
  0.00000000  0.00000000  0.01750000    0.9980D-03  0.167034188879961E+01  0.120140397937252E-16    0.598679831180339E+00 -0.430604259147822E-17
  0.00000000  0.00000000  0.01750000    0.1049D-02  0.167034190978067E+01  0.120140401929841E-16    0.598679823660361E+00 -0.430604262640377E-17
  0.00000000  0.00000000  0.01750000    0.1101D-02  0.167034193248804E+01  0.120140405915682E-16    0.598679815521639E+00 -0.430604265218674E-17
  0.00000000  0.00000000  0.01750000    0.1155D-02  0.167034195704153E+01  0.120140410951857E-16    0.598679806721238E+00 -0.430604270609719E-17
  0.00000000  0.00000000  0.01750000    0.1210D-02  0.167034198356878E+01  0.120140415501440E-16    0.598679797213407E+00 -0.430604273239083E-17
  0.00000000  0.00000000  0.01750000    0.1267D-02  0.167034201220571E+01  0.120140420995814E-16    0.598679786949431E+00 -0.430604278167018E-17
  0.00000000  0.00000000  0.01750000    0.1326D-02  0.167034204309705E+01  0.120140427144092E-16    0.598679775877437E+00 -0.430604284276315E-17
  0.00000000  0.00000000  0.01750000    0.1387D-02  0.167034207639694E+01  0.120140433530947E-16    0.598679763942174E+00 -0.430604289998893E-17
  0.00000000  0.00000000  0.01750000    0.1450D-02  0.167034211226950E+01  0.120140440391725E-16    0.598679751084821E+00 -0.430604296093648E-17
  0.00000000  0.00000000  0.01750000    0.1514D-02  0.167034215088946E+01  0.120140447625307E-16    0.598679737242755E+00 -0.430604302108076E-17
  0.00000000  0.00000000  0.01750000    0.1580D-02  0.167034219244281E+01  0.120140455906157E-16    0.598679722349310E+00 -0.430604310363667E-17
  0.00000000  0.00000000  0.01750000    0.1649D-02  0.167034223712756E+01  0.120140464168494E-16    0.598679706333520E+00 -0.430604316938399E-17
  0.00000000  0.00000000  0.01750000    0.1719D-02  0.167034228515444E+01  0.120140473060112E-16    0.598679689119849E+00 -0.430604324045410E-17
  0.00000000  0.00000000  0.01750000    0.1792D-02  0.167034233674777E+01  0.120140482726870E-16    0.598679670627905E+00 -0.430604332091843E-17
  0.00000000  0.00000000  0.01750000    0.1867D-02  0.167034239214625E+01  0.120140493787105E-16    0.598679650772128E+00 -0.430604343170843E-17
  0.00000000  0.00000000  0.01750000    0.1944D-02  0.167034245160391E+01  0.120140504640345E-16    0.598679629461475E+00 -0.430604351415071E-17
  0.00000000  0.00000000  0.01750000    0.2024D-02  0.167034251539103E+01  0.120140517052215E-16    0.598679606599067E+00 -0.430604363013475E-17
  0.00000000  0.00000000  0.01750000    0.2106D-02  0.167034258379524E+01  0.120140529531263E-16    0.598679582081819E+00 -0.430604372472145E-17
  0.00000000  0.00000000  0.01750000    0.2190D-02  0.167034265712252E+01  0.120140543913581E-16    0.598679555800059E+00 -0.430604386214177E-17
  0.00000000  0.00000000  0.01750000    0.2277D-02  0.167034273569840E+01  0.120140558708865E-16    0.598679527637111E+00 -0.430604398730231E-17
  0.00000000  0.00000000  0.01750000    0.2367D-02  0.167034281986921E+01  0.120140574463953E-16    0.598679497468851E+00 -0.430604411801708E-17
  0.00000000  0.00000000  0.01750000    0.2459D-02  0.167034291000332E+01  0.120140591850225E-16    0.598679465163242E+00 -0.430604427645010E-17
  0.00000000  0.00000000  0.01750000    0.2554D-02  0.167034300649261E+01  0.120140610227738E-16    0.598679430579831E+00 -0.430604443764429E-17
  0.00000000  0.00000000  0.01750000    0.2652D-02  0.167034310975385E+01  0.120140629016120E-16    0.598679393569244E+00 -0.430604457864933E-17
  0.00000000  0.00000000  0.01750000    0.2753D-02  0.167034322023032E+01  0.120140650562805E-16    0.598679353972598E+00 -0.430604478131566E-17
  0.00000000  0.00000000  0.01750000    0.2858D-02  0.167034333839349E+01  0.120140673345935E-16    0.598679311620916E+00 -0.430604498866650E-17
  0.00000000  0.00000000  0.01750000    0.2965D-02  0.167034346474471E+01  0.120140696364905E-16    0.598679266334506E+00 -0.430604516225356E-17
  0.00000000  0.00000000  0.01750000    0.3075D-02  0.167034359981716E+01  0.120140722316229E-16    0.598679217922265E+00 -0.430604539597536E-17
  0.00000000  0.00000000  0.01750000    0.3189D-02  0.167034374417779E+01  0.120140749618807E-16    0.598679166180993E+00 -0.430604563023950E-17
  0.00000000  0.00000000  0.01750000    0.3307D-02  0.167034389842945E+01  0.120140778661925E-16    0.598679110894623E+00 -0.430604587589043E-17
  0.00000000  0.00000000  0.01750000    0.3428D-02  0.167034406321314E+01  0.120140810559299E-16    0.598679051833405E+00 -0.430604616954056E-17
  0.00000000  0.00000000  0.01750000    0.3553D-02  0.167034423921042E+01  0.120140843998672E-16    0.598678988753063E+00 -0.430604646064238E-17
  0.00000000  0.00000000  0.01750000    0.3681D-02  0.167034442714588E+01  0.120140879516045E-16    0.598678921393897E+00 -0.430604676467114E-17
  0.00000000  0.00000000  0.01750000    0.3813D-02  0.167034462778988E+01  0.120140917488622E-16    0.598678849479793E+00 -0.430604709117445E-17
  0.00000000  0.00000000  0.01750000    0.3950D-02  0.167034484196141E+01  0.120140958200321E-16    0.598678772717221E+00 -0.430604744610577E-17
  0.00000000  0.00000000  0.01750000    0.4090D-02  0.167034507053111E+01  0.120141000691146E-16    0.598678690794133E+00 -0.430604779056835E-17
  0.00000000  0.00000000  0.01750000    0.4235D-02  0.167034531442450E+01  0.120141047792674E-16    0.598678603378811E+00 -0.430604822127851E-17
  0.00000000  0.00000000  0.01750000    0.4385D-02  0.167034557462538E+01  0.120141097277487E-16    0.598678510118648E+00 -0.430604865332952E-17
  0.00000000  0.00000000  0.01750000    0.4538D-02  0.167034585217955E+01  0.120141149880145E-16    0.598678410638821E+00 -0.430604910765715E-17
  0.00000000  0.00000000  0.01750000    0.4697D-02  0.167034614819855E+01  0.120141206381056E-16    0.598678304540942E+00 -0.430604960650133E-17
  0.00000000  0.00000000  0.01750000    0.4860D-02  0.167034646386387E+01  0.120141266125694E-16    0.598678191401551E+00 -0.430605012031112E-17
  0.00000000  0.00000000  0.01750000    0.5029D-02  0.167034680043129E+01  0.120141329480211E-16    0.598678070770569E+00 -0.430605065573523E-17
  0.00000000  0.00000000  0.01750000    0.5202D-02  0.167034715923546E+01  0.120141396945573E-16    0.598677942169647E+00 -0.430605122384762E-17
  0.00000000  0.00000000  0.01750000    0.5381D-02  0.167034754169487E+01  0.120141470035873E-16    0.598677805090383E+00 -0.430605187160191E-17
  0.00000000  0.00000000  0.01750000    0.5565D-02  0.167034794931703E+01  0.120141547284068E-16    0.598677658992473E+00 -0.430605253864431E-17
  0.00000000  0.00000000  0.01750000    0.5755D-02  0.167034838370408E+01  0.120141630649290E-16    0.598677503301707E+00 -0.430605328693245E-17
  0.00000000  0.00000000  0.01750000    0.5950D-02  0.167034884655859E+01  0.120141717989983E-16    0.598677337407866E+00 -0.430605403093122E-17
  0.00000000  0.00000000  0.01750000    0.6152D-02  0.167034933968995E+01  0.120141811367723E-16    0.598677160662463E+00 -0.430605483520137E-17
  0.00000000  0.00000000  0.01750000    0.6360D-02  0.167034986502086E+01  0.120141911143141E-16    0.598676972376392E+00 -0.430605570275490E-17
  0.00000000  0.00000000  0.01750000    0.6574D-02  0.167035042459450E+01  0.120142017123950E-16    0.598676771817366E+00 -0.430605661616508E-17
  0.00000000  0.00000000  0.01750000    0.6794D-02  0.167035102058200E+01  0.120142130569407E-16    0.598676558207249E+00 -0.430605760937107E-17
  0.00000000  0.00000000  0.01750000    0.7021D-02  0.167035165529039E+01  0.120142250682005E-16    0.598676330719206E+00 -0.430605864189391E-17
  0.00000000  0.00000000  0.01750000    0.7255D-02  0.167035233117105E+01  0.120142378662318E-16    0.598676088474651E+00 -0.430605974412421E-17
  0.00000000  0.00000000  0.01750000    0.7497D-02  0.167035305082872E+01  0.120142515649214E-16    0.598675830540055E+00 -0.430606094345020E-17
  0.00000000  0.00000000  0.01750000    0.7745D-02  0.167035381703102E+01  0.120142660985681E-16    0.598675555923508E+00 -0.430606220205357E-17
  0.00000000  0.00000000  0.01750000    0.8001D-02  0.167035463271857E+01  0.120142815265610E-16    0.598675263571101E+00 -0.430606352605793E-17
  0.00000000  0.00000000  0.01750000    0.8265D-02  0.167035550101578E+01  0.120142979994332E-16    0.598674952363063E+00 -0.430606495330623E-17
  0.00000000  0.00000000  0.01750000    0.8537D-02  0.167035642524225E+01  0.120143155612568E-16    0.598674621109667E+00 -0.430606648247800E-17
  0.00000000  0.00000000  0.01750000    0.8818D-02  0.167035740892489E+01  0.120143341996687E-16    0.598674268546899E+00 -0.430606809095676E-17
  0.00000000  0.00000000  0.01750000    0.9107D-02  0.167035845581088E+01  0.120143541353966E-16    0.598673893331804E+00 -0.430606983853248E-17
  0.00000000  0.00000000  0.01750000    0.9404D-02  0.167035956988128E+01  0.120143752125237E-16    0.598673494037620E+00 -0.430607164879582E-17
  0.00000000  0.00000000  0.01750000    0.9711D-02  0.167036075536560E+01  0.120143976367098E-16    0.598673069148543E+00 -0.430607357364892E-17
  0.00000000  0.00000000  0.01750000    0.1003D-01  0.167036201675724E+01  0.120144216027371E-16    0.598672617054207E+00 -0.430607565973440E-17
  0.00000000  0.00000000  0.01750000    0.1035D-01  0.167036335882989E+01  0.120144470870356E-16    0.598672136043808E+00 -0.430607787398994E-17
  0.00000000  0.00000000  0.01750000    0.1069D-01  0.167036478665495E+01  0.120144741803932E-16    0.598671624299854E+00 -0.430608022280493E-17
  0.00000000  0.00000000  0.01750000    0.1103D-01  0.167036630562002E+01  0.120145029622700E-16    0.598671079891551E+00 -0.430608270687822E-17
  0.00000000  0.00000000  0.01750000    0.1139D-01  0.167036792144851E+01  0.120145337029092E-16    0.598670500767770E+00 -0.430608539355480E-17
  0.00000000  0.00000000  0.01750000    0.1176D-01  0.167036964022056E+01  0.120145662297080E-16    0.598669884749554E+00 -0.430608818962094E-17
  0.00000000  0.00000000  0.01750000    0.1214D-01  0.167037146839518E+01  0.120146008831487E-16    0.598669229522193E+00 -0.430609118380224E-17
  0.00000000  0.00000000  0.01750000    0.1253D-01  0.167037341283375E+01  0.120146378278867E-16    0.598668532626800E+00 -0.430609439973123E-17
  0.00000000  0.00000000  0.01750000    0.1293D-01  0.167037548082503E+01  0.120146769499132E-16    0.598667791451346E+00 -0.430609775896210E-17
  0.00000000  0.00000000  0.01750000    0.1334D-01  0.167037768011175E+01  0.120147187342246E-16    0.598667003221150E+00 -0.430610139539342E-17
  0.00000000  0.00000000  0.01750000    0.1377D-01  0.167038001891873E+01  0.120147631160363E-16    0.598666164988802E+00 -0.430610524339391E-17
  0.00000000  0.00000000  0.01750000    0.1421D-01  0.167038250598288E+01  0.120148102995969E-16    0.598665273623411E+00 -0.430610933111346E-17
  0.00000000  0.00000000  0.01750000    0.1466D-01  0.167038515058494E+01  0.120148604658097E-16    0.598664325799242E+00 -0.430611367552992E-17
  0.00000000  0.00000000  0.01750000    0.1513D-01  0.167038796258335E+01  0.120149137447578E-16    0.598663317983592E+00 -0.430611827242767E-17
  0.00000000  0.00000000  0.01750000    0.1561D-01  0.167039095245001E+01  0.120149704943537E-16    0.598662246423972E+00 -0.430612319608023E-17
  0.00000000  0.00000000  0.01750000    0.1610D-01  0.167039413130847E+01  0.120150307493481E-16    0.598661107134441E+00 -0.430612840157947E-17
  0.00000000  0.00000000  0.01750000    0.1662D-01  0.167039751097435E+01  0.120150949132766E-16    0.598659895881128E+00 -0.430613397261851E-17
  0.00000000  0.00000000  0.01750000    0.1714D-01  0.167040110399837E+01  0.120151630866789E-16    0.598658608166831E+00 -0.430613988050603E-17
  0.00000000  0.00000000  0.01750000    0.1768D-01  0.167040492371194E+01  0.120152355065742E-16    0.598657239214683E+00 -0.430614614143723E-17
  0.00000000  0.00000000  0.01750000    0.1824D-01  0.167040898427570E+01  0.120153124939256E-16    0.598655783950783E+00 -0.430615279741425E-17
  0.00000000  0.00000000  0.01750000    0.1882D-01  0.167041330073100E+01  0.120153944193730E-16    0.598654236985770E+00 -0.430615990369870E-17
  0.00000000  0.00000000  0.01750000    0.1941D-01  0.167041788905465E+01  0.120154814532669E-16    0.598652592595218E+00 -0.430616743894477E-17
  0.00000000  0.00000000  0.01750000    0.2002D-01  0.167042276621696E+01  0.120155739487167E-16    0.598650844698866E+00 -0.430617544217947E-17
  0.00000000  0.00000000  0.01750000    0.2065D-01  0.167042795024354E+01  0.120156722466832E-16    0.598648986838496E+00 -0.430618394263074E-17
  0.00000000  0.00000000  0.01750000    0.2130D-01  0.167043346028080E+01  0.120157767768750E-16    0.598647012154499E+00 -0.430619299554888E-17
  0.00000000  0.00000000  0.01750000    0.2197D-01  0.167043931666563E+01  0.120158878348712E-16    0.598644913360936E+00 -0.430620260197159E-17
  0.00000000  0.00000000  0.01750000    0.2266D-01  0.167044554099943E+01  0.120160059715641E-16    0.598642682719066E+00 -0.430621284790985E-17
  0.00000000  0.00000000  0.01750000    0.2337D-01  0.167045215622660E+01  0.120161314056636E-16    0.598640312009242E+00 -0.430622369339787E-17
  0.00000000  0.00000000  0.01750000    0.2410D-01  0.167045918671809E+01  0.120162647229117E-16    0.598637792501038E+00 -0.430623522264235E-17
  0.00000000  0.00000000  0.01750000    0.2486D-01  0.167046665836012E+01  0.120164064588051E-16    0.598635114921533E+00 -0.430624749402203E-17
  0.00000000  0.00000000  0.01750000    0.2564D-01  0.167047459864832E+01  0.120165570987932E-16    0.598632269421611E+00 -0.430626053967275E-17
  0.00000000  0.00000000  0.01750000    0.2644D-01  0.167048303678792E+01  0.120167171104910E-16    0.598629245540169E+00 -0.430627437651504E-17
  0.00000000  0.00000000  0.01750000    0.2726D-01  0.167049200380002E+01  0.120168872197429E-16    0.598626032166096E+00 -0.430628910463395E-17
  0.00000000  0.00000000  0.01750000    0.2811D-01  0.167050153263463E+01  0.120170679052339E-16    0.598622617497901E+00 -0.430630472558479E-17
  0.00000000  0.00000000  0.01750000    0.2899D-01  0.167051165829069E+01  0.120172599939830E-16    0.598618989000785E+00 -0.430632135517001E-17
  0.00000000  0.00000000  0.01750000    0.2989D-01  0.167052241794362E+01  0.120174640392035E-16    0.598615133361083E+00 -0.430633899983532E-17
  0.00000000  0.00000000  0.01750000    0.3082D-01  0.167053385108088E+01  0.120176808301942E-16    0.598611036437828E+00 -0.430635773868751E-17
  0.00000000  0.00000000  0.01750000    0.3178D-01  0.167054599964592E+01  0.120179112704122E-16    0.598606683211330E+00 -0.430637767905481E-17
  0.00000000  0.00000000  0.01750000    0.3277D-01  0.167055890819127E+01  0.120181560512145E-16    0.598602057728519E+00 -0.430639883878657E-17
  0.00000000  0.00000000  0.01750000    0.3379D-01  0.167057262404112E+01  0.120184162439774E-16    0.598597143044879E+00 -0.430642135758594E-17
  0.00000000  0.00000000  0.01750000    0.3484D-01  0.167058719746415E+01  0.120186925669779E-16    0.598591921162774E+00 -0.430644523342005E-17
  0.00000000  0.00000000  0.01750000    0.3592D-01  0.167060268185720E+01  0.120189862414875E-16    0.598586372965896E+00 -0.430647062832501E-17
  0.00000000  0.00000000  0.01750000    0.3703D-01  0.167061913394048E+01  0.120192982626866E-16    0.598580478149621E+00 -0.430649760614927E-17
  0.00000000  0.00000000  0.01750000    0.3818D-01  0.167063661396502E+01  0.120196296690834E-16    0.598574215147028E+00 -0.430652622801920E-17
  0.00000000  0.00000000  0.01750000    0.3936D-01  0.167065518593325E+01  0.120199818890897E-16    0.598567561050239E+00 -0.430655667536889E-17
  0.00000000  0.00000000  0.01750000    0.4058D-01  0.167067491783341E+01  0.120203560563268E-16    0.598560491526882E+00 -0.430658900340330E-17
  0.00000000  0.00000000  0.01750000    0.4184D-01  0.167069588188880E+01  0.120207535541960E-16    0.598552980731272E+00 -0.430662333492180E-17
  0.00000000  0.00000000  0.01750000    0.4313D-01  0.167071815482266E+01  0.120211759803738E-16    0.598545001210061E+00 -0.430665984621621E-17
  0.00000000  0.00000000  0.01750000    0.4447D-01  0.167074181814002E+01  0.120216246328068E-16    0.598536523801905E+00 -0.430669858146122E-17
  0.00000000  0.00000000  0.01750000    0.4584D-01  0.167076695842711E+01  0.120221013370718E-16    0.598527517530882E+00 -0.430673974756858E-17
  0.00000000  0.00000000  0.01750000    0.4726D-01  0.167079366767002E+01  0.120226077514408E-16    0.598517949493150E+00 -0.430678346356644E-17
  0.00000000  0.00000000  0.01750000    0.4872D-01  0.167082204359334E+01  0.120231457318644E-16    0.598507784736523E+00 -0.430682988959533E-17
  0.00000000  0.00000000  0.01750000    0.5022D-01  0.167085219002061E+01  0.120237172787604E-16    0.598496986132366E+00 -0.430687920596793E-17
  0.00000000  0.00000000  0.01750000    0.5177D-01  0.167088421725744E+01  0.120243244842219E-16    0.598485514239509E+00 -0.430693159226451E-17
  0.00000000  0.00000000  0.01750000    0.5337D-01  0.167091824249931E+01  0.120249695282939E-16    0.598473327159461E+00 -0.430698722387798E-17
  0.00000000  0.00000000  0.01750000    0.5501D-01  0.167095439026530E+01  0.120256548742059E-16    0.598460380382511E+00 -0.430704633968100E-17
  0.00000000  0.00000000  0.01750000    0.5671D-01  0.167099279285967E+01  0.120263827973609E-16    0.598446626624069E+00 -0.430710907092152E-17
  0.00000000  0.00000000  0.01750000    0.5846D-01  0.167103359086302E+01  0.120271561787867E-16    0.598432015650589E+00 -0.430717572284025E-17
  0.00000000  0.00000000  0.01750000    0.6026D-01  0.167107693365507E+01  0.120279776634744E-16    0.598416494094466E+00 -0.430724647050186E-17
  0.00000000  0.00000000  0.01750000    0.6211D-01  0.167112297997115E+01  0.120288504438320E-16    0.598400005257100E+00 -0.430732163646637E-17
  0.00000000  0.00000000  0.01750000    0.6403D-01  0.167117189849463E+01  0.120297775918504E-16    0.598382488899429E+00 -0.430740144852977E-17
  0.00000000  0.00000000  0.01750000    0.6600D-01  0.167122386848774E+01  0.120307625432379E-16    0.598363881019053E+00 -0.430748620979457E-17
  0.00000000  0.00000000  0.01750000    0.6803D-01  0.167127908046342E+01  0.120318088700380E-16    0.598344113613099E+00 -0.430757621372782E-17
  0.00000000  0.00000000  0.01750000    0.7012D-01  0.167133773690089E+01  0.120329203485532E-16    0.598323114425853E+00 -0.430767176473531E-17
  0.00000000  0.00000000  0.01750000    0.7227D-01  0.167140005300811E+01  0.120341011372427E-16    0.598300806680151E+00 -0.430777323784606E-17
  0.00000000  0.00000000  0.01750000    0.7450D-01  0.167146625753400E+01  0.120353554902201E-16    0.598277108791505E+00 -0.430788097187801E-17
  0.00000000  0.00000000  0.01750000    0.7678D-01  0.167153659363440E+01  0.120366881073983E-16    0.598251934063683E+00 -0.430799539022679E-17
  0.00000000  0.00000000  0.01750000    0.7914D-01  0.167161131979499E+01  0.120381036907179E-16    0.598225190364614E+00 -0.430811683716756E-17
  0.00000000  0.00000000  0.01750000    0.8157D-01  0.167169071081554E+01  0.120396075588453E-16    0.598196779781199E+00 -0.430824579267843E-17
  0.00000000  0.00000000  0.01750000    0.8408D-01  0.167177505885958E+01  0.120412051567441E-16    0.598166598251659E+00 -0.430838269137316E-17
  0.00000000  0.00000000  0.01750000    0.8666D-01  0.167186467457418E+01  0.120429023757869E-16    0.598134535173845E+00 -0.430852803114579E-17
  0.00000000  0.00000000  0.01750000    0.8932D-01  0.167195988828507E+01  0.120447055233765E-16    0.598100472987840E+00 -0.430868235596239E-17
  0.00000000  0.00000000  0.01750000    0.9206D-01  0.167206105127222E+01  0.120466210603622E-16    0.598064286731117E+00 -0.430884615517107E-17
  0.00000000  0.00000000  0.01750000    0.9488D-01  0.167216853713192E+01  0.120486560356384E-16    0.598025843564302E+00 -0.430902001175515E-17
  0.00000000  0.00000000  0.01750000    0.9779D-01  0.167228274323173E+01  0.120508180789163E-16    0.597985002265509E+00 -0.430920459197934E-17
  0.00000000  0.00000000  0.01750000    0.1008D+00  0.167240409226500E+01  0.120531150130452E-16    0.597941612691022E+00 -0.430940049847034E-17
  0.00000000  0.00000000  0.01750000    0.1039D+00  0.167253303391257E+01  0.120555552839217E-16    0.597895515199895E+00 -0.430960841511127E-17
  0.00000000  0.00000000  0.01750000    0.1071D+00  0.167267004661963E+01  0.120581479809421E-16    0.597846540039947E+00 -0.430982910482838E-17
  0.00000000  0.00000000  0.01750000    0.1103D+00  0.167281563949650E+01  0.120609025801015E-16    0.597794506692317E+00 -0.431006330757765E-17
  0.00000000  0.00000000  0.01750000    0.1137D+00  0.167297035435292E+01  0.120638293430620E-16    0.597739223171582E+00 -0.431031187207472E-17
  0.00000000  0.00000000  0.01750000    0.1172D+00  0.167313476787616E+01  0.120669388899975E-16    0.597680485278169E+00 -0.431057559143948E-17
  0.00000000  0.00000000  0.01750000    0.1208D+00  0.167330949396428E+01  0.120702430156836E-16    0.597618075799519E+00 -0.431085548219534E-17
  0.00000000  0.00000000  0.01750000    0.1245D+00  0.167349518622675E+01  0.120737537750980E-16    0.597551763656225E+00 -0.431115244408194E-17
  0.00000000  0.00000000  0.01750000    0.1283D+00  0.167369254066617E+01  0.120774842349936E-16    0.597481302988883E+00 -0.431146751402709E-17
  0.00000000  0.00000000  0.01750000    0.1322D+00  0.167390229855536E+01  0.120814482649832E-16    0.597406432181279E+00 -0.431180177588341E-17
  0.00000000  0.00000000  0.01750000    0.1363D+00  0.167412524952636E+01  0.120856606369202E-16    0.597326872814872E+00 -0.431215637909752E-17
  0.00000000  0.00000000  0.01750000    0.1405D+00  0.167436223488878E+01  0.120901370118918E-16    0.597242328549307E+00 -0.431253251596544E-17
  0.00000000  0.00000000  0.01750000    0.1448D+00  0.167461415119679E+01  0.120948940890141E-16    0.597152483923139E+00 -0.431293145521337E-17
  0.00000000  0.00000000  0.01750000    0.1492D+00  0.167488195408631E+01  0.120999498763399E-16    0.597057003068330E+00 -0.431335461751129E-17
  0.00000000  0.00000000  0.01750000    0.1537D+00  0.167516666240565E+01  0.121053230372282E-16    0.596955528331690E+00 -0.431380331968689E-17
  0.00000000  0.00000000  0.01750000    0.1585D+00  0.167546936266553E+01  0.121110339324225E-16    0.596847678795560E+00 -0.431427912169088E-17
  0.00000000  0.00000000  0.01750000    0.1633D+00  0.167579121383701E+01  0.121171041269235E-16    0.596733048689479E+00 -0.431478362414317E-17
  0.00000000  0.00000000  0.01750000    0.1683D+00  0.167613345252891E+01  0.121235563619837E-16    0.596611205683667E+00 -0.431531842967751E-17
  0.00000000  0.00000000  0.01750000    0.1734D+00  0.167649739857975E+01  0.121304152801561E-16    0.596481689054305E+00 -0.431588536991901E-17
  0.00000000  0.00000000  0.01750000    0.1787D+00  0.167688446110283E+01  0.121377067916660E-16    0.596344007709593E+00 -0.431648624603852E-17
  0.00000000  0.00000000  0.01750000    0.1842D+00  0.167729614502773E+01  0.121454587122578E-16    0.596197638064368E+00 -0.431712301904605E-17
  0.00000000  0.00000000  0.01750000    0.1898D+00  0.167773405818613E+01  0.121537006122667E-16    0.596042021749944E+00 -0.431779771611175E-17
  0.00000000  0.00000000  0.01750000    0.1956D+00  0.167819991899558E+01  0.121624642000774E-16    0.595876563144223E+00 -0.431851252337346E-17
  0.00000000  0.00000000  0.01750000    0.2016D+00  0.167869556480067E+01  0.121717829894440E-16    0.595700626705795E+00 -0.431926962039701E-17
  0.00000000  0.00000000  0.01750000    0.2078D+00  0.167922296093900E+01  0.121816932455768E-16    0.595513534093657E+00 -0.432007146440025E-17
  0.00000000  0.00000000  0.01750000    0.2141D+00  0.167978421060651E+01  0.121922332089351E-16    0.595314561052420E+00 -0.432092045823269E-17
  0.00000000  0.00000000  0.01750000    0.2207D+00  0.168038156560676E+01  0.122034439875953E-16    0.595102934040410E+00 -0.432181920526691E-17
  0.00000000  0.00000000  0.01750000    0.2274D+00  0.168101743807890E+01  0.122153694116244E-16    0.594877826575564E+00 -0.432277039000216E-17
  0.00000000  0.00000000  0.01750000    0.2343D+00  0.168169441331144E+01  0.122280565093705E-16    0.594638355271034E+00 -0.432377687250289E-17
  0.00000000  0.00000000  0.01750000    0.2415D+00  0.168241526376272E+01  0.122415552065148E-16    0.594383575529090E+00 -0.432484150043425E-17
  0.00000000  0.00000000  0.01750000    0.2489D+00  0.168318296442536E+01  0.122559193351957E-16    0.594112476858034E+00 -0.432596737627466E-17
  0.00000000  0.00000000  0.01750000    0.2565D+00  0.168400070969017E+01  0.122712062127933E-16    0.593823977772543E+00 -0.432715760950527E-17
  0.00000000  0.00000000  0.01750000    0.2643D+00  0.168487193188672E+01  0.122874773470540E-16    0.593516920232745E+00 -0.432841545664934E-17
  0.00000000  0.00000000  0.01750000    0.2724D+00  0.168580032170272E+01  0.123047985445922E-16    0.593190063571684E+00 -0.432974423894466E-17
  0.00000000  0.00000000  0.01750000    0.2807D+00  0.168678985071334E+01  0.123232406170118E-16    0.592842077854040E+00 -0.433114745751821E-17
  0.00000000  0.00000000  0.01750000    0.2893D+00  0.168784479628521E+01  0.123428791247047E-16    0.592471536601533E+00 -0.433262855518207E-17
  0.00000000  0.00000000  0.01750000    0.2981D+00  0.168896976916009E+01  0.123637953055454E-16    0.592076908811277E+00 -0.433419107869707E-17
  0.00000000  0.00000000  0.01750000    0.3072D+00  0.169016974406886E+01  0.123860765371227E-16    0.591656550183315E+00 -0.433583865761234E-17
  0.00000000  0.00000000  0.01750000    0.3166D+00  0.169145009378196E+01  0.124098166586656E-16    0.591208693461404E+00 -0.433757491269561E-17
  0.00000000  0.00000000  0.01750000    0.3262D+00  0.169281662706651E+01  0.124351164806977E-16    0.590731437777113E+00 -0.433940340620239E-17
  0.00000000  0.00000000  0.01750000    0.3362D+00  0.169427563109731E+01  0.124620846836472E-16    0.590222736870945E+00 -0.434132770022546E-17
  0.00000000  0.00000000  0.01750000    0.3464D+00  0.169583391895965E+01  0.124908380391326E-16    0.589680386044806E+00 -0.434335114694336E-17
  0.00000000  0.00000000  0.01750000    0.3570D+00  0.169749888299089E+01  0.125215028223026E-16    0.589102007677355E+00 -0.434547705784602E-17
  0.00000000  0.00000000  0.01750000    0.3679D+00  0.169927855483782E+01  0.125542149045857E-16    0.588485035106820E+00 -0.434770837178535E-17
  0.00000000  0.00000000  0.01750000    0.3791D+00  0.170118167326345E+01  0.125891212277878E-16    0.587826694653756E+00 -0.435004775576364E-17
  0.00000000  0.00000000  0.01750000    0.3907D+00  0.170321776092621E+01  0.126263807478167E-16    0.587123985517975E+00 -0.435249746532366E-17
  0.00000000  0.00000000  0.01750000    0.4026D+00  0.170539721158412E+01  0.126661653152186E-16    0.586373657237961E+00 -0.435505911972640E-17
  0.00000000  0.00000000  0.01750000    0.4149D+00  0.170773138945617E+01  0.127086613304702E-16    0.585572184345954E+00 -0.435773367014485E-17
  0.00000000  0.00000000  0.01750000    0.4276D+00  0.171023274281620E+01  0.127540708018948E-16    0.584715737785096E+00 -0.436052107528545E-17
  0.00000000  0.00000000  0.01750000    0.4406D+00  0.171291493431624E+01  0.128026132819701E-16    0.583800152573938E+00 -0.436342017786353E-17
  0.00000000  0.00000000  0.01750000    0.4540D+00  0.171579299105884E+01  0.128545276750062E-16    0.582820891104636E+00 -0.436642841724920E-17
  0.00000000  0.00000000  0.01750000    0.4679D+00  0.171888347808790E+01  0.129100740825773E-16    0.581773001339455E+00 -0.436954141585602E-17
  0.00000000  0.00000000  0.01750000    0.4822D+00  0.172220469978196E+01  0.129695362982444E-16    0.580651069020196E+00 -0.437275262181392E-17
  0.00000000  0.00000000  0.01750000    0.4969D+00  0.172577693466015E+01  0.130332245313608E-16    0.579449162818325E+00 -0.437605283269559E-17
  0.00000000  0.00000000  0.01750000    0.5120D+00  0.172962271041325E+01  0.131014782894415E-16    0.578160771120470E+00 -0.437942953977045E-17
  0.00000000  0.00000000  0.01750000    0.5276D+00  0.173376712763697E+01  0.131746697688104E-16    0.576778728849788E+00 -0.438286616532349E-17
  0.00000000  0.00000000  0.01750000    0.5437D+00  0.173823824288844E+01  0.132532080249515E-16    0.575295132350957E+00 -0.438634122565359E-17
  0.00000000  0.00000000  0.01750000    0.5603D+00  0.174306752447022E+01  0.133375433264125E-16    0.573701239889681E+00 -0.438982715013914E-17
  0.00000000  0.00000000  0.01750000    0.5774D+00  0.174829039799368E+01  0.134281727493237E-16    0.571987354702393E+00 -0.439328902005452E-17
  0.00000000  0.00000000  0.01750000    0.5950D+00  0.175394690359495E+01  0.135256454920147E-16    0.570142686731487E+00 -0.439668261609802E-17
  0.00000000  0.00000000  0.01750000    0.6131D+00  0.176008249311811E+01  0.136305707857444E-16    0.568155188128954E+00 -0.439995258140433E-17
  0.00000000  0.00000000  0.01750000    0.6318D+00  0.176674900427864E+01  0.137436256689378E-16    0.566011356213157E+00 -0.440302962408496E-17
  0.00000000  0.00000000  0.01750000    0.6511D+00  0.177400586070539E+01  0.138655645170767E-16    0.563695995684238E+00 -0.440582715610069E-17
  0.00000000  0.00000000  0.01750000    0.6709D+00  0.178192156321016E+01  0.139972309774116E-16    0.561191929345354E+00 -0.440823727591859E-17
  0.00000000  0.00000000  0.01750000    0.6914D+00  0.179057556072396E+01  0.141395703849811E-16    0.558479643045994E+00 -0.441012509867786E-17
  0.00000000  0.00000000  0.01750000    0.7125D+00  0.180006062224863E+01  0.142936469522036E-16    0.555536845615125E+00 -0.441132228660389E-17
  0.00000000  0.00000000  0.01750000    0.7342D+00  0.181048587887774E+01  0.144606618692564E-16    0.552337917498625E+00 -0.441161787324617E-17
  0.00000000  0.00000000  0.01750000    0.7565D+00  0.182198077539848E+01  0.146419763779357E-16    0.548853211572057E+00 -0.441074673635601E-17
  0.00000000  0.00000000  0.01750000    0.7796D+00  0.183470027724361E+01  0.148391398431322E-16    0.545048154406105E+00 -0.440837442757924E-17
  0.00000000  0.00000000  0.01750000    0.8034D+00  0.184883184261158E+01  0.150539229820046E-16    0.540882073183813E+00 -0.440407660901951E-17
  0.00000000  0.00000000  0.01750000    0.8279D+00  0.186460492966062E+01  0.152883592645956E-16    0.536306637450547E+00 -0.439731141911306E-17
  0.00000000  0.00000000  0.01750000    0.8531D+00  0.188230423377343E+01  0.155447956006389E-16    0.531263746878639E+00 -0.438738127826579E-17
  0.00000000  0.00000000  0.01750000    0.8791D+00  0.190228856957883E+01  0.158259557586617E-16    0.525682599365774E+00 -0.437337935668874E-17
  0.00000000  0.00000000  0.01750000    0.9059D+00  0.192501858241453E+01  0.161350193692786E-16    0.519475504878354E+00 -0.435411242761350E-17
  0.00000000  0.00000000  0.01750000    0.9335D+00  0.195109882891525E+01  0.164757223712389E-16    0.512531700178391E+00 -0.432798681104895E-17
  0.00000000  0.00000000  0.01750000    0.9619D+00  0.198134440637933E+01  0.168524848748534E-16    0.504707811918160E+00 -0.429283305778931E-17
  0.00000000  0.00000000  0.01750000    0.9913D+00  0.201689217736073E+01  0.172705770214950E-16    0.495812325133108E+00 -0.424562356160418E-17
  0.00000000  0.00000000  0.01750000    0.1021D+01  0.205939981599336E+01  0.177363355252798E-16    0.485578367169876E+00 -0.418198582764669E-17
  0.00000000  0.00000000  0.01750000    0.1053D+01  0.211143836368162E+01  0.182574485500303E-16    0.473610794044845E+00 -0.409527687558709E-17
  0.00000000  0.00000000  0.01750000    0.1085D+01  0.217739050405169E+01  0.188433419686301E-16    0.459265344520975E+00 -0.397452543539890E-17
  0.00000000  0.00000000  0.01750000    0.1118D+01  0.226614133507544E+01  0.195056980503923E-16    0.441278743087182E+00 -0.379828468131651E-17
  0.00000000  0.00000000  0.01750000    0.1152D+01  0.241254647575123E+01  0.202591437587153E-16    0.414499786864672E+00 -0.348072497440010E-17
  0.00000000  0.00000000  0.01750000    0.1187D+01  0.260128238389316E+01  0.101718013057040E+00    0.383838868837655E+00 -0.150092613220232E-01
  0.00000000  0.00000000  0.01750000    0.1223D+01  0.273477667857536E+01  0.319999313818693E+00    0.360721711170873E+00 -0.422084556148535E-01
  0.00000000  0.00000000  0.01750000    0.1260D+01  0.283849899819811E+01  0.482031141064574E+00    0.342423881776649E+00 -0.581500907928235E-01
  0.00000000  0.00000000  0.01750000    0.1299D+01  0.308566279076364E+01  0.695941951752990E+00    0.308392035771658E+00 -0.695548962519298E-01
  0.00000000  0.00000000  0.01750000    0.1338D+01  0.303299301927875E+01  0.167216351874637E+01    0.252851033026130E+00 -0.139402982603690E+00
  0.00000000  0.00000000  0.01750000    0.1379D+01  0.233162627667164E+01  0.190738009952587E+01    0.256940408544282E+00 -0.210189354496810E+00
  0.00000000  0.00000000  0.01750000    0.1421D+01  0.181528940187613E+01  0.179085446530320E+01    0.279170696851205E+00 -0.275412883764470E+00
  0.00000000  0.00000000  0.01750000    0.1464D+01  0.150749997903385E+01  0.160457628154069E+01    0.311002924661659E+00 -0.331030131570354E+00
  0.00000000  0.00000000  0.01750000    0.1509D+01  0.131616067955400E+01  0.138528163949238E+01    0.360465146956276E+00 -0.379395736031760E+00
  0.00000000  0.00000000  0.01750000    0.1555D+01  0.121294506204098E+01  0.116018270406381E+01    0.430540745687425E+00 -0.411812490254742E+00
  0.00000000  0.00000000  0.01750000    0.1602D+01  0.120682271592177E+01  0.919385878903882E+00    0.524319934209156E+00 -0.399439235920843E+00
  0.00000000  0.00000000  0.01750000    0.1651D+01  0.134020548419251E+01  0.670838617800004E+00    0.596661155179493E+00 -0.298658190371999E+00
  0.00000000  0.00000000  0.01750000    0.1701D+01  0.178723673743416E+01  0.477033934164249E+00    0.522312524437526E+00 -0.139411188891182E+00
  0.00000000  0.00000000  0.01750000    0.1753D+01  0.211660116912451E+01  0.117024595833139E+01    0.361844570103512E+00 -0.200059960225263E+00
  0.00000000  0.00000000  0.01750000    0.1807D+01  0.154947681296181E+01  0.206438666129378E+01    0.232564409008991E+00 -0.309848369355151E+00
  0.00000000  0.00000000  0.01750000    0.1862D+01  0.874891353503633E+00  0.624280094050260E+00    0.757376434864727E+00 -0.540427140004692E+00
  0.00000000  0.00000000  0.01750000    0.1919D+01  0.178100311650895E+01  0.665924069863631E+00    0.492612112580941E+00 -0.184189606314130E+00
  0.00000000  0.00000000  0.01750000    0.1977D+01  0.200132718355012E+01  0.176190695588002E+01    0.281495399325527E+00 -0.247819899812723E+00
  0.00000000  0.00000000  0.01750000    0.2037D+01  0.124948267512352E+01  0.202452158258360E+01    0.220760767611558E+00 -0.357695986919658E+00
  0.00000000  0.00000000  0.01750000    0.2099D+01  0.800074336458654E+00  0.166281387924041E+01    0.234965679214096E+00 -0.488334864322373E+00
  0.00000000  0.00000000  0.01750000    0.2163D+01  0.108353683085531E+01  0.214316730902587E+01    0.187878591958392E+00 -0.371611970063992E+00
  0.00000000  0.00000000  0.01750000    0.2229D+01 -0.148219309235750E+01  0.108779684199497E+01   -0.438492936379616E+00 -0.321814501693684E+00
  0.00000000  0.00000000  0.01750000    0.2297D+01 -0.220157955378737E+00  0.282408702655562E+00   -0.171697662577752E+01 -0.220246023152604E+01
  0.00000000  0.00000000  0.01750000    0.2367D+01  0.226649332259744E+00  0.227791328127312E+00    0.219496364998088E+01 -0.220602319907705E+01
  0.00000000  0.00000000  0.01750000    0.2439D+01  0.439685279701211E+00  0.210537096560671E+00    0.185014560718960E+01 -0.885916136689592E+00
  0.00000000  0.00000000  0.01750000    0.2513D+01  0.571954215602018E+00  0.214559045545647E+00    0.153270223685158E+01 -0.574967576204349E+00
  0.00000000  0.00000000  0.01750000    0.2590D+01  0.653606848706078E+00  0.222198743663500E+00    0.137146924117927E+01 -0.466241660359661E+00
  0.00000000  0.00000000  0.01750000    0.2669D+01  0.706520031923355E+00  0.219846936280092E+00    0.129043993176265E+01 -0.401544545990007E+00
  0.00000000  0.00000000  0.01750000    0.2750D+01  0.753227409610476E+00  0.206449601832719E+00    0.123485375300125E+01 -0.338456968474613E+00
  0.00000000  0.00000000  0.01750000    0.2834D+01  0.791998472626421E+00  0.212718782370107E+00    0.117767387641944E+01 -0.316305348658408E+00
  0.00000000  0.00000000  0.01750000    0.2920D+01  0.813571665415622E+00  0.204595422436159E+00    0.115603872590282E+01 -0.290718373725341E+00
  0.00000000  0.00000000  0.01750000    0.3009D+01  0.834547987700220E+00  0.186344366157458E+00    0.114134872693529E+01 -0.254849221638500E+00
  0.00000000  0.00000000  0.01750000    0.3101D+01  0.871332038787509E+00  0.153967984133452E+00    0.111291797054009E+01 -0.196657219982860E+00
  0.00000000  0.00000000  0.01750000    0.3195D+01  0.945132290660137E+00  0.131133058975401E+00    0.103806971059198E+01 -0.144027728102018E+00
  0.00000000  0.00000000  0.01750000    0.3293D+01  0.101838321863279E+01  0.196898777183619E+00    0.946564080846861E+00 -0.183012943099062E+00
  0.00000000  0.00000000  0.01750000    0.3393D+01  0.101278378029696E+01  0.258664344939569E+00    0.926915930121241E+00 -0.236733749634657E+00
  0.00000000  0.00000000  0.01750000    0.3496D+01  0.104510505894898E+01  0.285044403799534E+00    0.890591908132316E+00 -0.242902124823279E+00
  0.00000000  0.00000000  0.01750000    0.3603D+01  0.101194730031441E+01  0.476052103785045E+00    0.809128714544992E+00 -0.380639808686042E+00
  0.00000000  0.00000000  0.01750000    0.3713D+01  0.755446349150592E+00  0.361995508286611E+00    0.107653321700571E+01 -0.515854222494518E+00
  0.00000000  0.00000000  0.01750000    0.3826D+01  0.779092439445620E+00  0.258602037773488E+00    0.115616357932878E+01 -0.383762237285557E+00
  0.00000000  0.00000000  0.01750000    0.3942D+01  0.798586081966053E+00  0.185852977723533E+00    0.118787532463782E+01 -0.276451307171205E+00
  0.00000000  0.00000000  0.01750000    0.4062D+01  0.854749176308337E+00  0.132640548462990E+00    0.114242311963987E+01 -0.177281983260046E+00
  0.00000000  0.00000000  0.01750000    0.4186D+01  0.924225627938583E+00  0.161675656065178E+00    0.104986027701475E+01 -0.183653043079658E+00
  0.00000000  0.00000000  0.01750000    0.4313D+01  0.939317639524695E+00  0.209851294645808E+00    0.101399295413344E+01 -0.226534374776888E+00
  0.00000000  0.00000000  0.01750000    0.4445D+01  0.848866291518431E+00  0.202887994931033E+00    0.111438162088676E+01 -0.266348958497664E+00
  0.00000000  0.00000000  0.01750000    0.4580D+01  0.855591790403763E+00  0.130321884801554E+00    0.114227994933884E+01 -0.173989603030915E+00
  0.00000000  0.00000000  0.01750000    0.4720D+01  0.916998550336176E+00  0.826225555784889E-01    0.108173253965018E+01 -0.974652651801263E-01
  0.00000000  0.00000000  0.01750000    0.4863D+01  0.987575138206406E+00  0.111810418388457E+00    0.999766062359443E+00 -0.113190639778567E+00
  0.00000000  0.00000000  0.01750000    0.5012D+01  0.100644077278095E+01  0.203594060201598E+00    0.954539075118145E+00 -0.193094806152770E+00
  0.00000000  0.00000000  0.01750000    0.5164D+01  0.949064420036434E+00  0.221471965213576E+00    0.999253837874883E+00 -0.233184077444250E+00
  0.00000000  0.00000000  0.01750000    0.5322D+01  0.924896976744443E+00  0.159898564488576E+00    0.104982396157620E+01 -0.181496262440619E+00
  0.00000000  0.00000000  0.01750000    0.5484D+01  0.975971496911148E+00  0.223895962460518E+00    0.973392236437045E+00 -0.223304258698560E+00
  0.00000000  0.00000000  0.01750000    0.5651D+01  0.896440606019523E+00  0.264518799677724E+00    0.102617362619916E+01 -0.302800000402067E+00
  0.00000000  0.00000000  0.01750000    0.5823D+01  0.836962989703963E+00  0.213886027018346E+00    0.112155201465051E+01 -0.286612798246751E+00
  0.00000000  0.00000000  0.01750000    0.6000D+01  0.795404480026511E+00  0.151265328832579E+00    0.121334010069752E+01 -0.230745858147099E+00
  0.00000000  0.00000000  0.01750000    0.6183D+01  0.840684737086842E+00  0.793776266853117E-01    0.117899559592995E+01 -0.111321007922244E+00
  0.00000000  0.00000000  0.01750000    0.6371D+01  0.888935839449761E+00  0.107075256853411E+00    0.110885224643289E+01 -0.133564914170607E+00
  0.00000000  0.00000000  0.01750000    0.6565D+01  0.888415207581735E+00  0.118425618082285E+00    0.110594839009699E+01 -0.147422759703598E+00
  0.00000000  0.00000000  0.01750000    0.6765D+01  0.871217534329687E+00  0.105603511105182E+00    0.113119852235294E+01 -0.137116771656087E+00
  0.00000000  0.00000000  0.01750000    0.6971D+01  0.870935452709552E+00  0.118705427704823E+00    0.112725009670919E+01 -0.153640208862633E+00
  0.00000000  0.00000000  0.01750000    0.7184D+01  0.839891826006157E+00  0.786853961139379E-01    0.118027039301011E+01 -0.110573815008021E+00
  0.00000000  0.00000000  0.01750000    0.7402D+01  0.858591011222989E+00  0.421830872230350E-01    0.116189429434000E+01 -0.570845579809612E-01
  0.00000000  0.00000000  0.01750000    0.7628D+01  0.886740039517199E+00  0.310086593306514E-01    0.112634887181500E+01 -0.393876072998703E-01
  0.00000000  0.00000000  0.01750000    0.7860D+01  0.902061349592981E+00  0.417037791163176E-01    0.110620768103549E+01 -0.511417996209390E-01
  0.00000000  0.00000000  0.01750000    0.8100D+01  0.903069690781626E+00  0.381889882200771E-01    0.110535757051526E+01 -0.467433329567783E-01
  0.00000000  0.00000000  0.01750000    0.8346D+01  0.910410233073271E+00  0.327586153138852E-01    0.109698563901606E+01 -0.394720195884391E-01
  0.00000000  0.00000000  0.01750000    0.8600D+01  0.912797874667346E+00  0.433408580437692E-01    0.109306848988949E+01 -0.519003467987723E-01
  0.00000000  0.00000000  0.01750000    0.8862D+01  0.906997138717129E+00  0.179110968573400E-01    0.110210951959093E+01 -0.217641153540022E-01
  0.00000000  0.00000000  0.01750000    0.9132D+01  0.921140769440821E+00  0.214302838566344E-01    0.108502312411907E+01 -0.252429968494385E-01
  0.00000000  0.00000000  0.01750000    0.9410D+01  0.922692280039144E+00  0.161745272192970E-01    0.108345200813482E+01 -0.189925984810832E-01
  0.00000000  0.00000000  0.01750000    0.9697D+01  0.930578370328889E+00  0.924517824738154E-02    0.107449446485553E+01 -0.106749664188985E-01
  0.00000000  0.00000000  0.01750000    0.9992D+01  0.938289838334446E+00  0.114800775777401E-01    0.106560924320711E+01 -0.130378442564078E-01
  0.00000000  0.00000000  0.01750000    0.1030D+02  0.940437220390772E+00  0.115142640568207E-01    0.106317582604250E+01 -0.130170169092151E-01
  0.00000000  0.00000000  0.01750000    0.1061D+02  0.944770346916470E+00  0.588463244550436E-02    0.105841722153738E+01 -0.659249768270948E-02
  0.00000000  0.00000000  0.01750000    0.1093D+02  0.950855169351720E+00  0.774430897342448E-02    0.105161511717770E+01 -0.856495568520764E-02
  0.00000000  0.00000000  0.01750000    0.1127D+02  0.953429207434356E+00  0.862815713857002E-02    0.104875968091797E+01 -0.949086020964997E-02
  0.00000000  0.00000000  0.01750000    0.1161D+02  0.954508245436271E+00  0.882108674583049E-02    0.104757041835452E+01 -0.968112069943155E-02
  0.00000000  0.00000000  0.01750000    0.1196D+02  0.955197934617875E+00  0.634938520358355E-02    0.104685718062718E+01 -0.695866191921624E-02
  0.00000000  0.00000000  0.01750000    0.1233D+02  0.958251149763137E+00  0.297865387224369E-02    0.104355767068092E+01 -0.324382297631645E-02
  0.00000000  0.00000000  0.01750000    0.1270D+02  0.961715840603514E+00  0.275296907243517E-02    0.103979966181195E+01 -0.297648867746682E-02
  0.00000000  0.00000000  0.01750000    0.1309D+02  0.964358181244475E+00  0.127734399431463E-02    0.103695728932445E+01 -0.137350539627307E-02
  0.00000000  0.00000000  0.01750000    0.1349D+02  0.967343047406696E+00  0.759693919209502E-03    0.103375879520831E+01 -0.811852912732948E-03
  0.00000000  0.00000000  0.01750000    0.1390D+02  0.969874174373137E+00  0.510468535367503E-03    0.103106129579019E+01 -0.542672816168466E-03
  0.00000000  0.00000000  0.01750000    0.1432D+02  0.972108739192223E+00  0.287697913892736E-03    0.102869141290010E+01 -0.304443691944024E-03
  0.00000000  0.00000000  0.01750000    0.1476D+02  0.974143725069349E+00  0.143992819265020E-03    0.102654254440700E+01 -0.151738138080320E-03
  0.00000000  0.00000000  0.01750000    0.1521D+02  0.976025929170508E+00  0.119876156996991E-04    0.102456294444864E+01 -0.125837505655619E-04
  0.00000000  0.00000000  0.01750000    0.1567D+02  0.977752360763405E+00 -0.246560962519736E-19    0.102275385888020E+01  0.257909043215592E-19
  0.00000000  0.00000000  0.01750000    0.1615D+02  0.979292676006632E+00 -0.226459719116415E-19    0.102114518417294E+01  0.236138038454315E-19
  0.00000000  0.00000000  0.01750000    0.1664D+02  0.980692739999478E+00 -0.205671458151638E-19    0.101968736915553E+01  0.213849434709936E-19
