 q(1:3)   w(Ry)   eps    epsi  --- NO LFC
  0.00000000  0.00000000  0.03000000    0.0000D+00  0.172595329310832E+01  0.211584651956149E-17    0.579389954521349E+00 -0.710274271985154E-18
  0.00000000  0.00000000  0.03000000    0.1015D-04  0.172595329313126E+01  0.211584651964779E-17    0.579389954513647E+00 -0.710274271995239E-18
  0.00000000  0.00000000  0.03000000    0.3076D-04  0.172595329331904E+01  0.211584652035285E-17    0.579389954450610E+00 -0.710274272077368E-18
  0.00000000  0.00000000  0.03000000    0.5200D-04  0.172595329371046E+01  0.211584652182383E-17    0.579389954319215E+00 -0.710274272249010E-18
  0.00000000  0.00000000  0.03000000    0.7389D-04  0.172595329432396E+01  0.211584652412887E-17    0.579389954113265E+00 -0.710274272517851E-18
  0.00000000  0.00000000  0.03000000    0.9644D-04  0.172595329517931E+01  0.211584652734301E-17    0.579389953826131E+00 -0.710274272892814E-18
  0.00000000  0.00000000  0.03000000    0.1197D-03  0.172595329629768E+01  0.211584653154466E-17    0.579389953450704E+00 -0.710274273382809E-18
  0.00000000  0.00000000  0.03000000    0.1436D-03  0.172595329770170E+01  0.211584653682021E-17    0.579389952979382E+00 -0.710274273998185E-18
  0.00000000  0.00000000  0.03000000    0.1683D-03  0.172595329941566E+01  0.211584654326081E-17    0.579389952404018E+00 -0.710274274749569E-18
  0.00000000  0.00000000  0.03000000    0.1937D-03  0.172595330146551E+01  0.211584655096184E-17    0.579389951715898E+00 -0.710274275647617E-18
  0.00000000  0.00000000  0.03000000    0.2199D-03  0.172595330387902E+01  0.211584656003077E-17    0.579389950905702E+00 -0.710274276705550E-18
  0.00000000  0.00000000  0.03000000    0.2469D-03  0.172595330668591E+01  0.211584657057703E-17    0.579389949963450E+00 -0.710274277935639E-18
  0.00000000  0.00000000  0.03000000    0.2748D-03  0.172595330991791E+01  0.211584658272050E-17    0.579389948878491E+00 -0.710274279352012E-18
  0.00000000  0.00000000  0.03000000    0.3034D-03  0.172595331360898E+01  0.211584659658914E-17    0.579389947639424E+00 -0.710274280969668E-18
  0.00000000  0.00000000  0.03000000    0.3330D-03  0.172595331779541E+01  0.211584661231906E-17    0.579389946234072E+00 -0.710274282804444E-18
  0.00000000  0.00000000  0.03000000    0.3634D-03  0.172595332251596E+01  0.211584663005558E-17    0.579389944649418E+00 -0.710274284873208E-18
  0.00000000  0.00000000  0.03000000    0.3948D-03  0.172595332781204E+01  0.211584664995445E-17    0.579389942871561E+00 -0.710274287194161E-18
  0.00000000  0.00000000  0.03000000    0.4271D-03  0.172595333372788E+01  0.211584667218255E-17    0.579389940885658E+00 -0.710274289786936E-18
  0.00000000  0.00000000  0.03000000    0.4604D-03  0.172595334031071E+01  0.211584669691632E-17    0.579389938675851E+00 -0.710274292671876E-18
  0.00000000  0.00000000  0.03000000    0.4948D-03  0.172595334761092E+01  0.211584672434582E-17    0.579389936225222E+00 -0.710274295871306E-18
  0.00000000  0.00000000  0.03000000    0.5301D-03  0.172595335568236E+01  0.211584675467227E-17    0.579389933515700E+00 -0.710274299408465E-18
  0.00000000  0.00000000  0.03000000    0.5666D-03  0.172595336458241E+01  0.211584678811318E-17    0.579389930528016E+00 -0.710274303309131E-18
  0.00000000  0.00000000  0.03000000    0.6041D-03  0.172595337437241E+01  0.211584682489701E-17    0.579389927241586E+00 -0.710274307599521E-18
  0.00000000  0.00000000  0.03000000    0.6428D-03  0.172595338511768E+01  0.211584686527057E-17    0.579389923634479E+00 -0.710274312308721E-18
  0.00000000  0.00000000  0.03000000    0.6827D-03  0.172595339688795E+01  0.211584690949608E-17    0.579389919683284E+00 -0.710274317467360E-18
  0.00000000  0.00000000  0.03000000    0.7238D-03  0.172595340975762E+01  0.211584695785117E-17    0.579389915363029E+00 -0.710274323107403E-18
  0.00000000  0.00000000  0.03000000    0.7662D-03  0.172595342380596E+01  0.211584701063532E-17    0.579389910647106E+00 -0.710274329264153E-18
  0.00000000  0.00000000  0.03000000    0.8098D-03  0.172595343911751E+01  0.211584706816609E-17    0.579389905507130E+00 -0.710274335974614E-18
  0.00000000  0.00000000  0.03000000    0.8548D-03  0.172595345578241E+01  0.211584713078155E-17    0.579389899912846E+00 -0.710274343278095E-18
  0.00000000  0.00000000  0.03000000    0.9011D-03  0.172595347389673E+01  0.211584719884285E-17    0.579389893832001E+00 -0.710274351216751E-18
  0.00000000  0.00000000  0.03000000    0.9488D-03  0.172595349356285E+01  0.211584727273467E-17    0.579389887230230E+00 -0.710274359835461E-18
  0.00000000  0.00000000  0.03000000    0.9980D-03  0.172595351488987E+01  0.211584735286733E-17    0.579389880070906E+00 -0.710274369182167E-18
  0.00000000  0.00000000  0.03000000    0.1049D-02  0.172595353799405E+01  0.211584743967752E-17    0.579389872315001E+00 -0.710274379307772E-18
  0.00000000  0.00000000  0.03000000    0.1101D-02  0.172595356299925E+01  0.211584753362994E-17    0.579389863920940E+00 -0.710274390266339E-18
  0.00000000  0.00000000  0.03000000    0.1155D-02  0.172595359003738E+01  0.211584763522173E-17    0.579389854844442E+00 -0.710274402116182E-18
  0.00000000  0.00000000  0.03000000    0.1210D-02  0.172595361924899E+01  0.211584774497897E-17    0.579389845038319E+00 -0.710274414918206E-18
  0.00000000  0.00000000  0.03000000    0.1267D-02  0.172595365078377E+01  0.211584786346530E-17    0.579389834452328E+00 -0.710274428738440E-18
  0.00000000  0.00000000  0.03000000    0.1326D-02  0.172595368480108E+01  0.211584799127951E-17    0.579389823032969E+00 -0.710274443646724E-18
  0.00000000  0.00000000  0.03000000    0.1387D-02  0.172595372147068E+01  0.211584812905995E-17    0.579389810723258E+00 -0.710274459717620E-18
  0.00000000  0.00000000  0.03000000    0.1450D-02  0.172595376097329E+01  0.211584827748391E-17    0.579389797462528E+00 -0.710274477029757E-18
  0.00000000  0.00000000  0.03000000    0.1514D-02  0.172595380350130E+01  0.211584843727522E-17    0.579389783186191E+00 -0.710274495667756E-18
  0.00000000  0.00000000  0.03000000    0.1580D-02  0.172595384925955E+01  0.211584860920404E-17    0.579389767825489E+00 -0.710274515721573E-18
  0.00000000  0.00000000  0.03000000    0.1649D-02  0.172595389846606E+01  0.211584879408884E-17    0.579389751307232E+00 -0.710274537286515E-18
  0.00000000  0.00000000  0.03000000    0.1719D-02  0.172595395135292E+01  0.211584899280252E-17    0.579389733553512E+00 -0.710274560464591E-18
  0.00000000  0.00000000  0.03000000    0.1792D-02  0.172595400816712E+01  0.211584920627170E-17    0.579389714481415E+00 -0.710274585363568E-18
  0.00000000  0.00000000  0.03000000    0.1867D-02  0.172595406917152E+01  0.211584943548508E-17    0.579389694002698E+00 -0.710274612098992E-18
  0.00000000  0.00000000  0.03000000    0.1944D-02  0.172595413464586E+01  0.211584968149382E-17    0.579389672023459E+00 -0.710274640793500E-18
  0.00000000  0.00000000  0.03000000    0.2024D-02  0.172595420488778E+01  0.211584994541557E-17    0.579389648443783E+00 -0.710274671577297E-18
  0.00000000  0.00000000  0.03000000    0.2106D-02  0.172595428021399E+01  0.211585022844087E-17    0.579389623157350E+00 -0.710274704589366E-18
  0.00000000  0.00000000  0.03000000    0.2190D-02  0.172595436096146E+01  0.211585053183539E-17    0.579389596051046E+00 -0.710274739977248E-18
  0.00000000  0.00000000  0.03000000    0.2277D-02  0.172595444748865E+01  0.211585085694590E-17    0.579389567004534E+00 -0.710274777897992E-18
  0.00000000  0.00000000  0.03000000    0.2367D-02  0.172595454017693E+01  0.211585120520613E-17    0.579389535889798E+00 -0.710274818519022E-18
  0.00000000  0.00000000  0.03000000    0.2459D-02  0.172595463943196E+01  0.211585157813964E-17    0.579389502570657E+00 -0.710274862017887E-18
  0.00000000  0.00000000  0.03000000    0.2554D-02  0.172595474568527E+01  0.211585197736750E-17    0.579389466902253E+00 -0.710274908583599E-18
  0.00000000  0.00000000  0.03000000    0.2652D-02  0.172595485939579E+01  0.211585240461462E-17    0.579389428730524E+00 -0.710274958417467E-18
  0.00000000  0.00000000  0.03000000    0.2753D-02  0.172595498105168E+01  0.211585286171560E-17    0.579389387891605E+00 -0.710275011733574E-18
  0.00000000  0.00000000  0.03000000    0.2858D-02  0.172595511117211E+01  0.211585335062011E-17    0.579389344211214E+00 -0.710275068759099E-18
  0.00000000  0.00000000  0.03000000    0.2965D-02  0.172595525030915E+01  0.211585387340348E-17    0.579389297504024E+00 -0.710275129736317E-18
  0.00000000  0.00000000  0.03000000    0.3075D-02  0.172595539904995E+01  0.211585443227009E-17    0.579389247572937E+00 -0.710275194921970E-18
  0.00000000  0.00000000  0.03000000    0.3189D-02  0.172595555801883E+01  0.211585502956767E-17    0.579389194208376E+00 -0.710275264590314E-18
  0.00000000  0.00000000  0.03000000    0.3307D-02  0.172595572787964E+01  0.211585566778911E-17    0.579389137187496E+00 -0.710275339031809E-18
  0.00000000  0.00000000  0.03000000    0.3428D-02  0.172595590933825E+01  0.211585634958787E-17    0.579389076273341E+00 -0.710275418556219E-18
  0.00000000  0.00000000  0.03000000    0.3553D-02  0.172595610314518E+01  0.211585707778258E-17    0.579389011213969E+00 -0.710275503491997E-18
  0.00000000  0.00000000  0.03000000    0.3681D-02  0.172595631009834E+01  0.211585785537206E-17    0.579388941741534E+00 -0.710275594189100E-18
  0.00000000  0.00000000  0.03000000    0.3813D-02  0.172595653104607E+01  0.211585868554300E-17    0.579388867571258E+00 -0.710275691019040E-18
  0.00000000  0.00000000  0.03000000    0.3950D-02  0.172595676689021E+01  0.211585957168473E-17    0.579388788400405E+00 -0.710275794377298E-18
  0.00000000  0.00000000  0.03000000    0.4090D-02  0.172595701858951E+01  0.211586051739917E-17    0.579388703907135E+00 -0.710275904683895E-18
  0.00000000  0.00000000  0.03000000    0.4235D-02  0.172595728716315E+01  0.211586152651539E-17    0.579388613749323E+00 -0.710276022385364E-18
  0.00000000  0.00000000  0.03000000    0.4385D-02  0.172595757369448E+01  0.211586260310447E-17    0.579388517563302E+00 -0.710276147956654E-18
  0.00000000  0.00000000  0.03000000    0.4538D-02  0.172595787933513E+01  0.211586375149265E-17    0.579388414962488E+00 -0.710276281902169E-18
  0.00000000  0.00000000  0.03000000    0.4697D-02  0.172595820530913E+01  0.211586497627995E-17    0.579388305535994E+00 -0.710276424758635E-18
  0.00000000  0.00000000  0.03000000    0.4860D-02  0.172595855291751E+01  0.211586628235324E-17    0.579388188847077E+00 -0.710276577095668E-18
  0.00000000  0.00000000  0.03000000    0.5029D-02  0.172595892354314E+01  0.211586767490975E-17    0.579388064431539E+00 -0.710276739519741E-18
  0.00000000  0.00000000  0.03000000    0.5202D-02  0.172595931865571E+01  0.211586915947112E-17    0.579387931796021E+00 -0.710276912674731E-18
  0.00000000  0.00000000  0.03000000    0.5381D-02  0.172595973981727E+01  0.211587074190521E-17    0.579387790416174E+00 -0.710277097244738E-18
  0.00000000  0.00000000  0.03000000    0.5565D-02  0.172596018868788E+01  0.211587242845097E-17    0.579387639734741E+00 -0.710277293957742E-18
  0.00000000  0.00000000  0.03000000    0.5755D-02  0.172596066703179E+01  0.211587422573591E-17    0.579387479159502E+00 -0.710277503586422E-18
  0.00000000  0.00000000  0.03000000    0.5950D-02  0.172596117672388E+01  0.211587614080543E-17    0.579387308061091E+00 -0.710277726952645E-18
  0.00000000  0.00000000  0.03000000    0.6152D-02  0.172596171975661E+01  0.211587818114437E-17    0.579387125770678E+00 -0.710277964929024E-18
  0.00000000  0.00000000  0.03000000    0.6360D-02  0.172596229824727E+01  0.211588035470881E-17    0.579386931577539E+00 -0.710278218443625E-18
  0.00000000  0.00000000  0.03000000    0.6574D-02  0.172596291444578E+01  0.211588266995287E-17    0.579386724726415E+00 -0.710278488482484E-18
  0.00000000  0.00000000  0.03000000    0.6794D-02  0.172596357074300E+01  0.211588513585718E-17    0.579386504414757E+00 -0.710278776092416E-18
  0.00000000  0.00000000  0.03000000    0.7021D-02  0.172596426967938E+01  0.211588776196884E-17    0.579386269789793E+00 -0.710279082387221E-18
  0.00000000  0.00000000  0.03000000    0.7255D-02  0.172596501395440E+01  0.211589055842938E-17    0.579386019945373E+00 -0.710279408549343E-18
  0.00000000  0.00000000  0.03000000    0.7497D-02  0.172596580643635E+01  0.211589353601616E-17    0.579385753918686E+00 -0.710279755835709E-18
  0.00000000  0.00000000  0.03000000    0.7745D-02  0.172596665017294E+01  0.211589670617907E-17    0.579385470686701E+00 -0.710280125581316E-18
  0.00000000  0.00000000  0.03000000    0.8001D-02  0.172596754840236E+01  0.211590008108567E-17    0.579385169162451E+00 -0.710280519205266E-18
  0.00000000  0.00000000  0.03000000    0.8265D-02  0.172596850456517E+01  0.211590367366083E-17    0.579384848191036E+00 -0.710280938214273E-18
  0.00000000  0.00000000  0.03000000    0.8537D-02  0.172596952231692E+01  0.211590749764111E-17    0.579384506545408E+00 -0.710281384210577E-18
  0.00000000  0.00000000  0.03000000    0.8818D-02  0.172597060554140E+01  0.211591156761697E-17    0.579384142921900E+00 -0.710281858895124E-18
  0.00000000  0.00000000  0.03000000    0.9107D-02  0.172597175836501E+01  0.211591589909220E-17    0.579383755935430E+00 -0.710282364075781E-18
  0.00000000  0.00000000  0.03000000    0.9404D-02  0.172597298517165E+01  0.211592050853783E-17    0.579383344114480E+00 -0.710282901673075E-18
  0.00000000  0.00000000  0.03000000    0.9711D-02  0.172597429061883E+01  0.211592541345243E-17    0.579382905895696E+00 -0.710283473727222E-18
  0.00000000  0.00000000  0.03000000    0.1003D-01  0.172597567965467E+01  0.211593063242667E-17    0.579382439618196E+00 -0.710284082405796E-18
  0.00000000  0.00000000  0.03000000    0.1035D-01  0.172597715753593E+01  0.211593618520983E-17    0.579381943517514E+00 -0.710284730011201E-18
  0.00000000  0.00000000  0.03000000    0.1069D-01  0.172597872984720E+01  0.211594209278326E-17    0.579381415719142E+00 -0.710285418989502E-18
  0.00000000  0.00000000  0.03000000    0.1103D-01  0.172598040252129E+01  0.211594837743777E-17    0.579380854231725E+00 -0.710286151939669E-18
  0.00000000  0.00000000  0.03000000    0.1139D-01  0.172598218186077E+01  0.211595506285150E-17    0.579380256939794E+00 -0.710286931621900E-18
  0.00000000  0.00000000  0.03000000    0.1176D-01  0.172598407456108E+01  0.211596217417900E-17    0.579379621596045E+00 -0.710287760968553E-18
  0.00000000  0.00000000  0.03000000    0.1214D-01  0.172598608773485E+01  0.211596973814201E-17    0.579378945813163E+00 -0.710288643094561E-18
  0.00000000  0.00000000  0.03000000    0.1253D-01  0.172598822893778E+01  0.211597778312721E-17    0.579378227055134E+00 -0.710289581308896E-18
  0.00000000  0.00000000  0.03000000    0.1293D-01  0.172599050619624E+01  0.211598633928902E-17    0.579377462628004E+00 -0.710290579126399E-18
  0.00000000  0.00000000  0.03000000    0.1334D-01  0.172599292803649E+01  0.211599543865874E-17    0.579376649670060E+00 -0.710291640280294E-18
  0.00000000  0.00000000  0.03000000    0.1377D-01  0.172599550351567E+01  0.211600511526427E-17    0.579375785141449E+00 -0.710292768736886E-18
  0.00000000  0.00000000  0.03000000    0.1421D-01  0.172599824225482E+01  0.211601540524824E-17    0.579374865813082E+00 -0.710293968707947E-18
  0.00000000  0.00000000  0.03000000    0.1466D-01  0.172600115447387E+01  0.211602634700603E-17    0.579373888254917E+00 -0.710295244668270E-18
  0.00000000  0.00000000  0.03000000    0.1513D-01  0.172600425102889E+01  0.211603798132061E-17    0.579372848823453E+00 -0.710296601370208E-18
  0.00000000  0.00000000  0.03000000    0.1561D-01  0.172600754345152E+01  0.211605035151348E-17    0.579371743648517E+00 -0.710298043861859E-18
  0.00000000  0.00000000  0.03000000    0.1610D-01  0.172601104399097E+01  0.211606350360083E-17    0.579370568619161E+00 -0.710299577504836E-18
  0.00000000  0.00000000  0.03000000    0.1662D-01  0.172601476565858E+01  0.211607748646144E-17    0.579369319368737E+00 -0.710301207993945E-18
  0.00000000  0.00000000  0.03000000    0.1714D-01  0.172601872227516E+01  0.211609235201490E-17    0.579367991259009E+00 -0.710302941377931E-18
  0.00000000  0.00000000  0.03000000    0.1768D-01  0.172602292852125E+01  0.211610815540832E-17    0.579366579363311E+00 -0.710304784080759E-18
  0.00000000  0.00000000  0.03000000    0.1824D-01  0.172602739999052E+01  0.211612495522056E-17    0.579365078448635E+00 -0.710306742926102E-18
  0.00000000  0.00000000  0.03000000    0.1882D-01  0.172603215324649E+01  0.211614281367099E-17    0.579363482956620E+00 -0.710308825160666E-18
  0.00000000  0.00000000  0.03000000    0.1941D-01  0.172603720588280E+01  0.211616179684753E-17    0.579361786983347E+00 -0.710311038481015E-18
  0.00000000  0.00000000  0.03000000    0.2002D-01  0.172604257658715E+01  0.211618197494886E-17    0.579359984257903E+00 -0.710313391062128E-18
  0.00000000  0.00000000  0.03000000    0.2065D-01  0.172604828520935E+01  0.211620342253432E-17    0.579358068119579E+00 -0.710315891585168E-18
  0.00000000  0.00000000  0.03000000    0.2130D-01  0.172605435283343E+01  0.211622621880047E-17    0.579356031493698E+00 -0.710318549270780E-18
  0.00000000  0.00000000  0.03000000    0.2197D-01  0.172606080185442E+01  0.211625044786644E-17    0.579353866865893E+00 -0.710321373911550E-18
  0.00000000  0.00000000  0.03000000    0.2266D-01  0.172606765605977E+01  0.211627619907807E-17    0.579351566254812E+00 -0.710324375906854E-18
  0.00000000  0.00000000  0.03000000    0.2337D-01  0.172607494071593E+01  0.211630356733555E-17    0.579349121183130E+00 -0.710327566301394E-18
  0.00000000  0.00000000  0.03000000    0.2410D-01  0.172608268266028E+01  0.211633265343630E-17    0.579346522646747E+00 -0.710330956824390E-18
  0.00000000  0.00000000  0.03000000    0.2486D-01  0.172609091039876E+01  0.211636356444435E-17    0.579343761082075E+00 -0.710334559932886E-18
  0.00000000  0.00000000  0.03000000    0.2564D-01  0.172609965420970E+01  0.211639641407514E-17    0.579340826331290E+00 -0.710338388855222E-18
  0.00000000  0.00000000  0.03000000    0.2644D-01  0.172610894625402E+01  0.211643132311059E-17    0.579337707605413E+00 -0.710342457639252E-18
  0.00000000  0.00000000  0.03000000    0.2726D-01  0.172611882069236E+01  0.211646841984143E-17    0.579334393445113E+00 -0.710346781204065E-18
  0.00000000  0.00000000  0.03000000    0.2811D-01  0.172612931380944E+01  0.211650784052980E-17    0.579330871679060E+00 -0.710351375392411E-18
  0.00000000  0.00000000  0.03000000    0.2899D-01  0.172614046414636E+01  0.211654972990719E-17    0.579327129379670E+00 -0.710356257028502E-18
  0.00000000  0.00000000  0.03000000    0.2989D-01  0.172615231264099E+01  0.211659424169886E-17    0.579323152816113E+00 -0.710361443977882E-18
  0.00000000  0.00000000  0.03000000    0.3082D-01  0.172616490277727E+01  0.211664153918667E-17    0.579318927404373E+00 -0.710366955212844E-18
  0.00000000  0.00000000  0.03000000    0.3178D-01  0.172617828074376E+01  0.211669179579938E-17    0.579314437654219E+00 -0.710372810879340E-18
  0.00000000  0.00000000  0.03000000    0.3277D-01  0.172619249560221E+01  0.211674519574801E-17    0.579309667112842E+00 -0.710379032370715E-18
  0.00000000  0.00000000  0.03000000    0.3379D-01  0.172620759946658E+01  0.211680193469309E-17    0.579304598304984E+00 -0.710385642403340E-18
  0.00000000  0.00000000  0.03000000    0.3484D-01  0.172622364769344E+01  0.211686222046228E-17    0.579299212669337E+00 -0.710392665099813E-18
  0.00000000  0.00000000  0.03000000    0.3592D-01  0.172624069908417E+01  0.211692627380266E-17    0.579293490490947E+00 -0.710400126073812E-18
  0.00000000  0.00000000  0.03000000    0.3703D-01  0.172625881609999E+01  0.211699432918886E-17    0.579287410829406E+00 -0.710408052523057E-18
  0.00000000  0.00000000  0.03000000    0.3818D-01  0.172627806509040E+01  0.211706663567874E-17    0.579280951442567E+00 -0.710416473327009E-18
  0.00000000  0.00000000  0.03000000    0.3936D-01  0.172629851653611E+01  0.211714345781985E-17    0.579274088705435E+00 -0.710425419149467E-18
  0.00000000  0.00000000  0.03000000    0.4058D-01  0.172632024530720E+01  0.211722507661926E-17    0.579266797524030E+00 -0.710434922549704E-18
  0.00000000  0.00000000  0.03000000    0.4184D-01  0.172634333093759E+01  0.211731179056498E-17    0.579259051243816E+00 -0.710445018097246E-18
  0.00000000  0.00000000  0.03000000    0.4313D-01  0.172636785791683E+01  0.211740391672510E-17    0.579250821552410E+00 -0.710455742498184E-18
  0.00000000  0.00000000  0.03000000    0.4447D-01  0.172639391600040E+01  0.211750179189855E-17    0.579242078376143E+00 -0.710467134723291E-18
  0.00000000  0.00000000  0.03000000    0.4584D-01  0.172642160053956E+01  0.211760577385738E-17    0.579232789770164E+00 -0.710479236150356E-18
  0.00000000  0.00000000  0.03000000    0.4726D-01  0.172645101283223E+01  0.211771624264821E-17    0.579222921801592E+00 -0.710492090708737E-18
  0.00000000  0.00000000  0.03000000    0.4872D-01  0.172648226049598E+01  0.211783360199703E-17    0.579212438425357E+00 -0.710505745039891E-18
  0.00000000  0.00000000  0.03000000    0.5022D-01  0.172651545786505E+01  0.211795828077784E-17    0.579201301352128E+00 -0.710520248659091E-18
  0.00000000  0.00000000  0.03000000    0.5177D-01  0.172655072641221E+01  0.211809073459950E-17    0.579189469908024E+00 -0.710535654135708E-18
  0.00000000  0.00000000  0.03000000    0.5337D-01  0.172658819519798E+01  0.211823144747514E-17    0.579176900885351E+00 -0.710552017278136E-18
  0.00000000  0.00000000  0.03000000    0.5501D-01  0.172662800134835E+01  0.211838093360605E-17    0.579163548383952E+00 -0.710569397332889E-18
  0.00000000  0.00000000  0.03000000    0.5671D-01  0.172667029056305E+01  0.211853973927343E-17    0.579149363642499E+00 -0.710587857193892E-18
  0.00000000  0.00000000  0.03000000    0.5846D-01  0.172671521765667E+01  0.211870844485952E-17    0.579134294859059E+00 -0.710607463627292E-18
  0.00000000  0.00000000  0.03000000    0.6026D-01  0.172676294713433E+01  0.211888766698585E-17    0.579118287000287E+00 -0.710628287505999E-18
  0.00000000  0.00000000  0.03000000    0.6211D-01  0.172681365380471E+01  0.211907806079935E-17    0.579101281598443E+00 -0.710650404061970E-18
  0.00000000  0.00000000  0.03000000    0.6403D-01  0.172686752343254E+01  0.211928032239447E-17    0.579083216535495E+00 -0.710673893150271E-18
  0.00000000  0.00000000  0.03000000    0.6600D-01  0.172692475343346E+01  0.211949519140264E-17    0.579064025813406E+00 -0.710698839532884E-18
  0.00000000  0.00000000  0.03000000    0.6803D-01  0.172698555361399E+01  0.211972345373527E-17    0.579043639309745E+00 -0.710725333175218E-18
  0.00000000  0.00000000  0.03000000    0.7012D-01  0.172705014695984E+01  0.211996594451288E-17    0.579021982517600E+00 -0.710753469563376E-18
  0.00000000  0.00000000  0.03000000    0.7227D-01  0.172711877047567E+01  0.212022355117932E-17    0.578998976268775E+00 -0.710783350038905E-18
  0.00000000  0.00000000  0.03000000    0.7450D-01  0.172719167607986E+01  0.212049721681977E-17    0.578974536439210E+00 -0.710815082154259E-18
  0.00000000  0.00000000  0.03000000    0.7678D-01  0.172726913155839E+01  0.212078794369250E-17    0.578948573635292E+00 -0.710848780048490E-18
  0.00000000  0.00000000  0.03000000    0.7914D-01  0.172735142158152E+01  0.212109679699148E-17    0.578920992859940E+00 -0.710884564845566E-18
  0.00000000  0.00000000  0.03000000    0.8157D-01  0.172743884878806E+01  0.212142490885153E-17    0.578891693156944E+00 -0.710922565074864E-18
  0.00000000  0.00000000  0.03000000    0.8408D-01  0.172753173494171E+01  0.212177348262589E-17    0.578860567232209E+00 -0.710962917119740E-18
  0.00000000  0.00000000  0.03000000    0.8666D-01  0.172763042216473E+01  0.212214379742906E-17    0.578827501050249E+00 -0.711005765686858E-18
  0.00000000  0.00000000  0.03000000    0.8932D-01  0.172773527425453E+01  0.212253721299743E-17    0.578792373404237E+00 -0.711051264308801E-18
  0.00000000  0.00000000  0.03000000    0.9206D-01  0.172784667808903E+01  0.212295517485587E-17    0.578755055457806E+00 -0.711099575870375E-18
  0.00000000  0.00000000  0.03000000    0.9488D-01  0.172796504512737E+01  0.212339921983764E-17    0.578715410256628E+00 -0.711150873168481E-18
  0.00000000  0.00000000  0.03000000    0.9779D-01  0.172809081301293E+01  0.212387098197017E-17    0.578673292207656E+00 -0.711205339503061E-18
  0.00000000  0.00000000  0.03000000    0.1008D+00  0.172822444728613E+01  0.212437219875479E-17    0.578628546523757E+00 -0.711263169301439E-18
  0.00000000  0.00000000  0.03000000    0.1039D+00  0.172836644321543E+01  0.212490471786936E-17    0.578581008631257E+00 -0.711324568777762E-18
  0.00000000  0.00000000  0.03000000    0.1071D+00  0.172851732775520E+01  0.212547050432511E-17    0.578530503537783E+00 -0.711389756629653E-18
  0.00000000  0.00000000  0.03000000    0.1103D+00  0.172867766164035E+01  0.212607164811203E-17    0.578476845157526E+00 -0.711458964774071E-18
  0.00000000  0.00000000  0.03000000    0.1137D+00  0.172884804162805E+01  0.212671037236480E-17    0.578419835590815E+00 -0.711532439122943E-18
  0.00000000  0.00000000  0.03000000    0.1172D+00  0.172902910289808E+01  0.212738904209063E-17    0.578359264354701E+00 -0.711610440401200E-18
  0.00000000  0.00000000  0.03000000    0.1208D+00  0.172922152162430E+01  0.212811017350196E-17    0.578294907560875E+00 -0.711693245009272E-18
  0.00000000  0.00000000  0.03000000    0.1245D+00  0.172942601773072E+01  0.212887644399666E-17    0.578226527037079E+00 -0.711781145930987E-18
  0.00000000  0.00000000  0.03000000    0.1283D+00  0.172964335784721E+01  0.212969070284336E-17    0.578153869387643E+00 -0.711874453691017E-18
  0.00000000  0.00000000  0.03000000    0.1322D+00  0.172987435848083E+01  0.213055598261078E-17    0.578076664988662E+00 -0.711973497359017E-18
  0.00000000  0.00000000  0.03000000    0.1363D+00  0.173011988942091E+01  0.213147551141860E-17    0.577994626912655E+00 -0.712078625607972E-18
  0.00000000  0.00000000  0.03000000    0.1405D+00  0.173038087739706E+01  0.213245272605991E-17    0.577907449777333E+00 -0.712190207823951E-18
  0.00000000  0.00000000  0.03000000    0.1448D+00  0.173065831001169E+01  0.213349128606696E-17    0.577814808512518E+00 -0.712308635269305E-18
  0.00000000  0.00000000  0.03000000    0.1492D+00  0.173095323997057E+01  0.213459508881025E-17    0.577716357038624E+00 -0.712434322304955E-18
  0.00000000  0.00000000  0.03000000    0.1537D+00  0.173126678963728E+01  0.213576828568983E-17    0.577611726849743E+00 -0.712567707664905E-18
  0.00000000  0.00000000  0.03000000    0.1585D+00  0.173160015594017E+01  0.213701529953963E-17    0.577500525493456E+00 -0.712709255793303E-18
  0.00000000  0.00000000  0.03000000    0.1633D+00  0.173195461566339E+01  0.213834084331544E-17    0.577382334938938E+00 -0.712859458234628E-18
  0.00000000  0.00000000  0.03000000    0.1683D+00  0.173233153115685E+01  0.213974994020505E-17    0.577256709824013E+00 -0.713018835086397E-18
  0.00000000  0.00000000  0.03000000    0.1734D+00  0.173273235650388E+01  0.214124794525699E-17    0.577123175570919E+00 -0.713187936505561E-18
  0.00000000  0.00000000  0.03000000    0.1787D+00  0.173315864418924E+01  0.214284056868094E-17    0.576981226359571E+00 -0.713367344273863E-18
  0.00000000  0.00000000  0.03000000    0.1842D+00  0.173361205231556E+01  0.214453390095286E-17    0.576830322945849E+00 -0.713557673415270E-18
  0.00000000  0.00000000  0.03000000    0.1898D+00  0.173409435242083E+01  0.214633443989598E-17    0.576669890311321E+00 -0.713759573865365E-18
  0.00000000  0.00000000  0.03000000    0.1956D+00  0.173460743795662E+01  0.214824911990967E-17    0.576499315129195E+00 -0.713973732185615E-18
  0.00000000  0.00000000  0.03000000    0.2016D+00  0.173515333349274E+01  0.215028534355425E-17    0.576317943029896E+00 -0.714200873319941E-18
  0.00000000  0.00000000  0.03000000    0.2078D+00  0.173573420472273E+01  0.215245101570439E-17    0.576125075647593E+00 -0.714441762382921E-18
  0.00000000  0.00000000  0.03000000    0.2141D+00  0.173635236935317E+01  0.215475458051585E-17    0.575919967427189E+00 -0.714697206469997E-18
  0.00000000  0.00000000  0.03000000    0.2207D+00  0.173701030896997E+01  0.215720506148399E-17    0.575701822168799E+00 -0.714968056478907E-18
  0.00000000  0.00000000  0.03000000    0.2274D+00  0.173771068198703E+01  0.215981210489098E-17    0.575469789284212E+00 -0.715255208924579E-18
  0.00000000  0.00000000  0.03000000    0.2343D+00  0.173845633779566E+01  0.216258602698147E-17    0.575222959736790E+00 -0.715559607728224E-18
  0.00000000  0.00000000  0.03000000    0.2415D+00  0.173925033224893E+01  0.216553786525084E-17    0.574960361632908E+00 -0.715882245958469E-18
  0.00000000  0.00000000  0.03000000    0.2489D+00  0.174009594463299E+01  0.216867943425508E-17    0.574680955429106E+00 -0.716224167489814E-18
  0.00000000  0.00000000  0.03000000    0.2565D+00  0.174099669629782E+01  0.217202338644002E-17    0.574383628714788E+00 -0.716586468549729E-18
  0.00000000  0.00000000  0.03000000    0.2643D+00  0.174195637114408E+01  0.217558327849446E-17    0.574067190525111E+00 -0.716970299100233E-18
  0.00000000  0.00000000  0.03000000    0.2724D+00  0.174297903819010E+01  0.217937364386465E-17    0.573730365133016E+00 -0.717376864012156E-18
  0.00000000  0.00000000  0.03000000    0.2807D+00  0.174406907647578E+01  0.218341007206448E-17    0.573371785262478E+00 -0.717807423952152E-18
  0.00000000  0.00000000  0.03000000    0.2893D+00  0.174523120259720E+01  0.218770929559203E-17    0.572989984657523E+00 -0.718263295917998E-18
  0.00000000  0.00000000  0.03000000    0.2981D+00  0.174647050121070E+01  0.219228928528521E-17    0.572583389932310E+00 -0.718745853314272E-18
  0.00000000  0.00000000  0.03000000    0.3072D+00  0.174779245889609E+01  0.219716935511717E-17    0.572150311617434E+00 -0.719256525457584E-18
  0.00000000  0.00000000  0.03000000    0.3166D+00  0.174920300183028E+01  0.220237027755139E-17    0.571688934305308E+00 -0.719796796370468E-18
  0.00000000  0.00000000  0.03000000    0.3262D+00  0.175070853779442E+01  0.220791441072246E-17    0.571197305783305E+00 -0.720368202689887E-18
  0.00000000  0.00000000  0.03000000    0.3362D+00  0.175231600312300E+01  0.221382583890146E-17    0.570673325026870E+00 -0.720972330484167E-18
  0.00000000  0.00000000  0.03000000    0.3464D+00  0.175403291530528E+01  0.222013052791726E-17    0.570114728905161E+00 -0.721610810728330E-18
  0.00000000  0.00000000  0.03000000    0.3570D+00  0.175586743207048E+01  0.222685649743943E-17    0.569519077428769E+00 -0.722285313130097E-18
  0.00000000  0.00000000  0.03000000    0.3679D+00  0.175782841793404E+01  0.223403401230891E-17    0.568883737341832E+00 -0.722997537930773E-18
  0.00000000  0.00000000  0.03000000    0.3791D+00  0.175992551935723E+01  0.224169579547655E-17    0.568205863828389E+00 -0.723749205235928E-18
  0.00000000  0.00000000  0.03000000    0.3907D+00  0.176216924988402E+01  0.224987726543674E-17    0.567482380064127E+00 -0.724542041308599E-18
  0.00000000  0.00000000  0.03000000    0.4026D+00  0.176457108687678E+01  0.225861680157309E-17    0.566709954298276E+00 -0.725377761154591E-18
  0.00000000  0.00000000  0.03000000    0.4149D+00  0.176714358178532E+01  0.226795604134598E-17    0.565884974094586E+00 -0.726258046563557E-18
  0.00000000  0.00000000  0.03000000    0.4276D+00  0.176990048626879E+01  0.227794021389062E-17    0.565003517292741E+00 -0.727184518573727E-18
  0.00000000  0.00000000  0.03000000    0.4406D+00  0.177285689696376E+01  0.228861851540425E-17    0.564061319169430E+00 -0.728158703099711E-18
  0.00000000  0.00000000  0.03000000    0.4540D+00  0.177602942227848E+01  0.230004453258246E-17    0.563053735178044E+00 -0.729181988148014E-18
  0.00000000  0.00000000  0.03000000    0.4679D+00  0.177943637532552E+01  0.231227672148126E-17    0.561975698522554E+00 -0.730255570668639E-18
  0.00000000  0.00000000  0.03000000    0.4822D+00  0.178309799802147E+01  0.232537895051395E-17    0.560821671668972E+00 -0.731380390611245E-18
  0.00000000  0.00000000  0.03000000    0.4969D+00  0.178703672254084E+01  0.233942111786147E-17    0.559585590708054E+00 -0.732557049131087E-18
  0.00000000  0.00000000  0.03000000    0.5120D+00  0.179127747778098E+01  0.235447985551960E-17    0.558260801246041E+00 -0.733785707107933E-18
  0.00000000  0.00000000  0.03000000    0.5276D+00  0.179584805037841E+01  0.237063933455401E-17    0.556839984200940E+00 -0.735065959127793E-18
  0.00000000  0.00000000  0.03000000    0.5437D+00  0.180077951224408E+01  0.238799218896573E-17    0.555315069502223E+00 -0.736396676755689E-18
  0.00000000  0.00000000  0.03000000    0.5603D+00  0.180610672974402E+01  0.240664057912502E-17    0.553677135205476E+00 -0.737775813231173E-18
  0.00000000  0.00000000  0.03000000    0.5774D+00  0.181186897379585E+01  0.242669741997078E-17    0.551916288905267E+00 -0.739200159446610E-18
  0.00000000  0.00000000  0.03000000    0.5950D+00  0.181811065564232E+01  0.244828780460291E-17    0.550021527510772E+00 -0.740665038123294E-18
  0.00000000  0.00000000  0.03000000    0.6131D+00  0.182488222041208E+01  0.247155066044089E-17    0.547980570370282E+00 -0.742163919105756E-18
  0.00000000  0.00000000  0.03000000    0.6318D+00  0.183224124052399E+01  0.249664068349782E-17    0.545779659295309E+00 -0.743687933381831E-18
  0.00000000  0.00000000  0.03000000    0.6511D+00  0.184025376461416E+01  0.252373060670216E-17    0.543403317101578E+00 -0.745225256170185E-18
  0.00000000  0.00000000  0.03000000    0.6709D+00  0.184899599656870E+01  0.255301387140389E-17    0.540834053646285E+00 -0.746760319464685E-18
  0.00000000  0.00000000  0.03000000    0.6914D+00  0.185855640585203E+01  0.258470778803029E-17    0.538052004691010E+00 -0.748272800605487E-18
  0.00000000  0.00000000  0.03000000    0.7125D+00  0.186903840835591E+01  0.261905729327851E-17    0.535034483790862E+00 -0.749736313958681E-18
  0.00000000  0.00000000  0.03000000    0.7342D+00  0.188056381230861E+01  0.265633943904922E-17    0.531755420079250E+00 -0.751116705021917E-18
  0.00000000  0.00000000  0.03000000    0.7565D+00  0.189327730576372E+01  0.269686878427883E-17    0.528184644138338E+00 -0.752369805931576E-18
  0.00000000  0.00000000  0.03000000    0.7796D+00  0.190735238628969E+01  0.274100390805690E-17    0.524286968254076E+00 -0.753438451781434E-18
  0.00000000  0.00000000  0.03000000    0.8034D+00  0.192299932585313E+01  0.278915532458677E-17    0.520020983135996E+00 -0.754248467230815E-18
  0.00000000  0.00000000  0.03000000    0.8279D+00  0.194047607021097E+01  0.284179516352490E-17    0.515337455252040E+00 -0.754703193922538E-18
  0.00000000  0.00000000  0.03000000    0.8531D+00  0.196010347510905E+01  0.289946909057447E-17    0.510177147634700E+00 -0.754675908220590E-18
  0.00000000  0.00000000  0.03000000    0.8791D+00  0.198228713735618E+01  0.296281109446292E-17    0.504467784285642E+00 -0.753999115422836E-18
  0.00000000  0.00000000  0.03000000    0.9059D+00  0.200754959682435E+01  0.303256197391727E-17    0.498119698552829E+00 -0.752449084535672E-18
  0.00000000  0.00000000  0.03000000    0.9335D+00  0.203657951542961E+01  0.310959264612391E-17    0.491019374605196E+00 -0.749722868568963E-18
  0.00000000  0.00000000  0.03000000    0.9619D+00  0.207031004535767E+01  0.319493380273294E-17    0.483019440611002E+00 -0.745402912788669E-18
  0.00000000  0.00000000  0.03000000    0.9913D+00  0.211005058318306E+01  0.328981401540349E-17    0.473922287915713E+00 -0.738899909520290E-18
  0.00000000  0.00000000  0.03000000    0.1021D+01  0.215772439412604E+01  0.339570922525825E-17    0.463451218664577E+00 -0.729354306305607E-18
  0.00000000  0.00000000  0.03000000    0.1053D+01  0.221634107843224E+01  0.351440777342751E-17    0.451194091798978E+00 -0.715449458106218E-18
  0.00000000  0.00000000  0.03000000    0.1085D+01  0.229108599771065E+01  0.364809696518159E-17    0.436474231434019E+00 -0.694998057980146E-18
  0.00000000  0.00000000  0.03000000    0.1118D+01  0.239259851341185E+01  0.379948003654554E-17    0.417955622054617E+00 -0.663719396821818E-18
  0.00000000  0.00000000  0.03000000    0.1152D+01  0.256272680749807E+01  0.397193977581128E-17    0.390209364913256E+00 -0.604780850170346E-18
  0.00000000  0.00000000  0.03000000    0.1187D+01  0.278900185619839E+01  0.123615636692342E+00    0.357848225227913E+00 -0.158607410398319E-01
  0.00000000  0.00000000  0.03000000    0.1223D+01  0.293677058265609E+01  0.403650700949801E+00    0.334196539065652E+00 -0.459343566179562E-01
  0.00000000  0.00000000  0.03000000    0.1260D+01  0.303869022216981E+01  0.613295240197470E+00    0.316208445970803E+00 -0.638199752673884E-01
  0.00000000  0.00000000  0.03000000    0.1299D+01  0.329800500186863E+01  0.908487763403625E+00    0.281828089009653E+00 -0.776340151405555E-01
  0.00000000  0.00000000  0.03000000    0.1338D+01  0.298197653595982E+01  0.204667938325908E+01    0.227961025279153E+00 -0.156461033478679E+00
  0.00000000  0.00000000  0.03000000    0.1379D+01  0.214662791534887E+01  0.206402415819901E+01    0.242058838190821E+00 -0.232744243265951E+00
  0.00000000  0.00000000  0.03000000    0.1421D+01  0.167846496480661E+01  0.177386632870942E+01    0.281440006161336E+00 -0.297436622717286E+00
  0.00000000  0.00000000  0.03000000    0.1464D+01  0.146284690649089E+01  0.150433338451381E+01    0.332243206879319E+00 -0.341665655967669E+00
  0.00000000  0.00000000  0.03000000    0.1509D+01  0.137332511201662E+01  0.125941412435715E+01    0.395526337645726E+00 -0.362719251128245E+00
  0.00000000  0.00000000  0.03000000    0.1555D+01  0.135999773506841E+01  0.105947058665658E+01    0.457592495519354E+00 -0.356475439022074E+00
  0.00000000  0.00000000  0.03000000    0.1602D+01  0.142255602016494E+01  0.849837182405017E+00    0.518067587223379E+00 -0.309494383616776E+00
  0.00000000  0.00000000  0.03000000    0.1651D+01  0.163546897029731E+01  0.648740770591762E+00    0.528316526446022E+00 -0.209567088527916E+00
  0.00000000  0.00000000  0.03000000    0.1701D+01  0.220987457702598E+01  0.550856902747861E+00    0.426041888332527E+00 -0.106199744314696E+00
  0.00000000  0.00000000  0.03000000    0.1753D+01  0.245141159150035E+01  0.160812146005925E+01    0.285197972393378E+00 -0.187089341243784E+00
  0.00000000  0.00000000  0.03000000    0.1807D+01  0.133698239758485E+01  0.248897941015060E+01    0.167488333866918E+00 -0.311802919162018E+00
  0.00000000  0.00000000  0.03000000    0.1862D+01  0.103441225017761E+01  0.665450662780086E+00    0.683758255746290E+00 -0.439870452413530E+00
  0.00000000  0.00000000  0.03000000    0.1919D+01  0.224861286233722E+01  0.852424330475340E+00    0.388839146482508E+00 -0.147404630941423E+00
  0.00000000  0.00000000  0.03000000    0.1977D+01  0.204445213836306E+01  0.276763816257415E+01    0.172679075379118E+00 -0.233761011045198E+00
  0.00000000  0.00000000  0.03000000    0.2037D+01  0.765554171506169E+00  0.273257400273892E+01    0.950640695008571E-01 -0.339322303477926E+00
  0.00000000  0.00000000  0.03000000    0.2099D+01  0.219626932767595E+00  0.210725532868596E+01    0.489281858144293E-01 -0.469451441957237E+00
  0.00000000  0.00000000  0.03000000    0.2163D+01 -0.527167579366105E+00  0.226854894702965E+01   -0.971877212086764E-01 -0.418225837934240E+00
  0.00000000  0.00000000  0.03000000    0.2229D+01 -0.754964817013274E+00  0.472293920283452E+00   -0.951996216058315E+00 -0.595553613684873E+00
  0.00000000  0.00000000  0.03000000    0.2297D+01 -0.526441828352195E-01  0.248394660113153E+00   -0.816551997926337E+00 -0.385279332047937E+01
  0.00000000  0.00000000  0.03000000    0.2367D+01  0.272543182512403E+00  0.224221082133057E+00    0.218813732948310E+01 -0.180017902245678E+01
  0.00000000  0.00000000  0.03000000    0.2439D+01  0.454724567501803E+00  0.216066620216769E+00    0.179407390858040E+01 -0.852470953957245E+00
  0.00000000  0.00000000  0.03000000    0.2513D+01  0.577021284943215E+00  0.222839992522262E+00    0.150811384094006E+01 -0.582418856647336E+00
  0.00000000  0.00000000  0.03000000    0.2590D+01  0.656741641482409E+00  0.235891887333424E+00    0.134867128704065E+01 -0.484422785456855E+00
  0.00000000  0.00000000  0.03000000    0.2669D+01  0.705570735158143E+00  0.242088859681966E+00    0.126801531149171E+01 -0.435069604678965E+00
  0.00000000  0.00000000  0.03000000    0.2750D+01  0.748645615794851E+00  0.228320234395032E+00    0.122207826030074E+01 -0.372706643776564E+00
  0.00000000  0.00000000  0.03000000    0.2834D+01  0.785106619488223E+00  0.233649274593175E+00    0.117008179942058E+01 -0.348218645548430E+00
  0.00000000  0.00000000  0.03000000    0.2920D+01  0.807640407514294E+00  0.224079406256353E+00    0.114967488452606E+01 -0.318976691997523E+00
  0.00000000  0.00000000  0.03000000    0.3009D+01  0.832621564275107E+00  0.203936791752309E+00    0.113305140966311E+01 -0.277522081209005E+00
  0.00000000  0.00000000  0.03000000    0.3101D+01  0.877361603717659E+00  0.170214425339339E+00    0.109843707625713E+01 -0.213104647974427E+00
  0.00000000  0.00000000  0.03000000    0.3195D+01  0.964477283129409E+00  0.150889522716628E+00    0.101206022813975E+01 -0.158333729011219E+00
  0.00000000  0.00000000  0.03000000    0.3293D+01  0.105349424072058E+01  0.223067066188610E+00    0.908490889886819E+00 -0.192364029752568E+00
  0.00000000  0.00000000  0.03000000    0.3393D+01  0.107562233260215E+01  0.345647714709509E+00    0.842676442391368E+00 -0.270791315616771E+00
  0.00000000  0.00000000  0.03000000    0.3496D+01  0.103033596376531E+01  0.455790329706492E+00    0.811711897779395E+00 -0.359077472326128E+00
  0.00000000  0.00000000  0.03000000    0.3603D+01  0.834579741297686E+00  0.594953861015078E+00    0.794464494940578E+00 -0.566356568839472E+00
  0.00000000  0.00000000  0.03000000    0.3713D+01  0.699643584186378E+00  0.341364124230933E+00    0.115446905223084E+01 -0.563278683423923E+00
  0.00000000  0.00000000  0.03000000    0.3826D+01  0.738217790220685E+00  0.268396069502851E+00    0.119645940038631E+01 -0.435000354417667E+00
  0.00000000  0.00000000  0.03000000    0.3942D+01  0.773936969722466E+00  0.201366586693735E+00    0.121017102948315E+01 -0.314868030674451E+00
  0.00000000  0.00000000  0.03000000    0.4062D+01  0.843026566691625E+00  0.166039663529989E+00    0.114190554053118E+01 -0.224905856142706E+00
  0.00000000  0.00000000  0.03000000    0.4186D+01  0.869052285528214E+00  0.235940387045816E+00    0.107168717365239E+01 -0.290954055071493E+00
  0.00000000  0.00000000  0.03000000    0.4313D+01  0.807222797275772E+00  0.253004063610671E+00    0.112800527507550E+01 -0.353545414390564E+00
  0.00000000  0.00000000  0.03000000    0.4445D+01  0.786039690539738E+00  0.143902420510371E+00    0.123094452119860E+01 -0.225352355925981E+00
  0.00000000  0.00000000  0.03000000    0.4580D+01  0.841446529038449E+00  0.930903926168792E-01    0.117405996983743E+01 -0.129887877335261E+00
  0.00000000  0.00000000  0.03000000    0.4720D+01  0.919275799162974E+00  0.744565269902971E-01    0.108072311282292E+01 -0.875329141615664E-01
  0.00000000  0.00000000  0.03000000    0.4863D+01  0.988233334222716E+00  0.133285582751774E+00    0.993828419833656E+00 -0.134040206402257E+00
  0.00000000  0.00000000  0.03000000    0.5012D+01  0.961054185256870E+00  0.249416673969877E+00    0.974864284033037E+00 -0.253000726728594E+00
  0.00000000  0.00000000  0.03000000    0.5164D+01  0.877082265404087E+00  0.235444204675290E+00    0.106350737196862E+01 -0.285488211580812E+00
  0.00000000  0.00000000  0.03000000    0.5322D+01  0.912635783694547E+00  0.133350725200528E+00    0.107282270832001E+01 -0.156756604027648E+00
  0.00000000  0.00000000  0.03000000    0.5484D+01  0.905810998052304E+00  0.291011288922695E+00    0.100069584258372E+01 -0.321495088485396E+00
  0.00000000  0.00000000  0.03000000    0.5651D+01  0.800132802086719E+00  0.235154645405558E+00    0.115042567688815E+01 -0.338103801529639E+00
  0.00000000  0.00000000  0.03000000    0.5823D+01  0.772729617011628E+00  0.156105222569355E+00    0.124337024434942E+01 -0.251183058675696E+00
  0.00000000  0.00000000  0.03000000    0.6000D+01  0.794216720935523E+00  0.891324987127849E-01    0.124344117885216E+01 -0.139547577319846E+00
  0.00000000  0.00000000  0.03000000    0.6183D+01  0.843883501658851E+00  0.590562391093437E-01    0.117922255202371E+01 -0.825237711823349E-01
  0.00000000  0.00000000  0.03000000    0.6371D+01  0.868572013942498E+00  0.893095097261928E-01    0.113926991450441E+01 -0.117143582658566E+00
  0.00000000  0.00000000  0.03000000    0.6565D+01  0.859795340910975E+00  0.872295458285866E-01    0.115121812566387E+01 -0.116795508736880E+00
  0.00000000  0.00000000  0.03000000    0.6765D+01  0.866450115028835E+00  0.651391987743525E-01    0.114764809382212E+01 -0.862794937755859E-01
  0.00000000  0.00000000  0.03000000    0.6971D+01  0.864852895849900E+00  0.795264515819930E-01    0.114657118190265E+01 -0.105431499415035E+00
  0.00000000  0.00000000  0.03000000    0.7184D+01  0.859246121764584E+00  0.459040737657520E-01    0.116049873230829E+01 -0.619980911913117E-01
  0.00000000  0.00000000  0.03000000    0.7402D+01  0.876273282251249E+00  0.287523165340097E-01    0.113996917167201E+01 -0.374047173716390E-01
  0.00000000  0.00000000  0.03000000    0.7628D+01  0.897592449924095E+00  0.207967825372749E-01    0.111349361466406E+01 -0.257991080058337E-01
  0.00000000  0.00000000  0.03000000    0.7860D+01  0.909162538267727E+00  0.327049200505081E-01    0.109849185811877E+01 -0.395155837198926E-01
  0.00000000  0.00000000  0.03000000    0.8100D+01  0.910532499213096E+00  0.307393736689426E-01    0.109700815274860E+01 -0.370347500548948E-01
  0.00000000  0.00000000  0.03000000    0.8346D+01  0.916993880505805E+00  0.271492118245811E-01    0.108956474963337E+01 -0.322584750162963E-01
  0.00000000  0.00000000  0.03000000    0.8600D+01  0.913082439865823E+00  0.370598667930776E-01    0.109339015704296E+01 -0.443781325800425E-01
  0.00000000  0.00000000  0.03000000    0.8862D+01  0.914458509749753E+00  0.127757836140781E-01    0.109332992381887E+01 -0.152747734058802E-01
  0.00000000  0.00000000  0.03000000    0.9132D+01  0.924746883426877E+00  0.175933873827712E-01    0.108098572165759E+01 -0.205658444458768E-01
  0.00000000  0.00000000  0.03000000    0.9410D+01  0.927304314124884E+00  0.118911158222323E-01    0.107821733856305E+01 -0.138263211537971E-01
  0.00000000  0.00000000  0.03000000    0.9697D+01  0.934837167626881E+00  0.672989288417229E-02    0.106964957289984E+01 -0.770040740623370E-02
  0.00000000  0.00000000  0.03000000    0.9992D+01  0.941241634733800E+00  0.882092848070166E-02    0.106233313971554E+01 -0.995574813343252E-02
  0.00000000  0.00000000  0.03000000    0.1030D+02  0.943619175732228E+00  0.830119555501731E-02    0.105966754511029E+01 -0.932209491020546E-02
  0.00000000  0.00000000  0.03000000    0.1061D+02  0.948582220871162E+00  0.388065274142020E-02    0.105418723013375E+01 -0.431268315447834E-02
  0.00000000  0.00000000  0.03000000    0.1093D+02  0.954006026424490E+00  0.649161435473015E-02    0.104816287536998E+01 -0.713231256342127E-02
  0.00000000  0.00000000  0.03000000    0.1127D+02  0.955865658043903E+00  0.769423014843887E-02    0.104610433642980E+01 -0.842060540206277E-02
  0.00000000  0.00000000  0.03000000    0.1161D+02  0.956427757804988E+00  0.766284271400079E-02    0.104549016354084E+01 -0.837640544920478E-02
  0.00000000  0.00000000  0.03000000    0.1196D+02  0.957512195898274E+00  0.496691484883154E-02    0.104434501910067E+01 -0.541734382590097E-02
  0.00000000  0.00000000  0.03000000    0.1233D+02  0.960646251706523E+00  0.237501975844599E-02    0.104095954772262E+01 -0.257357949317177E-02
  0.00000000  0.00000000  0.03000000    0.1270D+02  0.963702085464521E+00  0.227271442681218E-02    0.103765930722533E+01 -0.244712895532460E-02
  0.00000000  0.00000000  0.03000000    0.1309D+02  0.966154342519278E+00  0.106750493300001E-02    0.103503005181104E+01 -0.114360577548147E-02
  0.00000000  0.00000000  0.03000000    0.1349D+02  0.968856043272037E+00  0.645635854218504E-03    0.103214462341332E+01 -0.687810723008914E-03
  0.00000000  0.00000000  0.03000000    0.1390D+02  0.971168243746207E+00  0.459991765181620E-03    0.102968747392350E+01 -0.487709273615056E-03
  0.00000000  0.00000000  0.03000000    0.1432D+02  0.973222902236396E+00  0.256362481019910E-03    0.102751376721005E+01 -0.270663563340702E-03
  0.00000000  0.00000000  0.03000000    0.1476D+02  0.975118905798633E+00  0.126625887750883E-03    0.102551594189242E+01 -0.133170289051525E-03
  0.00000000  0.00000000  0.03000000    0.1521D+02  0.976880529378480E+00  0.113726412343206E-04    0.102366663045347E+01 -0.119173153539051E-04
  0.00000000  0.00000000  0.03000000    0.1567D+02  0.978502556811641E+00  0.370767717122580E-19    0.102196973634735E+01 -0.387238013305275E-19
  0.00000000  0.00000000  0.03000000    0.1615D+02  0.979958236270711E+00  0.350044516413436E-19    0.102045165088418E+01 -0.364508906028900E-19
  0.00000000  0.00000000  0.03000000    0.1664D+02  0.981286711875199E+00  0.329549793969320E-19    0.101907015339996E+01 -0.342238771838124E-19
