 q(1:3)   w(Ry)   eps    epsi  --- NO LFC
  0.00000000  0.00000000  0.01000000    0.0000D+00  0.173297922158573E+01 -0.421392586177220E-16    0.577040963644660E+00  0.140313733120192E-16
  0.00000000  0.00000000  0.01000000    0.1015D-04  0.173297922160873E+01 -0.421392586188057E-16    0.577040963637000E+00  0.140313733120076E-16
  0.00000000  0.00000000  0.01000000    0.3076D-04  0.173297922179697E+01 -0.421392586276762E-16    0.577040963574321E+00  0.140313733119130E-16
  0.00000000  0.00000000  0.01000000    0.5200D-04  0.173297922218935E+01 -0.421392586461759E-16    0.577040963443669E+00  0.140313733117191E-16
  0.00000000  0.00000000  0.01000000    0.7389D-04  0.173297922280435E+01 -0.421392586751633E-16    0.577040963238886E+00  0.140313733114122E-16
  0.00000000  0.00000000  0.01000000    0.9644D-04  0.173297922366180E+01 -0.421392587155826E-16    0.577040962953376E+00  0.140313733109859E-16
  0.00000000  0.00000000  0.01000000    0.1197D-03  0.173297922478290E+01 -0.421392587684282E-16    0.577040962580076E+00  0.140313733104278E-16
  0.00000000  0.00000000  0.01000000    0.1436D-03  0.173297922619037E+01 -0.421392588347757E-16    0.577040962111421E+00  0.140313733097283E-16
  0.00000000  0.00000000  0.01000000    0.1683D-03  0.173297922790853E+01 -0.421392589157699E-16    0.577040961539315E+00  0.140313733088747E-16
  0.00000000  0.00000000  0.01000000    0.1937D-03  0.173297922996341E+01 -0.421392590126290E-16    0.577040960855090E+00  0.140313733078511E-16
  0.00000000  0.00000000  0.01000000    0.2199D-03  0.173297923238283E+01 -0.421392591266800E-16    0.577040960049481E+00  0.140313733066488E-16
  0.00000000  0.00000000  0.01000000    0.2469D-03  0.173297923519660E+01 -0.421392592593149E-16    0.577040959112563E+00  0.140313733052488E-16
  0.00000000  0.00000000  0.01000000    0.2748D-03  0.173297923843652E+01 -0.421392594120372E-16    0.577040958033746E+00  0.140313733036365E-16
  0.00000000  0.00000000  0.01000000    0.3034D-03  0.173297924213664E+01 -0.421392595864560E-16    0.577040956801694E+00  0.140313733017965E-16
  0.00000000  0.00000000  0.01000000    0.3330D-03  0.173297924633332E+01 -0.421392597842828E-16    0.577040955404297E+00  0.140313732997097E-16
  0.00000000  0.00000000  0.01000000    0.3634D-03  0.173297925106544E+01 -0.421392600073448E-16    0.577040953828614E+00  0.140313732973552E-16
  0.00000000  0.00000000  0.01000000    0.3948D-03  0.173297925637451E+01 -0.421392602576056E-16    0.577040952060822E+00  0.140313732947145E-16
  0.00000000  0.00000000  0.01000000    0.4271D-03  0.173297926230484E+01 -0.421392605371511E-16    0.577040950086162E+00  0.140313732917646E-16
  0.00000000  0.00000000  0.01000000    0.4604D-03  0.173297926890380E+01 -0.421392608482172E-16    0.577040947888864E+00  0.140313732884829E-16
  0.00000000  0.00000000  0.01000000    0.4948D-03  0.173297927622191E+01 -0.421392611931805E-16    0.577040945452109E+00  0.140313732848428E-16
  0.00000000  0.00000000  0.01000000    0.5301D-03  0.173297928431312E+01 -0.421392615745833E-16    0.577040942757926E+00  0.140313732808169E-16
  0.00000000  0.00000000  0.01000000    0.5666D-03  0.173297929323499E+01 -0.421392619951519E-16    0.577040939787156E+00  0.140313732763813E-16
  0.00000000  0.00000000  0.01000000    0.6041D-03  0.173297930304898E+01 -0.421392624577633E-16    0.577040936519331E+00  0.140313732714986E-16
  0.00000000  0.00000000  0.01000000    0.6428D-03  0.173297931382058E+01 -0.421392629655187E-16    0.577040932932644E+00  0.140313732661407E-16
  0.00000000  0.00000000  0.01000000    0.6827D-03  0.173297932561970E+01 -0.421392635217122E-16    0.577040929003817E+00  0.140313732602726E-16
  0.00000000  0.00000000  0.01000000    0.7238D-03  0.173297933852091E+01 -0.421392641298531E-16    0.577040924708019E+00  0.140313732538551E-16
  0.00000000  0.00000000  0.01000000    0.7662D-03  0.173297935260368E+01 -0.421392647936906E-16    0.577040920018795E+00  0.140313732468501E-16
  0.00000000  0.00000000  0.01000000    0.8098D-03  0.173297936795275E+01 -0.421392655172187E-16    0.577040914907917E+00  0.140313732392147E-16
  0.00000000  0.00000000  0.01000000    0.8548D-03  0.173297938465849E+01 -0.421392663047037E-16    0.577040909345303E+00  0.140313732309066E-16
  0.00000000  0.00000000  0.01000000    0.9011D-03  0.173297940281721E+01 -0.421392671606717E-16    0.577040903298882E+00  0.140313732218731E-16
  0.00000000  0.00000000  0.01000000    0.9488D-03  0.173297942253152E+01 -0.421392680899726E-16    0.577040896734485E+00  0.140313732120673E-16
  0.00000000  0.00000000  0.01000000    0.9980D-03  0.173297944391081E+01 -0.421392690977578E-16    0.577040889615690E+00  0.140313732014334E-16
  0.00000000  0.00000000  0.01000000    0.1049D-02  0.173297946707162E+01 -0.421392701895218E-16    0.577040881903693E+00  0.140313731899137E-16
  0.00000000  0.00000000  0.01000000    0.1101D-02  0.173297949213810E+01 -0.421392713711099E-16    0.577040873557152E+00  0.140313731774440E-16
  0.00000000  0.00000000  0.01000000    0.1155D-02  0.173297951924249E+01 -0.421392726487698E-16    0.577040864532038E+00  0.140313731639635E-16
  0.00000000  0.00000000  0.01000000    0.1210D-02  0.173297954852570E+01 -0.421392740291303E-16    0.577040854781428E+00  0.140313731493973E-16
  0.00000000  0.00000000  0.01000000    0.1267D-02  0.173297958013776E+01 -0.421392755192699E-16    0.577040844255366E+00  0.140313731336731E-16
  0.00000000  0.00000000  0.01000000    0.1326D-02  0.173297961423844E+01 -0.421392771267195E-16    0.577040832900654E+00  0.140313731167112E-16
  0.00000000  0.00000000  0.01000000    0.1387D-02  0.173297965099790E+01 -0.421392788595049E-16    0.577040820660629E+00  0.140313730984284E-16
  0.00000000  0.00000000  0.01000000    0.1450D-02  0.173297969059732E+01 -0.421392807261518E-16    0.577040807474970E+00  0.140313730787300E-16
  0.00000000  0.00000000  0.01000000    0.1514D-02  0.173297973322956E+01 -0.421392827357642E-16    0.577040793279453E+00  0.140313730575241E-16
  0.00000000  0.00000000  0.01000000    0.1580D-02  0.173297977909995E+01 -0.421392848980160E-16    0.577040778005711E+00  0.140313730347069E-16
  0.00000000  0.00000000  0.01000000    0.1649D-02  0.173297982842706E+01 -0.421392872232136E-16    0.577040761580966E+00  0.140313730101710E-16
  0.00000000  0.00000000  0.01000000    0.1719D-02  0.173297988144353E+01 -0.421392897223238E-16    0.577040743927752E+00  0.140313729838007E-16
  0.00000000  0.00000000  0.01000000    0.1792D-02  0.173297993839696E+01 -0.421392924070119E-16    0.577040724963625E+00  0.140313729554707E-16
  0.00000000  0.00000000  0.01000000    0.1867D-02  0.173297999955087E+01 -0.421392952897057E-16    0.577040704600840E+00  0.140313729250519E-16
  0.00000000  0.00000000  0.01000000    0.1944D-02  0.173298006518567E+01 -0.421392983836197E-16    0.577040682746030E+00  0.140313728924039E-16
  0.00000000  0.00000000  0.01000000    0.2024D-02  0.173298013559974E+01 -0.421393017028198E-16    0.577040659299841E+00  0.140313728573784E-16
  0.00000000  0.00000000  0.01000000    0.2106D-02  0.173298021111055E+01 -0.421393052622746E-16    0.577040634156558E+00  0.140313728198184E-16
  0.00000000  0.00000000  0.01000000    0.2190D-02  0.173298029205591E+01 -0.421393090779003E-16    0.577040607203707E+00  0.140313727795536E-16
  0.00000000  0.00000000  0.01000000    0.2277D-02  0.173298037879516E+01 -0.421393131666412E-16    0.577040578321631E+00  0.140313727364071E-16
  0.00000000  0.00000000  0.01000000    0.2367D-02  0.173298047171059E+01 -0.421393175465164E-16    0.577040547383040E+00  0.140313726901883E-16
  0.00000000  0.00000000  0.01000000    0.2459D-02  0.173298057120887E+01 -0.421393222366994E-16    0.577040514252524E+00  0.140313726406960E-16
  0.00000000  0.00000000  0.01000000    0.2554D-02  0.173298067772258E+01 -0.421393272575681E-16    0.577040478786043E+00  0.140313725877107E-16
  0.00000000  0.00000000  0.01000000    0.2652D-02  0.173298079171178E+01 -0.421393326308236E-16    0.577040440830411E+00  0.140313725310083E-16
  0.00000000  0.00000000  0.01000000    0.2753D-02  0.173298091366582E+01 -0.421393383795292E-16    0.577040400222686E+00  0.140313724703443E-16
  0.00000000  0.00000000  0.01000000    0.2858D-02  0.173298104410514E+01 -0.421393445282143E-16    0.577040356789576E+00  0.140313724054586E-16
  0.00000000  0.00000000  0.01000000    0.2965D-02  0.173298118358317E+01 -0.421393511029702E-16    0.577040310346802E+00  0.140313723360770E-16
  0.00000000  0.00000000  0.01000000    0.3075D-02  0.173298133268850E+01 -0.421393581315336E-16    0.577040260698382E+00  0.140313722619039E-16
  0.00000000  0.00000000  0.01000000    0.3189D-02  0.173298149204697E+01 -0.421393656434109E-16    0.577040207635925E+00  0.140313721826297E-16
  0.00000000  0.00000000  0.01000000    0.3307D-02  0.173298166232406E+01 -0.421393736699774E-16    0.577040150937849E+00  0.140313720979254E-16
  0.00000000  0.00000000  0.01000000    0.3428D-02  0.173298184422738E+01 -0.421393822445809E-16    0.577040090368537E+00  0.140313720074362E-16
  0.00000000  0.00000000  0.01000000    0.3553D-02  0.173298203850928E+01 -0.421393914026840E-16    0.577040025677475E+00  0.140313719107872E-16
  0.00000000  0.00000000  0.01000000    0.3681D-02  0.173298224596963E+01 -0.421394011819973E-16    0.577039956598334E+00  0.140313718075826E-16
  0.00000000  0.00000000  0.01000000    0.3813D-02  0.173298246745885E+01 -0.421394116226007E-16    0.577039882847947E+00  0.140313716973968E-16
  0.00000000  0.00000000  0.01000000    0.3950D-02  0.173298270388098E+01 -0.421394227671164E-16    0.577039804125291E+00  0.140313715797821E-16
  0.00000000  0.00000000  0.01000000    0.4090D-02  0.173298295619714E+01 -0.421394346608440E-16    0.577039720110349E+00  0.140313714542589E-16
  0.00000000  0.00000000  0.01000000    0.4235D-02  0.173298322542898E+01 -0.421394473519409E-16    0.577039630462933E+00  0.140313713203179E-16
  0.00000000  0.00000000  0.01000000    0.4385D-02  0.173298351266253E+01 -0.421394608916042E-16    0.577039534821435E+00  0.140313711774202E-16
  0.00000000  0.00000000  0.01000000    0.4538D-02  0.173298381905222E+01 -0.421394753342439E-16    0.577039432801459E+00  0.140313710249884E-16
  0.00000000  0.00000000  0.01000000    0.4697D-02  0.173298414582509E+01 -0.421394907377109E-16    0.577039323994444E+00  0.140313708624159E-16
  0.00000000  0.00000000  0.01000000    0.4860D-02  0.173298449428538E+01 -0.421395071634697E-16    0.577039207966120E+00  0.140313706890484E-16
  0.00000000  0.00000000  0.01000000    0.5029D-02  0.173298486581931E+01 -0.421395246768742E-16    0.577039084254915E+00  0.140313705041994E-16
  0.00000000  0.00000000  0.01000000    0.5202D-02  0.173298526190019E+01 -0.421395433473701E-16    0.577038952370266E+00  0.140313703071344E-16
  0.00000000  0.00000000  0.01000000    0.5381D-02  0.173298568409391E+01 -0.421395632487626E-16    0.577038811790790E+00  0.140313700970718E-16
  0.00000000  0.00000000  0.01000000    0.5565D-02  0.173298613406459E+01 -0.421395844595004E-16    0.577038661962387E+00  0.140313698731849E-16
  0.00000000  0.00000000  0.01000000    0.5755D-02  0.173298661358079E+01 -0.421396070629452E-16    0.577038502296187E+00  0.140313696345919E-16
  0.00000000  0.00000000  0.01000000    0.5950D-02  0.173298712452200E+01 -0.421396311476934E-16    0.577038332166389E+00  0.140313693803575E-16
  0.00000000  0.00000000  0.01000000    0.6152D-02  0.173298766888556E+01 -0.421396568078853E-16    0.577038150907948E+00  0.140313691094841E-16
  0.00000000  0.00000000  0.01000000    0.6360D-02  0.173298824879394E+01 -0.421396841435772E-16    0.577037957814164E+00  0.140313688209175E-16
  0.00000000  0.00000000  0.01000000    0.6574D-02  0.173298886650260E+01 -0.421397132610820E-16    0.577037752134054E+00  0.140313685135333E-16
  0.00000000  0.00000000  0.01000000    0.6794D-02  0.173298952440822E+01 -0.421397442733607E-16    0.577037533069612E+00  0.140313681861336E-16
  0.00000000  0.00000000  0.01000000    0.7021D-02  0.173299022505750E+01 -0.421397773004689E-16    0.577037299772894E+00  0.140313678374538E-16
  0.00000000  0.00000000  0.01000000    0.7255D-02  0.173299097115653E+01 -0.421398124699507E-16    0.577037051342880E+00  0.140313674661412E-16
  0.00000000  0.00000000  0.01000000    0.7497D-02  0.173299176558065E+01 -0.421398499173460E-16    0.577036786822208E+00  0.140313670707651E-16
  0.00000000  0.00000000  0.01000000    0.7745D-02  0.173299261138500E+01 -0.421398897866591E-16    0.577036505193641E+00  0.140313666498010E-16
  0.00000000  0.00000000  0.01000000    0.8001D-02  0.173299351181572E+01 -0.421399322309021E-16    0.577036205376363E+00  0.140313662016310E-16
  0.00000000  0.00000000  0.01000000    0.8265D-02  0.173299447032182E+01 -0.421399774126400E-16    0.577035886222014E+00  0.140313657245327E-16
  0.00000000  0.00000000  0.01000000    0.8537D-02  0.173299549056779E+01 -0.421400255046053E-16    0.577035546510492E+00  0.140313652166799E-16
  0.00000000  0.00000000  0.01000000    0.8818D-02  0.173299657644695E+01 -0.421400766903073E-16    0.577035184945510E+00  0.140313646761286E-16
  0.00000000  0.00000000  0.01000000    0.9107D-02  0.173299773209579E+01 -0.421401311647233E-16    0.577034800149827E+00  0.140313641008155E-16
  0.00000000  0.00000000  0.01000000    0.9404D-02  0.173299896190898E+01 -0.421401891349912E-16    0.577034390660255E+00  0.140313634885459E-16
  0.00000000  0.00000000  0.01000000    0.9711D-02  0.173300027055543E+01 -0.421402508211819E-16    0.577033954922292E+00  0.140313628369894E-16
  0.00000000  0.00000000  0.01000000    0.1003D-01  0.173300166299539E+01 -0.421403164570958E-16    0.577033491284459E+00  0.140313621436696E-16
  0.00000000  0.00000000  0.01000000    0.1035D-01  0.173300314449848E+01 -0.421403862911077E-16    0.577032997992275E+00  0.140313614059526E-16
  0.00000000  0.00000000  0.01000000    0.1069D-01  0.173300472066302E+01 -0.421404605870845E-16    0.577032473181848E+00  0.140313606210400E-16
  0.00000000  0.00000000  0.01000000    0.1103D-01  0.173300639743631E+01 -0.421405396253522E-16    0.577031914873095E+00  0.140313597859619E-16
  0.00000000  0.00000000  0.01000000    0.1139D-01  0.173300818113641E+01 -0.421406237036956E-16    0.577031320962523E+00  0.140313588975574E-16
  0.00000000  0.00000000  0.01000000    0.1176D-01  0.173301007847513E+01 -0.421407131384615E-16    0.577030689215550E+00  0.140313579524692E-16
  0.00000000  0.00000000  0.01000000    0.1214D-01  0.173301209658254E+01 -0.421408082657092E-16    0.577030017258377E+00  0.140313569471302E-16
  0.00000000  0.00000000  0.01000000    0.1253D-01  0.173301424303287E+01 -0.421409094424311E-16    0.577029302569346E+00  0.140313558777502E-16
  0.00000000  0.00000000  0.01000000    0.1293D-01  0.173301652587214E+01 -0.421410170478497E-16    0.577028542469754E+00  0.140313547402997E-16
  0.00000000  0.00000000  0.01000000    0.1334D-01  0.173301895364752E+01 -0.421411314847998E-16    0.577027734114089E+00  0.140313535304956E-16
  0.00000000  0.00000000  0.01000000    0.1377D-01  0.173302153543832E+01 -0.421412531812098E-16    0.577026874479708E+00  0.140313522437915E-16
  0.00000000  0.00000000  0.01000000    0.1421D-01  0.173302428088918E+01 -0.421413825916224E-16    0.577025960355800E+00  0.140313508753470E-16
  0.00000000  0.00000000  0.01000000    0.1466D-01  0.173302720024506E+01 -0.421415201988886E-16    0.577024988331743E+00  0.140313494200247E-16
  0.00000000  0.00000000  0.01000000    0.1513D-01  0.173303030438864E+01 -0.421416665158987E-16    0.577023954784663E+00  0.140313478723608E-16
  0.00000000  0.00000000  0.01000000    0.1561D-01  0.173303360487979E+01 -0.421418220874591E-16    0.577022855866295E+00  0.140313462265503E-16
  0.00000000  0.00000000  0.01000000    0.1610D-01  0.173303711399777E+01 -0.421419874922660E-16    0.577021687488966E+00  0.140313444764216E-16
  0.00000000  0.00000000  0.01000000    0.1662D-01  0.173304084478577E+01 -0.421421633450206E-16    0.577020445310747E+00  0.140313426154176E-16
  0.00000000  0.00000000  0.01000000    0.1714D-01  0.173304481109849E+01 -0.421423502986415E-16    0.577019124719661E+00  0.140313406365633E-16
  0.00000000  0.00000000  0.01000000    0.1768D-01  0.173304902765242E+01 -0.421425490466621E-16    0.577017720816932E+00  0.140313385324479E-16
  0.00000000  0.00000000  0.01000000    0.1824D-01  0.173305351007945E+01 -0.421427603257468E-16    0.577016228399178E+00  0.140313362951950E-16
  0.00000000  0.00000000  0.01000000    0.1882D-01  0.173305827498367E+01 -0.421429849183558E-16    0.577014641939506E+00  0.140313339164294E-16
  0.00000000  0.00000000  0.01000000    0.1941D-01  0.173306334000183E+01 -0.421432236555873E-16    0.577012955567418E+00  0.140313313872437E-16
  0.00000000  0.00000000  0.01000000    0.2002D-01  0.173306872386743E+01 -0.421434774202269E-16    0.577011163047504E+00  0.140313286981754E-16
  0.00000000  0.00000000  0.01000000    0.2065D-01  0.173307444647890E+01 -0.421437471499108E-16    0.577009257756762E+00  0.140313258391550E-16
  0.00000000  0.00000000  0.01000000    0.2130D-01  0.173308052897192E+01 -0.421440338405770E-16    0.577007232660567E+00  0.140313227994835E-16
  0.00000000  0.00000000  0.01000000    0.2197D-01  0.173308699379638E+01 -0.421443385500516E-16    0.577005080287093E+00  0.140313195677793E-16
  0.00000000  0.00000000  0.01000000    0.2266D-01  0.173309386479803E+01 -0.421446624019051E-16    0.577002792700172E+00  0.140313161319390E-16
  0.00000000  0.00000000  0.01000000    0.2337D-01  0.173310116730520E+01 -0.421450065895375E-16    0.577000361470473E+00  0.140313124790921E-16
  0.00000000  0.00000000  0.01000000    0.2410D-01  0.173310892822101E+01 -0.421453723805047E-16    0.576997777644868E+00  0.140313085955470E-16
  0.00000000  0.00000000  0.01000000    0.2486D-01  0.173311717612123E+01 -0.421457611211431E-16    0.576995031713914E+00  0.140313044667442E-16
  0.00000000  0.00000000  0.01000000    0.2564D-01  0.173312594135837E+01 -0.421461742414437E-16    0.576992113577292E+00  0.140313000771933E-16
  0.00000000  0.00000000  0.01000000    0.2644D-01  0.173313525617213E+01 -0.421466132602507E-16    0.576989012507103E+00  0.140312954104118E-16
  0.00000000  0.00000000  0.01000000    0.2726D-01  0.173314515480680E+01 -0.421470797908004E-16    0.576985717108891E+00  0.140312904488670E-16
  0.00000000  0.00000000  0.01000000    0.2811D-01  0.173315567363599E+01 -0.421475755465740E-16    0.576982215280234E+00  0.140312851739022E-16
  0.00000000  0.00000000  0.01000000    0.2899D-01  0.173316685129520E+01 -0.421481023475171E-16    0.576978494166732E+00  0.140312795656589E-16
  0.00000000  0.00000000  0.01000000    0.2989D-01  0.173317872882256E+01 -0.421486621266868E-16    0.576974540115291E+00  0.140312736030063E-16
  0.00000000  0.00000000  0.01000000    0.3082D-01  0.173319134980850E+01 -0.421492569372525E-16    0.576970338624463E+00  0.140312672634462E-16
  0.00000000  0.00000000  0.01000000    0.3178D-01  0.173320476055470E+01 -0.421498889599875E-16    0.576965874291711E+00  0.140312605230293E-16
  0.00000000  0.00000000  0.01000000    0.3277D-01  0.173321901024304E+01 -0.421505605112023E-16    0.576961130757372E+00  0.140312533562565E-16
  0.00000000  0.00000000  0.01000000    0.3379D-01  0.173323415111512E+01 -0.421512740511613E-16    0.576956090645126E+00  0.140312457359687E-16
  0.00000000  0.00000000  0.01000000    0.3484D-01  0.173325023866302E+01 -0.421520321930745E-16    0.576950735498744E+00  0.140312376332460E-16
  0.00000000  0.00000000  0.01000000    0.3592D-01  0.173326733183211E+01 -0.421528377125808E-16    0.576945045714889E+00  0.140312290172748E-16
  0.00000000  0.00000000  0.01000000    0.3703D-01  0.173328549323654E+01 -0.421536935578794E-16    0.576939000471708E+00  0.140312198552248E-16
  0.00000000  0.00000000  0.01000000    0.3818D-01  0.173330478938823E+01 -0.421546028604928E-16    0.576932577652977E+00  0.140312101121151E-16
  0.00000000  0.00000000  0.01000000    0.3936D-01  0.173332529094043E+01 -0.421555689466588E-16    0.576925753767454E+00  0.140311997506548E-16
  0.00000000  0.00000000  0.01000000    0.4058D-01  0.173334707294649E+01 -0.421565953494905E-16    0.576918503863231E+00  0.140311887310906E-16
  0.00000000  0.00000000  0.01000000    0.4184D-01  0.173337021513501E+01 -0.421576858218648E-16    0.576910801436676E+00  0.140311770110307E-16
  0.00000000  0.00000000  0.01000000    0.4313D-01  0.173339480220230E+01 -0.421588443501435E-16    0.576902618335700E+00  0.140311645452636E-16
  0.00000000  0.00000000  0.01000000    0.4447D-01  0.173342092412350E+01 -0.421600751687313E-16    0.576893924656901E+00  0.140311512855526E-16
  0.00000000  0.00000000  0.01000000    0.4584D-01  0.173344867648321E+01 -0.421613827755725E-16    0.576884688636287E+00  0.140311371804247E-16
  0.00000000  0.00000000  0.01000000    0.4726D-01  0.173347816082719E+01 -0.421627719485946E-16    0.576874876533095E+00  0.140311221749296E-16
  0.00000000  0.00000000  0.01000000    0.4872D-01  0.173350948503630E+01 -0.421642477632653E-16    0.576864452506331E+00  0.140311062104099E-16
  0.00000000  0.00000000  0.01000000    0.5022D-01  0.173354276372447E+01 -0.421658156111146E-16    0.576853378483451E+00  0.140310892241985E-16
  0.00000000  0.00000000  0.01000000    0.5177D-01  0.173357811866160E+01 -0.421674812195919E-16    0.576841614020858E+00  0.140310711493537E-16
  0.00000000  0.00000000  0.01000000    0.5337D-01  0.173361567922385E+01 -0.421692506730592E-16    0.576829116155493E+00  0.140310519143264E-16
  0.00000000  0.00000000  0.01000000    0.5501D-01  0.173365558287252E+01 -0.421711304351685E-16    0.576815839247079E+00  0.140310314426210E-16
  0.00000000  0.00000000  0.01000000    0.5671D-01  0.173369797566361E+01 -0.421731273726463E-16    0.576801734810372E+00  0.140310096524224E-16
  0.00000000  0.00000000  0.01000000    0.5846D-01  0.173374301279015E+01 -0.421752487805846E-16    0.576786751336738E+00  0.140309864561897E-16
  0.00000000  0.00000000  0.01000000    0.6026D-01  0.173379085915939E+01 -0.421775024093626E-16    0.576770834104430E+00  0.140309617602230E-16
  0.00000000  0.00000000  0.01000000    0.6211D-01  0.173384169000722E+01 -0.421798964932562E-16    0.576753924976759E+00  0.140309354641817E-16
  0.00000000  0.00000000  0.01000000    0.6403D-01  0.173389569155227E+01 -0.421824397808857E-16    0.576735962187409E+00  0.140309074605646E-16
  0.00000000  0.00000000  0.01000000    0.6600D-01  0.173395306169248E+01 -0.421851415676375E-16    0.576716880112035E+00  0.140308776341531E-16
  0.00000000  0.00000000  0.01000000    0.6803D-01  0.173401401074686E+01 -0.421880117301172E-16    0.576696609025258E+00  0.140308458613880E-16
  0.00000000  0.00000000  0.01000000    0.7012D-01  0.173407876224564E+01 -0.421910607628514E-16    0.576675074842043E+00  0.140308120097004E-16
  0.00000000  0.00000000  0.01000000    0.7227D-01  0.173414755377214E+01 -0.421942998173370E-16    0.576652198842474E+00  0.140307759367765E-16
  0.00000000  0.00000000  0.01000000    0.7450D-01  0.173422063785965E+01 -0.421977407436438E-16    0.576627897378838E+00  0.140307374897668E-16
  0.00000000  0.00000000  0.01000000    0.7678D-01  0.173429828294766E+01 -0.422013961346570E-16    0.576602081563716E+00  0.140306965043985E-16
  0.00000000  0.00000000  0.01000000    0.7914D-01  0.173438077440094E+01 -0.422052793732324E-16    0.576574656937952E+00  0.140306528040229E-16
  0.00000000  0.00000000  0.01000000    0.8157D-01  0.173446841559644E+01 -0.422094046823876E-16    0.576545523117022E+00  0.140306061985550E-16
  0.00000000  0.00000000  0.01000000    0.8408D-01  0.173456152908242E+01 -0.422137871788274E-16    0.576514573414410E+00  0.140305564833336E-16
  0.00000000  0.00000000  0.01000000    0.8666D-01  0.173466045781509E+01 -0.422184429298927E-16    0.576481694440397E+00  0.140305034378400E-16
  0.00000000  0.00000000  0.01000000    0.8932D-01  0.173476556647833E+01 -0.422233890143346E-16    0.576446765674544E+00  0.140304468243175E-16
  0.00000000  0.00000000  0.01000000    0.9206D-01  0.173487724289244E+01 -0.422286435870287E-16    0.576409659010091E+00  0.140303863862297E-16
  0.00000000  0.00000000  0.01000000    0.9488D-01  0.173499589951848E+01 -0.422342259479982E-16    0.576370238268305E+00  0.140303218465710E-16
  0.00000000  0.00000000  0.01000000    0.9779D-01  0.173512197506504E+01 -0.422401566160428E-16    0.576328358680672E+00  0.140302529060102E-16
  0.00000000  0.00000000  0.01000000    0.1008D+00  0.173525593620519E+01 -0.422464574072425E-16    0.576283866336680E+00  0.140301792408303E-16
  0.00000000  0.00000000  0.01000000    0.1039D+00  0.173539827941183E+01 -0.422531515187518E-16    0.576236597594719E+00  0.140301005006596E-16
  0.00000000  0.00000000  0.01000000    0.1071D+00  0.173554953292024E+01 -0.422602636181997E-16    0.576186378453514E+00  0.140300163059537E-16
  0.00000000  0.00000000  0.01000000    0.1103D+00  0.173571025882765E+01 -0.422678199391861E-16    0.576133023881202E+00  0.140299262452233E-16
  0.00000000  0.00000000  0.01000000    0.1137D+00  0.173588105534031E+01 -0.422758483832132E-16    0.576076337099004E+00  0.140298298719435E-16
  0.00000000  0.00000000  0.01000000    0.1172D+00  0.173606255917951E+01 -0.422843786286258E-16    0.576016108816158E+00  0.140297267011400E-16
  0.00000000  0.00000000  0.01000000    0.1208D+00  0.173625544815913E+01 -0.422934422470009E-16    0.575952116412508E+00  0.140296162055860E-16
  0.00000000  0.00000000  0.01000000    0.1245D+00  0.173646044394822E+01 -0.423030728276164E-16    0.575884123064896E+00  0.140294978115890E-16
  0.00000000  0.00000000  0.01000000    0.1283D+00  0.173667831503364E+01 -0.423133061105527E-16    0.575811876813022E+00  0.140293708942921E-16
  0.00000000  0.00000000  0.01000000    0.1322D+00  0.173690987989890E+01 -0.423241801291130E-16    0.575735109560323E+00  0.140292347724478E-16
  0.00000000  0.00000000  0.01000000    0.1363D+00  0.173715601043713E+01 -0.423357353622815E-16    0.575653536004729E+00  0.140290887025888E-16
  0.00000000  0.00000000  0.01000000    0.1405D+00  0.173741763561773E+01 -0.423480148980036E-16    0.575566852493962E+00  0.140289318725289E-16
  0.00000000  0.00000000  0.01000000    0.1448D+00  0.173769574542800E+01 -0.423610646081153E-16    0.575474735799448E+00  0.140287633940971E-16
  0.00000000  0.00000000  0.01000000    0.1492D+00  0.173799139511356E+01 -0.423749333359226E-16    0.575376841802293E+00  0.140285822950307E-16
  0.00000000  0.00000000  0.01000000    0.1537D+00  0.173830570974337E+01 -0.423896730973229E-16    0.575272804084405E+00  0.140283875098807E-16
  0.00000000  0.00000000  0.01000000    0.1585D+00  0.173863988912803E+01 -0.424053392967503E-16    0.575162232416930E+00  0.140281778698569E-16
  0.00000000  0.00000000  0.01000000    0.1633D+00  0.173899521312299E+01 -0.424219909589863E-16    0.575044711137612E+00  0.140279520914169E-16
  0.00000000  0.00000000  0.01000000    0.1683D+00  0.173937304735170E+01 -0.424396909783188E-16    0.574919797407785E+00  0.140277087634844E-16
  0.00000000  0.00000000  0.01000000    0.1734D+00  0.173977484938730E+01 -0.424585063864011E-16    0.574787019338836E+00  0.140274463330775E-16
  0.00000000  0.00000000  0.01000000    0.1787D+00  0.174020217543598E+01 -0.424785086405212E-16    0.574645873976949E+00  0.140271630891704E-16
  0.00000000  0.00000000  0.01000000    0.1842D+00  0.174065668756974E+01 -0.424997739339595E-16    0.574495825133774E+00  0.140268571445170E-16
  0.00000000  0.00000000  0.01000000    0.1898D+00  0.174114016156165E+01 -0.425223835305048E-16    0.574336301049473E+00  0.140265264152041E-16
  0.00000000  0.00000000  0.01000000    0.1956D+00  0.174165449538324E+01 -0.425464241251324E-16    0.574166691873036E+00  0.140261685975662E-16
  0.00000000  0.00000000  0.01000000    0.2016D+00  0.174220171842985E+01 -0.425719882334360E-16    0.573986346943363E+00  0.140257811421793E-16
  0.00000000  0.00000000  0.01000000    0.2078D+00  0.174278400154859E+01 -0.425991746122507E-16    0.573794571852522E+00  0.140253612244476E-16
  0.00000000  0.00000000  0.01000000    0.2141D+00  0.174340366795192E+01 -0.426280887145661E-16    0.573590625270829E+00  0.140249057113734E-16
  0.00000000  0.00000000  0.01000000    0.2207D+00  0.174406320511039E+01 -0.426588431818759E-16    0.573373715510905E+00  0.140244111239312E-16
  0.00000000  0.00000000  0.01000000    0.2274D+00  0.174476527772992E+01 -0.426915583776699E-16    0.573142996805326E+00  0.140238735944485E-16
  0.00000000  0.00000000  0.01000000    0.2343D+00  0.174551274193248E+01 -0.427263629660481E-16    0.572897565269496E+00  0.140232888182586E-16
  0.00000000  0.00000000  0.01000000    0.2415D+00  0.174630866077443E+01 -0.427633945400263E-16    0.572636454518031E+00  0.140226519988150E-16
  0.00000000  0.00000000  0.01000000    0.2489D+00  0.174715632125491E+01 -0.428028003045189E-16    0.572358630899004E+00  0.140219577852894E-16
  0.00000000  0.00000000  0.01000000    0.2565D+00  0.174805925298719E+01 -0.428447378197412E-16    0.572062988306110E+00  0.140212002015772E-16
  0.00000000  0.00000000  0.01000000    0.2643D+00  0.174902124872990E+01 -0.428893758112380E-16    0.571748342523669E+00  0.140203725653746E-16
  0.00000000  0.00000000  0.01000000    0.2724D+00  0.175004638700270E+01 -0.429368950538764E-16    0.571413425053664E+00  0.140194673959047E-16
  0.00000000  0.00000000  0.01000000    0.2807D+00  0.175113905704363E+01 -0.429874893376092E-16    0.571056876367233E+00  0.140184763084712E-16
  0.00000000  0.00000000  0.01000000    0.2893D+00  0.175230398640269E+01 -0.430413665243039E-16    0.570677238515506E+00  0.140173898938896E-16
  0.00000000  0.00000000  0.01000000    0.2981D+00  0.175354627151072E+01 -0.430987497057515E-16    0.570272947025503E+00  0.140161975803689E-16
  0.00000000  0.00000000  0.01000000    0.3072D+00  0.175487141161448E+01 -0.431598784745607E-16    0.569842321996687E+00  0.140148874750952E-16
  0.00000000  0.00000000  0.01000000    0.3166D+00  0.175628534652972E+01 -0.432250103211448E-16    0.569383558301573E+00  0.140134461822541E-16
  0.00000000  0.00000000  0.01000000    0.3262D+00  0.175779449873659E+01 -0.432944221718300E-16    0.568894714779656E+00  0.140118585936502E-16
  0.00000000  0.00000000  0.01000000    0.3362D+00  0.175940582042706E+01 -0.433684120852498E-16    0.568373702297559E+00  0.140101076474082E-16
  0.00000000  0.00000000  0.01000000    0.3464D+00  0.176112684621590E+01 -0.434473011266596E-16    0.567818270528715E+00  0.140081740494096E-16
  0.00000000  0.00000000  0.01000000    0.3570D+00  0.176296575234868E+01 -0.435314354426494E-16    0.567225993283063E+00  0.140060359511231E-16
  0.00000000  0.00000000  0.01000000    0.3679D+00  0.176493142338575E+01 -0.436211885620464E-16    0.566594252190067E+00  0.140036685762791E-16
  0.00000000  0.00000000  0.01000000    0.3791D+00  0.176703352751688E+01 -0.437169639528401E-16    0.565920218506125E+00  0.140010437874271E-16
  0.00000000  0.00000000  0.01000000    0.3907D+00  0.176928260187335E+01 -0.438191978693790E-16    0.565200832778881E+00  0.139981295815899E-16
  0.00000000  0.00000000  0.01000000    0.4026D+00  0.177169014946209E+01 -0.439283625296583E-16    0.564432782054815E+00  0.139948895021262E-16
  0.00000000  0.00000000  0.01000000    0.4149D+00  0.177426874966058E+01 -0.440449696688954E-16    0.563612474260905E+00  0.139912819512724E-16
  0.00000000  0.00000000  0.01000000    0.4276D+00  0.177703218459653E+01 -0.441695745230021E-16    0.562736009323909E+00  0.139872593845298E-16
  0.00000000  0.00000000  0.01000000    0.4406D+00  0.177999558421155E+01 -0.443027803048869E-16    0.561799146509090E+00  0.139827673641617E-16
  0.00000000  0.00000000  0.01000000    0.4540D+00  0.178317559339576E+01 -0.444452432469078E-16    0.560797267360343E+00  0.139777434439682E-16
  0.00000000  0.00000000  0.01000000    0.4679D+00  0.178659056531398E+01 -0.445976782959437E-16    0.559725333500940E+00  0.139721158513886E-16
  0.00000000  0.00000000  0.01000000    0.4822D+00  0.179026078596297E+01 -0.447608655628691E-16    0.558577838402525E+00  0.139658019251563E-16
  0.00000000  0.00000000  0.01000000    0.4969D+00  0.179420873615966E+01 -0.449356576468036E-16    0.557348752041198E+00  0.139587062568889E-16
  0.00000000  0.00000000  0.01000000    0.5120D+00  0.179845939863384E+01 -0.451229879771672E-16    0.556031457123596E+00  0.139507184725848E-16
  0.00000000  0.00000000  0.01000000    0.5276D+00  0.180304061978600E+01 -0.453238803439270E-16    0.554618675267941E+00  0.139417105740718E-16
  0.00000000  0.00000000  0.01000000    0.5437D+00  0.180798353810429E+01 -0.455394598197589E-16    0.553102381146966E+00  0.139315337399949E-16
  0.00000000  0.00000000  0.01000000    0.5603D+00  0.181332309440014E+01 -0.457709653192076E-16    0.551473702115290E+00  0.139200144595986E-16
  0.00000000  0.00000000  0.01000000    0.5774D+00  0.181909864317660E+01 -0.460197640899704E-16    0.549722800218109E+00  0.139069498379365E-16
  0.00000000  0.00000000  0.01000000    0.5950D+00  0.182535468994655E+01 -0.462873684946016E-16    0.547838732662572E+00  0.138921018660272E-16
  0.00000000  0.00000000  0.01000000    0.6131D+00  0.183214178668550E+01 -0.465754555183659E-16    0.545809285758983E+00  0.138751903892590E-16
  0.00000000  0.00000000  0.01000000    0.6318D+00  0.183951762757398E+01 -0.468858895367623E-16    0.543620775908972E+00  0.138558844270341E-16
  0.00000000  0.00000000  0.01000000    0.6511D+00  0.184754840084247E+01 -0.472207489989055E-16    0.541257809291495E+00  0.138337913878720E-16
  0.00000000  0.00000000  0.01000000    0.6709D+00  0.185631047148428E+01 -0.475823578383328E-16    0.538702989269037E+00  0.138084435754345E-16
  0.00000000  0.00000000  0.01000000    0.6914D+00  0.186589249627981E+01 -0.479733226210484E-16    0.535936556899063E+00  0.137792811749841E-16
  0.00000000  0.00000000  0.01000000    0.7125D+00  0.187639811071457E+01 -0.483965766945751E-16    0.532935944824193E+00  0.137456306205498E-16
  0.00000000  0.00000000  0.01000000    0.7342D+00  0.188794938284361E+01 -0.488554329304696E-16    0.529675217507056E+00  0.137066768309601E-16
  0.00000000  0.00000000  0.01000000    0.7565D+00  0.190069131137305E+01 -0.493536470802337E-16    0.526124360129581E+00  0.136614272053421E-16
  0.00000000  0.00000000  0.01000000    0.7796D+00  0.191479776970415E+01 -0.498954943259777E-16    0.522248362632315E+00  0.136086643857424E-16
  0.00000000  0.00000000  0.01000000    0.8034D+00  0.193047949065849E+01 -0.504858623500592E-16    0.518006021218540E+00  0.135468834609688E-16
  0.00000000  0.00000000  0.01000000    0.8279D+00  0.194799499392346E+01 -0.511303652403937E-16    0.513348341817810E+00  0.134742072205379E-16
  0.00000000  0.00000000  0.01000000    0.8531D+00  0.196766586295735E+01 -0.518354838866764E-16    0.508216368859003E+00  0.133882697742910E-16
  0.00000000  0.00000000  0.01000000    0.8791D+00  0.198989863694755E+01 -0.526087403466276E-16    0.502538160201954E+00  0.132860534167165E-16
  0.00000000  0.00000000  0.01000000    0.9059D+00  0.201521710719904E+01 -0.534589161751778E-16    0.496224449677239E+00  0.131636542606768E-16
  0.00000000  0.00000000  0.01000000    0.9335D+00  0.204431164891798E+01 -0.543963282141740E-16    0.489162207987848E+00  0.130159352316759E-16
  0.00000000  0.00000000  0.01000000    0.9619D+00  0.207811785040008E+01 -0.554331802918084E-16    0.481204663059643E+00  0.128359923569824E-16
  0.00000000  0.00000000  0.01000000    0.9913D+00  0.211794874427278E+01 -0.565840163730967E-16    0.472154957811955E+00  0.126142919821432E-16
  0.00000000  0.00000000  0.01000000    0.1021D+01  0.216573338665197E+01 -0.578663110166850E-16    0.461737352419870E+00  0.123371775158594E-16
  0.00000000  0.00000000  0.01000000    0.1053D+01  0.222449149312809E+01 -0.593012482405744E-16    0.449540941419288E+00  0.119840147933852E-16
  0.00000000  0.00000000  0.01000000    0.1085D+01  0.229942884770072E+01 -0.609147628451425E-16    0.434890603812305E+00  0.115207991851093E-16
  0.00000000  0.00000000  0.01000000    0.1118D+01  0.240123882360078E+01 -0.627389534126985E-16    0.416451704083498E+00  0.108809435381165E-16
  0.00000000  0.00000000  0.01000000    0.1152D+01  0.257215548582871E+01 -0.648140295476201E-16    0.388778985372190E+00  0.979658219895224E-17
  0.00000000  0.00000000  0.01000000    0.1187D+01  0.279823394478494E+01  0.125471538181149E+00    0.356651183995070E+00 -0.159920769789063E-01
  0.00000000  0.00000000  0.01000000    0.1223D+01  0.294566876780909E+01  0.404568619507087E+00    0.333196316329939E+00 -0.457623664940139E-01
  0.00000000  0.00000000  0.01000000    0.1260D+01  0.304817055219002E+01  0.614982420662288E+00    0.315234056247435E+00 -0.635999199083378E-01
  0.00000000  0.00000000  0.01000000    0.1299D+01  0.330818020320393E+01  0.910956160655343E+00    0.280975797176409E+00 -0.773708255629501E-01
  0.00000000  0.00000000  0.01000000    0.1338D+01  0.298857427931225E+01  0.205406277434796E+01    0.227255042921044E+00 -0.156193582732160E+00
  0.00000000  0.00000000  0.01000000    0.1379D+01  0.215178734407296E+01  0.206361335277605E+01    0.242081524268606E+00 -0.232161727002023E+00
  0.00000000  0.00000000  0.01000000    0.1421D+01  0.168615503600409E+01  0.177604408077768E+01    0.281145261298539E+00 -0.296133135154217E+00
  0.00000000  0.00000000  0.01000000    0.1464D+01  0.146812128781580E+01  0.150805055003855E+01    0.331434536356960E+00 -0.340448734721700E+00
  0.00000000  0.00000000  0.01000000    0.1509D+01  0.137838234931022E+01  0.125810712524151E+01    0.395771693108470E+00 -0.361237349939833E+00
  0.00000000  0.00000000  0.01000000    0.1555D+01  0.136774410071743E+01  0.105891048818760E+01    0.457131378711032E+00 -0.353912117875604E+00
  0.00000000  0.00000000  0.01000000    0.1602D+01  0.142928750846621E+01  0.851882183164000E+00    0.516255523602670E+00 -0.307697982324817E+00
  0.00000000  0.00000000  0.01000000    0.1651D+01  0.163808759851745E+01  0.648103952973789E+00    0.527841588123227E+00 -0.208838782563424E+00
  0.00000000  0.00000000  0.01000000    0.1701D+01  0.222846370596921E+01  0.532009228086461E+00    0.424543325156052E+00 -0.101352768770941E+00
  0.00000000  0.00000000  0.01000000    0.1753D+01  0.247180972697764E+01  0.163058565498134E+01    0.281891614808644E+00 -0.185956232128161E+00
  0.00000000  0.00000000  0.01000000    0.1807D+01  0.133683134418413E+01  0.250038494828178E+01    0.166292350398874E+00 -0.311030177262566E+00
  0.00000000  0.00000000  0.01000000    0.1862D+01  0.103437357393742E+01  0.663748779288758E+00    0.684792880741887E+00 -0.439425803317707E+00
  0.00000000  0.00000000  0.01000000    0.1919D+01  0.225722067336789E+01  0.847801762033809E+00    0.388251337792587E+00 -0.145825426896084E+00
  0.00000000  0.00000000  0.01000000    0.1977D+01  0.205459123749104E+01  0.277290721906943E+01    0.172504551223457E+00 -0.232814735447806E+00
  0.00000000  0.00000000  0.01000000    0.2037D+01  0.774140884457883E+00  0.273478846416640E+01    0.958289414865443E-01 -0.338532544879351E+00
  0.00000000  0.00000000  0.01000000    0.2099D+01  0.223525256893732E+00  0.211715655438848E+01    0.493181158777795E-01 -0.467124716605835E+00
  0.00000000  0.00000000  0.01000000    0.2163D+01 -0.524331202629136E+00  0.226461404971518E+01   -0.970372732390426E-01 -0.419109088342047E+00
  0.00000000  0.00000000  0.01000000    0.2229D+01 -0.748236859415563E+00  0.474439974327265E+00   -0.953226640290205E+00 -0.604419332002162E+00
  0.00000000  0.00000000  0.01000000    0.2297D+01 -0.471769341930035E-01  0.247944488850377E+00   -0.740586417044516E+00 -0.389224784875629E+01
  0.00000000  0.00000000  0.01000000    0.2367D+01  0.279746584350680E+00  0.222630295411965E+00    0.218855681468220E+01 -0.174171581508134E+01
  0.00000000  0.00000000  0.01000000    0.2439D+01  0.464930668314746E+00  0.214329193685035E+00    0.177388420644386E+01 -0.817745951317515E+00
  0.00000000  0.00000000  0.01000000    0.2513D+01  0.588503382631057E+00  0.225592114533133E+00    0.148152530281982E+01 -0.567915895917616E+00
  0.00000000  0.00000000  0.01000000    0.2590D+01  0.665195437014042E+00  0.241478822218333E+00    0.132827362975987E+01 -0.482189043776187E+00
  0.00000000  0.00000000  0.01000000    0.2669D+01  0.712843540779117E+00  0.244151861710718E+00    0.125554548788436E+01 -0.430029523721875E+00
  0.00000000  0.00000000  0.01000000    0.2750D+01  0.756243233837095E+00  0.232208020125551E+00    0.120839526533486E+01 -0.371043415051489E+00
  0.00000000  0.00000000  0.01000000    0.2834D+01  0.791381821185614E+00  0.236845062157945E+00    0.115973640458037E+01 -0.347086366500256E+00
  0.00000000  0.00000000  0.01000000    0.2920D+01  0.812988649012464E+00  0.226067950352736E+00    0.114174616685447E+01 -0.317485632889725E+00
  0.00000000  0.00000000  0.01000000    0.3009D+01  0.840986156763905E+00  0.201440576074469E+00    0.112455957258135E+01 -0.269364633780103E+00
  0.00000000  0.00000000  0.01000000    0.3101D+01  0.888542247746440E+00  0.173062340760428E+00    0.108430493859643E+01 -0.211191253142461E+00
  0.00000000  0.00000000  0.01000000    0.3195D+01  0.974112110456926E+00  0.155303967123968E+00    0.100112884791278E+01 -0.159611280892680E+00
  0.00000000  0.00000000  0.01000000    0.3293D+01  0.106260925001711E+01  0.227248751370539E+00    0.899921135309242E+00 -0.192456403261774E+00
  0.00000000  0.00000000  0.01000000    0.3393D+01  0.108465020199876E+01  0.351419701003456E+00    0.834370783924737E+00 -0.270330776569740E+00
  0.00000000  0.00000000  0.01000000    0.3496D+01  0.103618365018831E+01  0.464218359539287E+00    0.803757019394137E+00 -0.360089415562121E+00
  0.00000000  0.00000000  0.01000000    0.3603D+01  0.837456370622441E+00  0.599139691465539E+00    0.789828494053035E+00 -0.565065377538303E+00
  0.00000000  0.00000000  0.01000000    0.3713D+01  0.704898128772047E+00  0.341532332554099E+00    0.114893006394597E+01 -0.556671593616747E+00
  0.00000000  0.00000000  0.01000000    0.3826D+01  0.744026278742701E+00  0.272282734875238E+00    0.118529692583691E+01 -0.433769475389315E+00
  0.00000000  0.00000000  0.01000000    0.3942D+01  0.779485326549829E+00  0.200971569755034E+00    0.120293368743545E+01 -0.310147559217279E+00
  0.00000000  0.00000000  0.01000000    0.4062D+01  0.851481833008899E+00  0.165869841931273E+00    0.113148602095928E+01 -0.220415046062409E+00
  0.00000000  0.00000000  0.01000000    0.4186D+01  0.878616898918595E+00  0.237614580826124E+00    0.106058285570544E+01 -0.286825749652662E+00
  0.00000000  0.00000000  0.01000000    0.4313D+01  0.817498413354122E+00  0.254850691243679E+00    0.111489340870594E+01 -0.347561966152285E+00
  0.00000000  0.00000000  0.01000000    0.4445D+01  0.795587159174366E+00  0.148373626688453E+00    0.121468572954946E+01 -0.226533730341998E+00
  0.00000000  0.00000000  0.01000000    0.4580D+01  0.850903123882531E+00  0.945110193343919E-01    0.116090005432616E+01 -0.128942818988713E+00
  0.00000000  0.00000000  0.01000000    0.4720D+01  0.931788410539308E+00  0.760666732715420E-01    0.106610021353229E+01 -0.870312355253971E-01
  0.00000000  0.00000000  0.01000000    0.4863D+01  0.100285345393179E+01  0.137832502098237E+00    0.978667785035023E+00 -0.134508415965921E+00
  0.00000000  0.00000000  0.01000000    0.5012D+01  0.976283728177743E+00  0.256944224223851E+00    0.957938955523437E+00 -0.252116136607332E+00
  0.00000000  0.00000000  0.01000000    0.5164D+01  0.890987042274702E+00  0.246829393703897E+00    0.104235507446450E+01 -0.288762752820068E+00
  0.00000000  0.00000000  0.01000000    0.5322D+01  0.925668055694715E+00  0.144962025864904E+00    0.105444134871365E+01 -0.165128258585671E+00
  0.00000000  0.00000000  0.01000000    0.5484D+01  0.916363054220230E+00  0.307834142980993E+00    0.980609545133511E+00 -0.329416487859198E+00
  0.00000000  0.00000000  0.01000000    0.5651D+01  0.807859013708420E+00  0.249717910846795E+00    0.112988029842678E+01 -0.349258153764842E+00
  0.00000000  0.00000000  0.01000000    0.5823D+01  0.779113473546514E+00  0.173312133535612E+00    0.122299267015910E+01 -0.272052115847582E+00
  0.00000000  0.00000000  0.01000000    0.6000D+01  0.794914309783542E+00  0.107967398332206E+00    0.123521031422163E+01 -0.167769585197090E+00
  0.00000000  0.00000000  0.01000000    0.6183D+01  0.843892844564907E+00  0.690562587487716E-01    0.117710240178655E+01 -0.963229971140257E-01
  0.00000000  0.00000000  0.01000000    0.6371D+01  0.870146173626242E+00  0.103833864809355E+00    0.113309749853546E+01 -0.135211641497473E+00
  0.00000000  0.00000000  0.01000000    0.6565D+01  0.857810391058622E+00  0.101213963375223E+00    0.114975206196000E+01 -0.135660472643836E+00
  0.00000000  0.00000000  0.01000000    0.6765D+01  0.863100890433146E+00  0.754437391701584E-01    0.114982781224340E+01 -0.100506569416179E+00
  0.00000000  0.00000000  0.01000000    0.6971D+01  0.862803922919743E+00  0.879011386621171E-01    0.114710581837820E+01 -0.116865379170005E+00
  0.00000000  0.00000000  0.01000000    0.7184D+01  0.857420321121823E+00  0.554819723291983E-01    0.116142608986186E+01 -0.751535840622666E-01
  0.00000000  0.00000000  0.01000000    0.7402D+01  0.873206967268838E+00  0.372024515829797E-01    0.114312893961543E+01 -0.487023129947760E-01
  0.00000000  0.00000000  0.01000000    0.7628D+01  0.896051464021430E+00  0.261816011124183E-01    0.111505535861243E+01 -0.325806449625496E-01
  0.00000000  0.00000000  0.01000000    0.7860D+01  0.908876652672822E+00  0.410983259605511E-01    0.109801415648258E+01 -0.496508999100294E-01
  0.00000000  0.00000000  0.01000000    0.8100D+01  0.909025894662076E+00  0.393748767815908E-01    0.109801853856876E+01 -0.475611805053360E-01
  0.00000000  0.00000000  0.01000000    0.8346D+01  0.914189421978540E+00  0.359597088185819E-01    0.109217533938293E+01 -0.429607981002958E-01
  0.00000000  0.00000000  0.01000000    0.8600D+01  0.909366780662117E+00  0.443568397086635E-01    0.109705610822328E+01 -0.535118974858955E-01
  0.00000000  0.00000000  0.01000000    0.8862D+01  0.910948394643681E+00  0.190189751327510E-01    0.109727872182599E+01 -0.229092194978491E-01
  0.00000000  0.00000000  0.01000000    0.9132D+01  0.921567780575233E+00  0.235728582535934E-01    0.108439787004208E+01 -0.277379025393495E-01
  0.00000000  0.00000000  0.01000000    0.9410D+01  0.924332047513923E+00  0.176568994207662E-01    0.108146767888272E+01 -0.206585567212567E-01
  0.00000000  0.00000000  0.01000000    0.9697D+01  0.932236929081289E+00  0.125657708028603E-01    0.107249382003478E+01 -0.144563158888400E-01
  0.00000000  0.00000000  0.01000000    0.9992D+01  0.938366632061576E+00  0.159072654046089E-01    0.106537538251562E+01 -0.180603277931783E-01
  0.00000000  0.00000000  0.01000000    0.1030D+02  0.938679014882529E+00  0.164454001537270E-01    0.106500000266014E+01 -0.186585093836984E-01
  0.00000000  0.00000000  0.01000000    0.1061D+02  0.941218994803075E+00  0.102526444848982E-01    0.106232594475882E+01 -0.115718555392889E-01
  0.00000000  0.00000000  0.01000000    0.1093D+02  0.945934747552794E+00  0.991219576602543E-02    0.105703930513062E+01 -0.110764305380942E-01
  0.00000000  0.00000000  0.01000000    0.1127D+02  0.948743500819390E+00  0.874129768006902E-02    0.105393619750715E+01 -0.971049607217689E-02
  0.00000000  0.00000000  0.01000000    0.1161D+02  0.950992805438695E+00  0.760505639092462E-02    0.105146542320633E+01 -0.840853242091857E-02
  0.00000000  0.00000000  0.01000000    0.1196D+02  0.953237152185979E+00  0.521768222931835E-02    0.104902545794573E+01 -0.574199345616578E-02
  0.00000000  0.00000000  0.01000000    0.1233D+02  0.956881623053755E+00  0.252598350338903E-02    0.104505406663823E+01 -0.275874180136648E-02
  0.00000000  0.00000000  0.01000000    0.1270D+02  0.960370202149431E+00  0.239937867982565E-02    0.104125862698731E+01 -0.260146945853402E-02
  0.00000000  0.00000000  0.01000000    0.1309D+02  0.963190113362279E+00  0.108927324086804E-02    0.103821530888895E+01 -0.117411935457328E-02
  0.00000000  0.00000000  0.01000000    0.1349D+02  0.966234085358711E+00  0.654933924107120E-03    0.103494541924322E+01 -0.701507921250796E-03
  0.00000000  0.00000000  0.01000000    0.1390D+02  0.968822791537448E+00  0.458692399898808E-03    0.103218027546095E+01 -0.488689213151213E-03
  0.00000000  0.00000000  0.01000000    0.1432D+02  0.971104198359401E+00  0.268446495844983E-03    0.102975553526955E+01 -0.284659736295134E-03
  0.00000000  0.00000000  0.01000000    0.1476D+02  0.973184984860410E+00  0.133791286517888E-03    0.102755385323100E+01 -0.141265796460996E-03
  0.00000000  0.00000000  0.01000000    0.1521D+02  0.975116733909836E+00  0.833519922724712E-05    0.102551824325414E+01 -0.876602623198357E-05
  0.00000000  0.00000000  0.01000000    0.1567D+02  0.976891000448763E+00  0.158928540871843E-17    0.102365565814469E+01 -0.166536594184414E-17
  0.00000000  0.00000000  0.01000000    0.1615D+02  0.978477953206234E+00  0.147974666350364E-17    0.102199543354374E+01 -0.154555790240024E-17
  0.00000000  0.00000000  0.01000000    0.1664D+02  0.979923910313811E+00  0.137980148910967E-17    0.102048739649567E+01 -0.143691771828636E-17
