 q(1:3)   w(Ry)   eps  epsi --- LFC included. 
  0.00000000  0.00000000  0.05000000    0.0000D+00  0.166675638392378E+01  0.161648311898683E-17    0.599967703525969E+00 -0.581871276475261E-18
  0.00000000  0.00000000  0.05000000    0.1015D-04  0.166675638394454E+01  0.161648309088381E-17    0.599967703518498E+00 -0.581871266344774E-18
  0.00000000  0.00000000  0.05000000    0.3076D-04  0.166675638411438E+01  0.161648309646452E-17    0.599967703457360E+00 -0.581871268235024E-18
  0.00000000  0.00000000  0.05000000    0.5200D-04  0.166675638446842E+01  0.161648311032707E-17    0.599967703329920E+00 -0.581871272977814E-18
  0.00000000  0.00000000  0.05000000    0.7389D-04  0.166675638502334E+01  0.161648309914501E-17    0.599967703130172E+00 -0.581871268565257E-18
  0.00000000  0.00000000  0.05000000    0.9644D-04  0.166675638579700E+01  0.161648310308475E-17    0.599967702851682E+00 -0.581871269443233E-18
  0.00000000  0.00000000  0.05000000    0.1197D-03  0.166675638680856E+01  0.161648312245463E-17    0.599967702487559E+00 -0.581871275709360E-18
  0.00000000  0.00000000  0.05000000    0.1436D-03  0.166675638807851E+01  0.161648310256915E-17    0.599967702030428E+00 -0.581871267664668E-18
  0.00000000  0.00000000  0.05000000    0.1683D-03  0.166675638962879E+01  0.161648311409573E-17    0.599967701472387E+00 -0.581871270731373E-18
  0.00000000  0.00000000  0.05000000    0.1937D-03  0.166675639148288E+01  0.161648311904116E-17    0.599967700804985E+00 -0.581871271216992E-18
  0.00000000  0.00000000  0.05000000    0.2199D-03  0.166675639366591E+01  0.161648311493873E-17    0.599967700019182E+00 -0.581871268216076E-18
  0.00000000  0.00000000  0.05000000    0.2469D-03  0.166675639620474E+01  0.161648313338413E-17    0.599967699105300E+00 -0.581871273083071E-18
  0.00000000  0.00000000  0.05000000    0.2748D-03  0.166675639912809E+01  0.161648313512615E-17    0.599967698053008E+00 -0.581871271669026E-18
  0.00000000  0.00000000  0.05000000    0.3034D-03  0.166675640246667E+01  0.161648314388147E-17    0.599967696851247E+00 -0.581871272489575E-18
  0.00000000  0.00000000  0.05000000    0.3330D-03  0.166675640625330E+01  0.161648314787609E-17    0.599967695488207E+00 -0.581871271283630E-18
  0.00000000  0.00000000  0.05000000    0.3634D-03  0.166675641052305E+01  0.161648315094598E-17    0.599967693951264E+00 -0.581871269407500E-18
  0.00000000  0.00000000  0.05000000    0.3948D-03  0.166675641531336E+01  0.161648315695750E-17    0.599967692226936E+00 -0.581871268226776E-18
  0.00000000  0.00000000  0.05000000    0.4271D-03  0.166675642066425E+01  0.161648317672916E-17    0.599967690300825E+00 -0.581871271607779E-18
  0.00000000  0.00000000  0.05000000    0.4604D-03  0.166675642661843E+01  0.161648318508779E-17    0.599967688157552E+00 -0.581871270459306E-18
  0.00000000  0.00000000  0.05000000    0.4948D-03  0.166675643322149E+01  0.161648320055563E-17    0.599967685780707E+00 -0.581871271416820E-18
  0.00000000  0.00000000  0.05000000    0.5301D-03  0.166675644052211E+01  0.161648321597871E-17    0.599967683152764E+00 -0.581871271871176E-18
  0.00000000  0.00000000  0.05000000    0.5666D-03  0.166675644857223E+01  0.161648325361751E-17    0.599967680255035E+00 -0.581871279799028E-18
  0.00000000  0.00000000  0.05000000    0.6041D-03  0.166675645742730E+01  0.161648326401749E-17    0.599967677067554E+00 -0.581871277359941E-18
  0.00000000  0.00000000  0.05000000    0.6428D-03  0.166675646714641E+01  0.161648328059450E-17    0.599967673569050E+00 -0.581871276541059E-18
  0.00000000  0.00000000  0.05000000    0.6827D-03  0.166675647779264E+01  0.161648331091282E-17    0.599967669736819E+00 -0.581871280021194E-18
  0.00000000  0.00000000  0.05000000    0.7238D-03  0.166675648943329E+01  0.161648331616715E-17    0.599967665546639E+00 -0.581871273784960E-18
  0.00000000  0.00000000  0.05000000    0.7662D-03  0.166675650214003E+01  0.161648335056723E-17    0.599967660972705E+00 -0.581871277295706E-18
  0.00000000  0.00000000  0.05000000    0.8098D-03  0.166675651598935E+01  0.161648338793592E-17    0.599967655987485E+00 -0.581871281077275E-18
  0.00000000  0.00000000  0.05000000    0.8548D-03  0.166675653106278E+01  0.161648341819515E-17    0.599967650561636E+00 -0.581871281445037E-18
  0.00000000  0.00000000  0.05000000    0.9011D-03  0.166675654744722E+01  0.161648344933879E-17    0.599967644663875E+00 -0.581871281215796E-18
  0.00000000  0.00000000  0.05000000    0.9488D-03  0.166675656523526E+01  0.161648348694837E-17    0.599967638260872E+00 -0.581871282334036E-18
  0.00000000  0.00000000  0.05000000    0.9980D-03  0.166675658452559E+01  0.161648352776819E-17    0.599967631317103E+00 -0.581871283558925E-18
  0.00000000  0.00000000  0.05000000    0.1049D-02  0.166675660542336E+01  0.161648358427800E-17    0.599967623794715E+00 -0.581871289309272E-18
  0.00000000  0.00000000  0.05000000    0.1101D-02  0.166675662804061E+01  0.161648362426036E-17    0.599967615653386E+00 -0.581871287909829E-18
  0.00000000  0.00000000  0.05000000    0.1155D-02  0.166675665249664E+01  0.161648368403870E-17    0.599967606850165E+00 -0.581871292352314E-18
  0.00000000  0.00000000  0.05000000    0.1210D-02  0.166675667891860E+01  0.161648371978396E-17    0.599967597339287E+00 -0.581871286771200E-18
  0.00000000  0.00000000  0.05000000    0.1267D-02  0.166675670744186E+01  0.161648379187249E-17    0.599967587072022E+00 -0.581871292805102E-18
  0.00000000  0.00000000  0.05000000    0.1326D-02  0.166675673821057E+01  0.161648385951201E-17    0.599967575996481E+00 -0.581871295669739E-18
  0.00000000  0.00000000  0.05000000    0.1387D-02  0.166675677137829E+01  0.161648394152186E-17    0.599967564057394E+00 -0.581871302032136E-18
  0.00000000  0.00000000  0.05000000    0.1450D-02  0.166675680710847E+01  0.161648402347066E-17    0.599967551195922E+00 -0.581871306583427E-18
  0.00000000  0.00000000  0.05000000    0.1514D-02  0.166675684557513E+01  0.161648408510880E-17    0.599967537349422E+00 -0.581871301913032E-18
  0.00000000  0.00000000  0.05000000    0.1580D-02  0.166675688696354E+01  0.161648417714795E-17    0.599967522451204E+00 -0.581871306145827E-18
  0.00000000  0.00000000  0.05000000    0.1649D-02  0.166675693147092E+01  0.161648428221888E-17    0.599967506430283E+00 -0.581871312891870E-18
  0.00000000  0.00000000  0.05000000    0.1719D-02  0.166675697930718E+01  0.161648439418627E-17    0.599967489211097E+00 -0.581871319796119E-18
  0.00000000  0.00000000  0.05000000    0.1792D-02  0.166675703069572E+01  0.161648450872960E-17    0.599967470713229E+00 -0.581871325147370E-18
  0.00000000  0.00000000  0.05000000    0.1867D-02  0.166675708587431E+01  0.161648462261269E-17    0.599967450851090E+00 -0.581871327614719E-18
  0.00000000  0.00000000  0.05000000    0.1944D-02  0.166675714509596E+01  0.161648474748715E-17    0.599967429533609E+00 -0.581871331215630E-18
  0.00000000  0.00000000  0.05000000    0.2024D-02  0.166675720862990E+01  0.161648487074193E-17    0.599967406663876E+00 -0.581871331222649E-18
  0.00000000  0.00000000  0.05000000    0.2106D-02  0.166675727676259E+01  0.161648503987844E-17    0.599967382138773E+00 -0.581871344534411E-18
  0.00000000  0.00000000  0.05000000    0.2190D-02  0.166675734979881E+01  0.161648518684431E-17    0.599967355848593E+00 -0.581871346441921E-18
  0.00000000  0.00000000  0.05000000    0.2277D-02  0.166675742806281E+01  0.161648536031652E-17    0.599967327676621E+00 -0.581871354240600E-18
  0.00000000  0.00000000  0.05000000    0.2367D-02  0.166675751189951E+01  0.161648553398182E-17    0.599967297498696E+00 -0.581871358217873E-18
  0.00000000  0.00000000  0.05000000    0.2459D-02  0.166675760167586E+01  0.161648573599118E-17    0.599967265182736E+00 -0.581871368250786E-18
  0.00000000  0.00000000  0.05000000    0.2554D-02  0.166675769778216E+01  0.161648595368540E-17    0.599967230588244E+00 -0.581871379510005E-18
  0.00000000  0.00000000  0.05000000    0.2652D-02  0.166675780063352E+01  0.161648617206295E-17    0.599967193565800E+00 -0.581871386305739E-18
  0.00000000  0.00000000  0.05000000    0.2753D-02  0.166675791067149E+01  0.161648641781237E-17    0.599967153956468E+00 -0.581871397936523E-18
  0.00000000  0.00000000  0.05000000    0.2858D-02  0.166675802836563E+01  0.161648665727084E-17    0.599967111591217E+00 -0.581871401957197E-18
  0.00000000  0.00000000  0.05000000    0.2965D-02  0.166675815421533E+01  0.161648692749118E-17    0.599967066290297E+00 -0.581871411356662E-18
  0.00000000  0.00000000  0.05000000    0.3075D-02  0.166675828875164E+01  0.161648723276740E-17    0.599967017862545E+00 -0.581871427309787E-18
  0.00000000  0.00000000  0.05000000    0.3189D-02  0.166675843253926E+01  0.161648752396473E-17    0.599966966104696E+00 -0.581871431735724E-18
  0.00000000  0.00000000  0.05000000    0.3307D-02  0.166675858617865E+01  0.161648787358333E-17    0.599966910800612E+00 -0.581871450312413E-18
  0.00000000  0.00000000  0.05000000    0.3428D-02  0.166675875030827E+01  0.161648821672336E-17    0.599966851720471E+00 -0.581871459232704E-18
  0.00000000  0.00000000  0.05000000    0.3553D-02  0.166675892560697E+01  0.161648859633483E-17    0.599966788619919E+00 -0.581871473482915E-18
  0.00000000  0.00000000  0.05000000    0.3681D-02  0.166675911279646E+01  0.161648900690521E-17    0.599966721239171E+00 -0.581871490574848E-18
  0.00000000  0.00000000  0.05000000    0.3813D-02  0.166675931264405E+01  0.161648943465013E-17    0.599966649302027E+00 -0.581871505010925E-18
  0.00000000  0.00000000  0.05000000    0.3950D-02  0.166675952596547E+01  0.161648989326604E-17    0.599966572514861E+00 -0.581871521151773E-18
  0.00000000  0.00000000  0.05000000    0.4090D-02  0.166675975362792E+01  0.161649038586139E-17    0.599966490565525E+00 -0.581871539510831E-18
  0.00000000  0.00000000  0.05000000    0.4235D-02  0.166675999655322E+01  0.161649092266401E-17    0.599966403122196E+00 -0.581871563126058E-18
  0.00000000  0.00000000  0.05000000    0.4385D-02  0.166676025572129E+01  0.161649147113320E-17    0.599966309832154E+00 -0.581871579599935E-18
  0.00000000  0.00000000  0.05000000    0.4538D-02  0.166676053217377E+01  0.161649208866415E-17    0.599966210320455E+00 -0.581871608865116E-18
  0.00000000  0.00000000  0.05000000    0.4697D-02  0.166676082701778E+01  0.161649269724250E-17    0.599966104188583E+00 -0.581871622066584E-18
  0.00000000  0.00000000  0.05000000    0.4860D-02  0.166676114143014E+01  0.161649337707692E-17    0.599965991012943E+00 -0.581871647254541E-18
  0.00000000  0.00000000  0.05000000    0.5029D-02  0.166676147666163E+01  0.161649411778409E-17    0.599965870343313E+00 -0.581871679818087E-18
  0.00000000  0.00000000  0.05000000    0.5202D-02  0.166676183404160E+01  0.161649489688603E-17    0.599965741701188E+00 -0.581871710737892E-18
  0.00000000  0.00000000  0.05000000    0.5381D-02  0.166676221498291E+01  0.161649571810096E-17    0.599965604578006E+00 -0.581871740365881E-18
  0.00000000  0.00000000  0.05000000    0.5565D-02  0.166676262098711E+01  0.161649658009056E-17    0.599965458433287E+00 -0.581871767171920E-18
  0.00000000  0.00000000  0.05000000    0.5755D-02  0.166676305364995E+01  0.161649751607944E-17    0.599965302692641E+00 -0.581871802001311E-18
  0.00000000  0.00000000  0.05000000    0.5950D-02  0.166676351466726E+01  0.161649852405863E-17    0.599965136745649E+00 -0.581871842946832E-18
  0.00000000  0.00000000  0.05000000    0.6152D-02  0.166676400584123E+01  0.161649957772261E-17    0.599964959943619E+00 -0.581871879281275E-18
  0.00000000  0.00000000  0.05000000    0.6360D-02  0.166676452908694E+01  0.161650072280420E-17    0.599964771597223E+00 -0.581871926129393E-18
  0.00000000  0.00000000  0.05000000    0.6574D-02  0.166676508643947E+01  0.161650191443615E-17    0.599964570973941E+00 -0.581871965919930E-18
  0.00000000  0.00000000  0.05000000    0.6794D-02  0.166676568006132E+01  0.161650321359019E-17    0.599964357295386E+00 -0.581872019090218E-18
  0.00000000  0.00000000  0.05000000    0.7021D-02  0.166676631225036E+01  0.161650458508939E-17    0.599964129734459E+00 -0.581872071373638E-18
  0.00000000  0.00000000  0.05000000    0.7255D-02  0.166676698544825E+01  0.161650603468085E-17    0.599963887412292E+00 -0.581872123134072E-18
  0.00000000  0.00000000  0.05000000    0.7497D-02  0.166676770224938E+01  0.161650758183565E-17    0.599963629395058E+00 -0.581872179568813E-18
  0.00000000  0.00000000  0.05000000    0.7745D-02  0.166676846541039E+01  0.161650923657280E-17    0.599963354690528E+00 -0.581872242359496E-18
  0.00000000  0.00000000  0.05000000    0.8001D-02  0.166676927786022E+01  0.161651098845178E-17    0.599963062244456E+00 -0.581872305702933E-18
  0.00000000  0.00000000  0.05000000    0.8265D-02  0.166677014271089E+01  0.161651287224899E-17    0.599962750936712E+00 -0.581872379944193E-18
  0.00000000  0.00000000  0.05000000    0.8537D-02  0.166677106326881E+01  0.161651484904045E-17    0.599962419577189E+00 -0.581872448763738E-18
  0.00000000  0.00000000  0.05000000    0.8818D-02  0.166677204304690E+01  0.161651699232955E-17    0.599962066901466E+00 -0.581872536166653E-18
  0.00000000  0.00000000  0.05000000    0.9107D-02  0.166677308577747E+01  0.161651923999137E-17    0.599961691566159E+00 -0.581872617184763E-18
  0.00000000  0.00000000  0.05000000    0.9404D-02  0.166677419542577E+01  0.161652163052485E-17    0.599961292144049E+00 -0.581872702907277E-18
  0.00000000  0.00000000  0.05000000    0.9711D-02  0.166677537620451E+01  0.161652418381808E-17    0.599960867118846E+00 -0.581872797551504E-18
  0.00000000  0.00000000  0.05000000    0.1003D-01  0.166677663258928E+01  0.161652689257835E-17    0.599960414879669E+00 -0.581872895367401E-18
  0.00000000  0.00000000  0.05000000    0.1035D-01  0.166677796933479E+01  0.161652979396817E-17    0.599959933715165E+00 -0.581873006411766E-18
  0.00000000  0.00000000  0.05000000    0.1069D-01  0.166677939149234E+01  0.161653287309709E-17    0.599959421807260E+00 -0.581873121797727E-18
  0.00000000  0.00000000  0.05000000    0.1103D-01  0.166678090442812E+01  0.161653612653224E-17    0.599958877224542E+00 -0.581873236542723E-18
  0.00000000  0.00000000  0.05000000    0.1139D-01  0.166678251384282E+01  0.161653963231794E-17    0.599958297915225E+00 -0.581873374758379E-18
  0.00000000  0.00000000  0.05000000    0.1176D-01  0.166678422579247E+01  0.161654332898659E-17    0.599957681699653E+00 -0.581873510090798E-18
  0.00000000  0.00000000  0.05000000    0.1214D-01  0.166678604671041E+01  0.161654726619400E-17    0.599957026262376E+00 -0.581873655921497E-18
  0.00000000  0.00000000  0.05000000    0.1253D-01  0.166678798343080E+01  0.161655146493258E-17    0.599956329143718E+00 -0.581873815034687E-18
  0.00000000  0.00000000  0.05000000    0.1293D-01  0.166679004321346E+01  0.161655591654188E-17    0.599955587730815E+00 -0.581873979243830E-18
  0.00000000  0.00000000  0.05000000    0.1334D-01  0.166679223377039E+01  0.161656065719335E-17    0.599954799248095E+00 -0.581874156183767E-18
  0.00000000  0.00000000  0.05000000    0.1377D-01  0.166679456329376E+01  0.161656568919839E-17    0.599953960747207E+00 -0.581874340966208E-18
  0.00000000  0.00000000  0.05000000    0.1421D-01  0.166679704048578E+01  0.161657105320262E-17    0.599953069096254E+00 -0.581874542144861E-18
  0.00000000  0.00000000  0.05000000    0.1466D-01  0.166679967459038E+01  0.161657675791047E-17    0.599952120968439E+00 -0.581874756398075E-18
  0.00000000  0.00000000  0.05000000    0.1513D-01  0.166680247542683E+01  0.161658281168590E-17    0.599951112829924E+00 -0.581874979879857E-18
  0.00000000  0.00000000  0.05000000    0.1561D-01  0.166680545342548E+01  0.161658923561497E-17    0.599950040927022E+00 -0.581875212896730E-18
  0.00000000  0.00000000  0.05000000    0.1610D-01  0.166680861966572E+01  0.161659608534299E-17    0.599948901272513E+00 -0.581875467741153E-18
  0.00000000  0.00000000  0.05000000    0.1662D-01  0.166681198591625E+01  0.161660337637692E-17    0.599947689631171E+00 -0.581875741776683E-18
  0.00000000  0.00000000  0.05000000    0.1714D-01  0.166681556467798E+01  0.161661111209212E-17    0.599946401504354E+00 -0.581876027488979E-18
  0.00000000  0.00000000  0.05000000    0.1768D-01  0.166681936922938E+01  0.161661935062270E-17    0.599945032113664E+00 -0.581876336530281E-18
  0.00000000  0.00000000  0.05000000    0.1824D-01  0.166682341367489E+01  0.161662810452529E-17    0.599943576383579E+00 -0.581876663570963E-18
  0.00000000  0.00000000  0.05000000    0.1882D-01  0.166682771299614E+01  0.161663739326192E-17    0.599942028923007E+00 -0.581877005154285E-18
  0.00000000  0.00000000  0.05000000    0.1941D-01  0.166683228310650E+01  0.161664728755130E-17    0.599940384005694E+00 -0.581877375621552E-18
  0.00000000  0.00000000  0.05000000    0.2002D-01  0.166683714090891E+01  0.161665778243431E-17    0.599938635549429E+00 -0.581877761384133E-18
  0.00000000  0.00000000  0.05000000    0.2065D-01  0.166684230435741E+01  0.161666896318060E-17    0.599936777093927E+00 -0.581878180595048E-18
  0.00000000  0.00000000  0.05000000    0.2130D-01  0.166684779252240E+01  0.161668082162039E-17    0.599934801777385E+00 -0.581878616996215E-18
  0.00000000  0.00000000  0.05000000    0.2197D-01  0.166685362566004E+01  0.161669344998887E-17    0.599932702311530E+00 -0.581879089639383E-18
  0.00000000  0.00000000  0.05000000    0.2266D-01  0.166685982528594E+01  0.161670686976042E-17    0.599930470955143E+00 -0.581879591228016E-18
  0.00000000  0.00000000  0.05000000    0.2337D-01  0.166686641425341E+01  0.161672109914840E-17    0.599928099485947E+00 -0.581880112357629E-18
  0.00000000  0.00000000  0.05000000    0.2410D-01  0.166687341683664E+01  0.161673625926233E-17    0.599925579170721E+00 -0.581880679664901E-18
  0.00000000  0.00000000  0.05000000    0.2486D-01  0.166688085881905E+01  0.161675234678386E-17    0.599922900733576E+00 -0.581881273948736E-18
  0.00000000  0.00000000  0.05000000    0.2564D-01  0.166688876758711E+01  0.161676946671919E-17    0.599920054322246E+00 -0.581881913875238E-18
  0.00000000  0.00000000  0.05000000    0.2644D-01  0.166689717223006E+01  0.161678763735148E-17    0.599917029472278E+00 -0.581882585708493E-18
  0.00000000  0.00000000  0.05000000    0.2726D-01  0.166690610364585E+01  0.161680695505673E-17    0.599913815069008E+00 -0.581883302554791E-18
  0.00000000  0.00000000  0.05000000    0.2811D-01  0.166691559465363E+01  0.161682748640742E-17    0.599910399307166E+00 -0.581884065451451E-18
  0.00000000  0.00000000  0.05000000    0.2899D-01  0.166692568011334E+01  0.161684928820462E-17    0.599906769647945E+00 -0.581884870493124E-18
  0.00000000  0.00000000  0.05000000    0.2989D-01  0.166693639705279E+01  0.161687248028453E-17    0.599902912773420E+00 -0.581885734945142E-18
  0.00000000  0.00000000  0.05000000    0.3082D-01  0.166694778480261E+01  0.161689710199452E-17    0.599898814538102E+00 -0.581886645496497E-18
  0.00000000  0.00000000  0.05000000    0.3178D-01  0.166695988513968E+01  0.161692329090713E-17    0.599894459917496E+00 -0.581887622475974E-18
  0.00000000  0.00000000  0.05000000    0.3277D-01  0.166697274243958E+01  0.161695109601964E-17    0.599889832953428E+00 -0.581888652519609E-18
  0.00000000  0.00000000  0.05000000    0.3379D-01  0.166698640383855E+01  0.161698064139611E-17    0.599884916695969E+00 -0.581889747348443E-18
  0.00000000  0.00000000  0.05000000    0.3484D-01  0.166700091940559E+01  0.161701203120041E-17    0.599879693141725E+00 -0.581890909471640E-18
  0.00000000  0.00000000  0.05000000    0.3592D-01  0.166701634232546E+01  0.161704538528359E-17    0.599874143168277E+00 -0.581892144865264E-18
  0.00000000  0.00000000  0.05000000    0.3703D-01  0.166703272909305E+01  0.161708082456910E-17    0.599868246464513E+00 -0.581893457576805E-18
  0.00000000  0.00000000  0.05000000    0.3818D-01  0.166705013972005E+01  0.161711847669180E-17    0.599861981456616E+00 -0.581894851609772E-18
  0.00000000  0.00000000  0.05000000    0.3936D-01  0.166706863795464E+01  0.161715848494574E-17    0.599855325229392E+00 -0.581896333989452E-18
  0.00000000  0.00000000  0.05000000    0.4058D-01  0.166708829151494E+01  0.161720098612722E-17    0.599848253442692E+00 -0.581897906626570E-18
  0.00000000  0.00000000  0.05000000    0.4184D-01  0.166710917233731E+01  0.161724614328947E-17    0.599840740242576E+00 -0.581899577929336E-18
  0.00000000  0.00000000  0.05000000    0.4313D-01  0.166713135684015E+01  0.161729411128861E-17    0.599832758166929E+00 -0.581901350221197E-18
  0.00000000  0.00000000  0.05000000    0.4447D-01  0.166715492620460E+01  0.161734508903446E-17    0.599824278045096E+00 -0.581903238344158E-18
  0.00000000  0.00000000  0.05000000    0.4584D-01  0.166717996667284E+01  0.161739923175831E-17    0.599815268891265E+00 -0.581905237883662E-18
  0.00000000  0.00000000  0.05000000    0.4726D-01  0.166720656986539E+01  0.161745675146587E-17    0.599805697791092E+00 -0.581907361088575E-18
  0.00000000  0.00000000  0.05000000    0.4872D-01  0.166723483311842E+01  0.161751787399175E-17    0.599795529781240E+00 -0.581909621182078E-18
  0.00000000  0.00000000  0.05000000    0.5022D-01  0.166726485984282E+01  0.161758279833147E-17    0.599784727721229E+00 -0.581912017479485E-18
  0.00000000  0.00000000  0.05000000    0.5177D-01  0.166729675990572E+01  0.161765176381486E-17    0.599773252157312E+00 -0.581914559287044E-18
  0.00000000  0.00000000  0.05000000    0.5337D-01  0.166733065003668E+01  0.161772503886735E-17    0.599761061177637E+00 -0.581917261572183E-18
  0.00000000  0.00000000  0.05000000    0.5501D-01  0.166736665425974E+01  0.161780288139158E-17    0.599748110258309E+00 -0.581920130408159E-18
  0.00000000  0.00000000  0.05000000    0.5671D-01  0.166740490435306E+01  0.161788558930147E-17    0.599734352099671E+00 -0.581923180829061E-18
  0.00000000  0.00000000  0.05000000    0.5846D-01  0.166744554033822E+01  0.161797343172860E-17    0.599719736452179E+00 -0.581926411741211E-18
  0.00000000  0.00000000  0.05000000    0.6026D-01  0.166748871100082E+01  0.161806674914591E-17    0.599704209931235E+00 -0.581929841570048E-18
  0.00000000  0.00000000  0.05000000    0.6211D-01  0.166753457444480E+01  0.161816588448457E-17    0.599687715820194E+00 -0.581933483093028E-18
  0.00000000  0.00000000  0.05000000    0.6403D-01  0.166758329868247E+01  0.161827121316281E-17    0.599670193860830E+00 -0.581937353824222E-18
  0.00000000  0.00000000  0.05000000    0.6600D-01  0.166763506226285E+01  0.161838311480332E-17    0.599651580030392E+00 -0.581941465400394E-18
  0.00000000  0.00000000  0.05000000    0.6803D-01  0.166769005494075E+01  0.161850197431878E-17    0.599631806304395E+00 -0.581945823501646E-18
  0.00000000  0.00000000  0.05000000    0.7012D-01  0.166774847838956E+01  0.161862823733363E-17    0.599610800404170E+00 -0.581950447277041E-18
  0.00000000  0.00000000  0.05000000    0.7227D-01  0.166781054696056E+01  0.161876238464520E-17    0.599588485528176E+00 -0.581955359622956E-18
  0.00000000  0.00000000  0.05000000    0.7450D-01  0.166787648849196E+01  0.161890488854358E-17    0.599564780066039E+00 -0.581960570908391E-18
  0.00000000  0.00000000  0.05000000    0.7678D-01  0.166794654517135E+01  0.161905626871884E-17    0.599539597294031E+00 -0.581966098466515E-18
  0.00000000  0.00000000  0.05000000    0.7914D-01  0.166802097445489E+01  0.161921708158202E-17    0.599512845050886E+00 -0.581971962104056E-18
  0.00000000  0.00000000  0.05000000    0.8157D-01  0.166810005004764E+01  0.161938793510749E-17    0.599484425392495E+00 -0.581978188740975E-18
  0.00000000  0.00000000  0.05000000    0.8408D-01  0.166818406294896E+01  0.161956943966511E-17    0.599454234224150E+00 -0.581984793998713E-18
  0.00000000  0.00000000  0.05000000    0.8666D-01  0.166827332256785E+01  0.161976227043455E-17    0.599422160908727E+00 -0.581991803841735E-18
  0.00000000  0.00000000  0.05000000    0.8932D-01  0.166836815791314E+01  0.161996711602392E-17    0.599388087849169E+00 -0.581999235268706E-18
  0.00000000  0.00000000  0.05000000    0.9206D-01  0.166846891886404E+01  0.162018475064500E-17    0.599351890043502E+00 -0.582007121343248E-18
  0.00000000  0.00000000  0.05000000    0.9488D-01  0.166857597752664E+01  0.162041595891905E-17    0.599313434610462E+00 -0.582015483212767E-18
  0.00000000  0.00000000  0.05000000    0.9779D-01  0.166868972968301E+01  0.162066159015267E-17    0.599272580283673E+00 -0.582024348577930E-18
  0.00000000  0.00000000  0.05000000    0.1008D+00  0.166881059633938E+01  0.162092257523448E-17    0.599229176872170E+00 -0.582033756653922E-18
  0.00000000  0.00000000  0.05000000    0.1039D+00  0.166893902538117E+01  0.162119982656113E-17    0.599183064684829E+00 -0.582043721054191E-18
  0.00000000  0.00000000  0.05000000    0.1071D+00  0.166907549334259E+01  0.162149441804034E-17    0.599134073916176E+00 -0.582054293162782E-18
  0.00000000  0.00000000  0.05000000    0.1103D+00  0.166922050729973E+01  0.162180740060208E-17    0.599082023990757E+00 -0.582065494538896E-18
  0.00000000  0.00000000  0.05000000    0.1137D+00  0.166937460689652E+01  0.162213998165816E-17    0.599026722863040E+00 -0.582077379890343E-18
  0.00000000  0.00000000  0.05000000    0.1172D+00  0.166953836651401E+01  0.162249333154358E-17    0.598967966269619E+00 -0.582089966048420E-18
  0.00000000  0.00000000  0.05000000    0.1208D+00  0.166971239759408E+01  0.162286877752340E-17    0.598905536930142E+00 -0.582103299927766E-18
  0.00000000  0.00000000  0.05000000    0.1245D+00  0.166989735112986E+01  0.162326772966791E-17    0.598839203693206E+00 -0.582117430126768E-18
  0.00000000  0.00000000  0.05000000    0.1283D+00  0.167009392033642E+01  0.162369167326277E-17    0.598768720622946E+00 -0.582132402284201E-18
  0.00000000  0.00000000  0.05000000    0.1322D+00  0.167030284351611E+01  0.162414215353155E-17    0.598693826021949E+00 -0.582148251543673E-18
  0.00000000  0.00000000  0.05000000    0.1363D+00  0.167052490713484E+01  0.162462087283027E-17    0.598614241385439E+00 -0.582165035178219E-18
  0.00000000  0.00000000  0.05000000    0.1405D+00  0.167076094912673E+01  0.162512961709132E-17    0.598529670281483E+00 -0.582182803824054E-18
  0.00000000  0.00000000  0.05000000    0.1448D+00  0.167101186244643E+01  0.162567028549335E-17    0.598439797151384E+00 -0.582201609545342E-18
  0.00000000  0.00000000  0.05000000    0.1492D+00  0.167127859889042E+01  0.162624491615985E-17    0.598344286023832E+00 -0.582221512263468E-18
  0.00000000  0.00000000  0.05000000    0.1537D+00  0.167156217321050E+01  0.162685564429259E-17    0.598242779135964E+00 -0.582242561774022E-18
  0.00000000  0.00000000  0.05000000    0.1585D+00  0.167186366754530E+01  0.162750480534227E-17    0.598134895453670E+00 -0.582264831451854E-18
  0.00000000  0.00000000  0.05000000    0.1633D+00  0.167218423619829E+01  0.162819482847475E-17    0.598020229082830E+00 -0.582288376626273E-18
  0.00000000  0.00000000  0.05000000    0.1683D+00  0.167252511079351E+01  0.162892830890882E-17    0.597898347562365E+00 -0.582313256709233E-18
  0.00000000  0.00000000  0.05000000    0.1734D+00  0.167288760584407E+01  0.162970807061838E-17    0.597768790029049E+00 -0.582339553518656E-18
  0.00000000  0.00000000  0.05000000    0.1787D+00  0.167327312477184E+01  0.163053707317309E-17    0.597631065243074E+00 -0.582367333540740E-18
  0.00000000  0.00000000  0.05000000    0.1842D+00  0.167368316642141E+01  0.163141844538819E-17    0.597484649462150E+00 -0.582396655188331E-18
  0.00000000  0.00000000  0.05000000    0.1898D+00  0.167411933211591E+01  0.163235560912088E-17    0.597328984150794E+00 -0.582427607795835E-18
  0.00000000  0.00000000  0.05000000    0.1956D+00  0.167458333330811E+01  0.163335214409493E-17    0.597163473509866E+00 -0.582460257684323E-18
  0.00000000  0.00000000  0.05000000    0.2016D+00  0.167507699988620E+01  0.163441190466917E-17    0.596987481810053E+00 -0.582494683692218E-18
  0.00000000  0.00000000  0.05000000    0.2078D+00  0.167560228920087E+01  0.163553899724186E-17    0.596800330510958E+00 -0.582530962393836E-18
  0.00000000  0.00000000  0.05000000    0.2141D+00  0.167616129588842E+01  0.163673781372996E-17    0.596601295145626E+00 -0.582569172716488E-18
  0.00000000  0.00000000  0.05000000    0.2207D+00  0.167675626257361E+01  0.163801302973878E-17    0.596389601947946E+00 -0.582609387301198E-18
  0.00000000  0.00000000  0.05000000    0.2274D+00  0.167738959154696E+01  0.163936965551870E-17    0.596164424197812E+00 -0.582651681907918E-18
  0.00000000  0.00000000  0.05000000    0.2343D+00  0.167806385752278E+01  0.164081307834059E-17    0.595924878255966E+00 -0.582696140893219E-18
  0.00000000  0.00000000  0.05000000    0.2415D+00  0.167878182159842E+01  0.164234899231437E-17    0.595670019257100E+00 -0.582742821784495E-18
  0.00000000  0.00000000  0.05000000    0.2489D+00  0.167954644655130E+01  0.164398355983747E-17    0.595398836425960E+00 -0.582791801108274E-18
  0.00000000  0.00000000  0.05000000    0.2565D+00  0.168036091362841E+01  0.164572334876605E-17    0.595110247976845E+00 -0.582843139376918E-18
  0.00000000  0.00000000  0.05000000    0.2643D+00  0.168122864100472E+01  0.164757538653087E-17    0.594803095551830E+00 -0.582896886337789E-18
  0.00000000  0.00000000  0.05000000    0.2724D+00  0.168215330411146E+01  0.164954719661154E-17    0.594476138147360E+00 -0.582953078495669E-18
  0.00000000  0.00000000  0.05000000    0.2807D+00  0.168313885806444E+01  0.165164689052395E-17    0.594128045472118E+00 -0.583011754600892E-18
  0.00000000  0.00000000  0.05000000    0.2893D+00  0.168418956245572E+01  0.165388317011212E-17    0.593757390671571E+00 -0.583072937543644E-18
  0.00000000  0.00000000  0.05000000    0.2981D+00  0.168531000881195E+01  0.165626532292580E-17    0.593362642345513E+00 -0.583136611838726E-18
  0.00000000  0.00000000  0.05000000    0.3072D+00  0.168650515106864E+01  0.165880336248463E-17    0.592942155774834E+00 -0.583202749861124E-18
  0.00000000  0.00000000  0.05000000    0.3166D+00  0.168778033946373E+01  0.166150809866737E-17    0.592494163261633E+00 -0.583271310640542E-18
  0.00000000  0.00000000  0.05000000    0.3262D+00  0.168914135831904E+01  0.166439109390329E-17    0.592016763472750E+00 -0.583342195555540E-18
  0.00000000  0.00000000  0.05000000    0.3362D+00  0.169059446825312E+01  0.166746486006558E-17    0.591507909660496E+00 -0.583415285174142E-18
  0.00000000  0.00000000  0.05000000    0.3464D+00  0.169214645346070E+01  0.167074280125398E-17    0.590965396614961E+00 -0.583490382978002E-18
  0.00000000  0.00000000  0.05000000    0.3570D+00  0.169380467480125E+01  0.167423950998116E-17    0.590386846179498E+00 -0.583567278300769E-18
  0.00000000  0.00000000  0.05000000    0.3679D+00  0.169557712956916E+01  0.167797060218567E-17    0.589769691134072E+00 -0.583645642846429E-18
  0.00000000  0.00000000  0.05000000    0.3791D+00  0.169747251897336E+01  0.168195307302662E-17    0.589111157219090E+00 -0.583725103154064E-18
  0.00000000  0.00000000  0.05000000    0.3907D+00  0.169950032454269E+01  0.168620524141347E-17    0.588408243034073E+00 -0.583805162709769E-18
  0.00000000  0.00000000  0.05000000    0.4026D+00  0.170167089490137E+01  0.169074698625874E-17    0.587657697499705E+00 -0.583885217744742E-18
  0.00000000  0.00000000  0.05000000    0.4149D+00  0.170399554463706E+01  0.169559989087792E-17    0.586855994516694E+00 -0.583964531712144E-18
  0.00000000  0.00000000  0.05000000    0.4276D+00  0.170648666732473E+01  0.170078737235857E-17    0.585999304388184E+00 -0.584042193940374E-18
  0.00000000  0.00000000  0.05000000    0.4406D+00  0.170915786518888E+01  0.170633486779404E-17    0.585083461491424E+00 -0.584117085522773E-18
  0.00000000  0.00000000  0.05000000    0.4540D+00  0.171202409840578E+01  0.171227013218351E-17    0.584103927585594E+00 -0.584187868749755E-18
  0.00000000  0.00000000  0.05000000    0.4679D+00  0.171510185769333E+01  0.171862340516520E-17    0.583055750021119E+00 -0.584252914197250E-18
  0.00000000  0.00000000  0.05000000    0.4822D+00  0.171840936464504E+01  0.172542778516993E-17    0.581933513966018E+00 -0.584310278317151E-18
  0.00000000  0.00000000  0.05000000    0.4969D+00  0.172196680528462E+01  0.173271944088886E-17    0.580731287578283E+00 -0.584357601337725E-18
  0.00000000  0.00000000  0.05000000    0.5120D+00  0.172579660361068E+01  0.174053802313135E-17    0.579442558820557E+00 -0.584392044657898E-18
  0.00000000  0.00000000  0.05000000    0.5276D+00  0.172992374355473E+01  0.174892709994362E-17    0.578060162319730E+00 -0.584410201342959E-18
  0.00000000  0.00000000  0.05000000    0.5437D+00  0.173437614990430E+01  0.175793466701639E-17    0.576576194302014E+00 -0.584407990271211E-18
  0.00000000  0.00000000  0.05000000    0.5603D+00  0.173918514150720E+01  0.176761360189877E-17    0.574981913158129E+00 -0.584380481576165E-18
  0.00000000  0.00000000  0.05000000    0.5774D+00  0.174438597369340E+01  0.177802242781471E-17    0.573267622579362E+00 -0.584321764481968E-18
  0.00000000  0.00000000  0.05000000    0.5950D+00  0.175001849163741E+01  0.178922595706749E-17    0.571422533406690E+00 -0.584224700544680E-18
  0.00000000  0.00000000  0.05000000    0.6131D+00  0.175612792277675E+01  0.180129622835807E-17    0.569434599285239E+00 -0.584080682668745E-18
  0.00000000  0.00000000  0.05000000    0.6318D+00  0.176276584503329E+01  0.181431353222805E-17    0.567290319821866E+00 -0.583879309242771E-18
  0.00000000  0.00000000  0.05000000    0.6511D+00  0.176999137937549E+01  0.182836753178551E-17    0.564974503069520E+00 -0.583607948454208E-18
  0.00000000  0.00000000  0.05000000    0.6709D+00  0.177787267157718E+01  0.184355877423427E-17    0.562469976611363E+00 -0.583251251455105E-18
  0.00000000  0.00000000  0.05000000    0.6914D+00  0.178648875092589E+01  0.186000026511579E-17    0.559757232997815E+00 -0.582790460469910E-18
  0.00000000  0.00000000  0.05000000    0.7125D+00  0.179593188626082E+01  0.187781967502267E-17    0.556813990357969E+00 -0.582202629409871E-18
  0.00000000  0.00000000  0.05000000    0.7342D+00  0.180631060700421E+01  0.189716145666431E-17    0.553614641979272E+00 -0.581459443650178E-18
  0.00000000  0.00000000  0.05000000    0.7565D+00  0.181775362666294E+01  0.191819003113107E-17    0.550129558446166E+00 -0.580525886106591E-18
  0.00000000  0.00000000  0.05000000    0.7796D+00  0.183041501152914E+01  0.194109311390347E-17    0.546324190799000E+00 -0.579358297456762E-18
  0.00000000  0.00000000  0.05000000    0.8034D+00  0.184448109974378E+01  0.196608617905112E-17    0.542157900202344E+00 -0.577901912141725E-18
  0.00000000  0.00000000  0.05000000    0.8279D+00  0.186017993331128E+01  0.199341770443088E-17    0.537582403773119E+00 -0.576087432232568E-18
  0.00000000  0.00000000  0.05000000    0.8531D+00  0.187779438618952E+01  0.202337561882419E-17    0.532539668535932E+00 -0.573826287530274E-18
  0.00000000  0.00000000  0.05000000    0.8791D+00  0.189768088317286E+01  0.205629579389388E-17    0.526958989188969E+00 -0.571004093803238E-18
  0.00000000  0.00000000  0.05000000    0.9059D+00  0.192029685919470E+01  0.209257220653328E-17    0.520752817571844E+00 -0.567471048711564E-18
  0.00000000  0.00000000  0.05000000    0.9335D+00  0.194624243393311E+01  0.213267010103435E-17    0.513810603738161E+00 -0.563027757016034E-18
  0.00000000  0.00000000  0.05000000    0.9619D+00  0.197632635375082E+01  0.217714311498834E-17    0.505989305917075E+00 -0.557403452898540E-18
  0.00000000  0.00000000  0.05000000    0.9913D+00  0.201167597501856E+01  0.222665507090777E-17    0.497097948386432E+00 -0.550220652459841E-18
  0.00000000  0.00000000  0.05000000    0.1021D+01  0.205393386898289E+01  0.228200872848434E-17    0.486870592622926E+00 -0.540934135604885E-18
  0.00000000  0.00000000  0.05000000    0.1053D+01  0.210564495962842E+01  0.234418410195343E-17    0.474913871603725E+00 -0.528714749616225E-18
  0.00000000  0.00000000  0.05000000    0.1085D+01  0.217114032102533E+01  0.241438909148587E-17    0.460587457344878E+00 -0.512190447535662E-18
  0.00000000  0.00000000  0.05000000    0.1118D+01  0.225917386581095E+01  0.249412593434977E-17    0.442639681316002E+00 -0.488673813666957E-18
  0.00000000  0.00000000  0.05000000    0.1152D+01  0.240373436922549E+01  0.258523198228421E-17    0.416019345898944E+00 -0.447431518239449E-18
  0.00000000  0.00000000  0.05000000    0.1187D+01  0.259243919170063E+01  0.977890030661580E-01    0.385189038389471E+00 -0.145296569256882E-01
  0.00000000  0.00000000  0.05000000    0.1223D+01  0.272653483883968E+01  0.317061294486398E+00    0.361872396064409E+00 -0.420811532281405E-01
  0.00000000  0.00000000  0.05000000    0.1260D+01  0.282876572978335E+01  0.477632266377285E+00    0.343711930122313E+00 -0.580351728800832E-01
  0.00000000  0.00000000  0.05000000    0.1299D+01  0.307293368252896E+01  0.689138220578471E+00    0.309839227196690E+00 -0.694847581351029E-01
  0.00000000  0.00000000  0.05000000    0.1338D+01  0.302869855403542E+01  0.164549641614997E+01    0.254926505883572E+00 -0.138501948717920E+00
  0.00000000  0.00000000  0.05000000    0.1379D+01  0.234300125511138E+01  0.190518091654626E+01    0.256925802884686E+00 -0.208915866159431E+00
  0.00000000  0.00000000  0.05000000    0.1421D+01  0.181660435439983E+01  0.178811995268712E+01    0.279588381144262E+00 -0.275204428335038E+00
  0.00000000  0.00000000  0.05000000    0.1464D+01  0.151057023577770E+01  0.159980262204457E+01    0.312024515736912E+00 -0.330456424067631E+00
  0.00000000  0.00000000  0.05000000    0.1509D+01  0.131828105317301E+01  0.139077796109522E+01    0.358996460756780E+00 -0.378738937747737E+00
  0.00000000  0.00000000  0.05000000    0.1555D+01  0.120879497579665E+01  0.115991905747597E+01    0.430697657937132E+00 -0.413283006179195E+00
  0.00000000  0.00000000  0.05000000    0.1602D+01  0.120545516231478E+01  0.916436047614644E+00    0.525716162388494E+00 -0.399670810734513E+00
  0.00000000  0.00000000  0.05000000    0.1651D+01  0.134184821522734E+01  0.672833234070564E+00    0.595513835258575E+00 -0.298604190223487E+00
  0.00000000  0.00000000  0.05000000    0.1701D+01  0.177327374404648E+01  0.491915852402412E+00    0.523633162566491E+00 -0.145258708292990E+00
  0.00000000  0.00000000  0.05000000    0.1753D+01  0.210057875858778E+01  0.114727101631277E+01    0.366678779982429E+00 -0.200268585431946E+00
  0.00000000  0.00000000  0.05000000    0.1807D+01  0.156351339476352E+01  0.204574433108562E+01    0.235836704636553E+00 -0.308575291512046E+00
  0.00000000  0.00000000  0.05000000    0.1862D+01  0.879273930768822E+00  0.633986013697338E+00    0.748279448850220E+00 -0.539534595883430E+00
  0.00000000  0.00000000  0.05000000    0.1919D+01  0.176855832073133E+01  0.678200079948628E+00    0.492943044245882E+00 -0.189031940931093E+00
  0.00000000  0.00000000  0.05000000    0.1977D+01  0.198694890111493E+01  0.174053470454001E+01    0.284768139173457E+00 -0.249452227332348E+00
  0.00000000  0.00000000  0.05000000    0.2037D+01  0.125794233798460E+01  0.201953039564095E+01    0.222215100348085E+00 -0.356749380295407E+00
  0.00000000  0.00000000  0.05000000    0.2099D+01  0.802880290823597E+00  0.166344856050408E+01    0.235332971129981E+00 -0.487574918128518E+00
  0.00000000  0.00000000  0.05000000    0.2163D+01  0.106046365952509E+01  0.215143720887242E+01    0.184323791075132E+00 -0.373950638513213E+00
  0.00000000  0.00000000  0.05000000    0.2229D+01 -0.145179998170715E+01  0.109134995070172E+01   -0.440103706878891E+00 -0.330835628087786E+00
  0.00000000  0.00000000  0.05000000    0.2297D+01 -0.222010128502926E+00  0.283991557156623E+00   -0.170856270722805E+01 -0.218556417672194E+01
  0.00000000  0.00000000  0.05000000    0.2367D+01  0.223736153152720E+00  0.227741532140203E+00    0.219512573864874E+01 -0.223442341309506E+01
  0.00000000  0.00000000  0.05000000    0.2439D+01  0.434672701170891E+00  0.208134354435015E+00    0.187148971910024E+01 -0.896125529547703E+00
  0.00000000  0.00000000  0.05000000    0.2513D+01  0.571787863389797E+00  0.203717383959188E+00    0.155190683093349E+01 -0.552915547860519E+00
  0.00000000  0.00000000  0.05000000    0.2590D+01  0.660051579910815E+00  0.220414149099529E+00    0.136303751879196E+01 -0.455165571963113E+00
  0.00000000  0.00000000  0.05000000    0.2669D+01  0.708721584323379E+00  0.225256051548103E+00    0.128153260462254E+01 -0.407315059725503E+00
  0.00000000  0.00000000  0.05000000    0.2750D+01  0.749585146358042E+00  0.209212953481163E+00    0.123765818813712E+01 -0.345436574081514E+00
  0.00000000  0.00000000  0.05000000    0.2834D+01  0.787270916477733E+00  0.211719016492065E+00    0.118454214106571E+01 -0.318556283295562E+00
  0.00000000  0.00000000  0.05000000    0.2920D+01  0.809173761869654E+00  0.201789200141754E+00    0.116347347255302E+01 -0.290143344329597E+00
  0.00000000  0.00000000  0.05000000    0.3009D+01  0.834917625478288E+00  0.178027880636954E+00    0.114563525163486E+01 -0.244281602888310E+00
  0.00000000  0.00000000  0.05000000    0.3101D+01  0.874229715801182E+00  0.156267376881576E+00    0.110844800610976E+01 -0.198133578845058E+00
  0.00000000  0.00000000  0.05000000    0.3195D+01  0.943833186323563E+00  0.131443725416619E+00    0.103935107075710E+01 -0.144746104222309E+00
  0.00000000  0.00000000  0.05000000    0.3293D+01  0.101599512365542E+01  0.197600930628432E+00    0.948382808689634E+00 -0.184451008893460E+00
  0.00000000  0.00000000  0.05000000    0.3393D+01  0.101036507616344E+01  0.255992391971145E+00    0.930037982205628E+00 -0.235640218873046E+00
  0.00000000  0.00000000  0.05000000    0.3496D+01  0.104486279206392E+01  0.282833125502644E+00    0.891724430955913E+00 -0.241380217393077E+00
  0.00000000  0.00000000  0.05000000    0.3603D+01  0.101070345196613E+01  0.474282507192126E+00    0.810855624870407E+00 -0.380501954343044E+00
  0.00000000  0.00000000  0.05000000    0.3713D+01  0.760150045132971E+00  0.367228972913711E+00    0.106660000071070E+01 -0.515275142425646E+00
  0.00000000  0.00000000  0.05000000    0.3826D+01  0.773888679077723E+00  0.259523389279708E+00    0.116154839794351E+01 -0.389524986211150E+00
  0.00000000  0.00000000  0.05000000    0.3942D+01  0.796187205380887E+00  0.186866214106274E+00    0.119041247704134E+01 -0.279391418633978E+00
  0.00000000  0.00000000  0.05000000    0.4062D+01  0.851452509454508E+00  0.132855147375431E+00    0.114654920409796E+01 -0.178900128653336E+00
  0.00000000  0.00000000  0.05000000    0.4186D+01  0.920978448158496E+00  0.162048497658375E+00    0.105319554520820E+01 -0.185312431775940E+00
  0.00000000  0.00000000  0.05000000    0.4313D+01  0.934147301184622E+00  0.209287510760154E+00    0.101933023962592E+01 -0.228372001100175E+00
  0.00000000  0.00000000  0.05000000    0.4445D+01  0.847175089300632E+00  0.202631776336700E+00    0.111651801187171E+01 -0.267054627685352E+00
  0.00000000  0.00000000  0.05000000    0.4580D+01  0.850334535457683E+00  0.129008132206385E+00    0.114954823904328E+01 -0.174403208403492E+00
  0.00000000  0.00000000  0.05000000    0.4720D+01  0.912677720359196E+00  0.804387542758977E-01    0.108723166053881E+01 -0.958230473168982E-01
  0.00000000  0.00000000  0.05000000    0.4863D+01  0.983665941026871E+00  0.108746111976854E+00    0.100433064626402E+01 -0.111030633841402E+00
  0.00000000  0.00000000  0.05000000    0.5012D+01  0.100318302325065E+01  0.199695906408718E+00    0.958832574252630E+00 -0.190867404622878E+00
  0.00000000  0.00000000  0.05000000    0.5164D+01  0.947660257039021E+00  0.220300177433567E+00    0.100112839105204E+01 -0.232729778994483E+00
  0.00000000  0.00000000  0.05000000    0.5322D+01  0.920858782115933E+00  0.157111209912963E+00    0.105522618952962E+01 -0.180036142988070E+00
  0.00000000  0.00000000  0.05000000    0.5484D+01  0.972872095908797E+00  0.220646214020321E+00    0.977598916927934E+00 -0.221718251307248E+00
  0.00000000  0.00000000  0.05000000    0.5651D+01  0.892800502975132E+00  0.261148587526220E+00    0.103179181319419E+01 -0.301804237048336E+00
  0.00000000  0.00000000  0.05000000    0.5823D+01  0.833835480023125E+00  0.208295578386464E+00    0.112883560655423E+01 -0.281987839572294E+00
  0.00000000  0.00000000  0.05000000    0.6000D+01  0.795244765625524E+00  0.145672000813197E+00    0.121665040872923E+01 -0.222864590866403E+00
  0.00000000  0.00000000  0.05000000    0.6183D+01  0.839950216437059E+00  0.777256938504408E-01    0.118043874159199E+01 -0.109233164588456E+00
  0.00000000  0.00000000  0.05000000    0.6371D+01  0.887009394108795E+00  0.101855505153366E+00    0.111271157780862E+01 -0.127772941978330E+00
  0.00000000  0.00000000  0.05000000    0.6565D+01  0.888362113573766E+00  0.113486250464664E+00    0.110759176859488E+01 -0.141492342979033E+00
  0.00000000  0.00000000  0.05000000    0.6765D+01  0.872746451388453E+00  0.102544916157452E+00    0.113020510891126E+01 -0.132795484816522E+00
  0.00000000  0.00000000  0.05000000    0.6971D+01  0.871111131502334E+00  0.116136004186196E+00    0.112791158899467E+01 -0.150372484386964E+00
  0.00000000  0.00000000  0.05000000    0.7184D+01  0.839709714248202E+00  0.759977099800245E-01    0.118121229779185E+01 -0.106905312763703E+00
  0.00000000  0.00000000  0.05000000    0.7402D+01  0.858636480478189E+00  0.388385241263905E-01    0.116225922719810E+01 -0.525722282513715E-01
  0.00000000  0.00000000  0.05000000    0.7628D+01  0.887175788777553E+00  0.286255177672477E-01    0.112600006404238E+01 -0.363313959272722E-01
  0.00000000  0.00000000  0.05000000    0.7860D+01  0.901691296014517E+00  0.390029694499840E-01    0.110695586572398E+01 -0.478817595380423E-01
  0.00000000  0.00000000  0.05000000    0.8100D+01  0.902912757301895E+00  0.346694149888409E-01    0.110589623365169E+01 -0.424634330936217E-01
  0.00000000  0.00000000  0.05000000    0.8346D+01  0.911420353780537E+00  0.285870873862540E-01    0.109611023367900E+01 -0.343799640914033E-01
  0.00000000  0.00000000  0.05000000    0.8600D+01  0.914720159744687E+00  0.408141858470163E-01    0.109105835478133E+01 -0.486822751063171E-01
  0.00000000  0.00000000  0.05000000    0.8862D+01  0.908427445860083E+00  0.155243113675324E-01    0.110048199068742E+01 -0.188063726560115E-01
  0.00000000  0.00000000  0.05000000    0.9132D+01  0.922507539026401E+00  0.195779091058191E-01    0.108351397284061E+01 -0.229948669010838E-01
  0.00000000  0.00000000  0.05000000    0.9410D+01  0.923797155123736E+00  0.141419530983845E-01    0.108223509787373E+01 -0.165674010908876E-01
  0.00000000  0.00000000  0.05000000    0.9697D+01  0.931501402581857E+00  0.753760803298670E-02    0.107346539985009E+01 -0.868636525786905E-02
  0.00000000  0.00000000  0.05000000    0.9992D+01  0.939188672862892E+00  0.895574096788229E-02    0.106465198018040E+01 -0.101521106790760E-01
  0.00000000  0.00000000  0.05000000    0.1030D+02  0.942160050586118E+00  0.879887133720845E-02    0.106129822560136E+01 -0.991150763786334E-02
  0.00000000  0.00000000  0.05000000    0.1061D+02  0.947204413715478E+00  0.378363770179197E-02    0.105572147837823E+01 -0.421711251588752E-02
  0.00000000  0.00000000  0.05000000    0.1093D+02  0.953565834163533E+00  0.641232801658936E-02    0.104864787125055E+01 -0.705171460998831E-02
  0.00000000  0.00000000  0.05000000    0.1127D+02  0.955961051064053E+00  0.825182568658456E-02    0.104598978541873E+01 -0.902895088624801E-02
  0.00000000  0.00000000  0.05000000    0.1161D+02  0.956378964687611E+00  0.897407763872463E-02    0.104551856183317E+01 -0.981050932010333E-02
  0.00000000  0.00000000  0.05000000    0.1196D+02  0.956620098535643E+00  0.607940889681296E-02    0.104530483518513E+01 -0.664300857219478E-02
  0.00000000  0.00000000  0.05000000    0.1233D+02  0.959651398840676E+00  0.300133929527989E-02    0.104203486792694E+01 -0.325899613124011E-02
  0.00000000  0.00000000  0.05000000    0.1270D+02  0.962862729747864E+00  0.278079585344740E-02    0.103856097898580E+01 -0.299941619370007E-02
  0.00000000  0.00000000  0.05000000    0.1309D+02  0.965342167800210E+00  0.130969828090698E-02    0.103590021514867E+01 -0.140542574045329E-02
  0.00000000  0.00000000  0.05000000    0.1349D+02  0.968217984091655E+00  0.754121685883665E-03    0.103282464257345E+01 -0.804442257298489E-03
  0.00000000  0.00000000  0.05000000    0.1390D+02  0.970668381676663E+00  0.524738565957277E-03    0.103021765891838E+01 -0.556930613141958E-03
  0.00000000  0.00000000  0.05000000    0.1432D+02  0.972815173755046E+00  0.297235042323250E-03    0.102794439645164E+01 -0.314079287030309E-03
  0.00000000  0.00000000  0.05000000    0.1476D+02  0.974787812188577E+00  0.136687390560239E-03    0.102586426280034E+01 -0.143849468979671E-03
  0.00000000  0.00000000  0.05000000    0.1521D+02  0.976621512319228E+00  0.946312019354576E-05    0.102393812474125E+01 -0.992160158562330E-05
  0.00000000  0.00000000  0.05000000    0.1567D+02  0.978298182615353E+00 -0.464772174673484E-19    0.102218323387521E+01  0.485621186837825E-19
  0.00000000  0.00000000  0.05000000    0.1615D+02  0.979793612410871E+00 -0.431919903334652E-19    0.102062310606354E+01  0.449918664224990E-19
  0.00000000  0.00000000  0.05000000    0.1664D+02  0.981154051924204E+00 -0.402388499263294E-19    0.101920793991406E+01  0.417995066702261E-19
