 q(1:3)   w(Ry)   eps    epsi  --- NO LFC
  0.00000000  0.00000000  0.04000000    0.0000D+00  0.172520810937200E+01 -0.287301836632782E-17    0.579640215326843E+00  0.965284695480844E-18
  0.00000000  0.00000000  0.04000000    0.1015D-04  0.172520810939492E+01 -0.287301836639650E-17    0.579640215319140E+00  0.965284695478266E-18
  0.00000000  0.00000000  0.04000000    0.3076D-04  0.172520810958253E+01 -0.287301836695898E-17    0.579640215256107E+00  0.965284695457308E-18
  0.00000000  0.00000000  0.04000000    0.5200D-04  0.172520810997359E+01 -0.287301836813118E-17    0.579640215124719E+00  0.965284695413541E-18
  0.00000000  0.00000000  0.04000000    0.7389D-04  0.172520811058653E+01 -0.287301836996836E-17    0.579640214918781E+00  0.965284695344899E-18
  0.00000000  0.00000000  0.04000000    0.9644D-04  0.172520811144109E+01 -0.287301837252955E-17    0.579640214631662E+00  0.965284695249128E-18
  0.00000000  0.00000000  0.04000000    0.1197D-03  0.172520811255843E+01 -0.287301837587874E-17    0.579640214256257E+00  0.965284695124059E-18
  0.00000000  0.00000000  0.04000000    0.1436D-03  0.172520811396117E+01 -0.287301838008350E-17    0.579640213784960E+00  0.965284694967068E-18
  0.00000000  0.00000000  0.04000000    0.1683D-03  0.172520811567355E+01 -0.287301838521641E-17    0.579640213209628E+00  0.965284694775420E-18
  0.00000000  0.00000000  0.04000000    0.1937D-03  0.172520811772152E+01 -0.287301839135516E-17    0.579640212521546E+00  0.965284694546182E-18
  0.00000000  0.00000000  0.04000000    0.2199D-03  0.172520812013281E+01 -0.287301839858300E-17    0.579640211711394E+00  0.965284694276293E-18
  0.00000000  0.00000000  0.04000000    0.2469D-03  0.172520812293712E+01 -0.287301840698849E-17    0.579640210769194E+00  0.965284693962269E-18
  0.00000000  0.00000000  0.04000000    0.2748D-03  0.172520812616615E+01 -0.287301841666726E-17    0.579640209684295E+00  0.965284693600768E-18
  0.00000000  0.00000000  0.04000000    0.3034D-03  0.172520812985384E+01 -0.287301842772114E-17    0.579640208445296E+00  0.965284693188029E-18
  0.00000000  0.00000000  0.04000000    0.3330D-03  0.172520813403642E+01 -0.287301844025816E-17    0.579640207040021E+00  0.965284692719795E-18
  0.00000000  0.00000000  0.04000000    0.3634D-03  0.172520813875264E+01 -0.287301845439445E-17    0.579640205455455E+00  0.965284692191733E-18
  0.00000000  0.00000000  0.04000000    0.3948D-03  0.172520814404386E+01 -0.287301847025487E-17    0.579640203677696E+00  0.965284691599498E-18
  0.00000000  0.00000000  0.04000000    0.4271D-03  0.172520814995426E+01 -0.287301848797104E-17    0.579640201691902E+00  0.965284690937872E-18
  0.00000000  0.00000000  0.04000000    0.4604D-03  0.172520815653104E+01 -0.287301850768482E-17    0.579640199482217E+00  0.965284690201712E-18
  0.00000000  0.00000000  0.04000000    0.4948D-03  0.172520816382455E+01 -0.287301852954664E-17    0.579640197031723E+00  0.965284689385206E-18
  0.00000000  0.00000000  0.04000000    0.5301D-03  0.172520817188857E+01 -0.287301855371813E-17    0.579640194322350E+00  0.965284688482484E-18
  0.00000000  0.00000000  0.04000000    0.5666D-03  0.172520818078046E+01 -0.287301858037191E-17    0.579640191334831E+00  0.965284687487360E-18
  0.00000000  0.00000000  0.04000000    0.6041D-03  0.172520819056146E+01 -0.287301860968925E-17    0.579640188048582E+00  0.965284686392188E-18
  0.00000000  0.00000000  0.04000000    0.6428D-03  0.172520820129686E+01 -0.287301864186839E-17    0.579640184441673E+00  0.965284685190526E-18
  0.00000000  0.00000000  0.04000000    0.6827D-03  0.172520821305633E+01 -0.287301867711671E-17    0.579640180490696E+00  0.965284683874099E-18
  0.00000000  0.00000000  0.04000000    0.7238D-03  0.172520822591418E+01 -0.287301871565747E-17    0.579640176170679E+00  0.965284682434728E-18
  0.00000000  0.00000000  0.04000000    0.7662D-03  0.172520823994961E+01 -0.287301875772794E-17    0.579640171455016E+00  0.965284680863534E-18
  0.00000000  0.00000000  0.04000000    0.8098D-03  0.172520825524711E+01 -0.287301880358134E-17    0.579640166315323E+00  0.965284679151047E-18
  0.00000000  0.00000000  0.04000000    0.8548D-03  0.172520827189670E+01 -0.287301885348816E-17    0.579640160721347E+00  0.965284677287388E-18
  0.00000000  0.00000000  0.04000000    0.9011D-03  0.172520828999439E+01 -0.287301890773470E-17    0.579640154640837E+00  0.965284675261333E-18
  0.00000000  0.00000000  0.04000000    0.9488D-03  0.172520830964244E+01 -0.287301896662927E-17    0.579640148039429E+00  0.965284673062014E-18
  0.00000000  0.00000000  0.04000000    0.9980D-03  0.172520833094988E+01 -0.287301903049741E-17    0.579640140880500E+00  0.965284670676829E-18
  0.00000000  0.00000000  0.04000000    0.1049D-02  0.172520835403285E+01 -0.287301909968753E-17    0.579640133125022E+00  0.965284668092853E-18
  0.00000000  0.00000000  0.04000000    0.1101D-02  0.172520837901508E+01 -0.287301917457003E-17    0.579640124731423E+00  0.965284665296065E-18
  0.00000000  0.00000000  0.04000000    0.1155D-02  0.172520840602838E+01 -0.287301925554138E-17    0.579640115655425E+00  0.965284662272206E-18
  0.00000000  0.00000000  0.04000000    0.1210D-02  0.172520843521317E+01 -0.287301934302162E-17    0.579640105849842E+00  0.965284659005233E-18
  0.00000000  0.00000000  0.04000000    0.1267D-02  0.172520846671898E+01 -0.287301943745851E-17    0.579640095264434E+00  0.965284655478264E-18
  0.00000000  0.00000000  0.04000000    0.1326D-02  0.172520850070506E+01 -0.287301953933045E-17    0.579640083845704E+00  0.965284651673850E-18
  0.00000000  0.00000000  0.04000000    0.1387D-02  0.172520853734098E+01 -0.287301964914499E-17    0.579640071536671E+00  0.965284647572735E-18
  0.00000000  0.00000000  0.04000000    0.1450D-02  0.172520857680731E+01 -0.287301976744326E-17    0.579640058276671E+00  0.965284643154681E-18
  0.00000000  0.00000000  0.04000000    0.1514D-02  0.172520861929627E+01 -0.287301989480184E-17    0.579640044001120E+00  0.965284638398303E-18
  0.00000000  0.00000000  0.04000000    0.1580D-02  0.172520866501249E+01 -0.287302003183362E-17    0.579640028641264E+00  0.965284633280522E-18
  0.00000000  0.00000000  0.04000000    0.1649D-02  0.172520871417382E+01 -0.287302017919254E-17    0.579640012123917E+00  0.965284627777296E-18
  0.00000000  0.00000000  0.04000000    0.1719D-02  0.172520876701211E+01 -0.287302033757227E-17    0.579639994371175E+00  0.965284621862216E-18
  0.00000000  0.00000000  0.04000000    0.1792D-02  0.172520882377413E+01 -0.287302050771397E-17    0.579639975300128E+00  0.965284615508154E-18
  0.00000000  0.00000000  0.04000000    0.1867D-02  0.172520888472251E+01 -0.287302069040413E-17    0.579639954822538E+00  0.965284608685472E-18
  0.00000000  0.00000000  0.04000000    0.1944D-02  0.172520895013673E+01 -0.287302088647961E-17    0.579639932844510E+00  0.965284601362599E-18
  0.00000000  0.00000000  0.04000000    0.2024D-02  0.172520902031414E+01 -0.287302109683324E-17    0.579639909266133E+00  0.965284593506745E-18
  0.00000000  0.00000000  0.04000000    0.2106D-02  0.172520909557117E+01 -0.287302132241252E-17    0.579639883981092E+00  0.965284585082167E-18
  0.00000000  0.00000000  0.04000000    0.2190D-02  0.172520917624449E+01 -0.287302156422624E-17    0.579639856876281E+00  0.965284576051065E-18
  0.00000000  0.00000000  0.04000000    0.2277D-02  0.172520926269222E+01 -0.287302182334931E-17    0.579639827831369E+00  0.965284566373824E-18
  0.00000000  0.00000000  0.04000000    0.2367D-02  0.172520935529537E+01 -0.287302210092247E-17    0.579639796718346E+00  0.965284556007348E-18
  0.00000000  0.00000000  0.04000000    0.2459D-02  0.172520945445925E+01 -0.287302239816148E-17    0.579639763401040E+00  0.965284544906567E-18
  0.00000000  0.00000000  0.04000000    0.2554D-02  0.172520956061498E+01 -0.287302271635722E-17    0.579639727734601E+00  0.965284533022750E-18
  0.00000000  0.00000000  0.04000000    0.2652D-02  0.172520967422108E+01 -0.287302305688565E-17    0.579639689564974E+00  0.965284520305096E-18
  0.00000000  0.00000000  0.04000000    0.2753D-02  0.172520979576525E+01 -0.287302342120812E-17    0.579639648728304E+00  0.965284506698840E-18
  0.00000000  0.00000000  0.04000000    0.2858D-02  0.172520992576618E+01 -0.287302381087935E-17    0.579639605050319E+00  0.965284492145898E-18
  0.00000000  0.00000000  0.04000000    0.2965D-02  0.172521006477545E+01 -0.287302422755219E-17    0.579639558345701E+00  0.965284476584366E-18
  0.00000000  0.00000000  0.04000000    0.3075D-02  0.172521021337966E+01 -0.287302467298531E-17    0.579639508417364E+00  0.965284459948698E-18
  0.00000000  0.00000000  0.04000000    0.3189D-02  0.172521037220255E+01 -0.287302514904761E-17    0.579639455055742E+00  0.965284442168819E-18
  0.00000000  0.00000000  0.04000000    0.3307D-02  0.172521054190736E+01 -0.287302565772886E-17    0.579639398038002E+00  0.965284423171065E-18
  0.00000000  0.00000000  0.04000000    0.3428D-02  0.172521072319933E+01 -0.287302620114128E-17    0.579639337127202E+00  0.965284402875928E-18
  0.00000000  0.00000000  0.04000000    0.3553D-02  0.172521091682828E+01 -0.287302678153343E-17    0.579639272071413E+00  0.965284381199792E-18
  0.00000000  0.00000000  0.04000000    0.3681D-02  0.172521112359139E+01 -0.287302740129419E-17    0.579639202602804E+00  0.965284358053208E-18
  0.00000000  0.00000000  0.04000000    0.3813D-02  0.172521134433621E+01 -0.287302806296377E-17    0.579639128436613E+00  0.965284333341197E-18
  0.00000000  0.00000000  0.04000000    0.3950D-02  0.172521157996377E+01 -0.287302876924367E-17    0.579639049270120E+00  0.965284306963139E-18
  0.00000000  0.00000000  0.04000000    0.4090D-02  0.172521183143192E+01 -0.287302952300451E-17    0.579638964781503E+00  0.965284278811616E-18
  0.00000000  0.00000000  0.04000000    0.4235D-02  0.172521209975892E+01 -0.287303032729846E-17    0.579638874628657E+00  0.965284248772658E-18
  0.00000000  0.00000000  0.04000000    0.4385D-02  0.172521238602711E+01 -0.287303118536966E-17    0.579638778447933E+00  0.965284216725022E-18
  0.00000000  0.00000000  0.04000000    0.4538D-02  0.172521269138708E+01 -0.287303210066656E-17    0.579638675852770E+00  0.965284182539801E-18
  0.00000000  0.00000000  0.04000000    0.4697D-02  0.172521301706171E+01 -0.287303307685528E-17    0.579638566432303E+00  0.965284146080271E-18
  0.00000000  0.00000000  0.04000000    0.4860D-02  0.172521336435088E+01 -0.287303411783241E-17    0.579638449749812E+00  0.965284107201017E-18
  0.00000000  0.00000000  0.04000000    0.5029D-02  0.172521373463614E+01 -0.287303522773739E-17    0.579638325341126E+00  0.965284065746782E-18
  0.00000000  0.00000000  0.04000000    0.5202D-02  0.172521412938586E+01 -0.287303641097329E-17    0.579638192712913E+00  0.965284021553763E-18
  0.00000000  0.00000000  0.04000000    0.5381D-02  0.172521455016064E+01 -0.287303767221657E-17    0.579638051340852E+00  0.965283974446776E-18
  0.00000000  0.00000000  0.04000000    0.5565D-02  0.172521499861904E+01 -0.287303901643833E-17    0.579637900667718E+00  0.965283924240040E-18
  0.00000000  0.00000000  0.04000000    0.5755D-02  0.172521547652366E+01 -0.287304044892248E-17    0.579637740101322E+00  0.965283870736409E-18
  0.00000000  0.00000000  0.04000000    0.5950D-02  0.172521598574767E+01 -0.287304197528339E-17    0.579637569012335E+00  0.965283813726051E-18
  0.00000000  0.00000000  0.04000000    0.6152D-02  0.172521652828171E+01 -0.287304360148757E-17    0.579637386731962E+00  0.965283752985992E-18
  0.00000000  0.00000000  0.04000000    0.6360D-02  0.172521710624111E+01 -0.287304533387547E-17    0.579637192549517E+00  0.965283688279362E-18
  0.00000000  0.00000000  0.04000000    0.6574D-02  0.172521772187374E+01 -0.287304717918463E-17    0.579636985709786E+00  0.965283619354366E-18
  0.00000000  0.00000000  0.04000000    0.6794D-02  0.172521837756825E+01 -0.287304914457402E-17    0.579636765410262E+00  0.965283545943287E-18
  0.00000000  0.00000000  0.04000000    0.7021D-02  0.172521907586276E+01 -0.287305123765208E-17    0.579636530798220E+00  0.965283467762134E-18
  0.00000000  0.00000000  0.04000000    0.7255D-02  0.172521981945427E+01 -0.287305346650135E-17    0.579636280967561E+00  0.965283384508409E-18
  0.00000000  0.00000000  0.04000000    0.7497D-02  0.172522061120845E+01 -0.287305583971203E-17    0.579636014955525E+00  0.965283295861441E-18
  0.00000000  0.00000000  0.04000000    0.7745D-02  0.172522145417019E+01 -0.287305836641028E-17    0.579635731739140E+00  0.965283201480059E-18
  0.00000000  0.00000000  0.04000000    0.8001D-02  0.172522235157471E+01 -0.287306105629264E-17    0.579635430231497E+00  0.965283101001738E-18
  0.00000000  0.00000000  0.04000000    0.8265D-02  0.172522330685942E+01 -0.287306391966222E-17    0.579635109277760E+00  0.965282994041476E-18
  0.00000000  0.00000000  0.04000000    0.8537D-02  0.172522432367651E+01 -0.287306696746465E-17    0.579634767650949E+00  0.965282880189816E-18
  0.00000000  0.00000000  0.04000000    0.8818D-02  0.172522540590621E+01 -0.287307021133040E-17    0.579634404047469E+00  0.965282759012166E-18
  0.00000000  0.00000000  0.04000000    0.9107D-02  0.172522655767112E+01 -0.287307366361566E-17    0.579634017082313E+00  0.965282630046558E-18
  0.00000000  0.00000000  0.04000000    0.9404D-02  0.172522778335110E+01 -0.287307733744731E-17    0.579633605284045E+00  0.965282492802028E-18
  0.00000000  0.00000000  0.04000000    0.9711D-02  0.172522908759942E+01 -0.287308124677217E-17    0.579633167089397E+00  0.965282346757177E-18
  0.00000000  0.00000000  0.04000000    0.1003D-01  0.172523047535962E+01 -0.287308540640688E-17    0.579632700837580E+00  0.965282191357951E-18
  0.00000000  0.00000000  0.04000000    0.1035D-01  0.172523195188365E+01 -0.287308983209234E-17    0.579632204764222E+00  0.965282026015750E-18
  0.00000000  0.00000000  0.04000000    0.1069D-01  0.172523352275097E+01 -0.287309454055031E-17    0.579631676994922E+00  0.965281850104948E-18
  0.00000000  0.00000000  0.04000000    0.1103D-01  0.172523519388893E+01 -0.287309954954540E-17    0.579631115538431E+00  0.965281662961010E-18
  0.00000000  0.00000000  0.04000000    0.1139D-01  0.172523697159432E+01 -0.287310487794983E-17    0.579630518279400E+00  0.965281463878067E-18
  0.00000000  0.00000000  0.04000000    0.1176D-01  0.172523886255644E+01 -0.287311054581080E-17    0.579629882970646E+00  0.965281252105785E-18
  0.00000000  0.00000000  0.04000000    0.1214D-01  0.172524087388137E+01 -0.287311657442570E-17    0.579629207224987E+00  0.965281026847416E-18
  0.00000000  0.00000000  0.04000000    0.1253D-01  0.172524301311788E+01 -0.287312298641800E-17    0.579628488506550E+00  0.965280787256319E-18
  0.00000000  0.00000000  0.04000000    0.1293D-01  0.172524528828496E+01 -0.287312980582032E-17    0.579627724121526E+00  0.965280532433071E-18
  0.00000000  0.00000000  0.04000000    0.1334D-01  0.172524770790106E+01 -0.287313705816076E-17    0.579626911208363E+00  0.965280261421744E-18
  0.00000000  0.00000000  0.04000000    0.1377D-01  0.172525028101497E+01 -0.287314477055853E-17    0.579626046727375E+00  0.965279973207449E-18
  0.00000000  0.00000000  0.04000000    0.1421D-01  0.172525301723892E+01 -0.287315297181832E-17    0.579625127449649E+00  0.965279666711000E-18
  0.00000000  0.00000000  0.04000000    0.1466D-01  0.172525592678344E+01 -0.287316169254064E-17    0.579624149945333E+00  0.965279340786989E-18
  0.00000000  0.00000000  0.04000000    0.1513D-01  0.172525902049464E+01 -0.287317096522689E-17    0.579623110571129E+00  0.965278994217344E-18
  0.00000000  0.00000000  0.04000000    0.1561D-01  0.172526230989354E+01 -0.287318082440295E-17    0.579622005457075E+00  0.965278625708814E-18
  0.00000000  0.00000000  0.04000000    0.1610D-01  0.172526580721813E+01 -0.287319130674197E-17    0.579620830492450E+00  0.965278233887187E-18
  0.00000000  0.00000000  0.04000000    0.1662D-01  0.172526952546778E+01 -0.287320245119752E-17    0.579619581310846E+00  0.965277817292265E-18
  0.00000000  0.00000000  0.04000000    0.1714D-01  0.172527347845062E+01 -0.287321429914522E-17    0.579618253274285E+00  0.965277374372454E-18
  0.00000000  0.00000000  0.04000000    0.1768D-01  0.172527768083370E+01 -0.287322689453680E-17    0.579616841456371E+00  0.965276903480355E-18
  0.00000000  0.00000000  0.04000000    0.1824D-01  0.172528214819635E+01 -0.287324028405290E-17    0.579615340624386E+00  0.965276402864336E-18
  0.00000000  0.00000000  0.04000000    0.1882D-01  0.172528689708689E+01 -0.287325451727931E-17    0.579613745220275E+00  0.965275870664342E-18
  0.00000000  0.00000000  0.04000000    0.1941D-01  0.172529194508280E+01 -0.287326964688217E-17    0.579612049340443E+00  0.965275304903335E-18
  0.00000000  0.00000000  0.04000000    0.2002D-01  0.172529731085461E+01 -0.287328572880342E-17    0.579610246714324E+00  0.965274703481434E-18
  0.00000000  0.00000000  0.04000000    0.2065D-01  0.172530301423389E+01 -0.287330282246041E-17    0.579608330681578E+00  0.965274064166898E-18
  0.00000000  0.00000000  0.04000000    0.2130D-01  0.172530907628531E+01 -0.287332099096481E-17    0.579606294167918E+00  0.965273384588980E-18
  0.00000000  0.00000000  0.04000000    0.2197D-01  0.172531551938331E+01 -0.287334030134845E-17    0.579604129659389E+00  0.965272662227945E-18
  0.00000000  0.00000000  0.04000000    0.2266D-01  0.172532236729351E+01 -0.287336082481142E-17    0.579601829175082E+00  0.965271894407319E-18
  0.00000000  0.00000000  0.04000000    0.2337D-01  0.172532964525913E+01 -0.287338263697646E-17    0.579599384238140E+00  0.965271078282543E-18
  0.00000000  0.00000000  0.04000000    0.2410D-01  0.172533738009289E+01 -0.287340581816502E-17    0.579596785844959E+00  0.965270210830875E-18
  0.00000000  0.00000000  0.04000000    0.2486D-01  0.172534560027455E+01 -0.287343045368937E-17    0.579594024432481E+00  0.965269288840251E-18
  0.00000000  0.00000000  0.04000000    0.2564D-01  0.172535433605462E+01 -0.287345663416361E-17    0.579591089843440E+00  0.965268308897698E-18
  0.00000000  0.00000000  0.04000000    0.2644D-01  0.172536361956447E+01 -0.287348445583076E-17    0.579587971289455E+00  0.965267267375870E-18
  0.00000000  0.00000000  0.04000000    0.2726D-01  0.172537348493333E+01 -0.287351402091363E-17    0.579584657311828E+00  0.965266160419935E-18
  0.00000000  0.00000000  0.04000000    0.2811D-01  0.172538396841261E+01 -0.287354543798625E-17    0.579581135739902E+00  0.965264983933134E-18
  0.00000000  0.00000000  0.04000000    0.2899D-01  0.172539510850798E+01 -0.287357882236779E-17    0.579577393646805E+00  0.965263733561165E-18
  0.00000000  0.00000000  0.04000000    0.2989D-01  0.172540694611968E+01 -0.287361429654363E-17    0.579573417302469E+00  0.965262404676501E-18
  0.00000000  0.00000000  0.04000000    0.3082D-01  0.172541952469170E+01 -0.287365199060697E-17    0.579569192123684E+00  0.965260992359689E-18
  0.00000000  0.00000000  0.04000000    0.3178D-01  0.172543289037016E+01 -0.287369204273690E-17    0.579564702621074E+00  0.965259491382513E-18
  0.00000000  0.00000000  0.04000000    0.3277D-01  0.172544709217168E+01 -0.287373459969711E-17    0.579559932342742E+00  0.965257896186909E-18
  0.00000000  0.00000000  0.04000000    0.3379D-01  0.172546218216236E+01 -0.287377981737025E-17    0.579554863814397E+00  0.965256200864018E-18
  0.00000000  0.00000000  0.04000000    0.3484D-01  0.172547821564786E+01 -0.287382786132755E-17    0.579549478475758E+00  0.965254399132551E-18
  0.00000000  0.00000000  0.04000000    0.3592D-01  0.172549525137553E+01 -0.287387890742944E-17    0.579543756612963E+00  0.965252484314105E-18
  0.00000000  0.00000000  0.04000000    0.3703D-01  0.172551335174915E+01 -0.287393314246480E-17    0.579537677286765E+00  0.965250449307240E-18
  0.00000000  0.00000000  0.04000000    0.3818D-01  0.172553258305722E+01 -0.287399076483623E-17    0.579531218256247E+00  0.965248286561917E-18
  0.00000000  0.00000000  0.04000000    0.3936D-01  0.172555301571567E+01 -0.287405198527774E-17    0.579524355897726E+00  0.965245988048573E-18
  0.00000000  0.00000000  0.04000000    0.4058D-01  0.172557472452571E+01 -0.287411702762510E-17    0.579517065118614E+00  0.965243545227830E-18
  0.00000000  0.00000000  0.04000000    0.4184D-01  0.172559778894815E+01 -0.287418612963313E-17    0.579509319265852E+00  0.965240949017637E-18
  0.00000000  0.00000000  0.04000000    0.4313D-01  0.172562229339482E+01 -0.287425954384219E-17    0.579501090028630E+00  0.965238189757584E-18
  0.00000000  0.00000000  0.04000000    0.4447D-01  0.172564832753864E+01 -0.287433753850128E-17    0.579492347334950E+00  0.965235257171346E-18
  0.00000000  0.00000000  0.04000000    0.4584D-01  0.172567598664320E+01 -0.287442039854622E-17    0.579483059241735E+00  0.965232140325776E-18
  0.00000000  0.00000000  0.04000000    0.4726D-01  0.172570537191321E+01 -0.287450842664188E-17    0.579473191817991E+00  0.965228827587873E-18
  0.00000000  0.00000000  0.04000000    0.4872D-01  0.172573659086725E+01 -0.287460194429221E-17    0.579462709020652E+00  0.965225306579673E-18
  0.00000000  0.00000000  0.04000000    0.5022D-01  0.172576975773433E+01 -0.287470129301284E-17    0.579451572562522E+00  0.965221564127231E-18
  0.00000000  0.00000000  0.04000000    0.5177D-01  0.172580499387547E+01 -0.287480683558474E-17    0.579439741771984E+00  0.965217586208792E-18
  0.00000000  0.00000000  0.04000000    0.5337D-01  0.172584242823240E+01 -0.287491895738416E-17    0.579427173443751E+00  0.965213357897958E-18
  0.00000000  0.00000000  0.04000000    0.5501D-01  0.172588219780488E+01 -0.287503806779573E-17    0.579413821680229E+00  0.965208863302727E-18
  0.00000000  0.00000000  0.04000000    0.5671D-01  0.172592444815854E+01 -0.287516460171844E-17    0.579399637722812E+00  0.965204085501255E-18
  0.00000000  0.00000000  0.04000000    0.5846D-01  0.172596933396539E+01 -0.287529902116165E-17    0.579384569772460E+00  0.965199006471062E-18
  0.00000000  0.00000000  0.04000000    0.6026D-01  0.172601701957910E+01 -0.287544181694836E-17    0.579368562798909E+00  0.965193607015245E-18
  0.00000000  0.00000000  0.04000000    0.6211D-01  0.172606767964732E+01 -0.287559351052298E-17    0.579351558337691E+00  0.965187866681822E-18
  0.00000000  0.00000000  0.04000000    0.6403D-01  0.172612149976366E+01 -0.287575465587591E-17    0.579333494274255E+00  0.965181763677796E-18
  0.00000000  0.00000000  0.04000000    0.6600D-01  0.172617867716186E+01 -0.287592584158810E-17    0.579314304614268E+00  0.965175274775794E-18
  0.00000000  0.00000000  0.04000000    0.6803D-01  0.172623942145511E+01 -0.287610769301186E-17    0.579293919239236E+00  0.965168375215610E-18
  0.00000000  0.00000000  0.04000000    0.7012D-01  0.172630395542355E+01 -0.287630087458494E-17    0.579272263646439E+00  0.965161038596043E-18
  0.00000000  0.00000000  0.04000000    0.7227D-01  0.172637251585334E+01 -0.287650609229641E-17    0.579249258672136E+00  0.965153236759549E-18
  0.00000000  0.00000000  0.04000000    0.7450D-01  0.172644535443054E+01 -0.287672409631445E-17    0.579224820197013E+00  0.965144939669268E-18
  0.00000000  0.00000000  0.04000000    0.7678D-01  0.172652273869411E+01 -0.287695568377513E-17    0.579198858832507E+00  0.965136115273302E-18
  0.00000000  0.00000000  0.04000000    0.7914D-01  0.172660495305163E+01 -0.287720170175938E-17    0.579171279586905E+00  0.965126729361216E-18
  0.00000000  0.00000000  0.04000000    0.8157D-01  0.172669229986260E+01 -0.287746305045721E-17    0.579141981509719E+00  0.965116745407039E-18
  0.00000000  0.00000000  0.04000000    0.8408D-01  0.172678510059364E+01 -0.287774068654193E-17    0.579110857312944E+00  0.965106124401184E-18
  0.00000000  0.00000000  0.04000000    0.8666D-01  0.172688369705103E+01 -0.287803562676170E-17    0.579077792967576E+00  0.965094824667844E-18
  0.00000000  0.00000000  0.04000000    0.8932D-01  0.172698845269606E+01 -0.287834895176631E-17    0.579042667273695E+00  0.965082801667425E-18
  0.00000000  0.00000000  0.04000000    0.9206D-01  0.172709975404909E+01 -0.287868181018507E-17    0.579005351402287E+00  0.965070007782653E-18
  0.00000000  0.00000000  0.04000000    0.9488D-01  0.172721801218884E+01 -0.287903542297098E-17    0.578965708406861E+00  0.965056392085957E-18
  0.00000000  0.00000000  0.04000000    0.9779D-01  0.172734366435384E+01 -0.287941108803633E-17    0.578923592702718E+00  0.965041900088601E-18
  0.00000000  0.00000000  0.04000000    0.1008D+00  0.172747717565369E+01 -0.287981018519083E-17    0.578878849511626E+00  0.965026473466605E-18
  0.00000000  0.00000000  0.04000000    0.1039D+00  0.172761904089831E+01 -0.288023418141020E-17    0.578831314269396E+00  0.965010049763304E-18
  0.00000000  0.00000000  0.04000000    0.1071D+00  0.172776978655394E+01 -0.288068463645754E-17    0.578780811993774E+00  0.964992562065984E-18
  0.00000000  0.00000000  0.04000000    0.1103D+00  0.172792997283580E+01 -0.288116320888133E-17    0.578727156609737E+00  0.964973938653316E-18
  0.00000000  0.00000000  0.04000000    0.1137D+00  0.172810019594763E+01 -0.288167166241562E-17    0.578670150229127E+00  0.964954102610146E-18
  0.00000000  0.00000000  0.04000000    0.1172D+00  0.172828109047984E+01 -0.288221187281834E-17    0.578609582381277E+00  0.964932971408467E-18
  0.00000000  0.00000000  0.04000000    0.1208D+00  0.172847333197847E+01 -0.288278583517138E-17    0.578545229190992E+00  0.964910456448134E-18
  0.00000000  0.00000000  0.04000000    0.1245D+00  0.172867763969860E+01 -0.288339567168240E-17    0.578476852500015E+00  0.964886462555168E-18
  0.00000000  0.00000000  0.04000000    0.1283D+00  0.172889477955729E+01 -0.288404364002302E-17    0.578404198927633E+00  0.964860887431797E-18
  0.00000000  0.00000000  0.04000000    0.1322D+00  0.172912556730183E+01 -0.288473214224569E-17    0.578326998865922E+00  0.964833621054079E-18
  0.00000000  0.00000000  0.04000000    0.1363D+00  0.172937087191151E+01 -0.288546373432260E-17    0.578244965404486E+00  0.964804545010656E-18
  0.00000000  0.00000000  0.04000000    0.1405D+00  0.172963161925219E+01 -0.288624113634786E-17    0.578157793179307E+00  0.964773531774169E-18
  0.00000000  0.00000000  0.04000000    0.1448D+00  0.172990879600488E+01 -0.288706724347183E-17    0.578065157139753E+00  0.964740443903650E-18
  0.00000000  0.00000000  0.04000000    0.1492D+00  0.173020345389229E+01 -0.288794513760166E-17    0.577966711227160E+00  0.964705133161759E-18
  0.00000000  0.00000000  0.04000000    0.1537D+00  0.173051671422881E+01 -0.288887809994935E-17    0.577862086958023E+00  0.964667439544493E-18
  0.00000000  0.00000000  0.04000000    0.1585D+00  0.173084977282266E+01 -0.288986962447980E-17    0.577750891903927E+00  0.964627190207537E-18
  0.00000000  0.00000000  0.04000000    0.1633D+00  0.173120390526173E+01 -0.289092343234522E-17    0.577632708059781E+00  0.964584198281709E-18
  0.00000000  0.00000000  0.04000000    0.1683D+00  0.173158047261794E+01 -0.289204348737447E-17    0.577507090091007E+00  0.964538261560069E-18
  0.00000000  0.00000000  0.04000000    0.1734D+00  0.173198092760879E+01 -0.289323401271187E-17    0.577373563449466E+00  0.964489161043443E-18
  0.00000000  0.00000000  0.04000000    0.1787D+00  0.173240682125876E+01 -0.289449950870738E-17    0.577231622346883E+00  0.964436659328911E-18
  0.00000000  0.00000000  0.04000000    0.1842D+00  0.173285981010852E+01 -0.289584477214424E-17    0.577080727573324E+00  0.964380498814702E-18
  0.00000000  0.00000000  0.04000000    0.1898D+00  0.173334166402468E+01 -0.289727491695497E-17    0.576920304147125E+00  0.964320399710708E-18
  0.00000000  0.00000000  0.04000000    0.1956D+00  0.173385427466940E+01 -0.289879539651176E-17    0.576749738781059E+00  0.964256057814706E-18
  0.00000000  0.00000000  0.04000000    0.2016D+00  0.173439966469581E+01 -0.290041202767667E-17    0.576568377148172E+00  0.964187142040224E-18
  0.00000000  0.00000000  0.04000000    0.2078D+00  0.173497999774337E+01 -0.290213101673169E-17    0.576375520928578E+00  0.964113291650253E-18
  0.00000000  0.00000000  0.04000000    0.2141D+00  0.173559758931598E+01 -0.290395898738780E-17    0.576170424616751E+00  0.964034113168062E-18
  0.00000000  0.00000000  0.04000000    0.2207D+00  0.173625491863622E+01 -0.290590301105344E-17    0.575952292066348E+00  0.963949176917723E-18
  0.00000000  0.00000000  0.04000000    0.2274D+00  0.173695464158057E+01 -0.290797063957629E-17    0.575720272747039E+00  0.963858013145237E-18
  0.00000000  0.00000000  0.04000000    0.2343D+00  0.173769960481423E+01 -0.291016994070152E-17    0.575473457684826E+00  0.963760107665438E-18
  0.00000000  0.00000000  0.04000000    0.2415D+00  0.173849286125927E+01 -0.291250953650558E-17    0.575210875053955E+00  0.963654896967974E-18
  0.00000000  0.00000000  0.04000000    0.2489D+00  0.173933768704819E+01 -0.291499864510415E-17    0.574931485384584E+00  0.963541762708525E-18
  0.00000000  0.00000000  0.04000000    0.2565D+00  0.174023760013493E+01 -0.291764712596014E-17    0.574634176346073E+00  0.963420025498013E-18
  0.00000000  0.00000000  0.04000000    0.2643D+00  0.174119638075999E+01 -0.292046552916646E-17    0.574317757060535E+00  0.963288937891884E-18
  0.00000000  0.00000000  0.04000000    0.2724D+00  0.174221809399327E+01 -0.292346514910982E-17    0.573980951895602E+00  0.963147676462000E-18
  0.00000000  0.00000000  0.04000000    0.2807D+00  0.174330711461105E+01 -0.292665808299008E-17    0.573622393678528E+00  0.962995332820596E-18
  0.00000000  0.00000000  0.04000000    0.2893D+00  0.174446815460075E+01 -0.293005729471202E-17    0.573240616266146E+00  0.962830903439592E-18
  0.00000000  0.00000000  0.04000000    0.2981D+00  0.174570629363156E+01 -0.293367668473950E-17    0.572834046396041E+00  0.962653278084434E-18
  0.00000000  0.00000000  0.04000000    0.3072D+00  0.174702701288033E+01 -0.293753116658674E-17    0.572400994734075E+00  0.962461226655215E-18
  0.00000000  0.00000000  0.04000000    0.3166D+00  0.174843623266320E+01 -0.294163675069566E-17    0.571939646021183E+00  0.962253384187256E-18
  0.00000000  0.00000000  0.04000000    0.3262D+00  0.174994035439562E+01 -0.294601063655885E-17    0.571448048208119E+00  0.962028233724197E-18
  0.00000000  0.00000000  0.04000000    0.3362D+00  0.175154630748827E+01 -0.295067131406811E-17    0.570924100450424E+00  0.961784086727889E-18
  0.00000000  0.00000000  0.04000000    0.3464D+00  0.175326160188827E+01 -0.295563867519648E-17    0.570365539816191E+00  0.961519060626464E-18
  0.00000000  0.00000000  0.04000000    0.3570D+00  0.175509438709621E+01 -0.296093413728515E-17    0.569769926536253E+00  0.961231053032341E-18
  0.00000000  0.00000000  0.04000000    0.3679D+00  0.175705351863480E+01 -0.296658077939312E-17    0.569134627599155E+00  0.960917712076614E-18
  0.00000000  0.00000000  0.04000000    0.3791D+00  0.175914863311976E+01 -0.297260349337913E-17    0.568456798460828E+00  0.960576402201448E-18
  0.00000000  0.00000000  0.04000000    0.3907D+00  0.176139023329541E+01 -0.297902915163850E-17    0.567733362600225E+00  0.960204164627138E-18
  0.00000000  0.00000000  0.04000000    0.4026D+00  0.176378978465367E+01 -0.298588679371377E-17    0.566960988605770E+00  0.959797671558280E-18
  0.00000000  0.00000000  0.04000000    0.4149D+00  0.176635982556861E+01 -0.299320783434430E-17    0.566136064421693E+00  0.959353173007296E-18
  0.00000000  0.00000000  0.04000000    0.4276D+00  0.176911409326275E+01 -0.300102629593945E-17    0.565254668315775E+00  0.958866434888678E-18
  0.00000000  0.00000000  0.04000000    0.4406D+00  0.177206766839401E+01 -0.300937906892883E-17    0.564312536047948E+00  0.958332666751891E-18
  0.00000000  0.00000000  0.04000000    0.4540D+00  0.177523714163867E+01 -0.301830620404298E-17    0.563305023618946E+00  0.957746437182030E-18
  0.00000000  0.00000000  0.04000000    0.4679D+00  0.177864080637603E+01 -0.302785124125122E-17    0.562227064854931E+00  0.957101574462661E-18
  0.00000000  0.00000000  0.04000000    0.4822D+00  0.178229888249598E+01 -0.303806158091706E-17    0.561073122931871E+00  0.956391049562542E-18
  0.00000000  0.00000000  0.04000000    0.4969D+00  0.178623377750675E+01 -0.304898890371419E-17    0.559837134753893E+00  0.955606837831910E-18
  0.00000000  0.00000000  0.04000000    0.5120D+00  0.179047039258767E+01 -0.306068964705187E-17    0.558512446863060E+00  0.954739754949439E-18
  0.00000000  0.00000000  0.04000000    0.5276D+00  0.179503648311165E+01 -0.307322554719076E-17    0.557091741258942E+00  0.953779261576975E-18
  0.00000000  0.00000000  0.04000000    0.5437D+00  0.179996308558552E+01 -0.308666425799490E-17    0.555566949127018E+00  0.952713229802602E-18
  0.00000000  0.00000000  0.04000000    0.5603D+00  0.180528502610862E+01 -0.310108005940266E-17    0.553929149988880E+00  0.951527662673375E-18
  0.00000000  0.00000000  0.04000000    0.5774D+00  0.181104152958757E+01 -0.311655467133594E-17    0.552168453159509E+00  0.950206355814767E-18
  0.00000000  0.00000000  0.04000000    0.5950D+00  0.181727695442424E+01 -0.313317819199349E-17    0.550273857578756E+00  0.948730487112861E-18
  0.00000000  0.00000000  0.04000000    0.6131D+00  0.182404168472948E+01 -0.315105018349612E-17    0.548233085006665E+00  0.947078116454941E-18
  0.00000000  0.00000000  0.04000000    0.6318D+00  0.183139322204105E+01 -0.317028093283010E-17    0.546032380138178E+00  0.945223572210592E-18
  0.00000000  0.00000000  0.04000000    0.6511D+00  0.183939753211916E+01 -0.319099292229495E-17    0.543656269261113E+00  0.943136693988512E-18
  0.00000000  0.00000000  0.04000000    0.6709D+00  0.184813072125716E+01 -0.321332255151650E-17    0.541087266446049E+00  0.940781891459924E-18
  0.00000000  0.00000000  0.04000000    0.6914D+00  0.185768114309347E+01 -0.323742216305466E-17    0.538305512610612E+00  0.938116965604796E-18
  0.00000000  0.00000000  0.04000000    0.7125D+00  0.186815207486131E+01 -0.326346243634120E-17    0.535288327677627E+00  0.935091619946155E-18
  0.00000000  0.00000000  0.04000000    0.7342D+00  0.187966515719814E+01 -0.329163523097731E-17    0.532009648724147E+00  0.931645562644044E-18
  0.00000000  0.00000000  0.04000000    0.7565D+00  0.189236487341993E+01 -0.332215698152735E-17    0.528439316352757E+00  0.927706061760787E-18
  0.00000000  0.00000000  0.04000000    0.7796D+00  0.190642446795600E+01 -0.335527277338608E-17    0.524542155647091E+00  0.923184759175334E-18
  0.00000000  0.00000000  0.04000000    0.8034D+00  0.192205389551096E+01 -0.339126126541342E-17    0.520276773890444E+00  0.917973463028140E-18
  0.00000000  0.00000000  0.04000000    0.8279D+00  0.193951069800671E+01 -0.343044067280601E-17    0.515593959356722E+00  0.911938506267663E-18
  0.00000000  0.00000000  0.04000000    0.8531D+00  0.195911520789986E+01 -0.347317608761594E-17    0.510434504294406E+00  0.904913048227454E-18
  0.00000000  0.00000000  0.04000000    0.8791D+00  0.198127232965626E+01 -0.351988850061065E-17    0.504726172687978E+00  0.896686348771581E-18
  0.00000000  0.00000000  0.04000000    0.9059D+00  0.200650366428128E+01 -0.357106600589469E-17    0.498379353998437E+00  0.886988447011421E-18
  0.00000000  0.00000000  0.04000000    0.9335D+00  0.203549656211774E+01 -0.362727783210242E-17    0.491280613591208E+00  0.875467594583921E-18
  0.00000000  0.00000000  0.04000000    0.9619D+00  0.206918227463963E+01 -0.368919207052709E-17    0.483282701701163E+00  0.861655704666885E-18
  0.00000000  0.00000000  0.04000000    0.9913D+00  0.210886731211700E+01 -0.375759829054004E-17    0.474188202479247E+00  0.844912702090107E-18
  0.00000000  0.00000000  0.04000000    0.1021D+01  0.215647027555342E+01 -0.383343668968288E-17    0.463720743724774E+00  0.824330450047765E-18
  0.00000000  0.00000000  0.04000000    0.1053D+01  0.221499253352420E+01 -0.391783608342744E-17    0.451468790465373E+00  0.798549291275639E-18
  0.00000000  0.00000000  0.04000000    0.1085D+01  0.228960277252192E+01 -0.401216397215501E-17    0.436756983351542E+00  0.765347008756465E-18
  0.00000000  0.00000000  0.04000000    0.1118D+01  0.239089662294132E+01 -0.411809301247442E-17    0.418253131651416E+00  0.720401410237601E-18
  0.00000000  0.00000000  0.04000000    0.1152D+01  0.256041990968000E+01 -0.423768002751974E-17    0.390560937375690E+00  0.646406582603554E-18
  0.00000000  0.00000000  0.04000000    0.1187D+01  0.278681443833513E+01  0.122188978380044E+00    0.358144143454996E+00 -0.157029712490313E-01
  0.00000000  0.00000000  0.04000000    0.1223D+01  0.293471469342463E+01  0.402896624311771E+00    0.334445146139095E+00 -0.459147939316911E-01
  0.00000000  0.00000000  0.04000000    0.1260D+01  0.303617125309410E+01  0.611539979849292E+00    0.316521153873377E+00 -0.637531034734425E-01
  0.00000000  0.00000000  0.04000000    0.1299D+01  0.329523938385760E+01  0.905689577720251E+00    0.282153807021884E+00 -0.775493773185781E-01
  0.00000000  0.00000000  0.04000000    0.1338D+01  0.298340688751802E+01  0.203928400009060E+01    0.228449073200484E+00 -0.156154543237931E+00
  0.00000000  0.00000000  0.04000000    0.1379D+01  0.215024223212643E+01  0.206501093214789E+01    0.241931566384314E+00 -0.232341883138074E+00
  0.00000000  0.00000000  0.04000000    0.1421D+01  0.167874588394741E+01  0.177484611931848E+01    0.281278640409835E+00 -0.297380507766125E+00
  0.00000000  0.00000000  0.04000000    0.1464D+01  0.146294048650946E+01  0.150360716205976E+01    0.332408708332721E+00 -0.341648972866047E+00
  0.00000000  0.00000000  0.04000000    0.1509D+01  0.137319755178632E+01  0.126046072710134E+01    0.395229278079742E+00 -0.362781729818909E+00
  0.00000000  0.00000000  0.04000000    0.1555D+01  0.135894127169384E+01  0.105927394340658E+01    0.457743602034870E+00 -0.356804138998766E+00
  0.00000000  0.00000000  0.04000000    0.1602D+01  0.142220339219412E+01  0.849020922207017E+00    0.518390341807784E+00 -0.309466457808014E+00
  0.00000000  0.00000000  0.04000000    0.1651D+01  0.163518710797254E+01  0.649405697228009E+00    0.528235491539399E+00 -0.209785862432010E+00
  0.00000000  0.00000000  0.04000000    0.1701D+01  0.220690504302975E+01  0.552398142005883E+00    0.426407819446424E+00 -0.106731772598432E+00
  0.00000000  0.00000000  0.04000000    0.1753D+01  0.244920603877660E+01  0.160332642615107E+01    0.285812820127718E+00 -0.187101958834151E+00
  0.00000000  0.00000000  0.04000000    0.1807D+01  0.133957692131078E+01  0.248580593761491E+01    0.167999466169322E+00 -0.311750720601544E+00
  0.00000000  0.00000000  0.04000000    0.1862D+01  0.103652734828105E+01  0.668681786598580E+00    0.681242728096132E+00 -0.439481510339365E+00
  0.00000000  0.00000000  0.04000000    0.1919D+01  0.224309191433559E+01  0.857584833451136E+00    0.388958855831482E+00 -0.148707778520252E+00
  0.00000000  0.00000000  0.04000000    0.1977D+01  0.204102155052895E+01  0.275788835703105E+01    0.173383502411922E+00 -0.234280888645778E+00
  0.00000000  0.00000000  0.04000000    0.2037D+01  0.767355116124043E+00  0.273184554698614E+01    0.953021417639847E-01 -0.339283242042135E+00
  0.00000000  0.00000000  0.04000000    0.2099D+01  0.219863328888134E+00  0.210442109705024E+01    0.491103111477658E-01 -0.470059174418504E+00
  0.00000000  0.00000000  0.04000000    0.2163D+01 -0.524610046041978E+00  0.226561409643290E+01   -0.970022967634392E-01 -0.418920248652710E+00
  0.00000000  0.00000000  0.04000000    0.2229D+01 -0.752958477092125E+00  0.473965410118114E+00   -0.951197947390633E+00 -0.598751377339695E+00
  0.00000000  0.00000000  0.04000000    0.2297D+01 -0.529692404573596E-01  0.248296473002300E+00   -0.821777928569221E+00 -0.385213303972387E+01
  0.00000000  0.00000000  0.04000000    0.2367D+01  0.273032756550115E+00  0.222261897934084E+00    0.220281437672686E+01 -0.179319767471905E+01
  0.00000000  0.00000000  0.04000000    0.2439D+01  0.457024125611593E+00  0.214645952946274E+00    0.179264559837291E+01 -0.841933940014164E+00
  0.00000000  0.00000000  0.04000000    0.2513D+01  0.580536434871048E+00  0.223225224296689E+00    0.150066784034470E+01 -0.577029959076012E+00
  0.00000000  0.00000000  0.04000000    0.2590D+01  0.658115589838506E+00  0.240408106226261E+00    0.134059737585452E+01 -0.489717127685982E+00
  0.00000000  0.00000000  0.04000000    0.2669D+01  0.704365010105936E+00  0.243864436281953E+00    0.126775575576819E+01 -0.438920926349127E+00
  0.00000000  0.00000000  0.04000000    0.2750D+01  0.748359317668815E+00  0.228938617293013E+00    0.122190178337266E+01 -0.373805066828877E+00
  0.00000000  0.00000000  0.04000000    0.2834D+01  0.783234868960747E+00  0.237177595860910E+00    0.116951334881157E+01 -0.354149662369375E+00
  0.00000000  0.00000000  0.04000000    0.2920D+01  0.804348063415217E+00  0.222887048897765E+00    0.115458685537010E+01 -0.319939176327386E+00
  0.00000000  0.00000000  0.04000000    0.3009D+01  0.832977257790827E+00  0.200947132064813E+00    0.113448957410472E+01 -0.273683854080711E+00
  0.00000000  0.00000000  0.04000000    0.3101D+01  0.877371460864378E+00  0.173277041219797E+00    0.109698087412266E+01 -0.216648943601851E+00
  0.00000000  0.00000000  0.04000000    0.3195D+01  0.961805528426695E+00  0.150468473502412E+00    0.101487256960145E+01 -0.158770480969469E+00
  0.00000000  0.00000000  0.04000000    0.3293D+01  0.105228703864481E+01  0.220692361375869E+00    0.910272566351844E+00 -0.190908178839281E+00
  0.00000000  0.00000000  0.04000000    0.3393D+01  0.107672669139218E+01  0.343602790614333E+00    0.842902736499474E+00 -0.268985374648047E+00
  0.00000000  0.00000000  0.04000000    0.3496D+01  0.103154763672071E+01  0.456822696457456E+00    0.810469728159840E+00 -0.358917953408448E+00
  0.00000000  0.00000000  0.04000000    0.3603D+01  0.835251805309213E+00  0.595502710014617E+00    0.793762584407872E+00 -0.565922476453796E+00
  0.00000000  0.00000000  0.04000000    0.3713D+01  0.697687940802522E+00  0.345216067532473E+00    0.115140930078311E+01 -0.569717444849983E+00
  0.00000000  0.00000000  0.04000000    0.3826D+01  0.735641287554098E+00  0.265674261330685E+00    0.120251767019166E+01 -0.434285023380734E+00
  0.00000000  0.00000000  0.04000000    0.3942D+01  0.773522007854693E+00  0.200950407278268E+00    0.121105523801401E+01 -0.314615538852400E+00
  0.00000000  0.00000000  0.04000000    0.4062D+01  0.842632268962391E+00  0.165072057456613E+00    0.114289637674179E+01 -0.223893937269683E+00
  0.00000000  0.00000000  0.04000000    0.4186D+01  0.868567793204550E+00  0.236068597131649E+00    0.107212273816104E+01 -0.291392926068368E+00
  0.00000000  0.00000000  0.04000000    0.4313D+01  0.806633324958791E+00  0.252145239376307E+00    0.112936756312377E+01 -0.353028626188022E+00
  0.00000000  0.00000000  0.04000000    0.4445D+01  0.785478043592433E+00  0.143858541283133E+00    0.123179194001500E+01 -0.225599930004952E+00
  0.00000000  0.00000000  0.04000000    0.4580D+01  0.840908509099359E+00  0.920861724513147E-01    0.117509824260779E+01 -0.128682607257613E+00
  0.00000000  0.00000000  0.04000000    0.4720D+01  0.919301812269655E+00  0.740076420782546E-01    0.108077760212885E+01 -0.870071187470743E-01
  0.00000000  0.00000000  0.04000000    0.4863D+01  0.987631422018587E+00  0.133685644727409E+00    0.994305521476860E+00 -0.134589049853211E+00
  0.00000000  0.00000000  0.04000000    0.5012D+01  0.960330357407442E+00  0.248465644878928E+00    0.975975664992492E+00 -0.252513545071257E+00
  0.00000000  0.00000000  0.04000000    0.5164D+01  0.876494982240439E+00  0.235343550492740E+00    0.106418530041406E+01 -0.285739396181649E+00
  0.00000000  0.00000000  0.04000000    0.5322D+01  0.911969148219352E+00  0.132356654404001E+00    0.107390802245572E+01 -0.155859299919726E+00
  0.00000000  0.00000000  0.04000000    0.5484D+01  0.905533537155764E+00  0.290366523317889E+00    0.100135997715338E+01 -0.321094032661646E+00
  0.00000000  0.00000000  0.04000000    0.5651D+01  0.799556849790131E+00  0.234777098581854E+00    0.115141658295930E+01 -0.338095089395049E+00
  0.00000000  0.00000000  0.04000000    0.5823D+01  0.772296143984100E+00  0.154901454936028E+00    0.124476400380849E+01 -0.249665567727993E+00
  0.00000000  0.00000000  0.04000000    0.6000D+01  0.794205172286384E+00  0.884544303081326E-01    0.124369328507254E+01 -0.138516072229095E+00
  0.00000000  0.00000000  0.04000000    0.6183D+01  0.843379855736078E+00  0.587942218914987E-01    0.117997086051651E+01 -0.822588636980920E-01
  0.00000000  0.00000000  0.04000000    0.6371D+01  0.868027676247404E+00  0.879205039560414E-01    0.114033805196853E+01 -0.115502188412651E+00
  0.00000000  0.00000000  0.04000000    0.6565D+01  0.860071425122032E+00  0.858165318375841E-01    0.115123277643123E+01 -0.114868139232813E+00
  0.00000000  0.00000000  0.04000000    0.6765D+01  0.867039334993814E+00  0.644648713198750E-01    0.114700953351610E+01 -0.852808159866392E-01
  0.00000000  0.00000000  0.04000000    0.6971D+01  0.865236072972268E+00  0.791705076450049E-01    0.114615767986538E+01 -0.104875291484838E+00
  0.00000000  0.00000000  0.04000000    0.7184D+01  0.859397665912783E+00  0.456123921626603E-01    0.116033707553937E+01 -0.615847026698203E-01
  0.00000000  0.00000000  0.04000000    0.7402D+01  0.876333254081854E+00  0.283394894723285E-01    0.113992627295232E+01 -0.368637484211520E-01
  0.00000000  0.00000000  0.04000000    0.7628D+01  0.897700452013600E+00  0.203778357119604E-01    0.111338361404862E+01 -0.252738520077382E-01
  0.00000000  0.00000000  0.04000000    0.7860D+01  0.909017245277241E+00  0.325297974319856E-01    0.109868215195518E+01 -0.393170845007895E-01
  0.00000000  0.00000000  0.04000000    0.8100D+01  0.910437196526026E+00  0.298076496080410E-01    0.109719731198941E+01 -0.359221626175398E-01
  0.00000000  0.00000000  0.04000000    0.8346D+01  0.917374861322725E+00  0.264309978015493E-01    0.108916281100823E+01 -0.313804760485590E-01
  0.00000000  0.00000000  0.04000000    0.8600D+01  0.913490306682049E+00  0.367373927031694E-01    0.109293468865248E+01 -0.439540196127309E-01
  0.00000000  0.00000000  0.04000000    0.8862D+01  0.914714430669134E+00  0.124969527763635E-01    0.109303335265740E+01 -0.149331701055132E-01
  0.00000000  0.00000000  0.04000000    0.9132D+01  0.924946739765006E+00  0.172925092382872E-01    0.108076557347658E+01 -0.202056484555151E-01
  0.00000000  0.00000000  0.04000000    0.9410D+01  0.927501187381004E+00  0.115863581685018E-01    0.107799751367217E+01 -0.134663604403878E-01
  0.00000000  0.00000000  0.04000000    0.9697D+01  0.934959314439329E+00  0.648814399908798E-02    0.106951375349400E+01 -0.742188364189452E-02
  0.00000000  0.00000000  0.04000000    0.9992D+01  0.941366162904957E+00  0.836684030664573E-02    0.106220198846801E+01 -0.944082628112334E-02
  0.00000000  0.00000000  0.04000000    0.1030D+02  0.943916846335864E+00  0.783049480415695E-02    0.105934245077689E+01 -0.878803634963383E-02
  0.00000000  0.00000000  0.04000000    0.1061D+02  0.948978588026949E+00  0.354759969625442E-02    0.105374982920026E+01 -0.393926967495796E-02
  0.00000000  0.00000000  0.04000000    0.1093D+02  0.954472837185972E+00  0.621667630227548E-02    0.104765430823710E+01 -0.682358623237112E-02
  0.00000000  0.00000000  0.04000000    0.1127D+02  0.956272792742175E+00  0.769461307248809E-02    0.104565900674342E+01 -0.841385588267185E-02
  0.00000000  0.00000000  0.04000000    0.1161D+02  0.956714775522607E+00  0.758719748418179E-02    0.104517787034304E+01 -0.828875137217095E-02
  0.00000000  0.00000000  0.04000000    0.1196D+02  0.957822136701673E+00  0.490043713505337E-02    0.104400784506005E+01 -0.534138293236460E-02
  0.00000000  0.00000000  0.04000000    0.1233D+02  0.960893600210298E+00  0.243829380357003E-02    0.104069124903890E+01 -0.264078252098438E-02
  0.00000000  0.00000000  0.04000000    0.1270D+02  0.963889903436074E+00  0.224285035106069E-02    0.103745726780822E+01 -0.241403233815329E-02
  0.00000000  0.00000000  0.04000000    0.1309D+02  0.966330984687523E+00  0.109273874949141E-02    0.103484079172836E+01 -0.117021046680151E-02
  0.00000000  0.00000000  0.04000000    0.1349D+02  0.968997576503016E+00  0.635457830386816E-03    0.103199388129535E+01 -0.676770106223658E-03
  0.00000000  0.00000000  0.04000000    0.1390D+02  0.971305966405344E+00  0.451187653390159E-03    0.102954148209890E+01 -0.478239011642371E-03
  0.00000000  0.00000000  0.04000000    0.1432D+02  0.973351764843265E+00  0.248207002481802E-03    0.102737773854535E+01 -0.261983753573340E-03
  0.00000000  0.00000000  0.04000000    0.1476D+02  0.975239219680857E+00  0.122025633950210E-03    0.102538942667962E+01 -0.128300618259968E-03
  0.00000000  0.00000000  0.04000000    0.1521D+02  0.976990386609605E+00  0.107337535912972E-04    0.102355152474892E+01 -0.112452998568158E-04
  0.00000000  0.00000000  0.04000000    0.1567D+02  0.978601890272328E+00  0.571576241262962E-19    0.102186600081236E+01 -0.596845697545307E-19
  0.00000000  0.00000000  0.04000000    0.1615D+02  0.980048926080003E+00  0.546184748188283E-19    0.102035722236827E+01 -0.568648704907429E-19
  0.00000000  0.00000000  0.04000000    0.1664D+02  0.981370010203279E+00  0.520203963478207E-19    0.101898365509749E+01 -0.540142179392079E-19
