 q(1:3)   w(Ry)   eps    epsi  --- NO LFC
  0.00000000  0.00000000  0.02000000    0.0000D+00  0.249000321986836E+01  0.256190028251449E-16    0.401605906378252E+00 -0.413201989780689E-17
  0.00000000  0.00000000  0.02000000    0.1015D-04  0.249000321997542E+01  0.256190028259675E-16    0.401605906360986E+00 -0.413201989758428E-17
  0.00000000  0.00000000  0.02000000    0.3076D-04  0.249000322085143E+01  0.256190028326958E-16    0.401605906219696E+00 -0.413201989576208E-17
  0.00000000  0.00000000  0.02000000    0.5200D-04  0.249000322267752E+01  0.256190028467249E-16    0.401605905925171E+00 -0.413201989196420E-17
  0.00000000  0.00000000  0.02000000    0.7389D-04  0.249000322553970E+01  0.256190028687130E-16    0.401605905463537E+00 -0.413201988601134E-17
  0.00000000  0.00000000  0.02000000    0.9644D-04  0.249000322953014E+01  0.256190028993675E-16    0.401605904819929E+00 -0.413201987771169E-17
  0.00000000  0.00000000  0.02000000    0.1197D-03  0.249000323474760E+01  0.256190029394483E-16    0.401605903978420E+00 -0.413201986686007E-17
  0.00000000  0.00000000  0.02000000    0.1436D-03  0.249000324129780E+01  0.256190029897686E-16    0.401605902921956E+00 -0.413201985323672E-17
  0.00000000  0.00000000  0.02000000    0.1683D-03  0.249000324929391E+01  0.256190030511968E-16    0.401605901632285E+00 -0.413201983660613E-17
  0.00000000  0.00000000  0.02000000    0.1937D-03  0.249000325885704E+01  0.256190031246625E-16    0.401605900089874E+00 -0.413201981671626E-17
  0.00000000  0.00000000  0.02000000    0.2199D-03  0.249000327011677E+01  0.256190032111626E-16    0.401605898273822E+00 -0.413201979329784E-17
  0.00000000  0.00000000  0.02000000    0.2469D-03  0.249000328321166E+01  0.256190033117592E-16    0.401605896161783E+00 -0.413201976606237E-17
  0.00000000  0.00000000  0.02000000    0.2748D-03  0.249000329828986E+01  0.256190034275926E-16    0.401605893729861E+00 -0.413201973470199E-17
  0.00000000  0.00000000  0.02000000    0.3034D-03  0.249000331550976E+01  0.256190035598784E-16    0.401605890952509E+00 -0.413201969888708E-17
  0.00000000  0.00000000  0.02000000    0.3330D-03  0.249000333504064E+01  0.256190037099178E-16    0.401605887802426E+00 -0.413201965826574E-17
  0.00000000  0.00000000  0.02000000    0.3634D-03  0.249000335706335E+01  0.256190038791003E-16    0.401605884250444E+00 -0.413201961246187E-17
  0.00000000  0.00000000  0.02000000    0.3948D-03  0.249000338177107E+01  0.256190040689106E-16    0.401605880265403E+00 -0.413201956107373E-17
  0.00000000  0.00000000  0.02000000    0.4271D-03  0.249000340937014E+01  0.256190042809307E-16    0.401605875814024E+00 -0.413201950367168E-17
  0.00000000  0.00000000  0.02000000    0.4604D-03  0.249000344008086E+01  0.256190045168557E-16    0.401605870860775E+00 -0.413201943979798E-17
  0.00000000  0.00000000  0.02000000    0.4948D-03  0.249000347413846E+01  0.256190047784925E-16    0.401605865367718E+00 -0.413201936896337E-17
  0.00000000  0.00000000  0.02000000    0.5301D-03  0.249000351179397E+01  0.256190050677698E-16    0.401605859294363E+00 -0.413201929064573E-17
  0.00000000  0.00000000  0.02000000    0.5666D-03  0.249000355331533E+01  0.256190053867450E-16    0.401605852597496E+00 -0.413201920428771E-17
  0.00000000  0.00000000  0.02000000    0.6041D-03  0.249000359898839E+01  0.256190057376112E-16    0.401605845231014E+00 -0.413201910929428E-17
  0.00000000  0.00000000  0.02000000    0.6428D-03  0.249000364911814E+01  0.256190061227181E-16    0.401605837145725E+00 -0.413201900503218E-17
  0.00000000  0.00000000  0.02000000    0.6827D-03  0.249000370402986E+01  0.256190065445588E-16    0.401605828289164E+00 -0.413201889082397E-17
  0.00000000  0.00000000  0.02000000    0.7238D-03  0.249000376407051E+01  0.256190070058027E-16    0.401605818605374E+00 -0.413201876594868E-17
  0.00000000  0.00000000  0.02000000    0.7662D-03  0.249000382961000E+01  0.256190075092871E-16    0.401605808034691E+00 -0.413201862963622E-17
  0.00000000  0.00000000  0.02000000    0.8098D-03  0.249000390104281E+01  0.256190080580477E-16    0.401605796513493E+00 -0.413201848106701E-17
  0.00000000  0.00000000  0.02000000    0.8548D-03  0.249000397878934E+01  0.256190086553103E-16    0.401605783973970E+00 -0.413201831936601E-17
  0.00000000  0.00000000  0.02000000    0.9011D-03  0.249000406329784E+01  0.256190093045198E-16    0.401605770343831E+00 -0.413201814360122E-17
  0.00000000  0.00000000  0.02000000    0.9488D-03  0.249000415504594E+01  0.256190100093438E-16    0.401605755546039E+00 -0.413201795277897E-17
  0.00000000  0.00000000  0.02000000    0.9980D-03  0.249000425454264E+01  0.256190107736943E-16    0.401605739498496E+00 -0.413201774584085E-17
  0.00000000  0.00000000  0.02000000    0.1049D-02  0.249000436233030E+01  0.256190116017366E-16    0.401605722113730E+00 -0.413201752165872E-17
  0.00000000  0.00000000  0.02000000    0.1101D-02  0.249000447898674E+01  0.256190124979104E-16    0.401605703298546E+00 -0.413201727903090E-17
  0.00000000  0.00000000  0.02000000    0.1155D-02  0.249000460512746E+01  0.256190134669463E-16    0.401605682953671E+00 -0.413201701667760E-17
  0.00000000  0.00000000  0.02000000    0.1210D-02  0.249000474140813E+01  0.256190145138759E-16    0.401605660973356E+00 -0.413201673323431E-17
  0.00000000  0.00000000  0.02000000    0.1267D-02  0.249000488852699E+01  0.256190156440670E-16    0.401605637244982E+00 -0.413201642724935E-17
  0.00000000  0.00000000  0.02000000    0.1326D-02  0.249000504722771E+01  0.256190168632324E-16    0.401605611648606E+00 -0.413201609717600E-17
  0.00000000  0.00000000  0.02000000    0.1387D-02  0.249000521830210E+01  0.256190181774518E-16    0.401605584056521E+00 -0.413201574136696E-17
  0.00000000  0.00000000  0.02000000    0.1450D-02  0.249000540259333E+01  0.256190195932053E-16    0.401605554332736E+00 -0.413201535806901E-17
  0.00000000  0.00000000  0.02000000    0.1514D-02  0.249000560099900E+01  0.256190211173876E-16    0.401605522332478E+00 -0.413201494541512E-17
  0.00000000  0.00000000  0.02000000    0.1580D-02  0.249000581447472E+01  0.256190227573405E-16    0.401605487901624E+00 -0.413201450141794E-17
  0.00000000  0.00000000  0.02000000    0.1649D-02  0.249000604403768E+01  0.256190245208786E-16    0.401605450876113E+00 -0.413201402396191E-17
  0.00000000  0.00000000  0.02000000    0.1719D-02  0.249000629077060E+01  0.256190264163143E-16    0.401605411081320E+00 -0.413201351079438E-17
  0.00000000  0.00000000  0.02000000    0.1792D-02  0.249000655582579E+01  0.256190284525069E-16    0.401605368331393E+00 -0.413201295951982E-17
  0.00000000  0.00000000  0.02000000    0.1867D-02  0.249000684042963E+01  0.256190306388732E-16    0.401605322428536E+00 -0.413201236758690E-17
  0.00000000  0.00000000  0.02000000    0.1944D-02  0.249000714588712E+01  0.256190329854380E-16    0.401605273162269E+00 -0.413201173228137E-17
  0.00000000  0.00000000  0.02000000    0.2024D-02  0.249000747358694E+01  0.256190355028709E-16    0.401605220308623E+00 -0.413201105071529E-17
  0.00000000  0.00000000  0.02000000    0.2106D-02  0.249000782500666E+01  0.256190382025217E-16    0.401605163629285E+00 -0.413201031981541E-17
  0.00000000  0.00000000  0.02000000    0.2190D-02  0.249000820171828E+01  0.256190410964647E-16    0.401605102870718E+00 -0.413200953631193E-17
  0.00000000  0.00000000  0.02000000    0.2277D-02  0.249000860539427E+01  0.256190441975516E-16    0.401605037763176E+00 -0.413200869672699E-17
  0.00000000  0.00000000  0.02000000    0.2367D-02  0.249000903781383E+01  0.256190475194454E-16    0.401604968019705E+00 -0.413200779735941E-17
  0.00000000  0.00000000  0.02000000    0.2459D-02  0.249000950086956E+01  0.256190510766886E-16    0.401604893335058E+00 -0.413200683427350E-17
  0.00000000  0.00000000  0.02000000    0.2554D-02  0.249000999657460E+01  0.256190548847421E-16    0.401604813384547E+00 -0.413200580328155E-17
  0.00000000  0.00000000  0.02000000    0.2652D-02  0.249001052707023E+01  0.256190589600597E-16    0.401604727822821E+00 -0.413200469993089E-17
  0.00000000  0.00000000  0.02000000    0.2753D-02  0.249001109463387E+01  0.256190633201312E-16    0.401604636282571E+00 -0.413200351948404E-17
  0.00000000  0.00000000  0.02000000    0.2858D-02  0.249001170168758E+01  0.256190679835661E-16    0.401604538373158E+00 -0.413200225690406E-17
  0.00000000  0.00000000  0.02000000    0.2965D-02  0.249001235080719E+01  0.256190729701467E-16    0.401604433679145E+00 -0.413200090683290E-17
  0.00000000  0.00000000  0.02000000    0.3075D-02  0.249001304473190E+01  0.256190783009196E-16    0.401604321758752E+00 -0.413199946357430E-17
  0.00000000  0.00000000  0.02000000    0.3189D-02  0.249001378637448E+01  0.256190839982543E-16    0.401604202142199E+00 -0.413199792106917E-17
  0.00000000  0.00000000  0.02000000    0.3307D-02  0.249001457883219E+01  0.256190900859471E-16    0.401604074329957E+00 -0.413199627287642E-17
  0.00000000  0.00000000  0.02000000    0.3428D-02  0.249001542539828E+01  0.256190965892956E-16    0.401603937790887E+00 -0.413199451214664E-17
  0.00000000  0.00000000  0.02000000    0.3553D-02  0.249001632957424E+01  0.256191035351929E-16    0.401603791960267E+00 -0.413199263159668E-17
  0.00000000  0.00000000  0.02000000    0.3681D-02  0.249001729508286E+01  0.256191109522380E-16    0.401603636237685E+00 -0.413199062348405E-17
  0.00000000  0.00000000  0.02000000    0.3813D-02  0.249001832588205E+01  0.256191188708306E-16    0.401603469984810E+00 -0.413198847957646E-17
  0.00000000  0.00000000  0.02000000    0.3950D-02  0.249001942617950E+01  0.256191273232952E-16    0.401603292523033E+00 -0.413198619112317E-17
  0.00000000  0.00000000  0.02000000    0.4090D-02  0.249002060044834E+01  0.256191363439890E-16    0.401603103130932E+00 -0.413198374882034E-17
  0.00000000  0.00000000  0.02000000    0.4235D-02  0.249002185344361E+01  0.256191459694365E-16    0.401602901041626E+00 -0.413198114277818E-17
  0.00000000  0.00000000  0.02000000    0.4385D-02  0.249002319022003E+01  0.256191562384652E-16    0.401602685439903E+00 -0.413197836248381E-17
  0.00000000  0.00000000  0.02000000    0.4538D-02  0.249002461615052E+01  0.256191671923432E-16    0.401602455459240E+00 -0.413197539676205E-17
  0.00000000  0.00000000  0.02000000    0.4697D-02  0.249002613694621E+01  0.256191788749379E-16    0.401602210178568E+00 -0.413197223373459E-17
  0.00000000  0.00000000  0.02000000    0.4860D-02  0.249002775867742E+01  0.256191913328807E-16    0.401601948618899E+00 -0.413196886077695E-17
  0.00000000  0.00000000  0.02000000    0.5029D-02  0.249002948779616E+01  0.256192046157196E-16    0.401601669739688E+00 -0.413196526446838E-17
  0.00000000  0.00000000  0.02000000    0.5202D-02  0.249003133115986E+01  0.256192187761316E-16    0.401601372435021E+00 -0.413196143054756E-17
  0.00000000  0.00000000  0.02000000    0.5381D-02  0.249003329605665E+01  0.256192338700914E-16    0.401601055529519E+00 -0.413195734385562E-17
  0.00000000  0.00000000  0.02000000    0.5565D-02  0.249003539023232E+01  0.256192499570919E-16    0.401600717774016E+00 -0.413195298828267E-17
  0.00000000  0.00000000  0.02000000    0.5755D-02  0.249003762191864E+01  0.256192671003577E-16    0.401600357840968E+00 -0.413194834670781E-17
  0.00000000  0.00000000  0.02000000    0.5950D-02  0.249003999986383E+01  0.256192853670767E-16    0.401599974319563E+00 -0.413194340093580E-17
  0.00000000  0.00000000  0.02000000    0.6152D-02  0.249004253336462E+01  0.256193048286508E-16    0.401599565710539E+00 -0.413193813163090E-17
  0.00000000  0.00000000  0.02000000    0.6360D-02  0.249004523230046E+01  0.256193255609572E-16    0.401599130420671E+00 -0.413193251824552E-17
  0.00000000  0.00000000  0.02000000    0.6574D-02  0.249004810716979E+01  0.256193476446183E-16    0.401598666756928E+00 -0.413192653894354E-17
  0.00000000  0.00000000  0.02000000    0.6794D-02  0.249005116912862E+01  0.256193711653148E-16    0.401598172920256E+00 -0.413192017052276E-17
  0.00000000  0.00000000  0.02000000    0.7021D-02  0.249005443003142E+01  0.256193962140850E-16    0.401597646998978E+00 -0.413191338832751E-17
  0.00000000  0.00000000  0.02000000    0.7255D-02  0.249005790247464E+01  0.256194228876590E-16    0.401597086961790E+00 -0.413190616615826E-17
  0.00000000  0.00000000  0.02000000    0.7497D-02  0.249006159984285E+01  0.256194512888272E-16    0.401596490650316E+00 -0.413189847617787E-17
  0.00000000  0.00000000  0.02000000    0.7745D-02  0.249006553635785E+01  0.256194815267942E-16    0.401595855771199E+00 -0.413189028880594E-17
  0.00000000  0.00000000  0.02000000    0.8001D-02  0.249006972713071E+01  0.256195137176000E-16    0.401595179887711E+00 -0.413188157261397E-17
  0.00000000  0.00000000  0.02000000    0.8265D-02  0.249007418821713E+01  0.256195479845334E-16    0.401594460410832E+00 -0.413187229420851E-17
  0.00000000  0.00000000  0.02000000    0.8537D-02  0.249007893667623E+01  0.256195844585778E-16    0.401593694589780E+00 -0.413186241810812E-17
  0.00000000  0.00000000  0.02000000    0.8818D-02  0.249008399063296E+01  0.256196232789046E-16    0.401592879501952E+00 -0.413185190661591E-17
  0.00000000  0.00000000  0.02000000    0.9107D-02  0.249008936934433E+01  0.256196645933676E-16    0.401592012042247E+00 -0.413184071967952E-17
  0.00000000  0.00000000  0.02000000    0.9404D-02  0.249009509326998E+01  0.256197085590495E-16    0.401591088911711E+00 -0.413182881474552E-17
  0.00000000  0.00000000  0.02000000    0.9711D-02  0.249010118414685E+01  0.256197553428321E-16    0.401590106605494E+00 -0.413181614660358E-17
  0.00000000  0.00000000  0.02000000    0.1003D-01  0.249010766506867E+01  0.256198051220113E-16    0.401589061400050E+00 -0.413180266722201E-17
  0.00000000  0.00000000  0.02000000    0.1035D-01  0.249011456057039E+01  0.256198580849357E-16    0.401587949339542E+00 -0.413178832557112E-17
  0.00000000  0.00000000  0.02000000    0.1069D-01  0.249012189671773E+01  0.256199144316951E-16    0.401586766221412E+00 -0.413177306743710E-17
  0.00000000  0.00000000  0.02000000    0.1103D-01  0.249012970120238E+01  0.256199743748523E-16    0.401585507581047E+00 -0.413175683522450E-17
  0.00000000  0.00000000  0.02000000    0.1139D-01  0.249013800344328E+01  0.256200381402183E-16    0.401584168675484E+00 -0.413173956774566E-17
  0.00000000  0.00000000  0.02000000    0.1176D-01  0.249014683469381E+01  0.256201059676690E-16    0.401582744466135E+00 -0.413172119999694E-17
  0.00000000  0.00000000  0.02000000    0.1214D-01  0.249015622815603E+01  0.256201781120210E-16    0.401581229600402E+00 -0.413170166292155E-17
  0.00000000  0.00000000  0.02000000    0.1253D-01  0.249016621910185E+01  0.256202548439648E-16    0.401579618392172E+00 -0.413168088315826E-17
  0.00000000  0.00000000  0.02000000    0.1293D-01  0.249017684500174E+01  0.256203364510394E-16    0.401577904801096E+00 -0.413165878277226E-17
  0.00000000  0.00000000  0.02000000    0.1334D-01  0.249018814566142E+01  0.256204232386827E-16    0.401576082410588E+00 -0.413163527897151E-17
  0.00000000  0.00000000  0.02000000    0.1377D-01  0.249020016336731E+01  0.256205155313484E-16    0.401574144404430E+00 -0.413161028380514E-17
  0.00000000  0.00000000  0.02000000    0.1421D-01  0.249021294304061E+01  0.256206136736718E-16    0.401572083541970E+00 -0.413158370384091E-17
  0.00000000  0.00000000  0.02000000    0.1466D-01  0.249022653240139E+01  0.256207180317358E-16    0.401569892131731E+00 -0.413155543982586E-17
  0.00000000  0.00000000  0.02000000    0.1513D-01  0.249024098214264E+01  0.256208289943928E-16    0.401567562003411E+00 -0.413152538632315E-17
  0.00000000  0.00000000  0.02000000    0.1561D-01  0.249025634611529E+01  0.256209469746783E-16    0.401565084478135E+00 -0.413149343132733E-17
  0.00000000  0.00000000  0.02000000    0.1610D-01  0.249027268152474E+01  0.256210724113157E-16    0.401562450336853E+00 -0.413145945585625E-17
  0.00000000  0.00000000  0.02000000    0.1662D-01  0.249029004913965E+01  0.256212057703016E-16    0.401559649786771E+00 -0.413142333351553E-17
  0.00000000  0.00000000  0.02000000    0.1714D-01  0.249030851351377E+01  0.256213475466066E-16    0.401556672425708E+00 -0.413138493003873E-17
  0.00000000  0.00000000  0.02000000    0.1768D-01  0.249032814322159E+01  0.256214982659591E-16    0.401553507204219E+00 -0.413134410279490E-17
  0.00000000  0.00000000  0.02000000    0.1824D-01  0.249034901110873E+01  0.256216584867658E-16    0.401550142385379E+00 -0.413130070027006E-17
  0.00000000  0.00000000  0.02000000    0.1882D-01  0.249037119455806E+01  0.256218288021334E-16    0.401546565502039E+00 -0.413125456151274E-17
  0.00000000  0.00000000  0.02000000    0.1941D-01  0.249039477577228E+01  0.256220098420136E-16    0.401542763311450E+00 -0.413120551554516E-17
  0.00000000  0.00000000  0.02000000    0.2002D-01  0.249041984207437E+01  0.256222022754986E-16    0.401538721747037E+00 -0.413115338074008E-17
  0.00000000  0.00000000  0.02000000    0.2065D-01  0.249044648622673E+01  0.256224068132355E-16    0.401534425867186E+00 -0.413109796415490E-17
  0.00000000  0.00000000  0.02000000    0.2130D-01  0.249047480677042E+01  0.256226242100150E-16    0.401529859800819E+00 -0.413103906082790E-17
  0.00000000  0.00000000  0.02000000    0.2197D-01  0.249050490838553E+01  0.256228552674954E-16    0.401525006689607E+00 -0.413097645302665E-17
  0.00000000  0.00000000  0.02000000    0.2266D-01  0.249053690227431E+01  0.256231008371226E-16    0.401519848626542E+00 -0.413090990945330E-17
  0.00000000  0.00000000  0.02000000    0.2337D-01  0.249057090656829E+01  0.256233618231990E-16    0.401514366590703E+00 -0.413083918439488E-17
  0.00000000  0.00000000  0.02000000    0.2410D-01  0.249060704676096E+01  0.256236391861732E-16    0.401508540377938E+00 -0.413076401682515E-17
  0.00000000  0.00000000  0.02000000    0.2486D-01  0.249064545616777E+01  0.256239339461134E-16    0.401502348527216E+00 -0.413068412944671E-17
  0.00000000  0.00000000  0.02000000    0.2564D-01  0.249068627641498E+01  0.256242471864066E-16    0.401495768242386E+00 -0.413059922767447E-17
  0.00000000  0.00000000  0.02000000    0.2644D-01  0.249072965795941E+01  0.256245800576823E-16    0.401488775309028E+00 -0.413050899855414E-17
  0.00000000  0.00000000  0.02000000    0.2726D-01  0.249077576064097E+01  0.256249337819766E-16    0.401481344006119E+00 -0.413041310961220E-17
  0.00000000  0.00000000  0.02000000    0.2811D-01  0.249082475427013E+01  0.256253096571621E-16    0.401473447012142E+00 -0.413031120763411E-17
  0.00000000  0.00000000  0.02000000    0.2899D-01  0.249087681925243E+01  0.256257090616473E-16    0.401465055305354E+00 -0.413020291736496E-17
  0.00000000  0.00000000  0.02000000    0.2989D-01  0.249093214725274E+01  0.256261334593670E-16    0.401456138057756E+00 -0.413008784012705E-17
  0.00000000  0.00000000  0.02000000    0.3082D-01  0.249099094190154E+01  0.256265844050860E-16    0.401446662522440E+00 -0.412996555235087E-17
  0.00000000  0.00000000  0.02000000    0.3178D-01  0.249105341954601E+01  0.256270635500209E-16    0.401436593913850E+00 -0.412983560401087E-17
  0.00000000  0.00000000  0.02000000    0.3277D-01  0.249111981004912E+01  0.256275726478314E-16    0.401425895280518E+00 -0.412969751696503E-17
  0.00000000  0.00000000  0.02000000    0.3379D-01  0.249119035763941E+01  0.256281135609558E-16    0.401414527369789E+00 -0.412955078318402E-17
  0.00000000  0.00000000  0.02000000    0.3484D-01  0.249126532181521E+01  0.256286882673654E-16    0.401402448484037E+00 -0.412939486287187E-17
  0.00000000  0.00000000  0.02000000    0.3592D-01  0.249134497830658E+01  0.256292988677133E-16    0.401389614327808E+00 -0.412922918246196E-17
  0.00000000  0.00000000  0.02000000    0.3703D-01  0.249142962009897E+01  0.256299475929505E-16    0.401375977845313E+00 -0.412905313248865E-17
  0.00000000  0.00000000  0.02000000    0.3818D-01  0.249151955852261E+01  0.256306368123914E-16    0.401361489047659E+00 -0.412886606531843E-17
  0.00000000  0.00000000  0.02000000    0.3936D-01  0.249161512441204E+01  0.256313690423071E-16    0.401346094829142E+00 -0.412866729273928E-17
  0.00000000  0.00000000  0.02000000    0.4058D-01  0.249171666934043E+01  0.256321469550144E-16    0.401329738771907E+00 -0.412845608338850E-17
  0.00000000  0.00000000  0.02000000    0.4184D-01  0.249182456693375E+01  0.256329733885611E-16    0.401312360938204E+00 -0.412823166001923E-17
  0.00000000  0.00000000  0.02000000    0.4313D-01  0.249193921427020E+01  0.256338513570025E-16    0.401293897649452E+00 -0.412799319658800E-17
  0.00000000  0.00000000  0.02000000    0.4447D-01  0.249206103337060E+01  0.256347840613075E-16    0.401274281251236E+00 -0.412773981515166E-17
  0.00000000  0.00000000  0.02000000    0.4584D-01  0.249219047278606E+01  0.256357749009505E-16    0.401253439863320E+00 -0.412747058256296E-17
  0.00000000  0.00000000  0.02000000    0.4726D-01  0.249232800928947E+01  0.256368274862178E-16    0.401231297113693E+00 -0.412718450694924E-17
  0.00000000  0.00000000  0.02000000    0.4872D-01  0.249247414967807E+01  0.256379456512776E-16    0.401207771855591E+00 -0.412688053395955E-17
  0.00000000  0.00000000  0.02000000    0.5022D-01  0.249262943269479E+01  0.256391334680710E-16    0.401182777866383E+00 -0.412655754276619E-17
  0.00000000  0.00000000  0.02000000    0.5177D-01  0.249279443107649E+01  0.256403952610475E-16    0.401156223527087E+00 -0.412621434179866E-17
  0.00000000  0.00000000  0.02000000    0.5337D-01  0.249296975373836E+01  0.256417356228329E-16    0.401128011481262E+00 -0.412584966419720E-17
  0.00000000  0.00000000  0.02000000    0.5501D-01  0.249315604810369E+01  0.256431594308542E-16    0.401098038271855E+00 -0.412546216296057E-17
  0.00000000  0.00000000  0.02000000    0.5671D-01  0.249335400258970E+01  0.256446718650135E-16    0.401066193954553E+00 -0.412505040577140E-17
  0.00000000  0.00000000  0.02000000    0.5846D-01  0.249356434926049E+01  0.256462784264471E-16    0.401032361686020E+00 -0.412461286947157E-17
  0.00000000  0.00000000  0.02000000    0.6026D-01  0.249378786665915E+01  0.256479849574487E-16    0.400996417285352E+00 -0.412414793416398E-17
  0.00000000  0.00000000  0.02000000    0.6211D-01  0.249402538283222E+01  0.256497976626398E-16    0.400958228766861E+00 -0.412365387691496E-17
  0.00000000  0.00000000  0.02000000    0.6403D-01  0.249427777856060E+01  0.256517231314527E-16    0.400917655842278E+00 -0.412312886502641E-17
  0.00000000  0.00000000  0.02000000    0.6600D-01  0.249454599081213E+01  0.256537683619919E-16    0.400874549390223E+00 -0.412257094884292E-17
  0.00000000  0.00000000  0.02000000    0.6803D-01  0.249483101643270E+01  0.256559407864107E-16    0.400828750890663E+00 -0.412197805406723E-17
  0.00000000  0.00000000  0.02000000    0.7012D-01  0.249513391609359E+01  0.256582482978332E-16    0.400780091821929E+00 -0.412134797353687E-17
  0.00000000  0.00000000  0.02000000    0.7227D-01  0.249545581851493E+01  0.256606992789586E-16    0.400728393017637E+00 -0.412067835842729E-17
  0.00000000  0.00000000  0.02000000    0.7450D-01  0.249579792498633E+01  0.256633026324526E-16    0.400673463980653E+00 -0.411996670883718E-17
  0.00000000  0.00000000  0.02000000    0.7678D-01  0.249616151420816E+01  0.256660678132061E-16    0.400615102151041E+00 -0.411921036370312E-17
  0.00000000  0.00000000  0.02000000    0.7914D-01  0.249654794747839E+01  0.256690048626077E-16    0.400553092124683E+00 -0.411840648999595E-17
  0.00000000  0.00000000  0.02000000    0.8157D-01  0.249695867425301E+01  0.256721244449360E-16    0.400487204818942E+00 -0.411755207113799E-17
  0.00000000  0.00000000  0.02000000    0.8408D-01  0.249739523810986E+01  0.256754378860138E-16    0.400417196581525E+00 -0.411664389458105E-17
  0.00000000  0.00000000  0.02000000    0.8666D-01  0.249785928314898E+01  0.256789572142549E-16    0.400342808238312E+00 -0.411567853847478E-17
  0.00000000  0.00000000  0.02000000    0.8932D-01  0.249835256086578E+01  0.256826952042488E-16    0.400263764075579E+00 -0.411465235735025E-17
  0.00000000  0.00000000  0.02000000    0.9206D-01  0.249887693753645E+01  0.256866654230418E-16    0.400179770751682E+00 -0.411356146673713E-17
  0.00000000  0.00000000  0.02000000    0.9488D-01  0.249943440215935E+01  0.256908822792898E-16    0.400090516132795E+00 -0.411240172662575E-17
  0.00000000  0.00000000  0.02000000    0.9779D-01  0.250002707500040E+01  0.256953610754222E-16    0.399995668046850E+00 -0.411116872366947E-17
  0.00000000  0.00000000  0.02000000    0.1008D+00  0.250065721679518E+01  0.257001180630431E-16    0.399894872949276E+00 -0.410985775202462E-17
  0.00000000  0.00000000  0.02000000    0.1039D+00  0.250132723866610E+01  0.257051705017170E-16    0.399787754493601E+00 -0.410846379270105E-17
  0.00000000  0.00000000  0.02000000    0.1071D+00  0.250203971281925E+01  0.257105367213840E-16    0.399673911999270E+00 -0.410698149129609E-17
  0.00000000  0.00000000  0.02000000    0.1103D+00  0.250279738409222E+01  0.257162361885719E-16    0.399552918808370E+00 -0.410540513395819E-17
  0.00000000  0.00000000  0.02000000    0.1137D+00  0.250360318243204E+01  0.257222895766732E-16    0.399424320522146E+00 -0.410372862142480E-17
  0.00000000  0.00000000  0.02000000    0.1172D+00  0.250446023639141E+01  0.257287188404593E-16    0.399287633107270E+00 -0.410194544094326E-17
  0.00000000  0.00000000  0.02000000    0.1208D+00  0.250537188774075E+01  0.257355472951402E-16    0.399142340860926E+00 -0.410004863588629E-17
  0.00000000  0.00000000  0.02000000    0.1245D+00  0.250634170730591E+01  0.257427997001593E-16    0.398987894222496E+00 -0.409803077282649E-17
  0.00000000  0.00000000  0.02000000    0.1283D+00  0.250737351215270E+01  0.257505023480077E-16    0.398823707418626E+00 -0.409588390582753E-17
  0.00000000  0.00000000  0.02000000    0.1322D+00  0.250847138425544E+01  0.257586831583235E-16    0.398649155926815E+00 -0.409359953767216E-17
  0.00000000  0.00000000  0.02000000    0.1363D+00  0.250963969080229E+01  0.257673717775150E-16    0.398463573741264E+00 -0.409116857771170E-17
  0.00000000  0.00000000  0.02000000    0.1405D+00  0.251088310630940E+01  0.257765996842049E-16    0.398266250422881E+00 -0.408858129599240E-17
  0.00000000  0.00000000  0.02000000    0.1448D+00  0.251220663673794E+01  0.257864003007536E-16    0.398056427913304E+00 -0.408582727326472E-17
  0.00000000  0.00000000  0.02000000    0.1492D+00  0.251361564583235E+01  0.257968091110991E-16    0.397833297090599E+00 -0.408289534643112E-17
  0.00000000  0.00000000  0.02000000    0.1537D+00  0.251511588392747E+01  0.258078637851859E-16    0.397595994041615E+00 -0.407977354893818E-17
  0.00000000  0.00000000  0.02000000    0.1585D+00  0.251671351950497E+01  0.258196043101884E-16    0.397343596023078E+00 -0.407644904554778E-17
  0.00000000  0.00000000  0.02000000    0.1633D+00  0.251841517381775E+01  0.258320731287378E-16    0.397075117080106E+00 -0.407290806085243E-17
  0.00000000  0.00000000  0.02000000    0.1683D+00  0.252022795894591E+01  0.258453152842949E-16    0.396789503286938E+00 -0.406913580081024E-17
  0.00000000  0.00000000  0.02000000    0.1734D+00  0.252215951969864E+01  0.258593785737561E-16    0.396485627570251E+00 -0.406511636647687E-17
  0.00000000  0.00000000  0.02000000    0.1787D+00  0.252421807983794E+01  0.258743137073141E-16    0.396162284070242E+00 -0.406083265899816E-17
  0.00000000  0.00000000  0.02000000    0.1842D+00  0.252641249316949E+01  0.258901744754696E-16    0.395818181988745E+00 -0.405626627479009E-17
  0.00000000  0.00000000  0.02000000    0.1898D+00  0.252875230012972E+01  0.259070179229694E-16    0.395451938866730E+00 -0.405139738968021E-17
  0.00000000  0.00000000  0.02000000    0.1956D+00  0.253124779059550E+01  0.259249045292308E-16    0.395062073225451E+00 -0.404620463059458E-17
  0.00000000  0.00000000  0.02000000    0.2016D+00  0.253391007375840E+01  0.259438983946384E-16    0.394646996496115E+00 -0.404066493317105E-17
  0.00000000  0.00000000  0.02000000    0.2078D+00  0.253675115604248E+01  0.259640674317079E-16    0.394205004151875E+00 -0.403475338341170E-17
  0.00000000  0.00000000  0.02000000    0.2141D+00  0.253978402820834E+01  0.259854835597995E-16    0.393734265942855E+00 -0.402844304120038E-17
  0.00000000  0.00000000  0.02000000    0.2207D+00  0.254302276298094E+01  0.260082229015261E-16    0.393232815119514E+00 -0.402170474315160E-17
  0.00000000  0.00000000  0.02000000    0.2274D+00  0.254648262477394E+01  0.260323659783347E-16    0.392698536511229E+00 -0.401450688183049E-17
  0.00000000  0.00000000  0.02000000    0.2343D+00  0.255018019336674E+01  0.260579979019702E-16    0.392129153304968E+00 -0.400681515788589E-17
  0.00000000  0.00000000  0.02000000    0.2415D+00  0.255413350373383E+01  0.260852085574012E-16    0.391522212342512E+00 -0.399859230102086E-17
  0.00000000  0.00000000  0.02000000    0.2489D+00  0.255836220464534E+01  0.261140927714736E-16    0.390875067722722E+00 -0.398979775499858E-17
  0.00000000  0.00000000  0.02000000    0.2565D+00  0.256288773917095E+01  0.261447504597939E-16    0.390184862456551E+00 -0.398038732098951E-17
  0.00000000  0.00000000  0.02000000    0.2643D+00  0.256773355085290E+01  0.261772867420790E-16    0.389448507874907E+00 -0.397031275247775E-17
  0.00000000  0.00000000  0.02000000    0.2724D+00  0.257292532009802E+01  0.262118120132619E-16    0.388662660431164E+00 -0.395952129360980E-17
  0.00000000  0.00000000  0.02000000    0.2807D+00  0.257849123631958E+01  0.262484419539608E-16    0.387823695467492E+00 -0.394795515123765E-17
  0.00000000  0.00000000  0.02000000    0.2893D+00  0.258446231259119E+01  0.262872974589084E-16    0.386927677423702E+00 -0.393555088885148E-17
  0.00000000  0.00000000  0.02000000    0.2981D+00  0.259087275113495E+01  0.263285044555843E-16    0.385970325853302E+00 -0.392223872805039E-17
  0.00000000  0.00000000  0.02000000    0.3072D+00  0.259776036995774E+01  0.263721935769253E-16    0.384946976466604E+00 -0.390794173998217E-17
  0.00000000  0.00000000  0.02000000    0.3166D+00  0.260516710351351E+01  0.264184996409847E-16    0.383852536235135E+00 -0.389257490509626E-17
  0.00000000  0.00000000  0.02000000    0.3262D+00  0.261313959360177E+01  0.264675608757937E-16    0.382681431351193E+00 -0.387604401430502E-17
  0.00000000  0.00000000  0.02000000    0.3362D+00  0.262172989108682E+01  0.265195178083994E-16    0.381427546521757E+00 -0.385824437787701E-17
  0.00000000  0.00000000  0.02000000    0.3464D+00  0.263099629482716E+01  0.265745117112069E-16    0.380084153659248E+00 -0.383905929952113E-17
  0.00000000  0.00000000  0.02000000    0.3570D+00  0.264100436200034E+01  0.266326824639319E-16    0.378643827472736E+00 -0.381835826138931E-17
  0.00000000  0.00000000  0.02000000    0.3679D+00  0.265182813461416E+01  0.266941656425198E-16    0.377098344703059E+00 -0.379599475004746E-17
  0.00000000  0.00000000  0.02000000    0.3791D+00  0.266355164163058E+01  0.267590885821979E-16    0.375438562695866E+00 -0.377180363216142E-17
  0.00000000  0.00000000  0.02000000    0.3907D+00  0.267627075664348E+01  0.268275650736752E-16    0.373654271533489E+00 -0.374559795930123E-17
  0.00000000  0.00000000  0.02000000    0.4026D+00  0.269009552031112E+01  0.268996882294632E-16    0.371734011840719E+00 -0.371716504016424E-17
  0.00000000  0.00000000  0.02000000    0.4149D+00  0.270515307928811E+01  0.269755208866539E-16    0.369664847308072E+00 -0.368626155982450E-17
  0.00000000  0.00000000  0.02000000    0.4276D+00  0.272159145660759E+01  0.270550826718748E-16    0.367432076394919E+00 -0.365260744004329E-17
  0.00000000  0.00000000  0.02000000    0.4406D+00  0.273958446467193E+01  0.271383325115875E-16    0.365018860668620E+00 -0.361587800689041E-17
  0.00000000  0.00000000  0.02000000    0.4540D+00  0.275933822252127E+01  0.272251448781813E-16    0.362405736215358E+00 -0.357569383579653E-17
  0.00000000  0.00000000  0.02000000    0.4679D+00  0.278109998200795E+01  0.273152773467742E-16    0.359569956660818E+00 -0.353160733353662E-17
  0.00000000  0.00000000  0.02000000    0.4822D+00  0.280517037409652E+01  0.274083259879570E-16    0.356484586189200E+00 -0.348308460626120E-17
  0.00000000  0.00000000  0.02000000    0.4969D+00  0.283192089613415E+01  0.275036635672576E-16    0.353117207957715E+00 -0.342948028694452E-17
  0.00000000  0.00000000  0.02000000    0.5120D+00  0.286181976239229E+01  0.276003532004288E-16    0.349428015398169E+00 -0.337000141303529E-17
  0.00000000  0.00000000  0.02000000    0.5276D+00  0.289547177335809E+01  0.276970266154288E-16    0.345366861870744E+00 -0.330365339884739E-17
  0.00000000  0.00000000  0.02000000    0.5437D+00  0.293368316295478E+01  0.277917108283520E-16    0.340868438905587E+00 -0.322915480587699E-17
  0.00000000  0.00000000  0.02000000    0.5603D+00  0.297757455805832E+01  0.278815785181419E-16    0.335843815327365E+00 -0.314479302677427E-17
  0.00000000  0.00000000  0.02000000    0.5774D+00  0.302879673456271E+01  0.279625814157390E-16    0.330164117185096E+00 -0.304815470182972E-17
  0.00000000  0.00000000  0.02000000    0.5950D+00  0.309000081309133E+01  0.280288788476021E-16    0.323624510311883E+00 -0.293554362614280E-17
  0.00000000  0.00000000  0.02000000    0.6131D+00  0.316610647366535E+01  0.280716972795233E-16    0.315845347690508E+00 -0.280038433996483E-17
  0.00000000  0.00000000  0.02000000    0.6318D+00  0.327060471882357E+01  0.280732813434474E-16    0.305753854706019E+00 -0.262444248783848E-17
  0.00000000  0.00000000  0.02000000    0.6511D+00  0.344722732701678E+01  0.157665521158374E-01    0.290082140493729E+00 -0.132674603445025E-02
  0.00000000  0.00000000  0.02000000    0.6709D+00  0.357661329813115E+01  0.237371039713667E+00    0.278367992849554E+00 -0.184745999575160E-01
  0.00000000  0.00000000  0.02000000    0.6914D+00  0.358709403949655E+01  0.386821387206777E+00    0.275572608289463E+00 -0.297169177727164E-01
  0.00000000  0.00000000  0.02000000    0.7125D+00  0.359325152511392E+01  0.480234740287723E+00    0.273415699632650E+00 -0.365417551724295E-01
  0.00000000  0.00000000  0.02000000    0.7342D+00  0.360625759812796E+01  0.575820036766525E+00    0.270401802311559E+00 -0.431757220642261E-01
  0.00000000  0.00000000  0.02000000    0.7565D+00  0.362734225328809E+01  0.644900048637996E+00    0.267236905985434E+00 -0.475116715307609E-01
  0.00000000  0.00000000  0.02000000    0.7796D+00  0.366627362491159E+01  0.723694947099703E+00    0.262527442972456E+00 -0.518209504776811E-01
  0.00000000  0.00000000  0.02000000    0.8034D+00  0.371364124377907E+01  0.805196496988744E+00    0.257186763288998E+00 -0.557635666124388E-01
  0.00000000  0.00000000  0.02000000    0.8279D+00  0.378703912070170E+01  0.881214291968051E+00    0.250495306070275E+00 -0.582882924481480E-01
  0.00000000  0.00000000  0.02000000    0.8531D+00  0.389169586663603E+01  0.990338852534267E+00    0.241329499804792E+00 -0.614122963637279E-01
  0.00000000  0.00000000  0.02000000    0.8791D+00  0.404254735405793E+01  0.111986036631360E+01    0.229738796645718E+00 -0.636418946855045E-01
  0.00000000  0.00000000  0.02000000    0.9059D+00  0.428237319307900E+01  0.134136597678775E+01    0.212651546348947E+00 -0.666087555481573E-01
  0.00000000  0.00000000  0.02000000    0.9335D+00  0.454890191976711E+01  0.185615194125057E+01    0.188455463187393E+00 -0.768981129961279E-01
  0.00000000  0.00000000  0.02000000    0.9619D+00  0.411909216330465E+01  0.299674661849200E+01    0.158747716120757E+00 -0.115493089889142E+00
  0.00000000  0.00000000  0.02000000    0.9913D+00  0.335858026227888E+01  0.285060430340763E+01    0.173069111442607E+00 -0.146892887868780E+00
  0.00000000  0.00000000  0.02000000    0.1021D+01  0.310166007226380E+01  0.265019003942180E+01    0.186355256365347E+00 -0.159229842312435E+00
  0.00000000  0.00000000  0.02000000    0.1053D+01  0.308222159157922E+01  0.252984931977570E+01    0.193847640710247E+00 -0.159107743366263E+00
  0.00000000  0.00000000  0.02000000    0.1085D+01  0.347366318707452E+01  0.243318749874358E+01    0.193123584403638E+00 -0.135276757122567E+00
  0.00000000  0.00000000  0.02000000    0.1118D+01  0.377806182919554E+01  0.349787177332839E+01    0.142520730654302E+00 -0.131951054113895E+00
  0.00000000  0.00000000  0.02000000    0.1152D+01  0.248861386345673E+01  0.516457384399074E+01    0.757199598763437E-01 -0.157140217688172E+00
  0.00000000  0.00000000  0.02000000    0.1187D+01  0.945328672754433E+00  0.407685571128635E+01    0.539743718342460E-01 -0.232771661769641E+00
  0.00000000  0.00000000  0.02000000    0.1223D+01  0.595218654601122E+00  0.324353672061115E+01    0.547336774030836E-01 -0.298261304713234E+00
  0.00000000  0.00000000  0.02000000    0.1260D+01  0.619918542241246E+00  0.266892326830124E+01    0.825737778201173E-01 -0.355503283026311E+00
  0.00000000  0.00000000  0.02000000    0.1299D+01  0.574793384057115E+00  0.250938684587811E+01    0.867297184617574E-01 -0.378637647355070E+00
  0.00000000  0.00000000  0.02000000    0.1338D+01  0.595054325267204E+00  0.189553521997984E+01    0.150755688841062E+00 -0.480229628920412E+00
  0.00000000  0.00000000  0.02000000    0.1379D+01  0.130179449834952E+01  0.139378906928295E+01    0.357899665962125E+00 -0.383191542866773E+00
  0.00000000  0.00000000  0.02000000    0.1421D+01  0.162182879642465E+01  0.240689775640471E+01    0.192536546201319E+00 -0.285736559925113E+00
  0.00000000  0.00000000  0.02000000    0.1464D+01  0.144507247893342E+01  0.243080708393016E+01    0.180700522678658E+00 -0.303962684917621E+00
  0.00000000  0.00000000  0.02000000    0.1509D+01  0.123551976046794E+01  0.307321258404483E+01    0.112615392301101E+00 -0.280117770553351E+00
  0.00000000  0.00000000  0.02000000    0.1555D+01  0.307844136160154E+00  0.347812090594014E+01    0.252494903816269E-01 -0.285276768484500E+00
  0.00000000  0.00000000  0.02000000    0.1602D+01 -0.396902108083165E+00  0.258589879578218E+01   -0.579892881669266E-01 -0.377812128948684E+00
  0.00000000  0.00000000  0.02000000    0.1651D+01 -0.280246563042707E+00  0.202395657319241E+01   -0.671259165523613E-01 -0.484787176558570E+00
  0.00000000  0.00000000  0.02000000    0.1701D+01 -0.609888187876909E+00  0.240657852762615E+01   -0.989502546804854E-01 -0.390451172773420E+00
  0.00000000  0.00000000  0.02000000    0.1753D+01 -0.998452891782457E+00  0.134395957389752E+01   -0.356191445977824E+00 -0.479448662928606E+00
  0.00000000  0.00000000  0.02000000    0.1807D+01 -0.658607919716331E+00  0.784856106492938E+00   -0.627386949378669E+00 -0.747650405670660E+00
  0.00000000  0.00000000  0.02000000    0.1862D+01 -0.266341238105837E+00  0.593421623959394E+00   -0.629519021718055E+00 -0.140259992345913E+01
  0.00000000  0.00000000  0.02000000    0.1919D+01 -0.472103556694503E-01  0.658653307323877E+00   -0.108267472077271E+00 -0.151048911934877E+01
  0.00000000  0.00000000  0.02000000    0.1977D+01 -0.481540299695899E-01  0.672272982938361E+00   -0.106003156506132E+00 -0.147989811590562E+01
  0.00000000  0.00000000  0.02000000    0.2037D+01 -0.736903486947948E-02  0.444900687691610E+00   -0.372190537772671E-01 -0.224707616587880E+01
  0.00000000  0.00000000  0.02000000    0.2099D+01  0.121937900118542E+00  0.377465886330196E+00    0.774950151217050E+00 -0.239890342056484E+01
  0.00000000  0.00000000  0.02000000    0.2163D+01  0.226559259809259E+00  0.300168440256844E+00    0.160191581894491E+01 -0.212237881250267E+01
  0.00000000  0.00000000  0.02000000    0.2229D+01  0.328719333437051E+00  0.267870583651807E+00    0.182813755813951E+01 -0.148973371774131E+01
  0.00000000  0.00000000  0.02000000    0.2297D+01  0.409761261337817E+00  0.242400580511401E+00    0.180780483643129E+01 -0.106943477373033E+01
  0.00000000  0.00000000  0.02000000    0.2367D+01  0.483311615012871E+00  0.217729637855446E+00    0.171999273183632E+01 -0.774848737303259E+00
  0.00000000  0.00000000  0.02000000    0.2439D+01  0.569515502548030E+00  0.191283069612357E+00    0.157788010824566E+01 -0.529962308725837E+00
  0.00000000  0.00000000  0.02000000    0.2513D+01  0.661822816302197E+00  0.210969358832685E+00    0.137160372802934E+01 -0.437226326967159E+00
  0.00000000  0.00000000  0.02000000    0.2590D+01  0.722510582518299E+00  0.272660990095887E+00    0.121152298885836E+01 -0.457204455766824E+00
  0.00000000  0.00000000  0.02000000    0.2669D+01  0.730245782086660E+00  0.350859563833936E+00    0.111256672547407E+01 -0.534552455641103E+00
  0.00000000  0.00000000  0.02000000    0.2750D+01  0.619165216987637E+00  0.438812834712714E+00    0.107508469357158E+01 -0.761930659215009E+00
  0.00000000  0.00000000  0.02000000    0.2834D+01  0.580361383420915E+00  0.229510265435690E+00    0.149003820449795E+01 -0.589251927493629E+00
  0.00000000  0.00000000  0.02000000    0.2920D+01  0.651582234599299E+00  0.235601390582227E+00    0.135727233810488E+01 -0.490767294250973E+00
  0.00000000  0.00000000  0.02000000    0.3009D+01  0.672319511289515E+00  0.210338389273811E+00    0.135478428878896E+01 -0.423850773824448E+00
  0.00000000  0.00000000  0.02000000    0.3101D+01  0.711230910625187E+00  0.185373770920743E+00    0.131657534546242E+01 -0.343149507204510E+00
  0.00000000  0.00000000  0.02000000    0.3195D+01  0.736399954507022E+00  0.207442310890142E+00    0.125812114829682E+01 -0.354410068584493E+00
  0.00000000  0.00000000  0.02000000    0.3293D+01  0.736525685239295E+00  0.201441833315711E+00    0.126323141805512E+01 -0.345497323249974E+00
  0.00000000  0.00000000  0.02000000    0.3393D+01  0.740761407502461E+00  0.185680332402178E+00    0.127015689804845E+01 -0.318379376468492E+00
  0.00000000  0.00000000  0.02000000    0.3496D+01  0.745080077867165E+00  0.166994299585469E+00    0.127794155544405E+01 -0.286424186207528E+00
  0.00000000  0.00000000  0.02000000    0.3603D+01  0.779814262139300E+00  0.115702390443743E+00    0.125473470081943E+01 -0.186167157111560E+00
  0.00000000  0.00000000  0.02000000    0.3713D+01  0.864687309754679E+00  0.117100542257921E+00    0.113565941608637E+01 -0.153797022280526E+00
  0.00000000  0.00000000  0.02000000    0.3826D+01  0.850390280494978E+00  0.266649992806400E+00    0.107066202433953E+01 -0.335718819507260E+00
  0.00000000  0.00000000  0.02000000    0.3942D+01  0.752697692483415E+00  0.230023313777602E+00    0.121507793018266E+01 -0.371326038049205E+00
  0.00000000  0.00000000  0.02000000    0.4062D+01  0.746922856370470E+00  0.134057473917617E+00    0.129704470536679E+01 -0.232793166358063E+00
  0.00000000  0.00000000  0.02000000    0.4186D+01  0.777222673951623E+00  0.123882569583158E+00    0.125475476190251E+01 -0.199997052724766E+00
  0.00000000  0.00000000  0.02000000    0.4313D+01  0.795860834087953E+00  0.970587688759398E-01    0.123808715220977E+01 -0.150990235487978E+00
  0.00000000  0.00000000  0.02000000    0.4445D+01  0.814678922726107E+00  0.937782229175251E-01    0.121142549380936E+01 -0.139447979857238E+00
  0.00000000  0.00000000  0.02000000    0.4580D+01  0.836840409795550E+00  0.728407129915362E-01    0.118598547017658E+01 -0.103231185102987E+00
  0.00000000  0.00000000  0.02000000    0.4720D+01  0.858858277670045E+00  0.852345723152328E-01    0.115298083748287E+01 -0.114423800905911E+00
  0.00000000  0.00000000  0.02000000    0.4863D+01  0.871776308570328E+00  0.843206904117206E-01    0.113645139341771E+01 -0.109920819332076E+00
  0.00000000  0.00000000  0.02000000    0.5012D+01  0.877812595456332E+00  0.101583504147276E+00    0.112414091698020E+01 -0.130089467949382E+00
  0.00000000  0.00000000  0.02000000    0.5164D+01  0.871643811886958E+00  0.103915527423831E+00    0.113118025892103E+01 -0.134856912438505E+00
  0.00000000  0.00000000  0.02000000    0.5322D+01  0.865780957715898E+00  0.101290019575097E+00    0.113943084589861E+01 -0.133305048646509E+00
  0.00000000  0.00000000  0.02000000    0.5484D+01  0.858232922871441E+00  0.954586407260089E-01    0.115094599462339E+01 -0.128016226443751E+00
  0.00000000  0.00000000  0.02000000    0.5651D+01  0.850421442472532E+00  0.804924400091932E-01    0.116544675530554E+01 -0.110309604568055E+00
  0.00000000  0.00000000  0.02000000    0.5823D+01  0.855596951460514E+00  0.527214437340763E-01    0.116435361266261E+01 -0.717468702661609E-01
  0.00000000  0.00000000  0.02000000    0.6000D+01  0.870563806613617E+00  0.412817795225381E-01    0.114610373158204E+01 -0.543477700286788E-01
  0.00000000  0.00000000  0.02000000    0.6183D+01  0.883896546453029E+00  0.320832760829554E-01    0.112986550934286E+01 -0.410113459751845E-01
  0.00000000  0.00000000  0.02000000    0.6371D+01  0.900385225168749E+00  0.245345739758551E-01    0.110981168545092E+01 -0.302412302366034E-01
  0.00000000  0.00000000  0.02000000    0.6565D+01  0.913686722792996E+00  0.288802197791297E-01    0.109337465265807E+01 -0.345598764674713E-01
  0.00000000  0.00000000  0.02000000    0.6765D+01  0.926865092803327E+00  0.252940664305841E-01    0.107810276027057E+01 -0.294213290035580E-01
  0.00000000  0.00000000  0.02000000    0.6971D+01  0.936563815670860E+00  0.397164358179124E-01    0.106581622773655E+01 -0.451975840773509E-01
  0.00000000  0.00000000  0.02000000    0.7184D+01  0.932890405469113E+00  0.469598910800725E-01    0.106922793783623E+01 -0.538228576542286E-01
  0.00000000  0.00000000  0.02000000    0.7402D+01  0.932542537357357E+00  0.391443864932712E-01    0.107045102638559E+01 -0.449332304108068E-01
  0.00000000  0.00000000  0.02000000    0.7628D+01  0.946511494664866E+00  0.354755012581244E-01    0.105502913171799E+01 -0.395427710076269E-01
  0.00000000  0.00000000  0.02000000    0.7860D+01  0.942395177898615E+00  0.659039785753812E-01    0.105596174568488E+01 -0.738459638760221E-01
  0.00000000  0.00000000  0.02000000    0.8100D+01  0.928188227589496E+00  0.514456739449745E-01    0.107406811218279E+01 -0.595311987931049E-01
  0.00000000  0.00000000  0.02000000    0.8346D+01  0.922386093006786E+00  0.518900990478593E-01    0.108072445142929E+01 -0.607976413058265E-01
  0.00000000  0.00000000  0.02000000    0.8600D+01  0.921533418769461E+00  0.322891297405022E-01    0.108381724417509E+01 -0.379753082193083E-01
  0.00000000  0.00000000  0.02000000    0.8862D+01  0.925464431541879E+00  0.323017631102703E-01    0.107922380145660E+01 -0.376684725954688E-01
  0.00000000  0.00000000  0.02000000    0.9132D+01  0.934049249195579E+00  0.168047795999981E-01    0.107026092893910E+01 -0.192554076145345E-01
  0.00000000  0.00000000  0.02000000    0.9410D+01  0.937092056212370E+00  0.333056109327839E-01    0.106578472448129E+01 -0.378795350321842E-01
  0.00000000  0.00000000  0.02000000    0.9697D+01  0.932514463512005E+00  0.201079710447110E-01    0.107187103767477E+01 -0.231129410133286E-01
  0.00000000  0.00000000  0.02000000    0.9992D+01  0.934377258318611E+00  0.191579897525190E-01    0.106978179838489E+01 -0.219342546583049E-01
  0.00000000  0.00000000  0.02000000    0.1030D+02  0.936366736963682E+00  0.903192071702514E-02    0.106785827549036E+01 -0.103002497851675E-01
  0.00000000  0.00000000  0.02000000    0.1061D+02  0.942385465520257E+00  0.529070388698809E-02    0.106110346431937E+01 -0.595720586593699E-02
  0.00000000  0.00000000  0.02000000    0.1093D+02  0.947836586880484E+00  0.179408355068122E-02    0.105503040406834E+01 -0.199698209544452E-02
  0.00000000  0.00000000  0.02000000    0.1127D+02  0.953475423582908E+00  0.243055079845541E-03    0.104879466243678E+01 -0.267353372845466E-03
  0.00000000  0.00000000  0.02000000    0.1161D+02  0.958173379700661E+00  0.116512969629943E-05    0.104365245495646E+01 -0.126907143701431E-05
  0.00000000  0.00000000  0.02000000    0.1196D+02  0.961851634929290E+00  0.443938753253729E-05    0.103966138192634E+01 -0.479851529006716E-05
  0.00000000  0.00000000  0.02000000    0.1233D+02  0.964918026836593E+00 -0.811938497645957E-18    0.103635746476664E+01  0.872051821568152E-18
  0.00000000  0.00000000  0.02000000    0.1270D+02  0.967593804547425E+00 -0.756160511293195E-18    0.103349152847019E+01  0.807658625874240E-18
  0.00000000  0.00000000  0.02000000    0.1309D+02  0.969970978206257E+00 -0.705655421497627E-18    0.103095868069092E+01  0.750024071560303E-18
