 q(1:3)   w(Ry)   eps  epsi --- LFC included. 
  0.00000000  0.00000000  0.02500000    0.0000D+00  0.236127200663288E+01  0.161965703860289E-16    0.423500552749099E+00 -0.290489892390841E-17
  0.00000000  0.00000000  0.02500000    0.1015D-04  0.236127200672939E+01  0.161965703123698E-16    0.423500552731790E+00 -0.290489891045999E-17
  0.00000000  0.00000000  0.02500000    0.3076D-04  0.236127200751913E+01  0.161965703553034E-16    0.423500552590149E+00 -0.290489891621715E-17
  0.00000000  0.00000000  0.02500000    0.5200D-04  0.236127200916537E+01  0.161965702726100E-16    0.423500552294890E+00 -0.290489889733536E-17
  0.00000000  0.00000000  0.02500000    0.7389D-04  0.236127201174567E+01  0.161965701626281E-16    0.423500551832107E+00 -0.290489887126111E-17
  0.00000000  0.00000000  0.02500000    0.9644D-04  0.236127201534310E+01  0.161965702167547E-16    0.423500551186898E+00 -0.290489887211755E-17
  0.00000000  0.00000000  0.02500000    0.1197D-03  0.236127202004670E+01  0.161965704126919E-16    0.423500550343294E+00 -0.290489889568642E-17
  0.00000000  0.00000000  0.02500000    0.1436D-03  0.236127202595179E+01  0.161965703262082E-16    0.423500549284200E+00 -0.290489886564614E-17
  0.00000000  0.00000000  0.02500000    0.1683D-03  0.236127203316039E+01  0.161965703308533E-16    0.423500547991319E+00 -0.290489884874286E-17
  0.00000000  0.00000000  0.02500000    0.1937D-03  0.236127204178167E+01  0.161965704644994E-16    0.423500546445069E+00 -0.290489885150040E-17
  0.00000000  0.00000000  0.02500000    0.2199D-03  0.236127205193246E+01  0.161965705001218E-16    0.423500544624497E+00 -0.290489883291383E-17
  0.00000000  0.00000000  0.02500000    0.2469D-03  0.236127206373766E+01  0.161965705877943E-16    0.423500542507202E+00 -0.290489881959198E-17
  0.00000000  0.00000000  0.02500000    0.2748D-03  0.236127207733085E+01  0.161965708046602E-16    0.423500540069227E+00 -0.290489882504209E-17
  0.00000000  0.00000000  0.02500000    0.3034D-03  0.236127209285481E+01  0.161965708792721E-16    0.423500537284962E+00 -0.290489880022796E-17
  0.00000000  0.00000000  0.02500000    0.3330D-03  0.236127211046215E+01  0.161965711459170E-16    0.423500534127038E+00 -0.290489880472942E-17
  0.00000000  0.00000000  0.02500000    0.3634D-03  0.236127213031589E+01  0.161965709968898E-16    0.423500530566216E+00 -0.290489872915181E-17
  0.00000000  0.00000000  0.02500000    0.3948D-03  0.236127215259022E+01  0.161965711968266E-16    0.423500526571256E+00 -0.290489871020611E-17
  0.00000000  0.00000000  0.02500000    0.4271D-03  0.236127217747113E+01  0.161965715603667E-16    0.423500522108797E+00 -0.290489871418969E-17
  0.00000000  0.00000000  0.02500000    0.4604D-03  0.236127220515724E+01  0.161965717921904E-16    0.423500517143220E+00 -0.290489868764757E-17
  0.00000000  0.00000000  0.02500000    0.4948D-03  0.236127223586059E+01  0.161965719495033E-16    0.423500511636491E+00 -0.290489864031792E-17
  0.00000000  0.00000000  0.02500000    0.5301D-03  0.236127226980751E+01  0.161965723631521E-16    0.423500505548019E+00 -0.290489863098216E-17
  0.00000000  0.00000000  0.02500000    0.5666D-03  0.236127230723954E+01  0.161965725213565E-16    0.423500498834484E+00 -0.290489856725682E-17
  0.00000000  0.00000000  0.02500000    0.6041D-03  0.236127234841438E+01  0.161965728132331E-16    0.423500491449667E+00 -0.290489851829697E-17
  0.00000000  0.00000000  0.02500000    0.6428D-03  0.236127239360698E+01  0.161965730785584E-16    0.423500483344253E+00 -0.290489845468955E-17
  0.00000000  0.00000000  0.02500000    0.6827D-03  0.236127244311060E+01  0.161965735055991E-16    0.423500474465649E+00 -0.290489840947917E-17
  0.00000000  0.00000000  0.02500000    0.7238D-03  0.236127249723800E+01  0.161965738700671E-16    0.423500464757756E+00 -0.290489834166961E-17
  0.00000000  0.00000000  0.02500000    0.7662D-03  0.236127255632268E+01  0.161965743216725E-16    0.423500454160762E+00 -0.290489827729125E-17
  0.00000000  0.00000000  0.02500000    0.8098D-03  0.236127262072026E+01  0.161965749637280E-16    0.423500442610888E+00 -0.290489823399849E-17
  0.00000000  0.00000000  0.02500000    0.8548D-03  0.236127269080975E+01  0.161965756143854E-16    0.423500430040154E+00 -0.290489817824381E-17
  0.00000000  0.00000000  0.02500000    0.9011D-03  0.236127276699522E+01  0.161965762721326E-16    0.423500416376091E+00 -0.290489810876184E-17
  0.00000000  0.00000000  0.02500000    0.9488D-03  0.236127284970729E+01  0.161965767687723E-16    0.423500401541466E+00 -0.290489799432646E-17
  0.00000000  0.00000000  0.02500000    0.9980D-03  0.236127293940483E+01  0.161965774267680E-16    0.423500385453981E+00 -0.290489789164332E-17
  0.00000000  0.00000000  0.02500000    0.1049D-02  0.236127303657677E+01  0.161965781743885E-16    0.423500368025944E+00 -0.290489778664422E-17
  0.00000000  0.00000000  0.02500000    0.1101D-02  0.236127314174402E+01  0.161965791091658E-16    0.423500349163928E+00 -0.290489769554008E-17
  0.00000000  0.00000000  0.02500000    0.1155D-02  0.236127325546147E+01  0.161965799591451E-16    0.423500328768415E+00 -0.290489756818989E-17
  0.00000000  0.00000000  0.02500000    0.1210D-02  0.236127337832022E+01  0.161965809126332E-16    0.423500306733390E+00 -0.290489743691260E-17
  0.00000000  0.00000000  0.02500000    0.1267D-02  0.236127351094973E+01  0.161965819609421E-16    0.423500282945956E+00 -0.290489729860116E-17
  0.00000000  0.00000000  0.02500000    0.1326D-02  0.236127365402043E+01  0.161965829748067E-16    0.423500257285870E+00 -0.290489712842204E-17
  0.00000000  0.00000000  0.02500000    0.1387D-02  0.236127380824616E+01  0.161965843355044E-16    0.423500229625108E+00 -0.290489699300196E-17
  0.00000000  0.00000000  0.02500000    0.1450D-02  0.236127397438703E+01  0.161965855850299E-16    0.423500199827339E+00 -0.290489680832627E-17
  0.00000000  0.00000000  0.02500000    0.1514D-02  0.236127415325225E+01  0.161965869478810E-16    0.423500167747431E+00 -0.290489661266821E-17
  0.00000000  0.00000000  0.02500000    0.1580D-02  0.236127434570330E+01  0.161965884610165E-16    0.423500133230877E+00 -0.290489641053680E-17
  0.00000000  0.00000000  0.02500000    0.1649D-02  0.236127455265721E+01  0.161965899463669E-16    0.423500096113207E+00 -0.290489616773859E-17
  0.00000000  0.00000000  0.02500000    0.1719D-02  0.236127477509005E+01  0.161965918925485E-16    0.423500056219363E+00 -0.290489596950647E-17
  0.00000000  0.00000000  0.02500000    0.1792D-02  0.236127501404065E+01  0.161965936762677E-16    0.423500013363028E+00 -0.290489570149529E-17
  0.00000000  0.00000000  0.02500000    0.1867D-02  0.236127527061460E+01  0.161965955562859E-16    0.423499967345915E+00 -0.290489540739430E-17
  0.00000000  0.00000000  0.02500000    0.1944D-02  0.236127554598838E+01  0.161965977604751E-16    0.423499917957021E+00 -0.290489512517816E-17
  0.00000000  0.00000000  0.02500000    0.2024D-02  0.236127584141390E+01  0.161966002365714E-16    0.423499864971816E+00 -0.290489484239301E-17
  0.00000000  0.00000000  0.02500000    0.2106D-02  0.236127615822321E+01  0.161966026447162E-16    0.423499808151398E+00 -0.290489449480705E-17
  0.00000000  0.00000000  0.02500000    0.2190D-02  0.236127649783348E+01  0.161966053791544E-16    0.423499747241595E+00 -0.290489414964205E-17
  0.00000000  0.00000000  0.02500000    0.2277D-02  0.236127686175248E+01  0.161966081340588E-16    0.423499681971993E+00 -0.290489374833755E-17
  0.00000000  0.00000000  0.02500000    0.2367D-02  0.236127725158416E+01  0.161966112856026E-16    0.423499612054921E+00 -0.290489335441454E-17
  0.00000000  0.00000000  0.02500000    0.2459D-02  0.236127766903472E+01  0.161966141866022E-16    0.423499537184373E+00 -0.290489284760140E-17
  0.00000000  0.00000000  0.02500000    0.2554D-02  0.236127811591906E+01  0.161966178218678E-16    0.423499457034851E+00 -0.290489240006031E-17
  0.00000000  0.00000000  0.02500000    0.2652D-02  0.236127859416755E+01  0.161966216614232E-16    0.423499371260147E+00 -0.290489191198948E-17
  0.00000000  0.00000000  0.02500000    0.2753D-02  0.236127910583330E+01  0.161966257547350E-16    0.423499279492035E+00 -0.290489138720929E-17
  0.00000000  0.00000000  0.02500000    0.2858D-02  0.236127965309986E+01  0.161966300878786E-16    0.423499181338904E+00 -0.290489081784993E-17
  0.00000000  0.00000000  0.02500000    0.2965D-02  0.236128023828935E+01  0.161966345984960E-16    0.423499076384284E+00 -0.290489018701399E-17
  0.00000000  0.00000000  0.02500000    0.3075D-02  0.236128086387118E+01  0.161966392126458E-16    0.423498964185293E+00 -0.290488947536425E-17
  0.00000000  0.00000000  0.02500000    0.3189D-02  0.236128153247128E+01  0.161966447050734E-16    0.423498844270982E+00 -0.290488881539149E-17
  0.00000000  0.00000000  0.02500000    0.3307D-02  0.236128224688185E+01  0.161966500926914E-16    0.423498716140577E+00 -0.290488802390770E-17
  0.00000000  0.00000000  0.02500000    0.3428D-02  0.236128301007179E+01  0.161966561737450E-16    0.423498579261618E+00 -0.290488723677446E-17
  0.00000000  0.00000000  0.02500000    0.3553D-02  0.236128382519774E+01  0.161966626848713E-16    0.423498433067975E+00 -0.290488639899066E-17
  0.00000000  0.00000000  0.02500000    0.3681D-02  0.236128469561585E+01  0.161966695466632E-16    0.423498276957742E+00 -0.290488548805709E-17
  0.00000000  0.00000000  0.02500000    0.3813D-02  0.236128562489423E+01  0.161966766347692E-16    0.423498110290997E+00 -0.290488447289233E-17
  0.00000000  0.00000000  0.02500000    0.3950D-02  0.236128661682613E+01  0.161966845716681E-16    0.423497932387441E+00 -0.290488345580543E-17
  0.00000000  0.00000000  0.02500000    0.4090D-02  0.236128767544415E+01  0.161966927024553E-16    0.423497742523855E+00 -0.290488230941713E-17
  0.00000000  0.00000000  0.02500000    0.4235D-02  0.236128880503502E+01  0.161967014934763E-16    0.423497539931448E+00 -0.290488110681974E-17
  0.00000000  0.00000000  0.02500000    0.4385D-02  0.236129001015563E+01  0.161967109916216E-16    0.423497323792977E+00 -0.290487984521138E-17
  0.00000000  0.00000000  0.02500000    0.4538D-02  0.236129129564972E+01  0.161967212171904E-16    0.423497093239759E+00 -0.290487851631516E-17
  0.00000000  0.00000000  0.02500000    0.4697D-02  0.236129266666595E+01  0.161967318390231E-16    0.423496847348432E+00 -0.290487704807014E-17
  0.00000000  0.00000000  0.02500000    0.4860D-02  0.236129412867678E+01  0.161967431821033E-16    0.423496585137566E+00 -0.290487548529784E-17
  0.00000000  0.00000000  0.02500000    0.5029D-02  0.236129568749878E+01  0.161967554475948E-16    0.423496305564026E+00 -0.290487384976598E-17
  0.00000000  0.00000000  0.02500000    0.5202D-02  0.236129734931398E+01  0.161967683586402E-16    0.423496007519140E+00 -0.290487207661045E-17
  0.00000000  0.00000000  0.02500000    0.5381D-02  0.236129912069276E+01  0.161967819965795E-16    0.423495689824600E+00 -0.290487016425422E-17
  0.00000000  0.00000000  0.02500000    0.5565D-02  0.236130100861798E+01  0.161967970212095E-16    0.423495351228126E+00 -0.290486821385062E-17
  0.00000000  0.00000000  0.02500000    0.5755D-02  0.236130302051072E+01  0.161968127035090E-16    0.423494990398865E+00 -0.290486607639251E-17
  0.00000000  0.00000000  0.02500000    0.5950D-02  0.236130516425758E+01  0.161968293800725E-16    0.423494605922488E+00 -0.290486379284408E-17
  0.00000000  0.00000000  0.02500000    0.6152D-02  0.236130744823966E+01  0.161968475083518E-16    0.423494196295994E+00 -0.290486142462802E-17
  0.00000000  0.00000000  0.02500000    0.6360D-02  0.236130988136341E+01  0.161968665122731E-16    0.423493759922186E+00 -0.290485884651437E-17
  0.00000000  0.00000000  0.02500000    0.6574D-02  0.236131247309328E+01  0.161968866754219E-16    0.423493295103810E+00 -0.290485608607822E-17
  0.00000000  0.00000000  0.02500000    0.6794D-02  0.236131523348653E+01  0.161969084565743E-16    0.423492800037324E+00 -0.290485320085577E-17
  0.00000000  0.00000000  0.02500000    0.7021D-02  0.236131817323011E+01  0.161969312290735E-16    0.423492272806283E+00 -0.290485005216575E-17
  0.00000000  0.00000000  0.02500000    0.7255D-02  0.236132130367983E+01  0.161969558636593E-16    0.423491711374315E+00 -0.290484676823352E-17
  0.00000000  0.00000000  0.02500000    0.7497D-02  0.236132463690204E+01  0.161969818072536E-16    0.423491113577657E+00 -0.290484322018085E-17
  0.00000000  0.00000000  0.02500000    0.7745D-02  0.236132818571783E+01  0.161970097946593E-16    0.423490477117228E+00 -0.290483950824798E-17
  0.00000000  0.00000000  0.02500000    0.8001D-02  0.236133196374998E+01  0.161970391841629E-16    0.423489799550218E+00 -0.290483548383223E-17
  0.00000000  0.00000000  0.02500000    0.8265D-02  0.236133598547288E+01  0.161970703553184E-16    0.423489078281141E+00 -0.290483117939480E-17
  0.00000000  0.00000000  0.02500000    0.8537D-02  0.236134026626548E+01  0.161971039192510E-16    0.423488310552348E+00 -0.290482666670167E-17
  0.00000000  0.00000000  0.02500000    0.8818D-02  0.236134482246761E+01  0.161971393971675E-16    0.423487493433932E+00 -0.290482181968600E-17
  0.00000000  0.00000000  0.02500000    0.9107D-02  0.236134967143964E+01  0.161971773247637E-16    0.423486623813038E+00 -0.290481669171148E-17
  0.00000000  0.00000000  0.02500000    0.9404D-02  0.236135483162613E+01  0.161972178393733E-16    0.423485698382465E+00 -0.290481126203145E-17
  0.00000000  0.00000000  0.02500000    0.9711D-02  0.236136032262312E+01  0.161972608308281E-16    0.423484713628604E+00 -0.290480546267983E-17
  0.00000000  0.00000000  0.02500000    0.1003D-01  0.236136616524983E+01  0.161973064332593E-16    0.423483665818597E+00 -0.290479926649499E-17
  0.00000000  0.00000000  0.02500000    0.1035D-01  0.236137238162471E+01  0.161973551829240E-16    0.423482550986712E+00 -0.290479271523581E-17
  0.00000000  0.00000000  0.02500000    0.1069D-01  0.236137899524623E+01  0.161974068005772E-16    0.423481364919876E+00 -0.290478570101605E-17
  0.00000000  0.00000000  0.02500000    0.1103D-01  0.236138603107869E+01  0.161974619336638E-16    0.423480103142304E+00 -0.290477827853422E-17
  0.00000000  0.00000000  0.02500000    0.1139D-01  0.236139351564347E+01  0.161975203708329E-16    0.423478760899157E+00 -0.290477034464543E-17
  0.00000000  0.00000000  0.02500000    0.1176D-01  0.236140147711573E+01  0.161975827091232E-16    0.423477333139227E+00 -0.290476193711019E-17
  0.00000000  0.00000000  0.02500000    0.1214D-01  0.236140994542736E+01  0.161976488079996E-16    0.423475814496505E+00 -0.290475295709597E-17
  0.00000000  0.00000000  0.02500000    0.1253D-01  0.236141895237624E+01  0.161977192587430E-16    0.423474199270622E+00 -0.290474343241979E-17
  0.00000000  0.00000000  0.02500000    0.1293D-01  0.236142853174222E+01  0.161977941801145E-16    0.423472481406082E+00 -0.290473330128581E-17
  0.00000000  0.00000000  0.02500000    0.1334D-01  0.236143871941042E+01  0.161978736560363E-16    0.423470654470199E+00 -0.290472249047389E-17
  0.00000000  0.00000000  0.02500000    0.1377D-01  0.236144955350227E+01  0.161979586593281E-16    0.423468711629643E+00 -0.290471108066773E-17
  0.00000000  0.00000000  0.02500000    0.1421D-01  0.236146107451444E+01  0.161980484645104E-16    0.423466645625576E+00 -0.290469884215946E-17
  0.00000000  0.00000000  0.02500000    0.1466D-01  0.236147332546683E+01  0.161981445178231E-16    0.423464448747189E+00 -0.290468592848123E-17
  0.00000000  0.00000000  0.02500000    0.1513D-01  0.236148635205935E+01  0.161982461536372E-16    0.423462112803635E+00 -0.290467210786580E-17
  0.00000000  0.00000000  0.02500000    0.1561D-01  0.236150020283882E+01  0.161983546213002E-16    0.423459629094198E+00 -0.290465748494379E-17
  0.00000000  0.00000000  0.02500000    0.1610D-01  0.236151492937607E+01  0.161984696971163E-16    0.423456988376612E+00 -0.290464189276286E-17
  0.00000000  0.00000000  0.02500000    0.1662D-01  0.236153058645421E+01  0.161985921566181E-16    0.423454180833406E+00 -0.290462533565333E-17
  0.00000000  0.00000000  0.02500000    0.1714D-01  0.236154723226853E+01  0.161987223196445E-16    0.423451196036164E+00 -0.290460772784205E-17
  0.00000000  0.00000000  0.02500000    0.1768D-01  0.236156492863902E+01  0.161988606969476E-16    0.423448022907550E+00 -0.290458900887827E-17
  0.00000000  0.00000000  0.02500000    0.1824D-01  0.236158374123602E+01  0.161990078305322E-16    0.423444649680987E+00 -0.290456911444910E-17
  0.00000000  0.00000000  0.02500000    0.1882D-01  0.236160373982014E+01  0.161991641990936E-16    0.423441063857800E+00 -0.290454795883488E-17
  0.00000000  0.00000000  0.02500000    0.1941D-01  0.236162499849701E+01  0.161993304266278E-16    0.423437252161719E+00 -0.290452547168855E-17
  0.00000000  0.00000000  0.02500000    0.2002D-01  0.236164759598812E+01  0.161995071549005E-16    0.423433200490524E+00 -0.290450157450298E-17
  0.00000000  0.00000000  0.02500000    0.2065D-01  0.236167161591845E+01  0.161996951027016E-16    0.423428893864697E+00 -0.290447619052858E-17
  0.00000000  0.00000000  0.02500000    0.2130D-01  0.236169714712236E+01  0.161998944402342E-16    0.423424316372852E+00 -0.290444913185693E-17
  0.00000000  0.00000000  0.02500000    0.2197D-01  0.236172428396841E+01  0.162001069794264E-16    0.423419451113784E+00 -0.290442049132313E-17
  0.00000000  0.00000000  0.02500000    0.2266D-01  0.236175312670471E+01  0.162003322958323E-16    0.423414280134889E+00 -0.290438994636015E-17
  0.00000000  0.00000000  0.02500000    0.2337D-01  0.236178378182595E+01  0.162005722082700E-16    0.423408784366738E+00 -0.290435756123532E-17
  0.00000000  0.00000000  0.02500000    0.2410D-01  0.236181636246338E+01  0.162008267191617E-16    0.423402943553578E+00 -0.290432305826692E-17
  0.00000000  0.00000000  0.02500000    0.2486D-01  0.236185098879954E+01  0.162010974136289E-16    0.423396736179479E+00 -0.290428642619098E-17
  0.00000000  0.00000000  0.02500000    0.2564D-01  0.236188778850882E+01  0.162013853453692E-16    0.423390139389877E+00 -0.290424754006444E-17
  0.00000000  0.00000000  0.02500000    0.2644D-01  0.236192689722609E+01  0.162016911299863E-16    0.423383128908192E+00 -0.290420617686081E-17
  0.00000000  0.00000000  0.02500000    0.2726D-01  0.236196845904463E+01  0.162020160910167E-16    0.423375678947245E+00 -0.290416221968642E-17
  0.00000000  0.00000000  0.02500000    0.2811D-01  0.236201262704579E+01  0.162023611884210E-16    0.423367762115107E+00 -0.290411546440453E-17
  0.00000000  0.00000000  0.02500000    0.2899D-01  0.236205956386183E+01  0.162027283510779E-16    0.423359349315078E+00 -0.290406585709732E-17
  0.00000000  0.00000000  0.02500000    0.2989D-01  0.236210944227474E+01  0.162031182819245E-16    0.423350409639356E+00 -0.290401309919061E-17
  0.00000000  0.00000000  0.02500000    0.3082D-01  0.236216244585281E+01  0.162035327827729E-16    0.423340910256056E+00 -0.290395706259161E-17
  0.00000000  0.00000000  0.02500000    0.3178D-01  0.236221876962772E+01  0.162039731663600E-16    0.423330816289127E+00 -0.290389750341512E-17
  0.00000000  0.00000000  0.02500000    0.3277D-01  0.236227862081472E+01  0.162044409795533E-16    0.423320090690705E+00 -0.290383418984290E-17
  0.00000000  0.00000000  0.02500000    0.3379D-01  0.236234221957865E+01  0.162049382593572E-16    0.423308694105446E+00 -0.290376694611646E-17
  0.00000000  0.00000000  0.02500000    0.3484D-01  0.236240979984892E+01  0.162054665921544E-16    0.423296584726305E+00 -0.290369548195825E-17
  0.00000000  0.00000000  0.02500000    0.3592D-01  0.236248161018654E+01  0.162060280506544E-16    0.423283718141213E+00 -0.290361955835081E-17
  0.00000000  0.00000000  0.02500000    0.3703D-01  0.236255791470681E+01  0.162066244978100E-16    0.423270047170081E+00 -0.290353886055196E-17
  0.00000000  0.00000000  0.02500000    0.3818D-01  0.236263899406114E+01  0.162072582178296E-16    0.423255521691488E+00 -0.290345310875649E-17
  0.00000000  0.00000000  0.02500000    0.3936D-01  0.236272514648216E+01  0.162079317306775E-16    0.423240088458401E+00 -0.290336202229583E-17
  0.00000000  0.00000000  0.02500000    0.4058D-01  0.236281668889621E+01  0.162086473947376E-16    0.423223690902212E+00 -0.290326524574277E-17
  0.00000000  0.00000000  0.02500000    0.4184D-01  0.236291395810775E+01  0.162094075074965E-16    0.423206268924330E+00 -0.290316236407319E-17
  0.00000000  0.00000000  0.02500000    0.4313D-01  0.236301731206059E+01  0.162102158652572E-16    0.423187758674516E+00 -0.290305317893176E-17
  0.00000000  0.00000000  0.02500000    0.4447D-01  0.236312713118113E+01  0.162110741935189E-16    0.423168092315111E+00 -0.290293706603138E-17
  0.00000000  0.00000000  0.02500000    0.4584D-01  0.236324381980919E+01  0.162119861113162E-16    0.423147197770199E+00 -0.290281368168211E-17
  0.00000000  0.00000000  0.02500000    0.4726D-01  0.236336780772238E+01  0.162129553725420E-16    0.423124998458754E+00 -0.290268264406542E-17
  0.00000000  0.00000000  0.02500000    0.4872D-01  0.236349955176059E+01  0.162139850618620E-16    0.423101413010675E+00 -0.290254338533621E-17
  0.00000000  0.00000000  0.02500000    0.5022D-01  0.236363953755738E+01  0.162150790532140E-16    0.423076354964604E+00 -0.290239540855969E-17
  0.00000000  0.00000000  0.02500000    0.5177D-01  0.236378828138587E+01  0.162162415110578E-16    0.423049732446303E+00 -0.290223819390266E-17
  0.00000000  0.00000000  0.02500000    0.5337D-01  0.236394633212704E+01  0.162174771754076E-16    0.423021447826278E+00 -0.290207124484833E-17
  0.00000000  0.00000000  0.02500000    0.5501D-01  0.236411427336913E+01  0.162187892100023E-16    0.422991397355293E+00 -0.290189369804572E-17
  0.00000000  0.00000000  0.02500000    0.5671D-01  0.236429272564764E+01  0.162201838388447E-16    0.422959470776224E+00 -0.290170514756864E-17
  0.00000000  0.00000000  0.02500000    0.5846D-01  0.236448234883568E+01  0.162216655621562E-16    0.422925550910719E+00 -0.290150478304167E-17
  0.00000000  0.00000000  0.02500000    0.6026D-01  0.236468384469583E+01  0.162232400519164E-16    0.422889513218892E+00 -0.290129190156947E-17
  0.00000000  0.00000000  0.02500000    0.6211D-01  0.236489795960520E+01  0.162249129731964E-16    0.422851225330222E+00 -0.290106569026668E-17
  0.00000000  0.00000000  0.02500000    0.6403D-01  0.236512548746627E+01  0.162266905286172E-16    0.422810546543679E+00 -0.290082531660917E-17
  0.00000000  0.00000000  0.02500000    0.6600D-01  0.236536727281758E+01  0.162285795276036E-16    0.422767327294937E+00 -0.290056993327118E-17
  0.00000000  0.00000000  0.02500000    0.6803D-01  0.236562421415890E+01  0.162305869820564E-16    0.422721408588367E+00 -0.290029859781019E-17
  0.00000000  0.00000000  0.02500000    0.7012D-01  0.236589726750738E+01  0.162327200460704E-16    0.422672621391360E+00 -0.290001025336712E-17
  0.00000000  0.00000000  0.02500000    0.7227D-01  0.236618745020204E+01  0.162349867162162E-16    0.422620785988283E+00 -0.289970384465134E-17
  0.00000000  0.00000000  0.02500000    0.7450D-01  0.236649584497600E+01  0.162373954607331E-16    0.422565711291220E+00 -0.289937824186253E-17
  0.00000000  0.00000000  0.02500000    0.7678D-01  0.236682360431709E+01  0.162399553058660E-16    0.422507194104367E+00 -0.289903224564196E-17
  0.00000000  0.00000000  0.02500000    0.7914D-01  0.236717195513978E+01  0.162426757019116E-16    0.422445018338750E+00 -0.289866455196291E-17
  0.00000000  0.00000000  0.02500000    0.8157D-01  0.236754220379306E+01  0.162455672520570E-16    0.422378954173612E+00 -0.289827387021341E-17
  0.00000000  0.00000000  0.02500000    0.8408D-01  0.236793574143150E+01  0.162486399064197E-16    0.422308757160558E+00 -0.289785858812253E-17
  0.00000000  0.00000000  0.02500000    0.8666D-01  0.236835404977911E+01  0.162519058010379E-16    0.422234167266193E+00 -0.289741726454701E-17
  0.00000000  0.00000000  0.02500000    0.8932D-01  0.236879870731856E+01  0.162553770211942E-16    0.422154907848622E+00 -0.289694821566111E-17
  0.00000000  0.00000000  0.02500000    0.9206D-01  0.236927139594121E+01  0.162590666112638E-16    0.422070684562814E+00 -0.289644967930841E-17
  0.00000000  0.00000000  0.02500000    0.9488D-01  0.236977390809743E+01  0.162629889642244E-16    0.421981184189359E+00 -0.289591986734785E-17
  0.00000000  0.00000000  0.02500000    0.9779D-01  0.237030815448999E+01  0.162671583998265E-16    0.421886073380684E+00 -0.289535669417679E-17
  0.00000000  0.00000000  0.02500000    0.1008D+00  0.237087617235822E+01  0.162715907585968E-16    0.421784997318244E+00 -0.289475804113878E-17
  0.00000000  0.00000000  0.02500000    0.1039D+00  0.237148013440513E+01  0.162763027993492E-16    0.421677578273639E+00 -0.289412162813654E-17
  0.00000000  0.00000000  0.02500000    0.1071D+00  0.237212235842560E+01  0.162813128353224E-16    0.421563414065921E+00 -0.289344510410889E-17
  0.00000000  0.00000000  0.02500000    0.1103D+00  0.237280531769960E+01  0.162866399807615E-16    0.421442076406625E+00 -0.289272588862608E-17
  0.00000000  0.00000000  0.02500000    0.1137D+00  0.237353165222148E+01  0.162923042105902E-16    0.421313109123302E+00 -0.289196115641516E-17
  0.00000000  0.00000000  0.02500000    0.1172D+00  0.237430418084454E+01  0.162983280995021E-16    0.421176026251321E+00 -0.289114811778113E-17
  0.00000000  0.00000000  0.02500000    0.1208D+00  0.237512591442831E+01  0.163047344545249E-16    0.421030309982828E+00 -0.289028356765188E-17
  0.00000000  0.00000000  0.02500000    0.1245D+00  0.237600007008709E+01  0.163115482341343E-16    0.420875408460466E+00 -0.288936419324778E-17
  0.00000000  0.00000000  0.02500000    0.1283D+00  0.237693008664850E+01  0.163187958276897E-16    0.420710733402350E+00 -0.288838641046906E-17
  0.00000000  0.00000000  0.02500000    0.1322D+00  0.237791964144499E+01  0.163265059358468E-16    0.420535657543217E+00 -0.288734648112094E-17
  0.00000000  0.00000000  0.02500000    0.1363D+00  0.237897266857541E+01  0.163347086816342E-16    0.420349511875151E+00 -0.288624031358016E-17
  0.00000000  0.00000000  0.02500000    0.1405D+00  0.238009337879078E+01  0.163434370847226E-16    0.420151582669440E+00 -0.288506367800297E-17
  0.00000000  0.00000000  0.02500000    0.1448D+00  0.238128628117813E+01  0.163527251736855E-16    0.419941108259043E+00 -0.288381182337116E-17
  0.00000000  0.00000000  0.02500000    0.1492D+00  0.238255620683834E+01  0.163626102298006E-16    0.419717275558843E+00 -0.288247982019134E-17
  0.00000000  0.00000000  0.02500000    0.1537D+00  0.238390833477955E+01  0.163731327812802E-16    0.419479216298169E+00 -0.288106250027958E-17
  0.00000000  0.00000000  0.02500000    0.1585D+00  0.238534822027757E+01  0.163843345578803E-16    0.419226002937062E+00 -0.287955403286337E-17
  0.00000000  0.00000000  0.02500000    0.1633D+00  0.238688182598855E+01  0.163962620745015E-16    0.418956644234299E+00 -0.287794848572960E-17
  0.00000000  0.00000000  0.02500000    0.1683D+00  0.238851555613949E+01  0.164089645178425E-16    0.418670080431162E+00 -0.287623937672023E-17
  0.00000000  0.00000000  0.02500000    0.1734D+00  0.239025629416758E+01  0.164224944587208E-16    0.418365178010442E+00 -0.287441971572799E-17
  0.00000000  0.00000000  0.02500000    0.1787D+00  0.239211144423412E+01  0.164369082819742E-16    0.418040723984818E+00 -0.287248198859252E-17
  0.00000000  0.00000000  0.02500000    0.1842D+00  0.239408897710108E+01  0.164522675248814E-16    0.417695419662667E+00 -0.287041829018775E-17
  0.00000000  0.00000000  0.02500000    0.1898D+00  0.239619748093292E+01  0.164686376370873E-16    0.417327873832280E+00 -0.286821999634358E-17
  0.00000000  0.00000000  0.02500000    0.1956D+00  0.239844621767324E+01  0.164860893213941E-16    0.416936595297147E+00 -0.286587787575863E-17
  0.00000000  0.00000000  0.02500000    0.2016D+00  0.240084518574901E+01  0.165046992942833E-16    0.416519984685318E+00 -0.286338208648216E-17
  0.00000000  0.00000000  0.02500000    0.2078D+00  0.240340518997745E+01  0.165245495288887E-16    0.416076325444475E+00 -0.286072189420118E-17
  0.00000000  0.00000000  0.02500000    0.2141D+00  0.240613791969630E+01  0.165457290666296E-16    0.415603773920915E+00 -0.285788582029088E-17
  0.00000000  0.00000000  0.02500000    0.2207D+00  0.240905603631258E+01  0.165683348591301E-16    0.415100348404784E+00 -0.285486160091117E-17
  0.00000000  0.00000000  0.02500000    0.2274D+00  0.241217327167403E+01  0.165924707705973E-16    0.414563917005019E+00 -0.285163580752073E-17
  0.00000000  0.00000000  0.02500000    0.2343D+00  0.241550453892025E+01  0.166182506553754E-16    0.413992184194781E+00 -0.284819414555543E-17
  0.00000000  0.00000000  0.02500000    0.2415D+00  0.241906605777648E+01  0.166457973463899E-16    0.413382675841090E+00 -0.284452101935737E-17
  0.00000000  0.00000000  0.02500000    0.2489D+00  0.242287549662648E+01  0.166752450125283E-16    0.412732722499511E+00 -0.284059964366722E-17
  0.00000000  0.00000000  0.02500000    0.2565D+00  0.242695213415746E+01  0.167067401680166E-16    0.412039440714871E+00 -0.283641188390722E-17
  0.00000000  0.00000000  0.02500000    0.2643D+00  0.243131704393441E+01  0.167404424519177E-16    0.411299712020190E+00 -0.283193801349014E-17
  0.00000000  0.00000000  0.02500000    0.2724D+00  0.243599330595828E+01  0.167765270174142E-16    0.410510159266064E+00 -0.282715669251024E-17
  0.00000000  0.00000000  0.02500000    0.2807D+00  0.244100625013502E+01  0.168151859484830E-16    0.409667119838258E+00 -0.282204471892635E-17
  0.00000000  0.00000000  0.02500000    0.2893D+00  0.244638373767691E+01  0.168566300222623E-16    0.408766615228402E+00 -0.281657676685702E-17
  0.00000000  0.00000000  0.02500000    0.2981D+00  0.245215648784401E+01  0.169010928049346E-16    0.407804316305777E+00 -0.281072542894550E-17
  0.00000000  0.00000000  0.02500000    0.3072D+00  0.245835845920246E+01  0.169488320128767E-16    0.406775503489600E+00 -0.280446069603504E-17
  0.00000000  0.00000000  0.02500000    0.3166D+00  0.246502729685313E+01  0.170001335841300E-16    0.405675020831050E+00 -0.279774976718380E-17
  0.00000000  0.00000000  0.02500000    0.3262D+00  0.247220486004162E+01  0.170553160473375E-16    0.404497222767844E+00 -0.279055675606905E-17
  0.00000000  0.00000000  0.02500000    0.3362D+00  0.247993784844200E+01  0.171147357531566E-16    0.403235911992004E+00 -0.278284235399767E-17
  0.00000000  0.00000000  0.02500000    0.3464D+00  0.248827855055523E+01  0.171787916026981E-16    0.401884266444713E+00 -0.277456318550686E-17
  0.00000000  0.00000000  0.02500000    0.3570D+00  0.249728574457484E+01  0.172479344329143E-16    0.400434752880171E+00 -0.276567164063689E-17
  0.00000000  0.00000000  0.02500000    0.3679D+00  0.250702579147324E+01  0.173226740593310E-16    0.398879023662679E+00 -0.275611497078071E-17
  0.00000000  0.00000000  0.02500000    0.3791D+00  0.251757397302913E+01  0.174035917076625E-16    0.397207792387846E+00 -0.274583480599879E-17
  0.00000000  0.00000000  0.02500000    0.3907D+00  0.252901614568932E+01  0.174913536022532E-16    0.395410682412798E+00 -0.273476627501140E-17
  0.00000000  0.00000000  0.02500000    0.4026D+00  0.254145080706979E+01  0.175867276777964E-16    0.393476040227970E+00 -0.272283687253637E-17
  0.00000000  0.00000000  0.02500000    0.4149D+00  0.255499170956922E+01  0.176906064432590E-16    0.391390702464785E+00 -0.270996530318393E-17
  0.00000000  0.00000000  0.02500000    0.4276D+00  0.256977121152098E+01  0.178040347606652E-16    0.389139700653789E+00 -0.269605976054742E-17
  0.00000000  0.00000000  0.02500000    0.4406D+00  0.258594464146641E+01  0.179282503480130E-16    0.386705880692377E+00 -0.268101634077144E-17
  0.00000000  0.00000000  0.02500000    0.4540D+00  0.260369608434682E+01  0.180647279762041E-16    0.384069402727879E+00 -0.266471548886738E-17
  0.00000000  0.00000000  0.02500000    0.4679D+00  0.262324621344782E+01  0.182152530137100E-16    0.381207068888004E+00 -0.264701924463405E-17
  0.00000000  0.00000000  0.02500000    0.4822D+00  0.264486315181368E+01  0.183820077623478E-16    0.378091395509163E+00 -0.262776505557969E-17
  0.00000000  0.00000000  0.02500000    0.4969D+00  0.266887797502999E+01  0.185677052300845E-16    0.374689292412765E+00 -0.260675849532273E-17
  0.00000000  0.00000000  0.02500000    0.5120D+00  0.269570761956891E+01  0.187757719225807E-16    0.370960111823966E+00 -0.258376034604808E-17
  0.00000000  0.00000000  0.02500000    0.5276D+00  0.272589020428037E+01  0.190106211419030E-16    0.366852633473548E+00 -0.255846564139812E-17
  0.00000000  0.00000000  0.02500000    0.5437D+00  0.276014247096213E+01  0.192780693576342E-16    0.362300138677776E+00 -0.253046618976738E-17
  0.00000000  0.00000000  0.02500000    0.5603D+00  0.279945983916603E+01  0.195859854134070E-16    0.357211768502421E+00 -0.249917658739122E-17
  0.00000000  0.00000000  0.02500000    0.5774D+00  0.284530753975882E+01  0.199453560490995E-16    0.351455857065196E+00 -0.246367470185699E-17
  0.00000000  0.00000000  0.02500000    0.5950D+00  0.290003728823809E+01  0.203721100228673E-16    0.344823152466274E+00 -0.242230512999464E-17
  0.00000000  0.00000000  0.02500000    0.6131D+00  0.296801184824764E+01  0.208904300043098E-16    0.336925878712517E+00 -0.237146172109793E-17
  0.00000000  0.00000000  0.02500000    0.6318D+00  0.306121116029440E+01  0.215415837079730E-16    0.326668089078778E+00 -0.229874635140731E-17
  0.00000000  0.00000000  0.02500000    0.6511D+00  0.321835948452759E+01  0.139379376465920E-01    0.310711481949160E+00 -0.134561638695351E-02
  0.00000000  0.00000000  0.02500000    0.6709D+00  0.333368398430527E+01  0.210153151893406E+00    0.298781102040031E+00 -0.188349557473075E-01
  0.00000000  0.00000000  0.02500000    0.6914D+00  0.334389791968912E+01  0.343479315951724E+00    0.295929824586981E+00 -0.303973913558641E-01
  0.00000000  0.00000000  0.02500000    0.7125D+00  0.334821984996461E+01  0.426574352024723E+00    0.293895769403036E+00 -0.374432991302028E-01
  0.00000000  0.00000000  0.02500000    0.7342D+00  0.335993959965813E+01  0.509275298522866E+00    0.290940249300541E+00 -0.440986148471021E-01
  0.00000000  0.00000000  0.02500000    0.7565D+00  0.337869022865621E+01  0.569267896834474E+00    0.287802507296845E+00 -0.484911953877835E-01
  0.00000000  0.00000000  0.02500000    0.7796D+00  0.341371762458133E+01  0.636742685902704E+00    0.283086765858584E+00 -0.528026765712386E-01
  0.00000000  0.00000000  0.02500000    0.8034D+00  0.345682957664205E+01  0.705505378473741E+00    0.277714799807584E+00 -0.566788962550864E-01
  0.00000000  0.00000000  0.02500000    0.8279D+00  0.352279608429837E+01  0.768045682641755E+00    0.270984597206190E+00 -0.590804988328131E-01
  0.00000000  0.00000000  0.02500000    0.8531D+00  0.361849202269768E+01  0.857341794843098E+00    0.261668794707360E+00 -0.619980900058990E-01
  0.00000000  0.00000000  0.02500000    0.8791D+00  0.375574134800466E+01  0.958926208647188E+00    0.249963941171285E+00 -0.638214808198213E-01
  0.00000000  0.00000000  0.02500000    0.9059D+00  0.397826505693062E+01  0.113053898691012E+01    0.232582999823910E+00 -0.660951809973949E-01
  0.00000000  0.00000000  0.02500000    0.9335D+00  0.426110850070098E+01  0.153894117333892E+01    0.207601873400622E+00 -0.749774549476867E-01
  0.00000000  0.00000000  0.02500000    0.9619D+00  0.408853205901397E+01  0.258803415817056E+01    0.174619005917535E+00 -0.110533547360604E+00
  0.00000000  0.00000000  0.02500000    0.9913D+00  0.338014915951173E+01  0.264953975004472E+01    0.183250917490962E+00 -0.143641764671298E+00
  0.00000000  0.00000000  0.02500000    0.1021D+01  0.306832206587366E+01  0.256347962301173E+01    0.191937737816671E+00 -0.160357507855000E+00
  0.00000000  0.00000000  0.02500000    0.1053D+01  0.296129777726802E+01  0.250295113721609E+01    0.196972737872541E+00 -0.166485499041396E+00
  0.00000000  0.00000000  0.02500000    0.1085D+01  0.317080905718826E+01  0.242652199974868E+01    0.198896078400510E+00 -0.152209010759717E+00
  0.00000000  0.00000000  0.02500000    0.1118D+01  0.338017533565291E+01  0.320698081987720E+01    0.155694466663454E+00 -0.147716943285210E+00
  0.00000000  0.00000000  0.02500000    0.1152D+01  0.252951711922489E+01  0.467468254919798E+01    0.895368988928420E-01 -0.165468964642520E+00
  0.00000000  0.00000000  0.02500000    0.1187D+01  0.928486753580356E+00  0.396637611204296E+01    0.559523952043839E-01 -0.239021443111033E+00
  0.00000000  0.00000000  0.02500000    0.1223D+01  0.411818747565685E+00  0.313708713679840E+01    0.411369927149249E-01 -0.313366818425323E+00
  0.00000000  0.00000000  0.02500000    0.1260D+01  0.352135914332070E+00  0.247615342077761E+01    0.562936898077379E-01 -0.395846623171117E+00
  0.00000000  0.00000000  0.02500000    0.1299D+01  0.375855403394745E+00  0.218766461471077E+01    0.762826137029031E-01 -0.444002595700945E+00
  0.00000000  0.00000000  0.02500000    0.1338D+01  0.389443628085382E+00  0.162836951409927E+01    0.138925577819194E+00 -0.580885548857415E+00
  0.00000000  0.00000000  0.02500000    0.1379D+01  0.970182058831765E+00  0.106562296685364E+01    0.467151133118272E+00 -0.513106763736655E+00
  0.00000000  0.00000000  0.02500000    0.1421D+01  0.141644914346052E+01  0.179274130798039E+01    0.271337437714061E+00 -0.343420612901880E+00
  0.00000000  0.00000000  0.02500000    0.1464D+01  0.125781444461840E+01  0.180924606767199E+01    0.259051097109219E+00 -0.372620286542474E+00
  0.00000000  0.00000000  0.02500000    0.1509D+01  0.135351614318822E+01  0.209100323256518E+01    0.218157735923159E+00 -0.337024817413640E+00
  0.00000000  0.00000000  0.02500000    0.1555D+01  0.108673543737372E+01  0.266510518792966E+01    0.131188357647828E+00 -0.321725749008553E+00
  0.00000000  0.00000000  0.02500000    0.1602D+01  0.243642640267098E+00  0.240354147273374E+01    0.417455542626489E-01 -0.411821062448415E+00
  0.00000000  0.00000000  0.02500000    0.1651D+01  0.139466416288682E+00  0.186647015242129E+01    0.398115838742769E-01 -0.532795887349296E+00
  0.00000000  0.00000000  0.02500000    0.1701D+01  0.266064090643209E+00  0.230325309448902E+01    0.494932525363929E-01 -0.428451230623380E+00
  0.00000000  0.00000000  0.02500000    0.1753D+01 -0.697333457462620E+00  0.172634059067383E+01   -0.201162056921091E+00 -0.498003100883675E+00
  0.00000000  0.00000000  0.02500000    0.1807D+01 -0.575281869795821E+00  0.982765730767464E+00   -0.443624119067421E+00 -0.757852114679198E+00
  0.00000000  0.00000000  0.02500000    0.1862D+01 -0.207081688302754E+00  0.665066144197246E+00   -0.426800247528439E+00 -0.137071702134850E+01
  0.00000000  0.00000000  0.02500000    0.1919D+01  0.731442765323017E-01  0.687533296074448E+00    0.153004816246906E+00 -0.143819736303010E+01
  0.00000000  0.00000000  0.02500000    0.1977D+01  0.121384905667460E+00  0.767315779639023E+00    0.201132289367149E+00 -0.127142644777544E+01
  0.00000000  0.00000000  0.02500000    0.2037D+01  0.327574307412288E-02  0.533283190811998E+00    0.115180154168178E-01 -0.187510554836388E+01
  0.00000000  0.00000000  0.02500000    0.2099D+01  0.145903111657978E+00  0.428485572372017E+00    0.712112929270337E+00 -0.209132014132222E+01
  0.00000000  0.00000000  0.02500000    0.2163D+01  0.243031706616397E+00  0.332106163090056E+00    0.143500983148955E+01 -0.196096063253481E+01
  0.00000000  0.00000000  0.02500000    0.2229D+01  0.344063654412267E+00  0.287829921251086E+00    0.170983814525944E+01 -0.143038235044853E+01
  0.00000000  0.00000000  0.02500000    0.2297D+01  0.422526220455293E+00  0.254148061228961E+00    0.173793533712807E+01 -0.104536209846682E+01
  0.00000000  0.00000000  0.02500000    0.2367D+01  0.492898342830821E+00  0.222223545322649E+00    0.168609049698994E+01 -0.760175020723365E+00
  0.00000000  0.00000000  0.02500000    0.2439D+01  0.575816905256092E+00  0.188967885948660E+00    0.156781300016423E+01 -0.514514779784208E+00
  0.00000000  0.00000000  0.02500000    0.2513D+01  0.668908326447870E+00  0.198375988291464E+00    0.137411702690164E+01 -0.407517461603889E+00
  0.00000000  0.00000000  0.02500000    0.2590D+01  0.737088209720347E+00  0.265771610688860E+00    0.120059927683593E+01 -0.432899616882527E+00
  0.00000000  0.00000000  0.02500000    0.2669D+01  0.686141844271425E+00  0.270127898067138E+00    0.126184752090671E+01 -0.496778066152922E+00
  0.00000000  0.00000000  0.02500000    0.2750D+01  0.729826111415888E+00  0.361065093506556E+00    0.110077003076576E+01 -0.544581274732127E+00
  0.00000000  0.00000000  0.02500000    0.2834D+01  0.616554398641313E+00  0.254381092980197E+00    0.138598559477468E+01 -0.571836858565179E+00
  0.00000000  0.00000000  0.02500000    0.2920D+01  0.675066504046850E+00  0.240621339119223E+00    0.131434749561964E+01 -0.468487256541538E+00
  0.00000000  0.00000000  0.02500000    0.3009D+01  0.682600970274426E+00  0.212943698194504E+00    0.133505870939764E+01 -0.416483936100504E+00
  0.00000000  0.00000000  0.02500000    0.3101D+01  0.713707794177933E+00  0.174598415487050E+00    0.132201546702528E+01 -0.323412197085297E+00
  0.00000000  0.00000000  0.02500000    0.3195D+01  0.756129259551834E+00  0.179174445096097E+00    0.125221183937590E+01 -0.296727521952956E+00
  0.00000000  0.00000000  0.02500000    0.3293D+01  0.756827056204807E+00  0.183915343317094E+00    0.124762945371377E+01 -0.303184455987777E+00
  0.00000000  0.00000000  0.02500000    0.3393D+01  0.763044293980591E+00  0.169240168317777E+00    0.124909271294294E+01 -0.277043760959371E+00
  0.00000000  0.00000000  0.02500000    0.3496D+01  0.773900833287172E+00  0.152979353422521E+00    0.124356342191074E+01 -0.245818999077380E+00
  0.00000000  0.00000000  0.02500000    0.3603D+01  0.791877256135921E+00  0.109256441061302E+00    0.123923181281345E+01 -0.170978591023838E+00
  0.00000000  0.00000000  0.02500000    0.3713D+01  0.864047462263950E+00  0.938103397511646E-01    0.114386043580608E+01 -0.124189863169928E+00
  0.00000000  0.00000000  0.02500000    0.3826D+01  0.900891856393238E+00  0.209685321648122E+00    0.105296769373613E+01 -0.245081435667642E+00
  0.00000000  0.00000000  0.02500000    0.3942D+01  0.815984910119214E+00  0.227880425196459E+00    0.113684787458665E+01 -0.317487950857631E+00
  0.00000000  0.00000000  0.02500000    0.4062D+01  0.790092774894810E+00  0.135727980921331E+00    0.122939362420137E+01 -0.211194330175498E+00
  0.00000000  0.00000000  0.02500000    0.4186D+01  0.813465251689747E+00  0.137829600684199E+00    0.119500236193777E+01 -0.202475395255575E+00
  0.00000000  0.00000000  0.02500000    0.4313D+01  0.816129267867943E+00  0.114222035203351E+00    0.120175652723638E+01 -0.168192811805963E+00
  0.00000000  0.00000000  0.02500000    0.4445D+01  0.832769820857340E+00  0.106036882531739E+00    0.118165382869429E+01 -0.150460409453168E+00
  0.00000000  0.00000000  0.02500000    0.4580D+01  0.843946084098869E+00  0.810899595517730E-01    0.117407057358696E+01 -0.112809736447500E+00
  0.00000000  0.00000000  0.02500000    0.4720D+01  0.870273219742730E+00  0.862328068307777E-01    0.113789232453593E+01 -0.112750394692070E+00
  0.00000000  0.00000000  0.02500000    0.4863D+01  0.882727004276670E+00  0.822375455457803E-01    0.112310524448923E+01 -0.104631917058062E+00
  0.00000000  0.00000000  0.02500000    0.5012D+01  0.894286524825745E+00  0.966677067426282E-01    0.110529504918802E+01 -0.119476627135588E+00
  0.00000000  0.00000000  0.02500000    0.5164D+01  0.893708889272978E+00  0.962238326448286E-01    0.110611012281353E+01 -0.119092644844277E+00
  0.00000000  0.00000000  0.02500000    0.5322D+01  0.901363983835861E+00  0.955932063024427E-01    0.109709027247301E+01 -0.116350751338666E+00
  0.00000000  0.00000000  0.02500000    0.5484D+01  0.903878457638199E+00  0.104425218374879E+00    0.109177132905548E+01 -0.126132510946162E+00
  0.00000000  0.00000000  0.02500000    0.5651D+01  0.905026855194107E+00  0.117570243599009E+00    0.108660199146041E+01 -0.141158309389359E+00
  0.00000000  0.00000000  0.02500000    0.5823D+01  0.857476663388717E+00  0.124995185565101E+00    0.114194706976532E+01 -0.166462706199775E+00
  0.00000000  0.00000000  0.02500000    0.6000D+01  0.844012256407973E+00  0.809003962981595E-01    0.117403035372809E+01 -0.112533343161264E+00
  0.00000000  0.00000000  0.02500000    0.6183D+01  0.858185593661113E+00  0.601670153988768E-01    0.115954951851056E+01 -0.812955079312772E-01
  0.00000000  0.00000000  0.02500000    0.6371D+01  0.870918101055874E+00  0.327776677365641E-01    0.114658950317474E+01 -0.431527714485781E-01
  0.00000000  0.00000000  0.02500000    0.6565D+01  0.892566218028543E+00  0.316748669472363E-01    0.111895589061624E+01 -0.397088509952572E-01
  0.00000000  0.00000000  0.02500000    0.6765D+01  0.907239411166754E+00  0.247203079501601E-01    0.110142713611552E+01 -0.300115026467186E-01
  0.00000000  0.00000000  0.02500000    0.6971D+01  0.919049649541781E+00  0.347556223681274E-01    0.108652663516763E+01 -0.410890852780654E-01
  0.00000000  0.00000000  0.02500000    0.7184D+01  0.920438761734874E+00  0.365169749375061E-01    0.108473103582549E+01 -0.430350151426848E-01
  0.00000000  0.00000000  0.02500000    0.7402D+01  0.923920473204555E+00  0.299900806770172E-01    0.108120505268665E+01 -0.350954737976593E-01
  0.00000000  0.00000000  0.02500000    0.7628D+01  0.935520708567886E+00  0.280828141494684E-01    0.106796108209532E+01 -0.320584593293069E-01
  0.00000000  0.00000000  0.02500000    0.7860D+01  0.937883456606517E+00  0.471252625074227E-01    0.106354542329820E+01 -0.534393233065878E-01
  0.00000000  0.00000000  0.02500000    0.8100D+01  0.928463359743149E+00  0.385248794541018E-01    0.107519727755458E+01 -0.446133334961411E-01
  0.00000000  0.00000000  0.02500000    0.8346D+01  0.927468023340345E+00  0.393015968798407E-01    0.107627167741499E+01 -0.456071740852154E-01
  0.00000000  0.00000000  0.02500000    0.8600D+01  0.926171654923733E+00  0.257541139946213E-01    0.107887923295419E+01 -0.300004633096010E-01
  0.00000000  0.00000000  0.02500000    0.8862D+01  0.930711604488449E+00  0.260046919992690E-01    0.107360854206208E+01 -0.299973260561781E-01
  0.00000000  0.00000000  0.02500000    0.9132D+01  0.936193005919438E+00  0.141858995335018E-01    0.106791061300563E+01 -0.161817836397742E-01
  0.00000000  0.00000000  0.02500000    0.9410D+01  0.941233763260978E+00  0.249561323777989E-01    0.106168895125883E+01 -0.281499145545584E-01
  0.00000000  0.00000000  0.02500000    0.9697D+01  0.937492422099397E+00  0.159056390000136E-01    0.106636833424113E+01 -0.180921673238730E-01
  0.00000000  0.00000000  0.02500000    0.9992D+01  0.940006669481296E+00  0.148320196104035E-01    0.106355745037664E+01 -0.167814819542521E-01
  0.00000000  0.00000000  0.02500000    0.1030D+02  0.941884719068167E+00  0.699685364605434E-02    0.106164246982176E+01 -0.788648210911350E-02
  0.00000000  0.00000000  0.02500000    0.1061D+02  0.947379556519374E+00  0.380674786269240E-02    0.105552610625336E+01 -0.424130088236060E-02
  0.00000000  0.00000000  0.02500000    0.1093D+02  0.952313439016101E+00  0.134484497452849E-02    0.105007234463065E+01 -0.148289886261282E-02
  0.00000000  0.00000000  0.02500000    0.1127D+02  0.957136438474076E+00  0.177693340333396E-03    0.104478308978390E+01 -0.193965029106533E-03
  0.00000000  0.00000000  0.02500000    0.1161D+02  0.961215121122934E+00  0.347717038521206E-05    0.104034984262281E+01 -0.376343815607268E-05
  0.00000000  0.00000000  0.02500000    0.1196D+02  0.964477981016711E+00  0.533226394035078E-05    0.103683030577357E+01 -0.573227482695999E-05
  0.00000000  0.00000000  0.02500000    0.1233D+02  0.967242870203844E+00 -0.183956949532495E-18    0.103386649910301E+01  0.196627892804988E-18
  0.00000000  0.00000000  0.02500000    0.1270D+02  0.969678612689325E+00 -0.177456493553665E-18    0.103126952261696E+01  0.188727967181639E-18
  0.00000000  0.00000000  0.02500000    0.1309D+02  0.971856838610993E+00 -0.170341881096099E-18    0.102895813485166E+01  0.180350291623479E-18
