 q(1:3)   w(Ry)   eps  epsi --- LFC included. 
  0.00000000  0.00000000  0.01000000    0.0000D+00  0.239945986869058E+01 -0.154535038185925E-16    0.416760460572201E+00  0.268410797485249E-17
  0.00000000  0.00000000  0.01000000    0.1015D-04  0.239945986878727E+01 -0.154535040526209E-16    0.416760460555407E+00  0.268410801528439E-17
  0.00000000  0.00000000  0.01000000    0.3076D-04  0.239945986957848E+01 -0.154535036537635E-16    0.416760460417983E+00  0.268410794423700E-17
  0.00000000  0.00000000  0.01000000    0.5200D-04  0.239945987122780E+01 -0.154535044297638E-16    0.416760460131513E+00  0.268410807532995E-17
  0.00000000  0.00000000  0.01000000    0.7389D-04  0.239945987381292E+01 -0.154535048317701E-16    0.416760459682505E+00  0.268410813937056E-17
  0.00000000  0.00000000  0.01000000    0.9644D-04  0.239945987741708E+01 -0.154535038375672E-16    0.416760459056502E+00  0.268410795862473E-17
  0.00000000  0.00000000  0.01000000    0.1197D-03  0.239945988212948E+01 -0.154535042888185E-16    0.416760458238009E+00  0.268410802645939E-17
  0.00000000  0.00000000  0.01000000    0.1436D-03  0.239945988804561E+01 -0.154535040320750E-16    0.416760457210441E+00  0.268410796862988E-17
  0.00000000  0.00000000  0.01000000    0.1683D-03  0.239945989526767E+01 -0.154535042639725E-16    0.416760455956045E+00  0.268410799275035E-17
  0.00000000  0.00000000  0.01000000    0.1937D-03  0.239945990390507E+01 -0.154535046615857E-16    0.416760454455821E+00  0.268410804248739E-17
  0.00000000  0.00000000  0.01000000    0.2199D-03  0.239945991407484E+01 -0.154535048528733E-16    0.416760452689442E+00  0.268410805295958E-17
  0.00000000  0.00000000  0.01000000    0.2469D-03  0.239945992590211E+01 -0.154535043688509E-16    0.416760450635172E+00  0.268410794242938E-17
  0.00000000  0.00000000  0.01000000    0.2748D-03  0.239945993952071E+01 -0.154535048487771E-16    0.416760448269767E+00  0.268410799531907E-17
  0.00000000  0.00000000  0.01000000    0.3034D-03  0.239945995507370E+01 -0.154535052593576E-16    0.416760445568380E+00  0.268410803183642E-17
  0.00000000  0.00000000  0.01000000    0.3330D-03  0.239945997271395E+01 -0.154535048586744E-16    0.416760442504458E+00  0.268410792277623E-17
  0.00000000  0.00000000  0.01000000    0.3634D-03  0.239945999260481E+01 -0.154535054049984E-16    0.416760439049629E+00  0.268410797316581E-17
  0.00000000  0.00000000  0.01000000    0.3948D-03  0.239946001492077E+01 -0.154535056309685E-16    0.416760435173586E+00  0.268410796248778E-17
  0.00000000  0.00000000  0.01000000    0.4271D-03  0.239946003984820E+01 -0.154535057327694E-16    0.416760430843959E+00  0.268410792440036E-17
  0.00000000  0.00000000  0.01000000    0.4604D-03  0.239946006758606E+01 -0.154535061137587E-16    0.416760426026191E+00  0.268410792851730E-17
  0.00000000  0.00000000  0.01000000    0.4948D-03  0.239946009834682E+01 -0.154535064583499E-16    0.416760420683379E+00  0.268410791954930E-17
  0.00000000  0.00000000  0.01000000    0.5301D-03  0.239946013235720E+01 -0.154535074137071E-16    0.416760414776140E+00  0.268410800939450E-17
  0.00000000  0.00000000  0.01000000    0.5666D-03  0.239946016985921E+01 -0.154535073622391E-16    0.416760408262445E+00  0.268410791655333E-17
  0.00000000  0.00000000  0.01000000    0.6041D-03  0.239946021111102E+01 -0.154535082340315E-16    0.416760401097449E+00  0.268410797568325E-17
  0.00000000  0.00000000  0.01000000    0.6428D-03  0.239946025638811E+01 -0.154535079720879E-16    0.416760393233307E+00  0.268410782888986E-17
  0.00000000  0.00000000  0.01000000    0.6827D-03  0.239946030598427E+01 -0.154535094846892E-16    0.416760384618989E+00  0.268410798065292E-17
  0.00000000  0.00000000  0.01000000    0.7238D-03  0.239946036021286E+01 -0.154535096393861E-16    0.416760375200068E+00  0.268410788619867E-17
  0.00000000  0.00000000  0.01000000    0.7662D-03  0.239946041940799E+01 -0.154535103884847E-16    0.416760364918511E+00  0.268410788387412E-17
  0.00000000  0.00000000  0.01000000    0.8098D-03  0.239946048392596E+01 -0.154535109432410E-16    0.416760353712438E+00  0.268410783588586E-17
  0.00000000  0.00000000  0.01000000    0.8548D-03  0.239946055414647E+01 -0.154535123262732E-16    0.416760341515894E+00  0.268410791900209E-17
  0.00000000  0.00000000  0.01000000    0.9011D-03  0.239946063047438E+01 -0.154535130442630E-16    0.416760328258563E+00  0.268410787294382E-17
  0.00000000  0.00000000  0.01000000    0.9488D-03  0.239946071334107E+01 -0.154535140872407E-16    0.416760313865516E+00  0.268410786870346E-17
  0.00000000  0.00000000  0.01000000    0.9980D-03  0.239946080320629E+01 -0.154535150351184E-16    0.416760298256902E+00  0.268410783228776E-17
  0.00000000  0.00000000  0.01000000    0.1049D-02  0.239946090055989E+01 -0.154535163000040E-16    0.416760281347640E+00  0.268410783417943E-17
  0.00000000  0.00000000  0.01000000    0.1101D-02  0.239946100592375E+01 -0.154535170741245E-16    0.416760263047083E+00  0.268410773290949E-17
  0.00000000  0.00000000  0.01000000    0.1155D-02  0.239946111985379E+01 -0.154535190741306E-16    0.416760243258676E+00  0.268410782539778E-17
  0.00000000  0.00000000  0.01000000    0.1210D-02  0.239946124294221E+01 -0.154535201914800E-16    0.416760221879560E+00  0.268410774408853E-17
  0.00000000  0.00000000  0.01000000    0.1267D-02  0.239946137581966E+01 -0.154535220434974E-16    0.416760198800198E+00  0.268410776848248E-17
  0.00000000  0.00000000  0.01000000    0.1326D-02  0.239946151915783E+01 -0.154535236278459E-16    0.416760173903928E+00  0.268410772298195E-17
  0.00000000  0.00000000  0.01000000    0.1387D-02  0.239946167367187E+01 -0.154535253155389E-16    0.416760147066534E+00  0.268410767042789E-17
  0.00000000  0.00000000  0.01000000    0.1450D-02  0.239946184012333E+01 -0.154535274987740E-16    0.416760118155744E+00  0.268410767723694E-17
  0.00000000  0.00000000  0.01000000    0.1514D-02  0.239946201932293E+01 -0.154535293839187E-16    0.416760087030748E+00  0.268410760375007E-17
  0.00000000  0.00000000  0.01000000    0.1580D-02  0.239946221213376E+01 -0.154535318099396E-16    0.416760053541636E+00  0.268410759375559E-17
  0.00000000  0.00000000  0.01000000    0.1649D-02  0.239946241947456E+01 -0.154535338641456E-16    0.416760017528835E+00  0.268410748667366E-17
  0.00000000  0.00000000  0.01000000    0.1719D-02  0.239946264232323E+01 -0.154535363089518E-16    0.416759978822497E+00  0.268410741273957E-17
  0.00000000  0.00000000  0.01000000    0.1792D-02  0.239946288172053E+01 -0.154535397673016E-16    0.416759937241851E+00  0.268410747782311E-17
  0.00000000  0.00000000  0.01000000    0.1867D-02  0.239946313877413E+01 -0.154535430252806E-16    0.416759892594514E+00  0.268410746860275E-17
  0.00000000  0.00000000  0.01000000    0.1944D-02  0.239946341466271E+01 -0.154535458580687E-16    0.416759844675760E+00  0.268410734339275E-17
  0.00000000  0.00000000  0.01000000    0.2024D-02  0.239946371064051E+01 -0.154535497000854E-16    0.416759793267747E+00  0.268410734852966E-17
  0.00000000  0.00000000  0.01000000    0.2106D-02  0.239946402804207E+01 -0.154535526295679E-16    0.416759738138681E+00  0.268410714723918E-17
  0.00000000  0.00000000  0.01000000    0.2190D-02  0.239946436828723E+01 -0.154535568780600E-16    0.416759679041957E+00  0.268410712393874E-17
  0.00000000  0.00000000  0.01000000    0.2277D-02  0.239946473288656E+01 -0.154535613079851E-16    0.416759615715210E+00  0.268410707766456E-17
  0.00000000  0.00000000  0.01000000    0.2367D-02  0.239946512344700E+01 -0.154535655313841E-16    0.416759547879333E+00  0.268410693743744E-17
  0.00000000  0.00000000  0.01000000    0.2459D-02  0.239946554167797E+01 -0.154535711551854E-16    0.416759475237428E+00  0.268410697853801E-17
  0.00000000  0.00000000  0.01000000    0.2554D-02  0.239946598939773E+01 -0.154535756817422E-16    0.416759397473686E+00  0.268410676308584E-17
  0.00000000  0.00000000  0.01000000    0.2652D-02  0.239946646854027E+01 -0.154535818193234E-16    0.416759314252203E+00  0.268410675714906E-17
  0.00000000  0.00000000  0.01000000    0.2753D-02  0.239946698116256E+01 -0.154535879885277E-16    0.416759225215716E+00  0.268410668180200E-17
  0.00000000  0.00000000  0.01000000    0.2858D-02  0.239946752945219E+01 -0.154535944321076E-16    0.416759129984269E+00  0.268410657431370E-17
  0.00000000  0.00000000  0.01000000    0.2965D-02  0.239946811573566E+01 -0.154536014326568E-16    0.416759028153790E+00  0.268410647856243E-17
  0.00000000  0.00000000  0.01000000    0.3075D-02  0.239946874248699E+01 -0.154536085434932E-16    0.416758919294580E+00  0.268410631142974E-17
  0.00000000  0.00000000  0.01000000    0.3189D-02  0.239946941233699E+01 -0.154536160881164E-16    0.416758802949706E+00  0.268410612321787E-17
  0.00000000  0.00000000  0.01000000    0.3307D-02  0.239947012808311E+01 -0.154536248317743E-16    0.416758678633304E+00  0.268410604058247E-17
  0.00000000  0.00000000  0.01000000    0.3428D-02  0.239947089269979E+01 -0.154536336555643E-16    0.416758545828760E+00  0.268410586252907E-17
  0.00000000  0.00000000  0.01000000    0.3553D-02  0.239947170934957E+01 -0.154536443102475E-16    0.416758403986798E+00  0.268410588606783E-17
  0.00000000  0.00000000  0.01000000    0.3681D-02  0.239947258139487E+01 -0.154536539608777E-16    0.416758252523426E+00  0.268410561128110E-17
  0.00000000  0.00000000  0.01000000    0.3813D-02  0.239947351241047E+01 -0.154536654476104E-16    0.416758090817771E+00  0.268410552347074E-17
  0.00000000  0.00000000  0.01000000    0.3950D-02  0.239947450619673E+01 -0.154536764619624E-16    0.416757918209785E+00  0.268410521317995E-17
  0.00000000  0.00000000  0.01000000    0.4090D-02  0.239947556679377E+01 -0.154536891815518E-16    0.416757733997775E+00  0.268410504959436E-17
  0.00000000  0.00000000  0.01000000    0.4235D-02  0.239947669849635E+01 -0.154537023196737E-16    0.416757537435833E+00  0.268410479962134E-17
  0.00000000  0.00000000  0.01000000    0.4385D-02  0.239947790586984E+01 -0.154537170142163E-16    0.416757327731045E+00  0.268410465068309E-17
  0.00000000  0.00000000  0.01000000    0.4538D-02  0.239947919376708E+01 -0.154537320992954E-16    0.416757104040582E+00  0.268410438942381E-17
  0.00000000  0.00000000  0.01000000    0.4697D-02  0.239948056734634E+01 -0.154537477357292E-16    0.416756865468568E+00  0.268410403223528E-17
  0.00000000  0.00000000  0.01000000    0.4860D-02  0.239948203209030E+01 -0.154537656287943E-16    0.416756611062786E+00  0.268410386303427E-17
  0.00000000  0.00000000  0.01000000    0.5029D-02  0.239948359382641E+01 -0.154537841609791E-16    0.416756339811150E+00  0.268410358784354E-17
  0.00000000  0.00000000  0.01000000    0.5202D-02  0.239948525874827E+01 -0.154538036635694E-16    0.416756050637988E+00  0.268410325034621E-17
  0.00000000  0.00000000  0.01000000    0.5381D-02  0.239948703343851E+01 -0.154538245505502E-16    0.416755742400066E+00  0.268410290771840E-17
  0.00000000  0.00000000  0.01000000    0.5565D-02  0.239948892489308E+01 -0.154538468172399E-16    0.416755413882378E+00  0.268410254349504E-17
  0.00000000  0.00000000  0.01000000    0.5755D-02  0.239949094054691E+01 -0.154538708915765E-16    0.416755063793686E+00  0.268410221536838E-17
  0.00000000  0.00000000  0.01000000    0.5950D-02  0.239949308830135E+01 -0.154538957482599E-16    0.416754690761756E+00  0.268410172758189E-17
  0.00000000  0.00000000  0.01000000    0.6152D-02  0.239949537655317E+01 -0.154539228176832E-16    0.416754293328325E+00  0.268410130978693E-17
  0.00000000  0.00000000  0.01000000    0.6360D-02  0.239949781422545E+01 -0.154539520798086E-16    0.416753869943739E+00  0.268410093853922E-17
  0.00000000  0.00000000  0.01000000    0.6574D-02  0.239950041080037E+01 -0.154539819958905E-16    0.416753418961260E+00  0.268410032536933E-17
  0.00000000  0.00000000  0.01000000    0.6794D-02  0.239950317635396E+01 -0.154540151729285E-16    0.416752938631028E+00  0.268409990052723E-17
  0.00000000  0.00000000  0.01000000    0.7021D-02  0.239950612159315E+01 -0.154540498447154E-16    0.416752427093643E+00  0.268409933329742E-17
  0.00000000  0.00000000  0.01000000    0.7255D-02  0.239950925789500E+01 -0.154540869460121E-16    0.416751882373342E+00  0.268409876057818E-17
  0.00000000  0.00000000  0.01000000    0.7497D-02  0.239951259734839E+01 -0.154541262623018E-16    0.416751302370766E+00  0.268409811806521E-17
  0.00000000  0.00000000  0.01000000    0.7745D-02  0.239951615279838E+01 -0.154541680390126E-16    0.416750684855266E+00  0.268409741964676E-17
  0.00000000  0.00000000  0.01000000    0.8001D-02  0.239951993789324E+01 -0.154542123870898E-16    0.416750027456739E+00  0.268409665405686E-17
  0.00000000  0.00000000  0.01000000    0.8265D-02  0.239952396713439E+01 -0.154542601085149E-16    0.416749327656952E+00  0.268409592813979E-17
  0.00000000  0.00000000  0.01000000    0.8537D-02  0.239952825592954E+01 -0.154543111575156E-16    0.416748582780332E+00  0.268409519947324E-17
  0.00000000  0.00000000  0.01000000    0.8818D-02  0.239953282064905E+01 -0.154543649438318E-16    0.416747789984180E+00  0.268409432891557E-17
  0.00000000  0.00000000  0.01000000    0.9107D-02  0.239953767868577E+01 -0.154544221882893E-16    0.416746946248288E+00  0.268409340274618E-17
  0.00000000  0.00000000  0.01000000    0.9404D-02  0.239954284851872E+01 -0.154544828286265E-16    0.416746048363887E+00  0.268409236880832E-17
  0.00000000  0.00000000  0.01000000    0.9711D-02  0.239954834978056E+01 -0.154545480619946E-16    0.416745092921945E+00  0.268409139109517E-17
  0.00000000  0.00000000  0.01000000    0.1003D-01  0.239955420332944E+01 -0.154546172599982E-16    0.416744076300704E+00  0.268409031380177E-17
  0.00000000  0.00000000  0.01000000    0.1035D-01  0.239956043132516E+01 -0.154546906873210E-16    0.416742994652462E+00  0.268408913331882E-17
  0.00000000  0.00000000  0.01000000    0.1069D-01  0.239956705731009E+01 -0.154547691595012E-16    0.416741843889538E+00  0.268408793861241E-17
  0.00000000  0.00000000  0.01000000    0.1103D-01  0.239957410629522E+01 -0.154548516074184E-16    0.416740619669352E+00  0.268408648804658E-17
  0.00000000  0.00000000  0.01000000    0.1139D-01  0.239958160485148E+01 -0.154549402464535E-16    0.416739317378579E+00  0.268408510692529E-17
  0.00000000  0.00000000  0.01000000    0.1176D-01  0.239958958120671E+01 -0.154550342931941E-16    0.416737932116340E+00  0.268408359603476E-17
  0.00000000  0.00000000  0.01000000    0.1214D-01  0.239959806534876E+01 -0.154551350149096E-16    0.416736458676324E+00  0.268408210836835E-17
  0.00000000  0.00000000  0.01000000    0.1253D-01  0.239960708913491E+01 -0.154552408507786E-16    0.416734891527810E+00  0.268408030158279E-17
  0.00000000  0.00000000  0.01000000    0.1293D-01  0.239961668640817E+01 -0.154553542647962E-16    0.416733224795513E+00  0.268407852787787E-17
  0.00000000  0.00000000  0.01000000    0.1334D-01  0.239962689312072E+01 -0.154554750157142E-16    0.416731452238184E+00  0.268407666491572E-17
  0.00000000  0.00000000  0.01000000    0.1377D-01  0.239963774746526E+01 -0.154556028909262E-16    0.416729567225846E+00  0.268407459032250E-17
  0.00000000  0.00000000  0.01000000    0.1421D-01  0.239964929001414E+01 -0.154557385117856E-16    0.416727562715678E+00  0.268407232123045E-17
  0.00000000  0.00000000  0.01000000    0.1466D-01  0.239966156386766E+01 -0.154558836091101E-16    0.416725431226331E+00  0.268407006178376E-17
  0.00000000  0.00000000  0.01000000    0.1513D-01  0.239967461481115E+01 -0.154560380735774E-16    0.416723164810700E+00  0.268406769055342E-17
  0.00000000  0.00000000  0.01000000    0.1561D-01  0.239968849148216E+01 -0.154562015595533E-16    0.416720755026980E+00  0.268406503869509E-17
  0.00000000  0.00000000  0.01000000    0.1610D-01  0.239970324554790E+01 -0.154563754201033E-16    0.416718192907923E+00  0.268406222557793E-17
  0.00000000  0.00000000  0.01000000    0.1662D-01  0.239971893189387E+01 -0.154565606047431E-16    0.416715468928186E+00  0.268405929328532E-17
  0.00000000  0.00000000  0.01000000    0.1714D-01  0.239973560882411E+01 -0.154567570414869E-16    0.416712572969656E+00  0.268405609886375E-17
  0.00000000  0.00000000  0.01000000    0.1768D-01  0.239975333827415E+01 -0.154569667480624E-16    0.416709494284600E+00  0.268405285411177E-17
  0.00000000  0.00000000  0.01000000    0.1824D-01  0.239977218603705E+01 -0.154571884284848E-16    0.416706221456540E+00  0.268404918677401E-17
  0.00000000  0.00000000  0.01000000    0.1882D-01  0.239979222200379E+01 -0.154574253745555E-16    0.416702742358677E+00  0.268404551207505E-17
  0.00000000  0.00000000  0.01000000    0.1941D-01  0.239981352041847E+01 -0.154576765894262E-16    0.416699044109737E+00  0.268404149079391E-17
  0.00000000  0.00000000  0.01000000    0.2002D-01  0.239983616014968E+01 -0.154579433821216E-16    0.416695113027061E+00  0.268403717376161E-17
  0.00000000  0.00000000  0.01000000    0.2065D-01  0.239986022497869E+01 -0.154582274520438E-16    0.416690934576776E+00  0.268403266858999E-17
  0.00000000  0.00000000  0.01000000    0.2130D-01  0.239988580390582E+01 -0.154585286520005E-16    0.416686493320847E+00  0.268402775057821E-17
  0.00000000  0.00000000  0.01000000    0.2197D-01  0.239991299147598E+01 -0.154588493758567E-16    0.416681772860851E+00  0.268402262381991E-17
  0.00000000  0.00000000  0.01000000    0.2266D-01  0.239994188812458E+01 -0.154591906126982E-16    0.416676755778218E+00  0.268401723530474E-17
  0.00000000  0.00000000  0.01000000    0.2337D-01  0.239997260054526E+01 -0.154595522968446E-16    0.416671423570755E+00  0.268401133489160E-17
  0.00000000  0.00000000  0.01000000    0.2410D-01  0.240000524208067E+01 -0.154599373770019E-16    0.416665756585204E+00  0.268400518090695E-17
  0.00000000  0.00000000  0.01000000    0.2486D-01  0.240003993313786E+01 -0.154603457525051E-16    0.416659733945585E+00  0.268399848644331E-17
  0.00000000  0.00000000  0.01000000    0.2564D-01  0.240007680162974E+01 -0.154607810629955E-16    0.416653333477064E+00  0.268399159713636E-17
  0.00000000  0.00000000  0.01000000    0.2644D-01  0.240011598344455E+01 -0.154612430696526E-16    0.416646531625043E+00  0.268398416743901E-17
  0.00000000  0.00000000  0.01000000    0.2726D-01  0.240015762294475E+01 -0.154617342100335E-16    0.416639303369211E+00  0.268397629745860E-17
  0.00000000  0.00000000  0.01000000    0.2811D-01  0.240020187349761E+01 -0.154622558920887E-16    0.416631622132178E+00  0.268396788839944E-17
  0.00000000  0.00000000  0.01000000    0.2899D-01  0.240024889803917E+01 -0.154628100080128E-16    0.416623459682423E+00  0.268395890410078E-17
  0.00000000  0.00000000  0.01000000    0.2989D-01  0.240029886967412E+01 -0.154633993497865E-16    0.416614786031110E+00  0.268394944180413E-17
  0.00000000  0.00000000  0.01000000    0.3082D-01  0.240035197231359E+01 -0.154640250224357E-16    0.416605569322463E+00  0.268393928173755E-17
  0.00000000  0.00000000  0.01000000    0.3178D-01  0.240040840135348E+01 -0.154646895309676E-16    0.416595775717227E+00  0.268392842140816E-17
  0.00000000  0.00000000  0.01000000    0.3277D-01  0.240046836439597E+01 -0.154653970702347E-16    0.416585369268814E+00  0.268391712423743E-17
  0.00000000  0.00000000  0.01000000    0.3379D-01  0.240053208201701E+01 -0.154661477639307E-16    0.416574311791645E+00  0.268390491803545E-17
  0.00000000  0.00000000  0.01000000    0.3484D-01  0.240059978858278E+01 -0.154669456725549E-16    0.416562562721195E+00  0.268389198294176E-17
  0.00000000  0.00000000  0.01000000    0.3592D-01  0.240067173311833E+01 -0.154677928942256E-16    0.416550078965214E+00  0.268387812570194E-17
  0.00000000  0.00000000  0.01000000    0.3703D-01  0.240074818023203E+01 -0.154686936547218E-16    0.416536814745540E+00  0.268386348733571E-17
  0.00000000  0.00000000  0.01000000    0.3818D-01  0.240082941109914E+01 -0.154696510672081E-16    0.416522721429917E+00  0.268384797865952E-17
  0.00000000  0.00000000  0.01000000    0.3936D-01  0.240091572450896E+01 -0.154706671111187E-16    0.416507747353157E+00  0.268383127434449E-17
  0.00000000  0.00000000  0.01000000    0.4058D-01  0.240100743797928E+01 -0.154717477149601E-16    0.416491837626964E+00  0.268381369219236E-17
  0.00000000  0.00000000  0.01000000    0.4184D-01  0.240110488894307E+01 -0.154728955067287E-16    0.416474933937677E+00  0.268379493276781E-17
  0.00000000  0.00000000  0.01000000    0.4313D-01  0.240120843601204E+01 -0.154741145778690E-16    0.416456974331147E+00  0.268377490304657E-17
  0.00000000  0.00000000  0.01000000    0.4447D-01  0.240131846032233E+01 -0.154754099283454E-16    0.416437892983912E+00  0.268375361706811E-17
  0.00000000  0.00000000  0.01000000    0.4584D-01  0.240143536696802E+01 -0.154767860092757E-16    0.416417619959753E+00  0.268373093994448E-17
  0.00000000  0.00000000  0.01000000    0.4726D-01  0.240155958652835E+01 -0.154782481258664E-16    0.416396080950704E+00  0.268370682774115E-17
  0.00000000  0.00000000  0.01000000    0.4872D-01  0.240169157669520E+01 -0.154798015307174E-16    0.416373197001435E+00  0.268368116657241E-17
  0.00000000  0.00000000  0.01000000    0.5022D-01  0.240183182400768E+01 -0.154814520858189E-16    0.416348884215967E+00  0.268365388348398E-17
  0.00000000  0.00000000  0.01000000    0.5177D-01  0.240198084570143E+01 -0.154832051415991E-16    0.416323053445490E+00  0.268362474796965E-17
  0.00000000  0.00000000  0.01000000    0.5337D-01  0.240213919168059E+01 -0.154850675130024E-16    0.416295609956049E+00  0.268359371008219E-17
  0.00000000  0.00000000  0.01000000    0.5501D-01  0.240230744662108E+01 -0.154870459628991E-16    0.416266453074743E+00  0.268356063277789E-17
  0.00000000  0.00000000  0.01000000    0.5671D-01  0.240248623221473E+01 -0.154891479866438E-16    0.416235475812967E+00  0.268352542283452E-17
  0.00000000  0.00000000  0.01000000    0.5846D-01  0.240267620956403E+01 -0.154913805812723E-16    0.416202564465168E+00  0.268348781220144E-17
  0.00000000  0.00000000  0.01000000    0.6026D-01  0.240287808173875E+01 -0.154937528851507E-16    0.416167598181422E+00  0.268344780953837E-17
  0.00000000  0.00000000  0.01000000    0.6211D-01  0.240309259650596E+01 -0.154962731268456E-16    0.416130448512045E+00  0.268340516545860E-17
  0.00000000  0.00000000  0.01000000    0.6403D-01  0.240332054924632E+01 -0.154989506778943E-16    0.416090978922307E+00  0.268335972155524E-17
  0.00000000  0.00000000  0.01000000    0.6600D-01  0.240356278607042E+01 -0.155017943670491E-16    0.416049044275186E+00  0.268331111146280E-17
  0.00000000  0.00000000  0.01000000    0.6803D-01  0.240382020715013E+01 -0.155048158278972E-16    0.416004490279894E+00  0.268325933286623E-17
  0.00000000  0.00000000  0.01000000    0.7012D-01  0.240409377028127E+01 -0.155080258935503E-16    0.415957152903816E+00  0.268320411523929E-17
  0.00000000  0.00000000  0.01000000    0.7227D-01  0.240438449469511E+01 -0.155114363414994E-16    0.415906857745231E+00  0.268314521331426E-17
  0.00000000  0.00000000  0.01000000    0.7450D-01  0.240469346513805E+01 -0.155150591297963E-16    0.415853419364031E+00  0.268308226570181E-17
  0.00000000  0.00000000  0.01000000    0.7678D-01  0.240502183624028E+01 -0.155189077995443E-16    0.415796640567421E+00  0.268301502759470E-17
  0.00000000  0.00000000  0.01000000    0.7914D-01  0.240537083719624E+01 -0.155229965289437E-16    0.415736311647324E+00  0.268294319647593E-17
  0.00000000  0.00000000  0.01000000    0.8157D-01  0.240574177678168E+01 -0.155273398005360E-16    0.415672209565968E+00  0.268286634328840E-17
  0.00000000  0.00000000  0.01000000    0.8408D-01  0.240613604873462E+01 -0.155319547849417E-16    0.415604097085823E+00  0.268278431212079E-17
  0.00000000  0.00000000  0.01000000    0.8666D-01  0.240655513752966E+01 -0.155368574893101E-16    0.415531721839751E+00  0.268269654155484E-17
  0.00000000  0.00000000  0.01000000    0.8932D-01  0.240700062457858E+01 -0.155420661268753E-16    0.415454815336860E+00  0.268260263282016E-17
  0.00000000  0.00000000  0.01000000    0.9206D-01  0.240747419489250E+01 -0.155475998823094E-16    0.415373091899186E+00  0.268250212128013E-17
  0.00000000  0.00000000  0.01000000    0.9488D-01  0.240797764424524E+01 -0.155534785508914E-16    0.415286247523881E+00  0.268239439796271E-17
  0.00000000  0.00000000  0.01000000    0.9779D-01  0.240851288688077E+01 -0.155597251001620E-16    0.415193958665126E+00  0.268227913384513E-17
  0.00000000  0.00000000  0.01000000    0.1008D+00  0.240908196381244E+01 -0.155663616197786E-16    0.415095880929461E+00  0.268215556236326E-17
  0.00000000  0.00000000  0.01000000    0.1039D+00  0.240968705176637E+01 -0.155734129512426E-16    0.414991647677640E+00  0.268202308505705E-17
  0.00000000  0.00000000  0.01000000    0.1071D+00  0.241033047282714E+01 -0.155809049659456E-16    0.414880868525498E+00  0.268188095265738E-17
  0.00000000  0.00000000  0.01000000    0.1103D+00  0.241101470484996E+01 -0.155888655059001E-16    0.414763127735561E+00  0.268172840342693E-17
  0.00000000  0.00000000  0.01000000    0.1137D+00  0.241174239271033E+01 -0.155973232830099E-16    0.414637982490409E+00  0.268156444812084E-17
  0.00000000  0.00000000  0.01000000    0.1172D+00  0.241251636047067E+01 -0.156063101023421E-16    0.414504961037820E+00  0.268138822472209E-17
  0.00000000  0.00000000  0.01000000    0.1208D+00  0.241333962455154E+01 -0.156158603165792E-16    0.414363560696860E+00  0.268119887408096E-17
  0.00000000  0.00000000  0.01000000    0.1245D+00  0.241421540800598E+01 -0.156260078422644E-16    0.414213245712796E+00  0.268099499506711E-17
  0.00000000  0.00000000  0.01000000    0.1283D+00  0.241514715600619E+01 -0.156367910619218E-16    0.414053444947698E+00  0.268077545130732E-17
  0.00000000  0.00000000  0.01000000    0.1322D+00  0.241613855266552E+01 -0.156482501860810E-16    0.413883549391977E+00  0.268053887954556E-17
  0.00000000  0.00000000  0.01000000    0.1363D+00  0.241719353933320E+01 -0.156604281411088E-16    0.413702909480661E+00  0.268028380031031E-17
  0.00000000  0.00000000  0.01000000    0.1405D+00  0.241831633451628E+01 -0.156733701816257E-16    0.413510832196411E+00  0.268000850617538E-17
  0.00000000  0.00000000  0.01000000    0.1448D+00  0.241951145560294E+01 -0.156871243860205E-16    0.413306577939224E+00  0.267971109732870E-17
  0.00000000  0.00000000  0.01000000    0.1492D+00  0.242078374258341E+01 -0.157017429001874E-16    0.413089357140519E+00  0.267938964002714E-17
  0.00000000  0.00000000  0.01000000    0.1537D+00  0.242213838399070E+01 -0.157172805808518E-16    0.412858326596685E+00  0.267904187562140E-17
  0.00000000  0.00000000  0.01000000    0.1585D+00  0.242358094531278E+01 -0.157337952857957E-16    0.412612585494207E+00  0.267866520615465E-17
  0.00000000  0.00000000  0.01000000    0.1633D+00  0.242511740016230E+01 -0.157513494144738E-16    0.412351171095089E+00  0.267825688643014E-17
  0.00000000  0.00000000  0.01000000    0.1683D+00  0.242675416452987E+01 -0.157700099433684E-16    0.412073054047370E+00  0.267781395194603E-17
  0.00000000  0.00000000  0.01000000    0.1734D+00  0.242849813449291E+01 -0.157898461281793E-16    0.411777133281105E+00  0.267733274374908E-17
  0.00000000  0.00000000  0.01000000    0.1787D+00  0.243035672780624E+01 -0.158109332600288E-16    0.411462230444932E+00  0.267680945358984E-17
  0.00000000  0.00000000  0.01000000    0.1842D+00  0.243233792986412E+01 -0.158333528580668E-16    0.411127083832411E+00  0.267624005196934E-17
  0.00000000  0.00000000  0.01000000    0.1898D+00  0.243445034459697E+01 -0.158571881945075E-16    0.410770341740345E+00  0.267561941781037E-17
  0.00000000  0.00000000  0.01000000    0.1956D+00  0.243670325095410E+01 -0.158825318044586E-16    0.410390555193147E+00  0.267494248327219E-17
  0.00000000  0.00000000  0.01000000    0.2016D+00  0.243910666572676E+01 -0.159094786441605E-16    0.409986169957860E+00  0.267420293954313E-17
  0.00000000  0.00000000  0.01000000    0.2078D+00  0.244167141358848E+01 -0.159381333978262E-16    0.409555517763269E+00  0.267339431489406E-17
  0.00000000  0.00000000  0.01000000    0.2141D+00  0.244440920537600E+01 -0.159686039524744E-16    0.409096806623332E+00  0.267250870632568E-17
  0.00000000  0.00000000  0.01000000    0.2207D+00  0.244733272580848E+01 -0.160010084229799E-16    0.408608110149652E+00  0.267153776977448E-17
  0.00000000  0.00000000  0.01000000    0.2274D+00  0.245045573205262E+01 -0.160354698724236E-16    0.408087355719074E+00  0.267047162385129E-17
  0.00000000  0.00000000  0.01000000    0.2343D+00  0.245379316479493E+01 -0.160721208719182E-16    0.407532311340338E+00  0.266929937740758E-17
  0.00000000  0.00000000  0.01000000    0.2415D+00  0.245736127378908E+01 -0.161111017092767E-16    0.406940571037025E+00  0.266800856656269E-17
  0.00000000  0.00000000  0.01000000    0.2489D+00  0.246117776022060E+01 -0.161525623995037E-16    0.406309538531816E+00  0.266658519377344E-17
  0.00000000  0.00000000  0.01000000    0.2565D+00  0.246526193868992E+01 -0.161966603545861E-16    0.405636408977869E+00  0.266501301162337E-17
  0.00000000  0.00000000  0.01000000    0.2643D+00  0.246963492218001E+01 -0.162435651521004E-16    0.404918148435184E+00  0.266327393830696E-17
  0.00000000  0.00000000  0.01000000    0.2724D+00  0.247431983407494E+01 -0.162934544914635E-16    0.404151470730890E+00  0.266134697112579E-17
  0.00000000  0.00000000  0.01000000    0.2807D+00  0.247934205217100E+01 -0.163465162715626E-16    0.403332811269168E+00  0.265920805743338E-17
  0.00000000  0.00000000  0.01000000    0.2893D+00  0.248472949072054E+01 -0.164029507208611E-16    0.402458297265194E+00  0.265682990518550E-17
  0.00000000  0.00000000  0.01000000    0.2981D+00  0.249051292793984E+01 -0.164629665823661E-16    0.401523713762532E+00  0.265418075431078E-17
  0.00000000  0.00000000  0.01000000    0.3072D+00  0.249672638818880E+01 -0.165267840426438E-16    0.400524464647257E+00  0.265122416390313E-17
  0.00000000  0.00000000  0.01000000    0.3166D+00  0.250340759031562E+01 -0.165946341530968E-16    0.399455527684935E+00  0.264791812887649E-17
  0.00000000  0.00000000  0.01000000    0.3262D+00  0.251059847663004E+01 -0.166667539114409E-16    0.398311402364226E+00  0.264421339577819E-17
  0.00000000  0.00000000  0.01000000    0.3362D+00  0.251834584086747E+01 -0.167433912860256E-16    0.397086049013641E+00  0.264005323850483E-17
  0.00000000  0.00000000  0.01000000    0.3464D+00  0.252670207867870E+01 -0.168247974265162E-16    0.395772817238087E+00  0.263537103687132E-17
  0.00000000  0.00000000  0.01000000    0.3570D+00  0.253572609112597E+01 -0.169112265361889E-16    0.394364361158565E+00  0.263008890143592E-17
  0.00000000  0.00000000  0.01000000    0.3679D+00  0.254548438111525E+01 -0.170029284709054E-16    0.392852538172664E+00  0.262411494477011E-17
  0.00000000  0.00000000  0.01000000    0.3791D+00  0.255605239573346E+01 -0.171001429959441E-16    0.391228286896306E+00  0.261734057609776E-17
  0.00000000  0.00000000  0.01000000    0.3907D+00  0.256751618573730E+01 -0.172030910627890E-16    0.389481478463528E+00  0.260963704084836E-17
  0.00000000  0.00000000  0.01000000    0.4026D+00  0.257997447951209E+01 -0.173119582418193E-16    0.387600733240243E+00  0.260085041989354E-17
  0.00000000  0.00000000  0.01000000    0.4149D+00  0.259354130673489E+01 -0.174268751221616E-16    0.385573191914548E+00  0.259079577737950E-17
  0.00000000  0.00000000  0.01000000    0.4276D+00  0.260834936332134E+01 -0.175478905762429E-16    0.383384225312000E+00  0.257924974661602E-17
  0.00000000  0.00000000  0.01000000    0.4406D+00  0.262455439503308E+01 -0.176749266893648E-16    0.381017060226483E+00  0.256593981044752E-17
  0.00000000  0.00000000  0.01000000    0.4540D+00  0.264234101141300E+01 -0.178077266151238E-16    0.378452287452953E+00  0.255053183624718E-17
  0.00000000  0.00000000  0.01000000    0.4679D+00  0.266193055862695E+01 -0.179457625190803E-16    0.375667200167614E+00  0.253261090473119E-17
  0.00000000  0.00000000  0.01000000    0.4822D+00  0.268359204307510E+01 -0.180881127528468E-16    0.372634880394901E+00  0.251165662441857E-17
  0.00000000  0.00000000  0.01000000    0.4969D+00  0.270765773228113E+01 -0.182332725172657E-16    0.369322897823400E+00  0.248700748347803E-17
  0.00000000  0.00000000  0.01000000    0.5120D+00  0.273454622485435E+01 -0.183788624035440E-16    0.365691386348118E+00  0.245780876211419E-17
  0.00000000  0.00000000  0.01000000    0.5276D+00  0.276479805261172E+01 -0.185211662072949E-16    0.361690069571399E+00  0.242293352591590E-17
  0.00000000  0.00000000  0.01000000    0.5437D+00  0.279913364134281E+01 -0.186543786311930E-16    0.357253396275955E+00  0.238085814231229E-17
  0.00000000  0.00000000  0.01000000    0.5603D+00  0.283855441416886E+01 -0.187693009172968E-16    0.352291995886506E+00  0.232945137445428E-17
  0.00000000  0.00000000  0.01000000    0.5774D+00  0.288453629048648E+01 -0.188509084647867E-16    0.346676172283951E+00  0.226558452816179E-17
  0.00000000  0.00000000  0.01000000    0.5950D+00  0.293945263968667E+01 -0.188732760261940E-16    0.340199391716205E+00  0.218431041790408E-17
  0.00000000  0.00000000  0.01000000    0.6131D+00  0.300772076928638E+01 -0.187863414323777E-16    0.332477672200024E+00  0.207666852999581E-17
  0.00000000  0.00000000  0.01000000    0.6318D+00  0.310159936472222E+01 -0.184508708387888E-16    0.322414303850478E+00  0.191798616693873E-17
  0.00000000  0.00000000  0.01000000    0.6511D+00  0.325997898545387E+01  0.148169235567534E-01    0.306744106932589E+00 -0.139418198834554E-02
  0.00000000  0.00000000  0.01000000    0.6709D+00  0.337353132050331E+01  0.215268144595371E+00    0.295223190236947E+00 -0.188384640206489E-01
  0.00000000  0.00000000  0.01000000    0.6914D+00  0.338062729802126E+01  0.346019053336835E+00    0.292736313854281E+00 -0.299625877885033E-01
  0.00000000  0.00000000  0.01000000    0.7125D+00  0.338606644685518E+01  0.426035441709652E+00    0.290725538706801E+00 -0.365791354786504E-01
  0.00000000  0.00000000  0.01000000    0.7342D+00  0.339856280289923E+01  0.511131321402577E+00    0.287733759901645E+00 -0.432740971522428E-01
  0.00000000  0.00000000  0.01000000    0.7565D+00  0.341677752524707E+01  0.569365060305423E+00    0.284765982880055E+00 -0.474528411104879E-01
  0.00000000  0.00000000  0.01000000    0.7796D+00  0.345295383808224E+01  0.636840200748753E+00    0.280079998365542E+00 -0.516561213236161E-01
  0.00000000  0.00000000  0.01000000    0.8034D+00  0.349621422503614E+01  0.706823913026843E+00    0.274792337661899E+00 -0.555543175773130E-01
  0.00000000  0.00000000  0.01000000    0.8279D+00  0.356210956902495E+01  0.768659396255726E+00    0.268242012325362E+00 -0.578833242630639E-01
  0.00000000  0.00000000  0.01000000    0.8531D+00  0.365874617746253E+01  0.858369775002094E+00    0.259058882573541E+00 -0.607771908630089E-01
  0.00000000  0.00000000  0.01000000    0.8791D+00  0.379578034096197E+01  0.961968407700986E+00    0.247550919555854E+00 -0.627370771011761E-01
  0.00000000  0.00000000  0.01000000    0.9059D+00  0.401865690058969E+01  0.113258598167415E+01    0.230528638508113E+00 -0.649703397944732E-01
  0.00000000  0.00000000  0.01000000    0.9335D+00  0.429814609103525E+01  0.154854476313024E+01    0.205928308249833E+00 -0.741922672162457E-01
  0.00000000  0.00000000  0.01000000    0.9619D+00  0.412182612983830E+01  0.258571496545586E+01    0.174097625078668E+00 -0.109215386684420E+00
  0.00000000  0.00000000  0.01000000    0.9913D+00  0.341706320109542E+01  0.265453450132961E+01    0.182507404537358E+00 -0.141780287217757E+00
  0.00000000  0.00000000  0.01000000    0.1021D+01  0.310322316261344E+01  0.255892375757630E+01    0.191816472846718E+00 -0.158172230529687E+00
  0.00000000  0.00000000  0.01000000    0.1053D+01  0.300022861396112E+01  0.250480546275972E+01    0.196408883892814E+00 -0.163976186021282E+00
  0.00000000  0.00000000  0.01000000    0.1085D+01  0.321105953515297E+01  0.242289241185934E+01    0.198442483403837E+00 -0.149733999624138E+00
  0.00000000  0.00000000  0.01000000    0.1118D+01  0.341877293191909E+01  0.321818010933292E+01    0.155083727078366E+00 -0.145984356289101E+00
  0.00000000  0.00000000  0.01000000    0.1152D+01  0.255595177757671E+01  0.467734537885852E+01    0.899652009078820E-01 -0.164634685370910E+00
  0.00000000  0.00000000  0.01000000    0.1187D+01  0.961741305719034E+00  0.394825876323537E+01    0.582390184158807E-01 -0.239089985482960E+00
  0.00000000  0.00000000  0.01000000    0.1223D+01  0.457382410599245E+00  0.313703388640988E+01    0.455098712788339E-01 -0.312137076239567E+00
  0.00000000  0.00000000  0.01000000    0.1260D+01  0.396331513231143E+00  0.247053905427069E+01    0.633052521420391E-01 -0.394614338088601E+00
  0.00000000  0.00000000  0.01000000    0.1299D+01  0.414991415103714E+00  0.220201113066510E+01    0.826499812190479E-01 -0.438554080806999E+00
  0.00000000  0.00000000  0.01000000    0.1338D+01  0.419631989247613E+00  0.161878455159182E+01    0.150053217135750E+00 -0.578849649311824E+00
  0.00000000  0.00000000  0.01000000    0.1379D+01  0.101123227444865E+01  0.105842916778738E+01    0.471907101315568E+00 -0.493932257839300E+00
  0.00000000  0.00000000  0.01000000    0.1421D+01  0.146359183602993E+01  0.177905258815230E+01    0.275778445948972E+00 -0.335219386952158E+00
  0.00000000  0.00000000  0.01000000    0.1464D+01  0.131499374808631E+01  0.182176954914669E+01    0.260495241979162E+00 -0.360885593734464E+00
  0.00000000  0.00000000  0.01000000    0.1509D+01  0.139220972261059E+01  0.210539715007531E+01    0.218524835332099E+00 -0.330468576721443E+00
  0.00000000  0.00000000  0.01000000    0.1555D+01  0.112015948868923E+01  0.266541882060275E+01    0.134002955971406E+00 -0.318859952059628E+00
  0.00000000  0.00000000  0.01000000    0.1602D+01  0.278236714722944E+00  0.240405163845272E+01    0.475059617252377E-01 -0.410466265156818E+00
  0.00000000  0.00000000  0.01000000    0.1651D+01  0.174877753202326E+00  0.185993996172340E+01    0.501088289934880E-01 -0.532940364188718E+00
  0.00000000  0.00000000  0.01000000    0.1701D+01  0.310176392657045E+00  0.229216399126134E+01    0.579744559400863E-01 -0.428423837096342E+00
  0.00000000  0.00000000  0.01000000    0.1753D+01 -0.647657570039351E+00  0.172792866447516E+01   -0.190196754651503E+00 -0.507438559287609E+00
  0.00000000  0.00000000  0.01000000    0.1807D+01 -0.531282426393104E+00  0.975487559496003E+00   -0.430593691391867E+00 -0.790612992795349E+00
  0.00000000  0.00000000  0.01000000    0.1862D+01 -0.151371178062498E+00  0.661089544729861E+00   -0.329101676084601E+00 -0.143729922695571E+01
  0.00000000  0.00000000  0.01000000    0.1919D+01  0.128595323648494E+00  0.699169913942032E+00    0.254455089271171E+00 -0.138346665975299E+01
  0.00000000  0.00000000  0.01000000    0.1977D+01  0.165237891121774E+00  0.778493940379037E+00    0.260892441313144E+00 -0.122915623816148E+01
  0.00000000  0.00000000  0.01000000    0.2037D+01  0.447811415422182E-01  0.538608752398217E+00    0.153305084082249E+00 -0.184388912899860E+01
  0.00000000  0.00000000  0.01000000    0.2099D+01  0.191165590130178E+00  0.434535098845925E+00    0.848248665318080E+00 -0.192813893640019E+01
  0.00000000  0.00000000  0.01000000    0.2163D+01  0.285084611203156E+00  0.339181773987335E+00    0.145216088591724E+01 -0.172772042419866E+01
  0.00000000  0.00000000  0.01000000    0.2229D+01  0.386441726755914E+00  0.293205970223724E+00    0.164228777835525E+01 -0.124605742108010E+01
  0.00000000  0.00000000  0.01000000    0.2297D+01  0.466366766443983E+00  0.258310525539416E+00    0.164085219702792E+01 -0.908832755341063E+00
  0.00000000  0.00000000  0.01000000    0.2367D+01  0.538592190426920E+00  0.228216561063950E+00    0.157407455276824E+01 -0.666979372660968E+00
  0.00000000  0.00000000  0.01000000    0.2439D+01  0.616599439237558E+00  0.199986509623089E+00    0.146743190772965E+01 -0.475943646168869E+00
  0.00000000  0.00000000  0.01000000    0.2513D+01  0.709471169948776E+00  0.202712898909627E+00    0.130311649707268E+01 -0.372331581504057E+00
  0.00000000  0.00000000  0.01000000    0.2590D+01  0.780436447594782E+00  0.269096043759243E+00    0.114518507480025E+01 -0.394862097933292E+00
  0.00000000  0.00000000  0.01000000    0.2669D+01  0.731475353266856E+00  0.273243375590133E+00    0.119969427115344E+01 -0.448147037165476E+00
  0.00000000  0.00000000  0.01000000    0.2750D+01  0.776797064443261E+00  0.366665380750103E+00    0.105277428300478E+01 -0.496932726694231E+00
  0.00000000  0.00000000  0.01000000    0.2834D+01  0.665086283995424E+00  0.260958314977748E+00    0.130296915883069E+01 -0.511242893348811E+00
  0.00000000  0.00000000  0.01000000    0.2920D+01  0.723090593373447E+00  0.248363411395267E+00    0.123701570884395E+01 -0.424883747919739E+00
  0.00000000  0.00000000  0.01000000    0.3009D+01  0.727603164077020E+00  0.222717093656323E+00    0.125663474500516E+01 -0.384652035632815E+00
  0.00000000  0.00000000  0.01000000    0.3101D+01  0.761060202095626E+00  0.186051872324213E+00    0.123985919244225E+01 -0.303101020835254E+00
  0.00000000  0.00000000  0.01000000    0.3195D+01  0.801892341020999E+00  0.189491246965573E+00    0.118109758888747E+01 -0.279099379626644E+00
  0.00000000  0.00000000  0.01000000    0.3293D+01  0.800636366747457E+00  0.196092076045392E+00    0.117832361831463E+01 -0.288595340113392E+00
  0.00000000  0.00000000  0.01000000    0.3393D+01  0.806554639105493E+00  0.178055536391914E+00    0.118222552682040E+01 -0.260988890408809E+00
  0.00000000  0.00000000  0.01000000    0.3496D+01  0.819157347452049E+00  0.162212423921398E+00    0.117470269781133E+01 -0.232618766823838E+00
  0.00000000  0.00000000  0.01000000    0.3603D+01  0.836746795197953E+00  0.115658253202852E+00    0.117269931280249E+01 -0.162094859316232E+00
  0.00000000  0.00000000  0.01000000    0.3713D+01  0.914332689534296E+00  0.100510380077991E+00    0.108063533080250E+01 -0.118791627017061E+00
  0.00000000  0.00000000  0.01000000    0.3826D+01  0.953455147795204E+00  0.221234621635115E+00    0.995233584023723E+00 -0.230928666030278E+00
  0.00000000  0.00000000  0.01000000    0.3942D+01  0.869397252179550E+00  0.241967555010815E+00    0.106753116468959E+01 -0.297111481742343E+00
  0.00000000  0.00000000  0.01000000    0.4062D+01  0.841927768820257E+00  0.159326088891269E+00    0.114668566165034E+01 -0.216998355945008E+00
  0.00000000  0.00000000  0.01000000    0.4186D+01  0.856507945835780E+00  0.156324780485532E+00    0.112989317072830E+01 -0.206221439911859E+00
  0.00000000  0.00000000  0.01000000    0.4313D+01  0.859702983339945E+00  0.129511856541326E+00    0.113738006214229E+01 -0.171343133961056E+00
  0.00000000  0.00000000  0.01000000    0.4445D+01  0.876573095213413E+00  0.119062544666747E+00    0.112014064256620E+01 -0.152145663626723E+00
  0.00000000  0.00000000  0.01000000    0.4580D+01  0.890702133186389E+00  0.890576415522213E-01    0.111159695266297E+01 -0.111144005692063E+00
  0.00000000  0.00000000  0.01000000    0.4720D+01  0.925549076496308E+00  0.928849952775327E-01    0.106966663659045E+01 -0.107348149343255E+00
  0.00000000  0.00000000  0.01000000    0.4863D+01  0.943987201239893E+00  0.987881049872928E-01    0.104786065818507E+01 -0.109658445132387E+00
  0.00000000  0.00000000  0.01000000    0.5012D+01  0.951070627936034E+00  0.125867907640587E+00    0.103334777246090E+01 -0.136756743573268E+00
  0.00000000  0.00000000  0.01000000    0.5164D+01  0.938316609845265E+00  0.112501264120043E+00    0.105063519068583E+01 -0.125967915137567E+00
  0.00000000  0.00000000  0.01000000    0.5322D+01  0.955766791750327E+00  0.108166070467065E+00    0.103304913670381E+01 -0.116912270525752E+00
  0.00000000  0.00000000  0.01000000    0.5484D+01  0.965036468344846E+00  0.122619380078279E+00    0.101976641657362E+01 -0.129573472015383E+00
  0.00000000  0.00000000  0.01000000    0.5651D+01  0.966208042720578E+00  0.135254458481165E+00    0.101508248774899E+01 -0.142096138847717E+00
  0.00000000  0.00000000  0.01000000    0.5823D+01  0.928169296919591E+00  0.144484889866098E+00    0.105189994625522E+01 -0.163745610191206E+00
  0.00000000  0.00000000  0.01000000    0.6000D+01  0.917168743362895E+00  0.116264858825764E+00    0.107306838834680E+01 -0.136027471045388E+00
  0.00000000  0.00000000  0.01000000    0.6183D+01  0.926347689130474E+00  0.892723108030112E-01    0.106957490706154E+01 -0.103075146244415E+00
  0.00000000  0.00000000  0.01000000    0.6371D+01  0.951453557046932E+00  0.647717100023598E-01    0.104617503380679E+01 -0.712200247711091E-01
  0.00000000  0.00000000  0.01000000    0.6565D+01  0.975706256512470E+00  0.852275073929824E-01    0.101713791813776E+01 -0.888465446020856E-01
  0.00000000  0.00000000  0.01000000    0.6765D+01  0.994437437657465E+00  0.730967236219466E-01    0.100018957952006E+01 -0.735195382787987E-01
  0.00000000  0.00000000  0.01000000    0.6971D+01  0.101060052682363E+01  0.116377190854055E+00    0.976560484417577E+00 -0.112457259677865E+00
  0.00000000  0.00000000  0.01000000    0.7184D+01  0.996394881297615E+00  0.137418386590389E+00    0.984884951952501E+00 -0.135830987909341E+00
  0.00000000  0.00000000  0.01000000    0.7402D+01  0.982438572736295E+00  0.126859630608155E+00    0.100118178189739E+01 -0.129279890415306E+00
  0.00000000  0.00000000  0.01000000    0.7628D+01  0.100951299816774E+01  0.111713185434004E+00    0.978593049941023E+00 -0.108291569351665E+00
  0.00000000  0.00000000  0.01000000    0.7860D+01  0.100338358741517E+01  0.220406940020913E+00    0.950752007342642E+00 -0.208845692998590E+00
  0.00000000  0.00000000  0.01000000    0.8100D+01  0.931527378929887E+00  0.185435052797555E+00    0.103258730054703E+01 -0.205552606317367E+00
  0.00000000  0.00000000  0.01000000    0.8346D+01  0.901390047949010E+00  0.197597214633126E+00    0.105853026547714E+01 -0.232044532263328E+00
  0.00000000  0.00000000  0.01000000    0.8600D+01  0.868852652984144E+00  0.129059848284001E+00    0.112609661245763E+01 -0.167271006721046E+00
  0.00000000  0.00000000  0.01000000    0.8862D+01  0.872388511879648E+00  0.126667378446592E+00    0.112261149665279E+01 -0.162998771027639E+00
  0.00000000  0.00000000  0.01000000    0.9132D+01  0.891152107091541E+00  0.578737901088999E-01    0.111743007253314E+01 -0.725688835435953E-01
  0.00000000  0.00000000  0.01000000    0.9410D+01  0.909424313089085E+00  0.128243040643814E+00    0.107815713524343E+01 -0.152037005526920E+00
  0.00000000  0.00000000  0.01000000    0.9697D+01  0.870192076079768E+00  0.865993258220107E-01    0.113790210188007E+01 -0.113241153973953E+00
  0.00000000  0.00000000  0.01000000    0.9992D+01  0.865796414574464E+00  0.821837110516009E-01    0.114469190447982E+01 -0.108657216797455E+00
  0.00000000  0.00000000  0.01000000    0.1030D+02  0.861301396000282E+00  0.390938839803739E-01    0.115864672923518E+01 -0.525901862197201E-01
  0.00000000  0.00000000  0.01000000    0.1061D+02  0.878085106863696E+00  0.225144203059162E-01    0.113809355828423E+01 -0.291811312119708E-01
  0.00000000  0.00000000  0.01000000    0.1093D+02  0.892902870535710E+00  0.785756051183865E-02    0.111985592015849E+01 -0.985475122496443E-02
  0.00000000  0.00000000  0.01000000    0.1127D+02  0.909328866029579E+00  0.698776730972675E-03    0.109971149804829E+01 -0.845076885081803E-03
  0.00000000  0.00000000  0.01000000    0.1161D+02  0.922500372486764E+00  0.678647884306229E-07    0.108401040240701E+01 -0.797464573565814E-07
  0.00000000  0.00000000  0.01000000    0.1196D+02  0.931599487779880E+00  0.431443952921406E-05    0.107342265973297E+01 -0.497125343611213E-05
  0.00000000  0.00000000  0.01000000    0.1233D+02  0.938640192105474E+00  0.458743559417145E-18    0.106537095727479E+01 -0.520680947982428E-18
  0.00000000  0.00000000  0.01000000    0.1270D+02  0.944449787706192E+00  0.420226093348166E-18    0.105881753907608E+01 -0.471113196070599E-18
  0.00000000  0.00000000  0.01000000    0.1309D+02  0.949386702570147E+00  0.387795228845638E-18    0.105331157187354E+01 -0.430245337284233E-18
