 q(1:3)   w(Ry)   eps  epsi --- LFC included. 
  0.00000000  0.00000000  0.00500000    0.0000D+00  0.253602161571893E+01  0.469706587874108E-16    0.394318405569471E+00 -0.730332705636223E-17
  0.00000000  0.00000000  0.00500000    0.1015D-04  0.253602161581604E+01  0.469706592669097E-16    0.394318405554371E+00 -0.730332713035875E-17
  0.00000000  0.00000000  0.00500000    0.3076D-04  0.253602161661067E+01  0.469706580042645E-16    0.394318405430816E+00 -0.730332692945699E-17
  0.00000000  0.00000000  0.00500000    0.5200D-04  0.253602161826714E+01  0.469706580573836E-16    0.394318405173257E+00 -0.730332692817562E-17
  0.00000000  0.00000000  0.00500000    0.7389D-04  0.253602162086345E+01  0.469706573566679E-16    0.394318404769564E+00 -0.730332680426952E-17
  0.00000000  0.00000000  0.00500000    0.9644D-04  0.253602162448322E+01  0.469706588968740E-16    0.394318404206737E+00 -0.730332702290287E-17
  0.00000000  0.00000000  0.00500000    0.1197D-03  0.253602162921603E+01  0.469706594984577E-16    0.394318403470847E+00 -0.730332708918191E-17
  0.00000000  0.00000000  0.00500000    0.1436D-03  0.253602163515778E+01  0.469706601858281E-16    0.394318402546982E+00 -0.730332716183652E-17
  0.00000000  0.00000000  0.00500000    0.1683D-03  0.253602164241112E+01  0.469706594929988E-16    0.394318401419181E+00 -0.730332701233368E-17
  0.00000000  0.00000000  0.00500000    0.1937D-03  0.253602165108593E+01  0.469706608375282E-16    0.394318400070361E+00 -0.730332717142647E-17
  0.00000000  0.00000000  0.00500000    0.2199D-03  0.253602166129974E+01  0.469706601888008E-16    0.394318398482246E+00 -0.730332701172958E-17
  0.00000000  0.00000000  0.00500000    0.2469D-03  0.253602167317824E+01  0.469706614427080E-16    0.394318396635295E+00 -0.730332713827961E-17
  0.00000000  0.00000000  0.00500000    0.2748D-03  0.253602168685582E+01  0.469706617732535E-16    0.394318394508609E+00 -0.730332711089675E-17
  0.00000000  0.00000000  0.00500000    0.3034D-03  0.253602170247616E+01  0.469706618783751E-16    0.394318392079849E+00 -0.730332703727374E-17
  0.00000000  0.00000000  0.00500000    0.3330D-03  0.253602172019281E+01  0.469706621993592E-16    0.394318389325140E+00 -0.730332698514049E-17
  0.00000000  0.00000000  0.00500000    0.3634D-03  0.253602174016981E+01  0.469706653256190E-16    0.394318386218976E+00 -0.730332735617222E-17
  0.00000000  0.00000000  0.00500000    0.3948D-03  0.253602176258242E+01  0.469706653034295E-16    0.394318382734107E+00 -0.730332722363276E-17
  0.00000000  0.00000000  0.00500000    0.4271D-03  0.253602178761781E+01  0.469706664318593E-16    0.394318378841429E+00 -0.730332725489326E-17
  0.00000000  0.00000000  0.00500000    0.4604D-03  0.253602181547580E+01  0.469706684825081E-16    0.394318374509875E+00 -0.730332741328958E-17
  0.00000000  0.00000000  0.00500000    0.4948D-03  0.253602184636978E+01  0.469706696051231E-16    0.394318369706264E+00 -0.730332740990242E-17
  0.00000000  0.00000000  0.00500000    0.5301D-03  0.253602188052746E+01  0.469706708955972E-16    0.394318364395190E+00 -0.730332741381727E-17
  0.00000000  0.00000000  0.00500000    0.5666D-03  0.253602191819188E+01  0.469706723438242E-16    0.394318358538863E+00 -0.730332742206298E-17
  0.00000000  0.00000000  0.00500000    0.6041D-03  0.253602195962235E+01  0.469706760327481E-16    0.394318352096965E+00 -0.730332775701664E-17
  0.00000000  0.00000000  0.00500000    0.6428D-03  0.253602200509553E+01  0.469706771317061E-16    0.394318345026478E+00 -0.730332766597965E-17
  0.00000000  0.00000000  0.00500000    0.6827D-03  0.253602205490648E+01  0.469706792642425E-16    0.394318337281525E+00 -0.730332771066649E-17
  0.00000000  0.00000000  0.00500000    0.7238D-03  0.253602210936993E+01  0.469706835702866E-16    0.394318328813169E+00 -0.730332806650854E-17
  0.00000000  0.00000000  0.00500000    0.7662D-03  0.253602216882143E+01  0.469706844605282E-16    0.394318319569237E+00 -0.730332786250833E-17
  0.00000000  0.00000000  0.00500000    0.8098D-03  0.253602223361881E+01  0.469706881193881E-16    0.394318309494091E+00 -0.730332805820158E-17
  0.00000000  0.00000000  0.00500000    0.8548D-03  0.253602230414345E+01  0.469706902035751E-16    0.394318298528432E+00 -0.730332797606664E-17
  0.00000000  0.00000000  0.00500000    0.9011D-03  0.253602238080192E+01  0.469706952398396E-16    0.394318286609043E+00 -0.730332831761226E-17
  0.00000000  0.00000000  0.00500000    0.9488D-03  0.253602246402750E+01  0.469706991950023E-16    0.394318273668555E+00 -0.730332845323623E-17
  0.00000000  0.00000000  0.00500000    0.9980D-03  0.253602255428192E+01  0.469707044728129E-16    0.394318259635176E+00 -0.730332875403079E-17
  0.00000000  0.00000000  0.00500000    0.1049D-02  0.253602265205714E+01  0.469707086531068E-16    0.394318244432411E+00 -0.730332884085848E-17
  0.00000000  0.00000000  0.00500000    0.1101D-02  0.253602275787732E+01  0.469707144542487E-16    0.394318227978763E+00 -0.730332913337042E-17
  0.00000000  0.00000000  0.00500000    0.1155D-02  0.253602287230078E+01  0.469707194477827E-16    0.394318210187419E+00 -0.730332925075780E-17
  0.00000000  0.00000000  0.00500000    0.1210D-02  0.253602299592228E+01  0.469707245468609E-16    0.394318190965902E+00 -0.730332933157817E-17
  0.00000000  0.00000000  0.00500000    0.1267D-02  0.253602312937521E+01  0.469707325503487E-16    0.394318170215729E+00 -0.730332980737008E-17
  0.00000000  0.00000000  0.00500000    0.1326D-02  0.253602327333416E+01  0.469707371354379E-16    0.394318147832012E+00 -0.730332969113478E-17
  0.00000000  0.00000000  0.00500000    0.1387D-02  0.253602342851738E+01  0.469707454948572E-16    0.394318123703070E+00 -0.730333009710979E-17
  0.00000000  0.00000000  0.00500000    0.1450D-02  0.253602359568972E+01  0.469707538085805E-16    0.394318097709983E+00 -0.730333042692616E-17
  0.00000000  0.00000000  0.00500000    0.1514D-02  0.253602377566541E+01  0.469707628902978E-16    0.394318069726147E+00 -0.730333080241218E-17
  0.00000000  0.00000000  0.00500000    0.1580D-02  0.253602396931128E+01  0.469707734627163E-16    0.394318039616785E+00 -0.730333133094652E-17
  0.00000000  0.00000000  0.00500000    0.1649D-02  0.253602417755004E+01  0.469707834442278E-16    0.394318007238426E+00 -0.730333168355216E-17
  0.00000000  0.00000000  0.00500000    0.1719D-02  0.253602440136383E+01  0.469707929502778E-16    0.394317972438363E+00 -0.730333187252267E-17
  0.00000000  0.00000000  0.00500000    0.1792D-02  0.253602464179794E+01  0.469708047586427E-16    0.394317935054070E+00 -0.730333232374466E-17
  0.00000000  0.00000000  0.00500000    0.1867D-02  0.253602489996480E+01  0.469708174494367E-16    0.394317894912578E+00 -0.730333281003746E-17
  0.00000000  0.00000000  0.00500000    0.1944D-02  0.253602517704822E+01  0.469708302139068E-16    0.394317851829823E+00 -0.730333319883242E-17
  0.00000000  0.00000000  0.00500000    0.2024D-02  0.253602547430786E+01  0.469708455698121E-16    0.394317805609947E+00 -0.730333387435194E-17
  0.00000000  0.00000000  0.00500000    0.2106D-02  0.253602579308404E+01  0.469708603171950E-16    0.394317756044551E+00 -0.730333433132579E-17
  0.00000000  0.00000000  0.00500000    0.2190D-02  0.253602613480275E+01  0.469708773592897E-16    0.394317702911914E+00 -0.730333501295440E-17
  0.00000000  0.00000000  0.00500000    0.2277D-02  0.253602650098110E+01  0.469708946281811E-16    0.394317645976150E+00 -0.730333558896679E-17
  0.00000000  0.00000000  0.00500000    0.2367D-02  0.253602689323300E+01  0.469709138778470E-16    0.394317584986322E+00 -0.730333632278696E-17
  0.00000000  0.00000000  0.00500000    0.2459D-02  0.253602731327526E+01  0.469709341377634E-16    0.394317519675491E+00 -0.730333705362321E-17
  0.00000000  0.00000000  0.00500000    0.2554D-02  0.253602776293403E+01  0.469709568390138E-16    0.394317449759723E+00 -0.730333799347124E-17
  0.00000000  0.00000000  0.00500000    0.2652D-02  0.253602824415166E+01  0.469709789131979E-16    0.394317374937011E+00 -0.730333865404943E-17
  0.00000000  0.00000000  0.00500000    0.2753D-02  0.253602875899402E+01  0.469710040787063E-16    0.394317294886149E+00 -0.730333960161742E-17
  0.00000000  0.00000000  0.00500000    0.2858D-02  0.253602930965821E+01  0.469710317810533E-16    0.394317209265525E+00 -0.730334073730536E-17
  0.00000000  0.00000000  0.00500000    0.2965D-02  0.253602989848077E+01  0.469710597208632E-16    0.394317117711845E+00 -0.730334169013434E-17
  0.00000000  0.00000000  0.00500000    0.3075D-02  0.253603052794644E+01  0.469710901494129E-16    0.394317019838777E+00 -0.730334279583492E-17
  0.00000000  0.00000000  0.00500000    0.3189D-02  0.253603120069744E+01  0.469711222088187E-16    0.394316915235502E+00 -0.730334390579954E-17
  0.00000000  0.00000000  0.00500000    0.3307D-02  0.253603191954332E+01  0.469711575358931E-16    0.394316803465186E+00 -0.730334525834690E-17
  0.00000000  0.00000000  0.00500000    0.3428D-02  0.253603268747140E+01  0.469711949485097E-16    0.394316684063354E+00 -0.730334665246645E-17
  0.00000000  0.00000000  0.00500000    0.3553D-02  0.253603350765793E+01  0.469712342615395E-16    0.394316556536163E+00 -0.730334804107879E-17
  0.00000000  0.00000000  0.00500000    0.3681D-02  0.253603438347987E+01  0.469712766575056E-16    0.394316420358556E+00 -0.730334958859835E-17
  0.00000000  0.00000000  0.00500000    0.3813D-02  0.253603531852750E+01  0.469713238278244E-16    0.394316274972318E+00 -0.730335153733599E-17
  0.00000000  0.00000000  0.00500000    0.3950D-02  0.253603631661762E+01  0.469713723645100E-16    0.394316119784013E+00 -0.730335333541530E-17
  0.00000000  0.00000000  0.00500000    0.4090D-02  0.253603738180786E+01  0.469714225026283E-16    0.394315954162762E+00 -0.730335499601455E-17
  0.00000000  0.00000000  0.00500000    0.4235D-02  0.253603851841156E+01  0.469714776990549E-16    0.394315777437933E+00 -0.730335703178211E-17
  0.00000000  0.00000000  0.00500000    0.4385D-02  0.253603973101389E+01  0.469715364874122E-16    0.394315588896632E+00 -0.730335918830765E-17
  0.00000000  0.00000000  0.00500000    0.4538D-02  0.253604102448868E+01  0.469715992807308E-16    0.394315387781088E+00 -0.730336150173817E-17
  0.00000000  0.00000000  0.00500000    0.4697D-02  0.253604240401653E+01  0.469716663249432E-16    0.394315173285834E+00 -0.730336398047217E-17
  0.00000000  0.00000000  0.00500000    0.4860D-02  0.253604387510388E+01  0.469717378901527E-16    0.394314944554750E+00 -0.730336663478943E-17
  0.00000000  0.00000000  0.00500000    0.5029D-02  0.253604544360341E+01  0.469718129697045E-16    0.394314700677887E+00 -0.730336927445971E-17
  0.00000000  0.00000000  0.00500000    0.5202D-02  0.253604711573553E+01  0.469718949194002E-16    0.394314440688129E+00 -0.730337238542708E-17
  0.00000000  0.00000000  0.00500000    0.5381D-02  0.253604889811138E+01  0.469719824840286E-16    0.394314163557615E+00 -0.730337573444500E-17
  0.00000000  0.00000000  0.00500000    0.5565D-02  0.253605079775720E+01  0.469720747734544E-16    0.394313868193952E+00 -0.730337914264033E-17
  0.00000000  0.00000000  0.00500000    0.5755D-02  0.253605282214012E+01  0.469721709542860E-16    0.394313553436211E+00 -0.730338243742399E-17
  0.00000000  0.00000000  0.00500000    0.5950D-02  0.253605497919568E+01  0.469722764479798E-16    0.394313218050640E+00 -0.730338641603167E-17
  0.00000000  0.00000000  0.00500000    0.6152D-02  0.253605727735703E+01  0.469723872964730E-16    0.394312860726141E+00 -0.730339041447485E-17
  0.00000000  0.00000000  0.00500000    0.6360D-02  0.253605972558588E+01  0.469725071182399E-16    0.394312480069443E+00 -0.730339494374242E-17
  0.00000000  0.00000000  0.00500000    0.6574D-02  0.253606233340545E+01  0.469726333492942E-16    0.394312074599992E+00 -0.730339955032319E-17
  0.00000000  0.00000000  0.00500000    0.6794D-02  0.253606511093542E+01  0.469727674441188E-16    0.394311642744517E+00 -0.730340440207188E-17
  0.00000000  0.00000000  0.00500000    0.7021D-02  0.253606806892905E+01  0.469729110718913E-16    0.394311182831259E+00 -0.730340969657277E-17
  0.00000000  0.00000000  0.00500000    0.7255D-02  0.253607121881266E+01  0.469730641101971E-16    0.394310693083841E+00 -0.730341534897239E-17
  0.00000000  0.00000000  0.00500000    0.7497D-02  0.253607457272747E+01  0.469732258108132E-16    0.394310171614760E+00 -0.730342117299838E-17
  0.00000000  0.00000000  0.00500000    0.7745D-02  0.253607814357417E+01  0.469733994169892E-16    0.394309616418472E+00 -0.730342759859955E-17
  0.00000000  0.00000000  0.00500000    0.8001D-02  0.253608194506007E+01  0.469735839164582E-16    0.394309025364050E+00 -0.730343438942638E-17
  0.00000000  0.00000000  0.00500000    0.8265D-02  0.253608599174940E+01  0.469737796575841E-16    0.394308396187385E+00 -0.730344151574489E-17
  0.00000000  0.00000000  0.00500000    0.8537D-02  0.253609029911656E+01  0.469739889126753E-16    0.394307726482905E+00 -0.730344924170972E-17
  0.00000000  0.00000000  0.00500000    0.8818D-02  0.253609488360276E+01  0.469742107212846E-16    0.394307013694774E+00 -0.730345732327892E-17
  0.00000000  0.00000000  0.00500000    0.9107D-02  0.253609976267614E+01  0.469744485296214E-16    0.394306255107559E+00 -0.730346619563289E-17
  0.00000000  0.00000000  0.00500000    0.9404D-02  0.253610495489571E+01  0.469746992088667E-16    0.394305447836296E+00 -0.730347526539539E-17
  0.00000000  0.00000000  0.00500000    0.9711D-02  0.253611047997910E+01  0.469749680223194E-16    0.394304588815958E+00 -0.730348523729772E-17
  0.00000000  0.00000000  0.00500000    0.1003D-01  0.253611635887474E+01  0.469752526606362E-16    0.394303674790259E+00 -0.730349563160740E-17
  0.00000000  0.00000000  0.00500000    0.1035D-01  0.253612261383832E+01  0.469755558105913E-16    0.394302702299768E+00 -0.730350673783732E-17
  0.00000000  0.00000000  0.00500000    0.1069D-01  0.253612926851411E+01  0.469758788251860E-16    0.394301667669287E+00 -0.730351863012622E-17
  0.00000000  0.00000000  0.00500000    0.1103D-01  0.253613634802131E+01  0.469762222265650E-16    0.394300566994436E+00 -0.730353124493587E-17
  0.00000000  0.00000000  0.00500000    0.1139D-01  0.253614387904585E+01  0.469765877792463E-16    0.394299396127407E+00 -0.730354470285480E-17
  0.00000000  0.00000000  0.00500000    0.1176D-01  0.253615188993771E+01  0.469769755811247E-16    0.394298150661852E+00 -0.730355885576688E-17
  0.00000000  0.00000000  0.00500000    0.1214D-01  0.253616041081447E+01  0.469773897702026E-16    0.394296825916803E+00 -0.730357417348805E-17
  0.00000000  0.00000000  0.00500000    0.1253D-01  0.253616947367125E+01  0.469778283072207E-16    0.394295416919613E+00 -0.730359015462805E-17
  0.00000000  0.00000000  0.00500000    0.1293D-01  0.253617911249747E+01  0.469782957729480E-16    0.394293918387831E+00 -0.730360731551706E-17
  0.00000000  0.00000000  0.00500000    0.1334D-01  0.253618936340084E+01  0.469787929913888E-16    0.394292324709963E+00 -0.730362557620869E-17
  0.00000000  0.00000000  0.00500000    0.1377D-01  0.253620026473924E+01  0.469793221173736E-16    0.394290629925005E+00 -0.730364505068508E-17
  0.00000000  0.00000000  0.00500000    0.1421D-01  0.253621185726053E+01  0.469798838364406E-16    0.394288827700751E+00 -0.730366561072534E-17
  0.00000000  0.00000000  0.00500000    0.1466D-01  0.253622418425140E+01  0.469804826994351E-16    0.394286911310707E+00 -0.730368771438630E-17
  0.00000000  0.00000000  0.00500000    0.1513D-01  0.253623729169517E+01  0.469811180785551E-16    0.394284873609606E+00 -0.730371099908402E-17
  0.00000000  0.00000000  0.00500000    0.1561D-01  0.253625122843970E+01  0.469817944052008E-16    0.394282707007380E+00 -0.730373587223168E-17
  0.00000000  0.00000000  0.00500000    0.1610D-01  0.253626604637560E+01  0.469825124952759E-16    0.394280403441520E+00 -0.730376216162552E-17
  0.00000000  0.00000000  0.00500000    0.1662D-01  0.253628180062562E+01  0.469832759746937E-16    0.394277954347712E+00 -0.730379011326221E-17
  0.00000000  0.00000000  0.00500000    0.1714D-01  0.253629854974584E+01  0.469840888997065E-16    0.394275350628658E+00 -0.730382002022441E-17
  0.00000000  0.00000000  0.00500000    0.1768D-01  0.253631635593949E+01  0.469849527287663E-16    0.394272582620943E+00 -0.730385175071417E-17
  0.00000000  0.00000000  0.00500000    0.1824D-01  0.253633528528394E+01  0.469858695476576E-16    0.394269640059851E+00 -0.730388524811308E-17
  0.00000000  0.00000000  0.00500000    0.1882D-01  0.253635540797217E+01  0.469868456806812E-16    0.394266512041980E+00 -0.730392109092789E-17
  0.00000000  0.00000000  0.00500000    0.1941D-01  0.253637679856904E+01  0.469878825147432E-16    0.394263186985535E+00 -0.730395906492135E-17
  0.00000000  0.00000000  0.00500000    0.2002D-01  0.253639953628382E+01  0.469889868795106E-16    0.394259652588149E+00 -0.730399977510165E-17
  0.00000000  0.00000000  0.00500000    0.2065D-01  0.253642370525961E+01  0.469901596428628E-16    0.394255895782069E+00 -0.730404287127695E-17
  0.00000000  0.00000000  0.00500000    0.2130D-01  0.253644939488107E+01  0.469914056729551E-16    0.394251902686546E+00 -0.730408859481568E-17
  0.00000000  0.00000000  0.00500000    0.2197D-01  0.253647670010127E+01  0.469927280567515E-16    0.394247658557272E+00 -0.730413687807707E-17
  0.00000000  0.00000000  0.00500000    0.2266D-01  0.253650572178915E+01  0.469941361923761E-16    0.394243147732637E+00 -0.730418860020953E-17
  0.00000000  0.00000000  0.00500000    0.2337D-01  0.253653656709882E+01  0.469956333413521E-16    0.394238353576647E+00 -0.730424365022157E-17
  0.00000000  0.00000000  0.00500000    0.2410D-01  0.253656934986194E+01  0.469972238170199E-16    0.394233258418275E+00 -0.730430204204948E-17
  0.00000000  0.00000000  0.00500000    0.2486D-01  0.253660419100495E+01  0.469989143022664E-16    0.394227843487013E+00 -0.730436411692316E-17
  0.00000000  0.00000000  0.00500000    0.2564D-01  0.253664121899237E+01  0.470007101491197E-16    0.394222088844408E+00 -0.730442996566802E-17
  0.00000000  0.00000000  0.00500000    0.2644D-01  0.253668057029832E+01  0.470026188584620E-16    0.394215973311293E+00 -0.730449996677716E-17
  0.00000000  0.00000000  0.00500000    0.2726D-01  0.253672238990747E+01  0.470046467820439E-16    0.394209474390486E+00 -0.730457427094963E-17
  0.00000000  0.00000000  0.00500000    0.2811D-01  0.253676683184792E+01  0.470068039685403E-16    0.394202568184615E+00 -0.730465355109162E-17
  0.00000000  0.00000000  0.00500000    0.2899D-01  0.253681405975754E+01  0.470090948796135E-16    0.394195229308834E+00 -0.730473755630362E-17
  0.00000000  0.00000000  0.00500000    0.2989D-01  0.253686424748642E+01  0.470115297385731E-16    0.394187430798011E+00 -0.730482687195174E-17
  0.00000000  0.00000000  0.00500000    0.3082D-01  0.253691757973728E+01  0.470141177640259E-16    0.394179144008122E+00 -0.730492186444620E-17
  0.00000000  0.00000000  0.00500000    0.3178D-01  0.253697425274677E+01  0.470168663146023E-16    0.394170338511439E+00 -0.730502254443796E-17
  0.00000000  0.00000000  0.00500000    0.3277D-01  0.253703447500996E+01  0.470197886084315E-16    0.394160981985108E+00 -0.730512976200639E-17
  0.00000000  0.00000000  0.00500000    0.3379D-01  0.253709846805108E+01  0.470228934982587E-16    0.394151040092728E+00 -0.730524361348324E-17
  0.00000000  0.00000000  0.00500000    0.3484D-01  0.253716646724339E+01  0.470261929616810E-16    0.394140476358452E+00 -0.730536460044715E-17
  0.00000000  0.00000000  0.00500000    0.3592D-01  0.253723872268152E+01  0.470296990447802E-16    0.394129252033146E+00 -0.730549314976297E-17
  0.00000000  0.00000000  0.00500000    0.3703D-01  0.253731550010970E+01  0.470334255627241E-16    0.394117325952081E+00 -0.730562987233777E-17
  0.00000000  0.00000000  0.00500000    0.3818D-01  0.253739708190956E+01  0.470373828883338E-16    0.394104654383631E+00 -0.730577474786346E-17
  0.00000000  0.00000000  0.00500000    0.3936D-01  0.253748376815155E+01  0.470415912678293E-16    0.394091190868368E+00 -0.730592918692304E-17
  0.00000000  0.00000000  0.00500000    0.4058D-01  0.253757587771408E+01  0.470460633208051E-16    0.394076886047967E+00 -0.730609330625397E-17
  0.00000000  0.00000000  0.00500000    0.4184D-01  0.253767374947510E+01  0.470508118953893E-16    0.394061687483209E+00 -0.730626714201825E-17
  0.00000000  0.00000000  0.00500000    0.4313D-01  0.253777774358092E+01  0.470558588791115E-16    0.394045539460424E+00 -0.730645201050163E-17
  0.00000000  0.00000000  0.00500000    0.4447D-01  0.253788824279745E+01  0.470612238597742E-16    0.394028382785574E+00 -0.730664873916462E-17
  0.00000000  0.00000000  0.00500000    0.4584D-01  0.253800565394961E+01  0.470669241199845E-16    0.394010154565186E+00 -0.730685765753269E-17
  0.00000000  0.00000000  0.00500000    0.4726D-01  0.253813040945479E+01  0.470729806226437E-16    0.393990787973266E+00 -0.730707951753732E-17
  0.00000000  0.00000000  0.00500000    0.4872D-01  0.253826296895703E+01  0.470794156708634E-16    0.393970212003251E+00 -0.730731512048988E-17
  0.00000000  0.00000000  0.00500000    0.5022D-01  0.253840382106865E+01  0.470862564363975E-16    0.393948351204028E+00 -0.730756585438784E-17
  0.00000000  0.00000000  0.00500000    0.5177D-01  0.253855348522707E+01  0.470935243021229E-16    0.393925125398943E+00 -0.730783202881090E-17
  0.00000000  0.00000000  0.00500000    0.5337D-01  0.253871251367476E+01  0.471012475524388E-16    0.393900449386650E+00 -0.730811483286934E-17
  0.00000000  0.00000000  0.00500000    0.5501D-01  0.253888149357098E+01  0.471094543107340E-16    0.393874232622604E+00 -0.730841522650659E-17
  0.00000000  0.00000000  0.00500000    0.5671D-01  0.253906104924490E+01  0.471181764969757E-16    0.393846378879859E+00 -0.730873454117018E-17
  0.00000000  0.00000000  0.00500000    0.5846D-01  0.253925184459995E+01  0.471274458448461E-16    0.393816785887792E+00 -0.730907384755381E-17
  0.00000000  0.00000000  0.00500000    0.6026D-01  0.253945458568053E+01  0.471372957145223E-16    0.393785344947217E+00 -0.730943422161961E-17
  0.00000000  0.00000000  0.00500000    0.6211D-01  0.253967002341286E+01  0.471477636704828E-16    0.393751940520280E+00 -0.730981712793411E-17
  0.00000000  0.00000000  0.00500000    0.6403D-01  0.253989895653273E+01  0.471588898466239E-16    0.393716449793389E+00 -0.731022414842707E-17
  0.00000000  0.00000000  0.00500000    0.6600D-01  0.254014223471395E+01  0.471707148302132E-16    0.393678742211305E+00 -0.731065663559493E-17
  0.00000000  0.00000000  0.00500000    0.6803D-01  0.254040076191272E+01  0.471832815142525E-16    0.393638678980350E+00 -0.731111597968668E-17
  0.00000000  0.00000000  0.00500000    0.7012D-01  0.254067549994396E+01  0.471966394425208E-16    0.393596112538598E+00 -0.731160426031258E-17
  0.00000000  0.00000000  0.00500000    0.7227D-01  0.254096747230740E+01  0.472108368525224E-16    0.393550885990650E+00 -0.731212299022398E-17
  0.00000000  0.00000000  0.00500000    0.7450D-01  0.254127776828281E+01  0.472259273119573E-16    0.393502832504500E+00 -0.731267411884063E-17
  0.00000000  0.00000000  0.00500000    0.7678D-01  0.254160754731512E+01  0.472419708226834E-16    0.393451774667719E+00 -0.731326017607267E-17
  0.00000000  0.00000000  0.00500000    0.7914D-01  0.254195804371231E+01  0.472590240255845E-16    0.393397523800034E+00 -0.731388272708069E-17
  0.00000000  0.00000000  0.00500000    0.8157D-01  0.254233057168117E+01  0.472771530597536E-16    0.393339879219062E+00 -0.731454433246563E-17
  0.00000000  0.00000000  0.00500000    0.8408D-01  0.254272653072790E+01  0.472964271032659E-16    0.393278627455754E+00 -0.731524751480403E-17
  0.00000000  0.00000000  0.00500000    0.8666D-01  0.254314741145352E+01  0.473169181197693E-16    0.393213541415775E+00 -0.731599468397341E-17
  0.00000000  0.00000000  0.00500000    0.8932D-01  0.254359480177668E+01  0.473387061883164E-16    0.393144379482733E+00 -0.731678892287461E-17
  0.00000000  0.00000000  0.00500000    0.9206D-01  0.254407039361961E+01  0.473618731736247E-16    0.393070884558834E+00 -0.731763296700017E-17
  0.00000000  0.00000000  0.00500000    0.9488D-01  0.254457599009660E+01  0.473865110145834E-16    0.392992783038103E+00 -0.731853044065696E-17
  0.00000000  0.00000000  0.00500000    0.9779D-01  0.254511351324828E+01  0.474127114682413E-16    0.392909783706942E+00 -0.731948422377852E-17
  0.00000000  0.00000000  0.00500000    0.1008D+00  0.254568501236928E+01  0.474405757590404E-16    0.392821576566261E+00 -0.732049789048059E-17
  0.00000000  0.00000000  0.00500000    0.1039D+00  0.254629267298188E+01  0.474702150794933E-16    0.392727831568920E+00 -0.732157572854640E-17
  0.00000000  0.00000000  0.00500000    0.1071D+00  0.254693882651387E+01  0.475017434423020E-16    0.392628197265638E+00 -0.732272157484594E-17
  0.00000000  0.00000000  0.00500000    0.1103D+00  0.254762596074487E+01  0.475352846732666E-16    0.392522299351833E+00 -0.732393982782275E-17
  0.00000000  0.00000000  0.00500000    0.1137D+00  0.254835673109240E+01  0.475709710170463E-16    0.392409739107182E+00 -0.732523515962867E-17
  0.00000000  0.00000000  0.00500000    0.1172D+00  0.254913397281712E+01  0.476089439116814E-16    0.392290091718825E+00 -0.732661255662054E-17
  0.00000000  0.00000000  0.00500000    0.1208D+00  0.254996071423511E+01  0.476493551798925E-16    0.392162904478300E+00 -0.732807741685933E-17
  0.00000000  0.00000000  0.00500000    0.1245D+00  0.255084019103599E+01  0.476923662141054E-16    0.392027694841151E+00 -0.732963533118956E-17
  0.00000000  0.00000000  0.00500000    0.1283D+00  0.255177586181606E+01  0.477381482068975E-16    0.391883948337185E+00 -0.733129201728190E-17
  0.00000000  0.00000000  0.00500000    0.1322D+00  0.255277142494972E+01  0.477868904939807E-16    0.391731116317904E+00 -0.733305448956801E-17
  0.00000000  0.00000000  0.00500000    0.1363D+00  0.255383083693683E+01  0.478387911248939E-16    0.391568613526274E+00 -0.733492948813158E-17
  0.00000000  0.00000000  0.00500000    0.1405D+00  0.255495833238062E+01  0.478940643363990E-16    0.391395815472354E+00 -0.733692449291877E-17
  0.00000000  0.00000000  0.00500000    0.1448D+00  0.255615844577057E+01  0.479529388282408E-16    0.391212055596398E+00 -0.733904731215875E-17
  0.00000000  0.00000000  0.00500000    0.1492D+00  0.255743603526674E+01  0.480156625185225E-16    0.391016622198998E+00 -0.734130664921264E-17
  0.00000000  0.00000000  0.00500000    0.1537D+00  0.255879630870796E+01  0.480824990403353E-16    0.390808755115385E+00 -0.734371138837484E-17
  0.00000000  0.00000000  0.00500000    0.1585D+00  0.256024485209591E+01  0.481537355356139E-16    0.390587642108278E+00 -0.734627159045507E-17
  0.00000000  0.00000000  0.00500000    0.1633D+00  0.256178766084139E+01  0.482296757059354E-16    0.390352414950566E+00 -0.734899721466811E-17
  0.00000000  0.00000000  0.00500000    0.1683D+00  0.256343117409912E+01  0.483106551005452E-16    0.390102145165429E+00 -0.735190021073729E-17
  0.00000000  0.00000000  0.00500000    0.1734D+00  0.256518231256341E+01  0.483970265666889E-16    0.389835839387452E+00 -0.735499203431983E-17
  0.00000000  0.00000000  0.00500000    0.1787D+00  0.256704852015146E+01  0.484891797954818E-16    0.389552434303423E+00 -0.735828632705075E-17
  0.00000000  0.00000000  0.00500000    0.1842D+00  0.256903781006407E+01  0.485875299556631E-16    0.389250791125982E+00 -0.736179685639874E-17
  0.00000000  0.00000000  0.00500000    0.1898D+00  0.257115881578769E+01  0.486925293894458E-16    0.388929689546868E+00 -0.736553892447407E-17
  0.00000000  0.00000000  0.00500000    0.1956D+00  0.257342084768956E+01  0.488046658390362E-16    0.388587821108938E+00 -0.736952868605528E-17
  0.00000000  0.00000000  0.00500000    0.2016D+00  0.257583395596074E+01  0.489244713409645E-16    0.388223781927364E+00 -0.737378403170475E-17
  0.00000000  0.00000000  0.00500000    0.2078D+00  0.257840900078468E+01  0.490525218204787E-16    0.387836064680069E+00 -0.737832400511247E-17
  0.00000000  0.00000000  0.00500000    0.2141D+00  0.258115773075519E+01  0.491894476684081E-16    0.387423049775196E+00 -0.738316980995824E-17
  0.00000000  0.00000000  0.00500000    0.2207D+00  0.258409287074223E+01  0.493359274046332E-16    0.386982995588998E+00 -0.738834319515864E-17
  0.00000000  0.00000000  0.00500000    0.2274D+00  0.258722822061405E+01  0.494927149702007E-16    0.386514027650278E+00 -0.739386979859831E-17
  0.00000000  0.00000000  0.00500000    0.2343D+00  0.259057876647785E+01  0.496606219206202E-16    0.386014126626846E+00 -0.739977562021684E-17
  0.00000000  0.00000000  0.00500000    0.2415D+00  0.259416080640761E+01  0.498405479156118E-16    0.385481114944759E+00 -0.740609060645445E-17
  0.00000000  0.00000000  0.00500000    0.2489D+00  0.259799209300309E+01  0.500334735239561E-16    0.384912641841059E+00 -0.741284645417423E-17
  0.00000000  0.00000000  0.00500000    0.2565D+00  0.260209199558191E+01  0.502404824639866E-16    0.384306166614362E+00 -0.742007863571822E-17
  0.00000000  0.00000000  0.00500000    0.2643D+00  0.260648168537284E+01  0.504627673673453E-16    0.383658939792994E+00 -0.742782576828534E-17
  0.00000000  0.00000000  0.00500000    0.2724D+00  0.261118434777848E+01  0.507016515604459E-16    0.382967981885604E+00 -0.743613111532724E-17
  0.00000000  0.00000000  0.00500000    0.2807D+00  0.261622542665137E+01  0.509585987232556E-16    0.382230059311038E+00 -0.744504201127961E-17
  0.00000000  0.00000000  0.00500000    0.2893D+00  0.262163290662649E+01  0.512352367769537E-16    0.381441657019326E+00 -0.745461104206498E-17
  0.00000000  0.00000000  0.00500000    0.2981D+00  0.262743764094514E+01  0.515333858958776E-16    0.380598947208612E+00 -0.746489740133691E-17
  0.00000000  0.00000000  0.00500000    0.3072D+00  0.263367373398248E+01  0.518550824774270E-16    0.379697753406934E+00 -0.747596715012887E-17
  0.00000000  0.00000000  0.00500000    0.3166D+00  0.264037898997776E+01  0.522026123691381E-16    0.378733509013576E+00 -0.748789421415812E-17
  0.00000000  0.00000000  0.00500000    0.3262D+00  0.264759544243872E+01  0.525785560996757E-16    0.377701209169213E+00 -0.750076235096045E-17
  0.00000000  0.00000000  0.00500000    0.3362D+00  0.265536998259255E+01  0.529858375707986E-16    0.376595354528960E+00 -0.751466666257433E-17
  0.00000000  0.00000000  0.00500000    0.3464D+00  0.266375511043244E+01  0.534277836829903E-16    0.375409885121781E+00 -0.752971549681480E-17
  0.00000000  0.00000000  0.00500000    0.3570D+00  0.267280983885996E+01  0.539081936691651E-16    0.374138101955855E+00 -0.754603225639607E-17
  0.00000000  0.00000000  0.00500000    0.3679D+00  0.268260079088071E+01  0.544314443156477E-16    0.372772573317439E+00 -0.756376037608914E-17
  0.00000000  0.00000000  0.00500000    0.3791D+00  0.269320354286185E+01  0.550025914685828E-16    0.371305021727909E+00 -0.758306533290531E-17
  0.00000000  0.00000000  0.00500000    0.3907D+00  0.270470428515646E+01  0.556275151354975E-16    0.369726186144653E+00 -0.760413962022533E-17
  0.00000000  0.00000000  0.00500000    0.4026D+00  0.271720189750063E+01  0.563131100619782E-16    0.368025652020865E+00 -0.762720983926350E-17
  0.00000000  0.00000000  0.00500000    0.4149D+00  0.273081057455109E+01  0.570675040620929E-16    0.366191638965799E+00 -0.765254208363409E-17
  0.00000000  0.00000000  0.00500000    0.4276D+00  0.274566319335215E+01  0.579003729364160E-16    0.364210731462336E+00 -0.768045302503693E-17
  0.00000000  0.00000000  0.00500000    0.4406D+00  0.276191570044413E+01  0.588233347499962E-16    0.362067531546743E+00 -0.771132138712780E-17
  0.00000000  0.00000000  0.00500000    0.4540D+00  0.277975293083374E+01  0.598504767160106E-16    0.359744202050383E+00 -0.774560276552291E-17
  0.00000000  0.00000000  0.00500000    0.4679D+00  0.279939648834643E+01  0.609990642215755E-16    0.357219852265617E+00 -0.778384798304981E-17
  0.00000000  0.00000000  0.00500000    0.4822D+00  0.282111568088291E+01  0.622905354277029E-16    0.354469689696325E+00 -0.782672859312365E-17
  0.00000000  0.00000000  0.00500000    0.4969D+00  0.284524314013784E+01  0.637518869688466E-16    0.351463811964961E+00 -0.787506730020432E-17
  0.00000000  0.00000000  0.00500000    0.5120D+00  0.287219792346257E+01  0.654176608134229E-16    0.348165421272380E+00 -0.792987393024132E-17
  0.00000000  0.00000000  0.00500000    0.5276D+00  0.290252117301728E+01  0.673329029908548E-16    0.344528063841981E+00 -0.799238776135571E-17
  0.00000000  0.00000000  0.00500000    0.5437D+00  0.293693418527901E+01  0.695577248874110E-16    0.340491116556975E+00 -0.806411922023626E-17
  0.00000000  0.00000000  0.00500000    0.5603D+00  0.297643973922077E+01  0.721746219110887E-16    0.335971861557593E+00 -0.814686142009117E-17
  0.00000000  0.00000000  0.00500000    0.5774D+00  0.302251611280463E+01  0.753011417443183E-16    0.330850180008499E+00 -0.824260165079344E-17
  0.00000000  0.00000000  0.00500000    0.5950D+00  0.307754142752662E+01  0.791140255416339E-16    0.324934699840478E+00 -0.835306128216868E-17
  0.00000000  0.00000000  0.00500000    0.6131D+00  0.314594497547238E+01  0.839048772238908E-16    0.317869513865176E+00 -0.847783503590068E-17
  0.00000000  0.00000000  0.00500000    0.6318D+00  0.324004408330486E+01  0.903030460208458E-16    0.308637775995935E+00 -0.860202224813682E-17
  0.00000000  0.00000000  0.00500000    0.6511D+00  0.339882029398541E+01  0.149832637082647E-01    0.294214015493808E+00 -0.129700478386932E-02
  0.00000000  0.00000000  0.00500000    0.6709D+00  0.351199612393837E+01  0.216556929760274E+00    0.283659821010422E+00 -0.174910500372306E-01
  0.00000000  0.00000000  0.00500000    0.6914D+00  0.351834058982742E+01  0.346618240347556E+00    0.281492813251461E+00 -0.277319779335208E-01
  0.00000000  0.00000000  0.00500000    0.7125D+00  0.352406591724116E+01  0.425851667715044E+00    0.279679109326599E+00 -0.337967046953055E-01
  0.00000000  0.00000000  0.00500000    0.7342D+00  0.353690911494995E+01  0.511257815091836E+00    0.276946086710775E+00 -0.400323691076774E-01
  0.00000000  0.00000000  0.00500000    0.7565D+00  0.355519802132610E+01  0.569227584308493E+00    0.274247765437355E+00 -0.439101822417414E-01
  0.00000000  0.00000000  0.00500000    0.7796D+00  0.359161423333537E+01  0.636739680739250E+00    0.269942057941144E+00 -0.478567041516372E-01
  0.00000000  0.00000000  0.00500000    0.8034D+00  0.363489492268825E+01  0.706818679369140E+00    0.265087563863210E+00 -0.515472512389449E-01
  0.00000000  0.00000000  0.00500000    0.8279D+00  0.370081850452521E+01  0.768325987238169E+00    0.259045179818488E+00 -0.537803038111600E-01
  0.00000000  0.00000000  0.00500000    0.8531D+00  0.379790421290320E+01  0.857731959000623E+00    0.250525013005362E+00 -0.565794443824281E-01
  0.00000000  0.00000000  0.00500000    0.8791D+00  0.393528145352684E+01  0.961797850167620E+00    0.239788111932512E+00 -0.586051323840514E-01
  0.00000000  0.00000000  0.00500000    0.9059D+00  0.415807826155187E+01  0.113263767454875E+01    0.223883811173790E+00 -0.609847201775259E-01
  0.00000000  0.00000000  0.00500000    0.9335D+00  0.443565055168365E+01  0.154998507226744E+01    0.200913178103550E+00 -0.702067088589987E-01
  0.00000000  0.00000000  0.00500000    0.9619D+00  0.425845141843113E+01  0.258113650965377E+01    0.171734781453456E+00 -0.104092044462077E+00
  0.00000000  0.00000000  0.00500000    0.9913D+00  0.355806634397311E+01  0.264896845510897E+01    0.180824813439144E+00 -0.134623466904325E+00
  0.00000000  0.00000000  0.00500000    0.1021D+01  0.324747471707048E+01  0.255430884987296E+01    0.190238036749762E+00 -0.149632173669615E+00
  0.00000000  0.00000000  0.00500000    0.1053D+01  0.314527258002802E+01  0.250485695621529E+01    0.194548354475709E+00 -0.154935951218695E+00
  0.00000000  0.00000000  0.00500000    0.1085D+01  0.335431213496903E+01  0.242250529500023E+01    0.195930113171339E+00 -0.141501958526571E+00
  0.00000000  0.00000000  0.00500000    0.1118D+01  0.356067746763143E+01  0.321825451519812E+01    0.154572904894526E+00 -0.139707949856802E+00
  0.00000000  0.00000000  0.00500000    0.1152D+01  0.269978935117272E+01  0.467069741803621E+01    0.927626327696455E-01 -0.160481479482547E+00
  0.00000000  0.00000000  0.00500000    0.1187D+01  0.111036556392305E+01  0.394942605124258E+01    0.659719341921755E-01 -0.234653598792167E+00
  0.00000000  0.00000000  0.00500000    0.1223D+01  0.602539130335258E+00  0.313773352454663E+01    0.590237108985174E-01 -0.307367052371153E+00
  0.00000000  0.00000000  0.00500000    0.1260D+01  0.542026474619365E+00  0.246911589259715E+01    0.848198472887236E-01 -0.386383401466362E+00
  0.00000000  0.00000000  0.00500000    0.1299D+01  0.561738936295572E+00  0.220160324617645E+01    0.108809150764470E+00 -0.426451798261519E+00
  0.00000000  0.00000000  0.00500000    0.1338D+01  0.568249397136597E+00  0.161555291278368E+01    0.193748779394197E+00 -0.550834556931937E+00
  0.00000000  0.00000000  0.00500000    0.1379D+01  0.116294494157731E+01  0.105869908758820E+01    0.470202619146160E+00 -0.428053870887856E+00
  0.00000000  0.00000000  0.00500000    0.1421D+01  0.161570834316027E+01  0.178064987690680E+01    0.279474966436749E+00 -0.308005505257681E+00
  0.00000000  0.00000000  0.00500000    0.1464D+01  0.146734894572200E+01  0.182675783610990E+01    0.267269025925748E+00 -0.332733252634115E+00
  0.00000000  0.00000000  0.00500000    0.1509D+01  0.154185289017963E+01  0.211137076247482E+01    0.225575492289261E+00 -0.308896848839399E+00
  0.00000000  0.00000000  0.00500000    0.1555D+01  0.127009108349187E+01  0.266309373022681E+01    0.145900283199024E+00 -0.305919893837381E+00
  0.00000000  0.00000000  0.00500000    0.1602D+01  0.432925040040360E+00  0.241376244493361E+01    0.719901170915517E-01 -0.401379049421029E+00
  0.00000000  0.00000000  0.00500000    0.1651D+01  0.321463086333926E+00  0.186036592186735E+01    0.901896858390125E-01 -0.521944276564714E+00
  0.00000000  0.00000000  0.00500000    0.1701D+01  0.463827101590574E+00  0.228558906071981E+01    0.852771810025143E-01 -0.420218204930203E+00
  0.00000000  0.00000000  0.00500000    0.1753D+01 -0.480721851413413E+00  0.172361478766873E+01   -0.150134492219079E+00 -0.538303033588125E+00
  0.00000000  0.00000000  0.00500000    0.1807D+01 -0.359145686291947E+00  0.980855486970817E+00   -0.329170405360191E+00 -0.898990606234077E+00
  0.00000000  0.00000000  0.00500000    0.1862D+01  0.255327849170856E-01  0.675639137286075E+00    0.558532956928550E-01 -0.147796931040032E+01
  0.00000000  0.00000000  0.00500000    0.1919D+01  0.300718729077273E+00  0.726281997142085E+00    0.486665015357012E+00 -0.117537088686568E+01
  0.00000000  0.00000000  0.00500000    0.1977D+01  0.324850486858277E+00  0.809782407778156E+00    0.426718757112656E+00 -0.106371809973473E+01
  0.00000000  0.00000000  0.00500000    0.2037D+01  0.197400388127370E+00  0.565987433068522E+00    0.549389410627775E+00 -0.157521221323844E+01
  0.00000000  0.00000000  0.00500000    0.2099D+01  0.347950720364075E+00  0.463528872726016E+00    0.103578735609144E+01 -0.137984294169748E+01
  0.00000000  0.00000000  0.00500000    0.2163D+01  0.428258068075629E+00  0.367286231529761E+00    0.134543665160058E+01 -0.115388452516236E+01
  0.00000000  0.00000000  0.00500000    0.2229D+01  0.532913284731186E+00  0.310104503161599E+00    0.140180808490349E+01 -0.815718076752746E+00
  0.00000000  0.00000000  0.00500000    0.2297D+01  0.620751078791614E+00  0.274339155400284E+00    0.134771892077443E+01 -0.595620504054505E+00
  0.00000000  0.00000000  0.00500000    0.2367D+01  0.699096464579952E+00  0.249980491416748E+00    0.126825716026222E+01 -0.453499000821940E+00
  0.00000000  0.00000000  0.00500000    0.2439D+01  0.758583125696067E+00  0.241038172060843E+00    0.119735744455300E+01 -0.380457777087611E+00
  0.00000000  0.00000000  0.00500000    0.2513D+01  0.851337382508820E+00  0.215158061047413E+00    0.110410108843237E+01 -0.279038903104888E+00
  0.00000000  0.00000000  0.00500000    0.2590D+01  0.935203140228623E+00  0.277962730837176E+00    0.982492268238525E+00 -0.292018089074454E+00
  0.00000000  0.00000000  0.00500000    0.2669D+01  0.895034547656188E+00  0.287763394962508E+00    0.101260323856957E+01 -0.325563014795203E+00
  0.00000000  0.00000000  0.00500000    0.2750D+01  0.943015425629088E+00  0.384825630029327E+00    0.909045435382501E+00 -0.370963160186893E+00
  0.00000000  0.00000000  0.00500000    0.2834D+01  0.839421831734756E+00  0.287339151814668E+00    0.106634846252693E+01 -0.365017505117955E+00
  0.00000000  0.00000000  0.00500000    0.2920D+01  0.892866013681907E+00  0.281905249773012E+00    0.101846251782008E+01 -0.321559927325005E+00
  0.00000000  0.00000000  0.00500000    0.3009D+01  0.882397369000724E+00  0.260261988252558E+00    0.104257749565178E+01 -0.307506914070913E+00
  0.00000000  0.00000000  0.00500000    0.3101D+01  0.927023971652456E+00  0.219652310087601E+00    0.102137830576582E+01 -0.242008956828714E+00
  0.00000000  0.00000000  0.00500000    0.3195D+01  0.967399850877491E+00  0.230487207299877E+00    0.978172638097061E+00 -0.233053870545507E+00
  0.00000000  0.00000000  0.00500000    0.3293D+01  0.953059501694064E+00  0.238475563663196E+00    0.987428932414300E+00 -0.247075519226540E+00
  0.00000000  0.00000000  0.00500000    0.3393D+01  0.960093157180230E+00  0.211560631384787E+00    0.993333296540914E+00 -0.218885238187650E+00
  0.00000000  0.00000000  0.00500000    0.3496D+01  0.975433054222451E+00  0.188607778348168E+00    0.988238112683366E+00 -0.191083738761317E+00
  0.00000000  0.00000000  0.00500000    0.3603D+01  0.999792011911734E+00  0.140178476739325E+00    0.980924832638779E+00 -0.137533154092875E+00
  0.00000000  0.00000000  0.00500000    0.3713D+01  0.109193270768426E+01  0.123301929218454E+00    0.904276817347391E+00 -0.102111673495816E+00
  0.00000000  0.00000000  0.00500000    0.3826D+01  0.113957301710348E+01  0.259754429604710E+00    0.834180389738203E+00 -0.190143192293756E+00
  0.00000000  0.00000000  0.00500000    0.3942D+01  0.106359130877302E+01  0.290728961126869E+00    0.874843909457913E+00 -0.239135520238767E+00
  0.00000000  0.00000000  0.00500000    0.4062D+01  0.102778529896582E+01  0.245898325741271E+00    0.920287766570644E+00 -0.220179468637662E+00
  0.00000000  0.00000000  0.00500000    0.4186D+01  0.100825640475524E+01  0.222945109135984E+00    0.945578276461536E+00 -0.209085755417055E+00
  0.00000000  0.00000000  0.00500000    0.4313D+01  0.101534673261267E+01  0.184007081305288E+00    0.953567395890403E+00 -0.172811068091172E+00
  0.00000000  0.00000000  0.00500000    0.4445D+01  0.103185849278373E+01  0.165631900117943E+00    0.944781846752812E+00 -0.151654527795223E+00
  0.00000000  0.00000000  0.00500000    0.4580D+01  0.105718197045289E+01  0.117404402690953E+00    0.934387137238065E+00 -0.103767531792610E+00
  0.00000000  0.00000000  0.00500000    0.4720D+01  0.112204076635956E+01  0.117526012291772E+00    0.881561503609624E+00 -0.923374722340312E-01
  0.00000000  0.00000000  0.00500000    0.4863D+01  0.116057574248447E+01  0.156505034026766E+00    0.846252338269156E+00 -0.114118145113495E+00
  0.00000000  0.00000000  0.00500000    0.5012D+01  0.115378399320055E+01  0.228092989946232E+00    0.834114634928178E+00 -0.164897157665463E+00
  0.00000000  0.00000000  0.00500000    0.5164D+01  0.109766481220576E+01  0.169532807575055E+00    0.889799316394017E+00 -0.137428270095958E+00
  0.00000000  0.00000000  0.00500000    0.5322D+01  0.115068366066872E+01  0.152647503801470E+00    0.854019399833827E+00 -0.113292587735974E+00
  0.00000000  0.00000000  0.00500000    0.5484D+01  0.118289464301848E+01  0.187193267199620E+00    0.824730019449481E+00 -0.130513658007954E+00
  0.00000000  0.00000000  0.00500000    0.5651D+01  0.118569242035656E+01  0.197753349890594E+00    0.820563775158676E+00 -0.136856095687702E+00
  0.00000000  0.00000000  0.00500000    0.5823D+01  0.117858990483827E+01  0.213928175824133E+00    0.821408919824810E+00 -0.149095551474205E+00
  0.00000000  0.00000000  0.00500000    0.6000D+01  0.117857933751873E+01  0.241442152479302E+00    0.814305161347402E+00 -0.166817442553033E+00
  0.00000000  0.00000000  0.00500000    0.6183D+01  0.116966380050214E+01  0.191664393251580E+00    0.832590616762204E+00 -0.136430635298946E+00
  0.00000000  0.00000000  0.00500000    0.6371D+01  0.123969242101495E+01  0.178374717014207E+00    0.790290120346606E+00 -0.113711896746563E+00
  0.00000000  0.00000000  0.00500000    0.6565D+01  0.127374128491745E+01  0.274738371617859E+00    0.750187148818330E+00 -0.161810878013859E+00
  0.00000000  0.00000000  0.00500000    0.6765D+01  0.130705081020590E+01  0.246868538788661E+00    0.738728129866895E+00 -0.139526889512116E+00
  0.00000000  0.00000000  0.00500000    0.6971D+01  0.133747111530236E+01  0.407519965724781E+00    0.684162915981319E+00 -0.208460612630010E+00
  0.00000000  0.00000000  0.00500000    0.7184D+01  0.126851729592035E+01  0.496669271201912E+00    0.683535952684112E+00 -0.267628438770012E+00
  0.00000000  0.00000000  0.00500000    0.7402D+01  0.119284909528103E+01  0.473185720135660E+00    0.724346408800884E+00 -0.287337583967715E+00
  0.00000000  0.00000000  0.00500000    0.7628D+01  0.127398628707254E+01  0.411385313732702E+00    0.710819204243451E+00 -0.229531969309393E+00
  0.00000000  0.00000000  0.00500000    0.7860D+01  0.123776548777532E+01  0.838382497251478E+00    0.553822794755217E+00 -0.375123835886071E+00
  0.00000000  0.00000000  0.00500000    0.8100D+01  0.943611607592823E+00  0.710200333305461E+00    0.676527205165299E+00 -0.509181789130698E+00
  0.00000000  0.00000000  0.00500000    0.8346D+01  0.808222778469804E+00  0.765027363216795E+00    0.652586758152312E+00 -0.617709300156914E+00
  0.00000000  0.00000000  0.00500000    0.8600D+01  0.664080513220441E+00  0.495446885838319E+00    0.967383842354797E+00 -0.721730727770795E+00
  0.00000000  0.00000000  0.00500000    0.8862D+01  0.665472033564207E+00  0.487453157151961E+00    0.977968587686653E+00 -0.716354484665672E+00
  0.00000000  0.00000000  0.00500000    0.9132D+01  0.731923815268818E+00  0.212700218449442E+00    0.125986566724518E+01 -0.366122398328549E+00
  0.00000000  0.00000000  0.00500000    0.9410D+01  0.796919229647329E+00  0.501357224518913E+00    0.899011592817576E+00 -0.565585495012854E+00
  0.00000000  0.00000000  0.00500000    0.9697D+01  0.628698036915020E+00  0.337678567350494E+00    0.123446456994024E+01 -0.663040446997145E+00
  0.00000000  0.00000000  0.00500000    0.9992D+01  0.602264845861917E+00  0.323451412444461E+00    0.128869773475791E+01 -0.692105981920438E+00
  0.00000000  0.00000000  0.00500000    0.1030D+02  0.573160449263000E+00  0.156697277344754E+00    0.162337616091412E+01 -0.443817477023607E+00
  0.00000000  0.00000000  0.00500000    0.1061D+02  0.629307320706340E+00  0.892204119526691E-01    0.155773771206227E+01 -0.220849171480175E+00
  0.00000000  0.00000000  0.00500000    0.1093D+02  0.680179282127811E+00  0.315746677755712E-01    0.146703926707165E+01 -0.681015707014738E-01
  0.00000000  0.00000000  0.00500000    0.1127D+02  0.738011640757145E+00  0.258350437226986E-02    0.135497557291422E+01 -0.474326572051274E-02
  0.00000000  0.00000000  0.00500000    0.1161D+02  0.783868088526348E+00  0.235046790898837E-06    0.127572485043993E+01 -0.382532516063416E-06
  0.00000000  0.00000000  0.00500000    0.1196D+02  0.813895891336139E+00  0.844140008785551E-05    0.122865837085229E+01 -0.127431493266667E-04
  0.00000000  0.00000000  0.00500000    0.1233D+02  0.836262798392377E+00  0.503957483024615E-17    0.119579634765816E+01 -0.720623371904534E-17
  0.00000000  0.00000000  0.00500000    0.1270D+02  0.854162895086709E+00  0.469338299895916E-17    0.117073687671540E+01 -0.643286729619977E-17
  0.00000000  0.00000000  0.00500000    0.1309D+02  0.868981139582912E+00  0.436387756111159E-17    0.115077296209210E+01 -0.577898883929518E-17
