 q(1:3)   w(Ry)   eps  epsi --- LFC included. 
  0.00000000  0.00000000  0.01750000    0.0000D+00  0.236890804431728E+01 -0.333483204623561E-16    0.422135423280308E+00  0.594261453408218E-17
  0.00000000  0.00000000  0.01750000    0.1015D-04  0.236890804441385E+01 -0.333483201692481E-16    0.422135423263098E+00  0.594261448136629E-17
  0.00000000  0.00000000  0.01750000    0.3076D-04  0.236890804520414E+01 -0.333483203347891E-16    0.422135423122271E+00  0.594261450690042E-17
  0.00000000  0.00000000  0.01750000    0.5200D-04  0.236890804685152E+01 -0.333483200623198E-16    0.422135422828709E+00  0.594261445008163E-17
  0.00000000  0.00000000  0.01750000    0.7389D-04  0.236890804943361E+01 -0.333483205484364E-16    0.422135422368586E+00  0.594261452375200E-17
  0.00000000  0.00000000  0.01750000    0.9644D-04  0.236890805303354E+01 -0.333483207614639E-16    0.422135421727084E+00  0.594261454365164E-17
  0.00000000  0.00000000  0.01750000    0.1197D-03  0.236890805774041E+01 -0.333483205270908E-16    0.422135420888328E+00  0.594261447827155E-17
  0.00000000  0.00000000  0.01750000    0.1436D-03  0.236890806364960E+01 -0.333483209004074E-16    0.422135419835320E+00  0.594261451514851E-17
  0.00000000  0.00000000  0.01750000    0.1683D-03  0.236890807086320E+01 -0.333483210368703E-16    0.422135418549869E+00  0.594261450327407E-17
  0.00000000  0.00000000  0.01750000    0.1937D-03  0.236890807949047E+01 -0.333483212387990E-16    0.422135417012505E+00  0.594261449597289E-17
  0.00000000  0.00000000  0.01750000    0.2199D-03  0.236890808964831E+01 -0.333483212689131E-16    0.422135415202395E+00  0.594261445037553E-17
  0.00000000  0.00000000  0.01750000    0.2469D-03  0.236890810146171E+01 -0.333483216016349E-16    0.422135413097267E+00  0.594261445039607E-17
  0.00000000  0.00000000  0.01750000    0.2748D-03  0.236890811506433E+01 -0.333483217967657E-16    0.422135410673302E+00  0.594261441692129E-17
  0.00000000  0.00000000  0.01750000    0.3034D-03  0.236890813059907E+01 -0.333483224031824E-16    0.422135407905038E+00  0.594261444704319E-17
  0.00000000  0.00000000  0.01750000    0.3330D-03  0.236890814821863E+01 -0.333483227665422E-16    0.422135404765262E+00  0.594261442339285E-17
  0.00000000  0.00000000  0.01750000    0.3634D-03  0.236890816808616E+01 -0.333483229100544E-16    0.422135401224902E+00  0.594261434928758E-17
  0.00000000  0.00000000  0.01750000    0.3948D-03  0.236890819037595E+01 -0.333483235638771E-16    0.422135397252900E+00  0.594261435396590E-17
  0.00000000  0.00000000  0.01750000    0.4271D-03  0.236890821527414E+01 -0.333483244006407E-16    0.422135392816085E+00  0.594261437815715E-17
  0.00000000  0.00000000  0.01750000    0.4604D-03  0.236890824297947E+01 -0.333483249102131E-16    0.422135387879043E+00  0.594261432995959E-17
  0.00000000  0.00000000  0.01750000    0.4948D-03  0.236890827370414E+01 -0.333483254644895E-16    0.422135382403959E+00  0.594261427457962E-17
  0.00000000  0.00000000  0.01750000    0.5301D-03  0.236890830767463E+01 -0.333483266748522E-16    0.422135376350476E+00  0.594261431982824E-17
  0.00000000  0.00000000  0.01750000    0.5666D-03  0.236890834513265E+01 -0.333483277125714E-16    0.422135369675522E+00  0.594261431681455E-17
  0.00000000  0.00000000  0.01750000    0.6041D-03  0.236890838633608E+01 -0.333483281606039E-16    0.422135362333142E+00  0.594261418992835E-17
  0.00000000  0.00000000  0.01750000    0.6428D-03  0.236890843156006E+01 -0.333483296135274E-16    0.422135354274308E+00  0.594261422194016E-17
  0.00000000  0.00000000  0.01750000    0.6827D-03  0.236890848109804E+01 -0.333483306532036E-16    0.422135345446725E+00  0.594261415866791E-17
  0.00000000  0.00000000  0.01750000    0.7238D-03  0.236890853526303E+01 -0.333483323205397E-16    0.422135335794620E+00  0.594261418402908E-17
  0.00000000  0.00000000  0.01750000    0.7662D-03  0.236890859438873E+01 -0.333483336264143E-16    0.422135325258524E+00  0.594261412008965E-17
  0.00000000  0.00000000  0.01750000    0.8098D-03  0.236890865883102E+01 -0.333483351674196E-16    0.422135313775023E+00  0.594261407137585E-17
  0.00000000  0.00000000  0.01750000    0.8548D-03  0.236890872896917E+01 -0.333483368079055E-16    0.422135301276529E+00  0.594261401181217E-17
  0.00000000  0.00000000  0.01750000    0.9011D-03  0.236890880520754E+01 -0.333483388264318E-16    0.422135287690988E+00  0.594261398900873E-17
  0.00000000  0.00000000  0.01750000    0.9488D-03  0.236890888797704E+01 -0.333483410935956E-16    0.422135272941613E+00  0.594261397774426E-17
  0.00000000  0.00000000  0.01750000    0.9980D-03  0.236890897773686E+01 -0.333483432928989E-16    0.422135256946577E+00  0.594261391931552E-17
  0.00000000  0.00000000  0.01750000    0.1049D-02  0.236890907497626E+01 -0.333483455085174E-16    0.422135239618693E+00  0.594261382626771E-17
  0.00000000  0.00000000  0.01750000    0.1101D-02  0.236890918021653E+01 -0.333483482122867E-16    0.422135220865071E+00  0.594261378006571E-17
  0.00000000  0.00000000  0.01750000    0.1155D-02  0.236890929401294E+01 -0.333483507162063E-16    0.422135200586763E+00  0.594261365532325E-17
  0.00000000  0.00000000  0.01750000    0.1210D-02  0.236890941695698E+01 -0.333483538722708E-16    0.422135178678366E+00  0.594261360089652E-17
  0.00000000  0.00000000  0.01750000    0.1267D-02  0.236890954967858E+01 -0.333483572512162E-16    0.422135155027630E+00  0.594261353713104E-17
  0.00000000  0.00000000  0.01750000    0.1326D-02  0.236890969284862E+01 -0.333483604771555E-16    0.422135129515004E+00  0.594261339367850E-17
  0.00000000  0.00000000  0.01750000    0.1387D-02  0.236890984718142E+01 -0.333483643790692E-16    0.422135102013198E+00  0.594261331467780E-17
  0.00000000  0.00000000  0.01750000    0.1450D-02  0.236891001343765E+01 -0.333483684210636E-16    0.422135072386666E+00  0.594261320081732E-17
  0.00000000  0.00000000  0.01750000    0.1514D-02  0.236891019242706E+01 -0.333483728859966E-16    0.422135040491111E+00  0.594261309843906E-17
  0.00000000  0.00000000  0.01750000    0.1580D-02  0.236891038501173E+01 -0.333483775959947E-16    0.422135006172911E+00  0.594261297152111E-17
  0.00000000  0.00000000  0.01750000    0.1649D-02  0.236891059210933E+01 -0.333483827893249E-16    0.422134969268543E+00  0.594261285791808E-17
  0.00000000  0.00000000  0.01750000    0.1719D-02  0.236891081469661E+01 -0.333483879279553E-16    0.422134929603955E+00  0.594261265685333E-17
  0.00000000  0.00000000  0.01750000    0.1792D-02  0.236891105381311E+01 -0.333483940684139E-16    0.422134886993900E+00  0.594261255138225E-17
  0.00000000  0.00000000  0.01750000    0.1867D-02  0.236891131056520E+01 -0.333484001145875E-16    0.422134841241232E+00  0.594261234062904E-17
  0.00000000  0.00000000  0.01750000    0.1944D-02  0.236891158613018E+01 -0.333484070531942E-16    0.422134792136158E+00  0.594261219451795E-17
  0.00000000  0.00000000  0.01750000    0.2024D-02  0.236891188176082E+01 -0.333484142226479E-16    0.422134739455440E+00  0.594261198887048E-17
  0.00000000  0.00000000  0.01750000    0.2106D-02  0.236891219879009E+01 -0.333484218026241E-16    0.422134682961549E+00  0.594261174901660E-17
  0.00000000  0.00000000  0.01750000    0.2190D-02  0.236891253863616E+01 -0.333484304446054E-16    0.422134622401773E+00  0.594261158393380E-17
  0.00000000  0.00000000  0.01750000    0.2277D-02  0.236891290280783E+01 -0.333484392954736E-16    0.422134557507251E+00  0.594261133402851E-17
  0.00000000  0.00000000  0.01750000    0.2367D-02  0.236891329291017E+01 -0.333484488662595E-16    0.422134487991968E+00  0.594261108231224E-17
  0.00000000  0.00000000  0.01750000    0.2459D-02  0.236891371065058E+01 -0.333484592211117E-16    0.422134413551674E+00  0.594261083164982E-17
  0.00000000  0.00000000  0.01750000    0.2554D-02  0.236891415784519E+01 -0.333484700408051E-16    0.422134333862743E+00  0.594261051604423E-17
  0.00000000  0.00000000  0.01750000    0.2652D-02  0.236891463642573E+01 -0.333484820414600E-16    0.422134248580954E+00  0.594261025341448E-17
  0.00000000  0.00000000  0.01750000    0.2753D-02  0.236891514844674E+01 -0.333484944058037E-16    0.422134157340201E+00  0.594260988781670E-17
  0.00000000  0.00000000  0.01750000    0.2858D-02  0.236891569609327E+01 -0.333485076594765E-16    0.422134059751120E+00  0.594260950195582E-17
  0.00000000  0.00000000  0.01750000    0.2965D-02  0.236891628168906E+01 -0.333485221876435E-16    0.422133955399635E+00  0.594260915280849E-17
  0.00000000  0.00000000  0.01750000    0.3075D-02  0.236891690770525E+01 -0.333485376081136E-16    0.422133843845411E+00  0.594260875987123E-17
  0.00000000  0.00000000  0.01750000    0.3189D-02  0.236891757676956E+01 -0.333485543473694E-16    0.422133724620203E+00  0.594260838595808E-17
  0.00000000  0.00000000  0.01750000    0.3307D-02  0.236891829167615E+01 -0.333485714522223E-16    0.422133597226116E+00  0.594260784719512E-17
  0.00000000  0.00000000  0.01750000    0.3428D-02  0.236891905539599E+01 -0.333485903526681E-16    0.422133461133749E+00  0.594260738349718E-17
  0.00000000  0.00000000  0.01750000    0.3553D-02  0.236891987108789E+01 -0.333486103523692E-16    0.422133315780227E+00  0.594260685493066E-17
  0.00000000  0.00000000  0.01750000    0.3681D-02  0.236892074211035E+01 -0.333486316798189E-16    0.422133160567100E+00  0.594260628536230E-17
  0.00000000  0.00000000  0.01750000    0.3813D-02  0.236892167203393E+01 -0.333486543838845E-16    0.422132994858125E+00  0.594260566558574E-17
  0.00000000  0.00000000  0.01750000    0.3950D-02  0.236892266465455E+01 -0.333486788520332E-16    0.422132817976913E+00  0.594260504560150E-17
  0.00000000  0.00000000  0.01750000    0.4090D-02  0.236892372400759E+01 -0.333487051878296E-16    0.422132629204400E+00  0.594260442361792E-17
  0.00000000  0.00000000  0.01750000    0.4235D-02  0.236892485438275E+01 -0.333487327276691E-16    0.422132427776212E+00  0.594260365986115E-17
  0.00000000  0.00000000  0.01750000    0.4385D-02  0.236892606034009E+01 -0.333487621517774E-16    0.422132212879804E+00  0.594260285266609E-17
  0.00000000  0.00000000  0.01750000    0.4538D-02  0.236892734672672E+01 -0.333487938829541E-16    0.422131983651484E+00  0.594260205305480E-17
  0.00000000  0.00000000  0.01750000    0.4697D-02  0.236892871869487E+01 -0.333488272344214E-16    0.422131739173197E+00  0.594260111279693E-17
  0.00000000  0.00000000  0.01750000    0.4860D-02  0.236893018172081E+01 -0.333488631986609E-16    0.422131478469151E+00  0.594260018127260E-17
  0.00000000  0.00000000  0.01750000    0.5029D-02  0.236893174162513E+01 -0.333489013285767E-16    0.422131200502207E+00  0.594259914960834E-17
  0.00000000  0.00000000  0.01750000    0.5202D-02  0.236893340459417E+01 -0.333489421543570E-16    0.422130904170062E+00  0.594259808124302E-17
  0.00000000  0.00000000  0.01750000    0.5381D-02  0.236893517720285E+01 -0.333489859121115E-16    0.422130588301180E+00  0.594259698526227E-17
  0.00000000  0.00000000  0.01750000    0.5565D-02  0.236893706643891E+01 -0.333490321360226E-16    0.422130251650477E+00  0.594259574360125E-17
  0.00000000  0.00000000  0.01750000    0.5755D-02  0.236893907972855E+01 -0.333490816037361E-16    0.422129892894749E+00  0.594259445757315E-17
  0.00000000  0.00000000  0.01750000    0.5950D-02  0.236894122496387E+01 -0.333491343076264E-16    0.422129510627791E+00  0.594259308622294E-17
  0.00000000  0.00000000  0.01750000    0.6152D-02  0.236894351053178E+01 -0.333491898168340E-16    0.422129103355241E+00  0.594259151069571E-17
  0.00000000  0.00000000  0.01750000    0.6360D-02  0.236894594534491E+01 -0.333492499327374E-16    0.422128669489080E+00  0.594259000726822E-17
  0.00000000  0.00000000  0.01750000    0.6574D-02  0.236894853887430E+01 -0.333493136590996E-16    0.422128207341806E+00  0.594258835089972E-17
  0.00000000  0.00000000  0.01750000    0.6794D-02  0.236895130118419E+01 -0.333493813965657E-16    0.422127715120240E+00  0.594258656248806E-17
  0.00000000  0.00000000  0.01750000    0.7021D-02  0.236895424296892E+01 -0.333494536417386E-16    0.422127190918951E+00  0.594258467686815E-17
  0.00000000  0.00000000  0.01750000    0.7255D-02  0.236895737559222E+01 -0.333495303699430E-16    0.422126632713266E+00  0.594258263262905E-17
  0.00000000  0.00000000  0.01750000    0.7497D-02  0.236896071112881E+01 -0.333496122108833E-16    0.422126038351856E+00  0.594258048139720E-17
  0.00000000  0.00000000  0.01750000    0.7745D-02  0.236896426240868E+01 -0.333496991898658E-16    0.422125405548852E+00  0.594257816331116E-17
  0.00000000  0.00000000  0.01750000    0.8001D-02  0.236896804306407E+01 -0.333497920048903E-16    0.422124731875480E+00  0.594257573435176E-17
  0.00000000  0.00000000  0.01750000    0.8265D-02  0.236897206757943E+01 -0.333498908135890E-16    0.422124014751167E+00  0.594257314993574E-17
  0.00000000  0.00000000  0.01750000    0.8537D-02  0.236897635134438E+01 -0.333499958627290E-16    0.422123251434108E+00  0.594257037682126E-17
  0.00000000  0.00000000  0.01750000    0.8818D-02  0.236898091071009E+01 -0.333501077313002E-16    0.422122439011235E+00  0.594256743614035E-17
  0.00000000  0.00000000  0.01750000    0.9107D-02  0.236898576304901E+01 -0.333502267103879E-16    0.422121574387575E+00  0.594256429259945E-17
  0.00000000  0.00000000  0.01750000    0.9404D-02  0.236899092681849E+01 -0.333503532797092E-16    0.422120654274932E+00  0.594256093907344E-17
  0.00000000  0.00000000  0.01750000    0.9711D-02  0.236899642162819E+01 -0.333504880410282E-16    0.422119675179884E+00  0.594255738440237E-17
  0.00000000  0.00000000  0.01750000    0.1003D-01  0.236900226831179E+01 -0.333506318097914E-16    0.422118633391020E+00  0.594255366935907E-17
  0.00000000  0.00000000  0.01750000    0.1035D-01  0.236900848900309E+01 -0.333507842176050E-16    0.422117524965396E+00  0.594254961725130E-17
  0.00000000  0.00000000  0.01750000    0.1069D-01  0.236901510721690E+01 -0.333509464877712E-16    0.422116345714145E+00  0.594254532807294E-17
  0.00000000  0.00000000  0.01750000    0.1103D-01  0.236902214793483E+01 -0.333511191798220E-16    0.422115091187197E+00  0.594254077618395E-17
  0.00000000  0.00000000  0.01750000    0.1139D-01  0.236902963769670E+01 -0.333513030013424E-16    0.422113756657031E+00  0.594253595450623E-17
  0.00000000  0.00000000  0.01750000    0.1176D-01  0.236903760469725E+01 -0.333514983608685E-16    0.422112337101460E+00  0.594253079437328E-17
  0.00000000  0.00000000  0.01750000    0.1214D-01  0.236904607888915E+01 -0.333517063000778E-16    0.422110827185304E+00  0.594252533111067E-17
  0.00000000  0.00000000  0.01750000    0.1253D-01  0.236905509209236E+01 -0.333519270505178E-16    0.422109221240945E+00  0.594251944632700E-17
  0.00000000  0.00000000  0.01750000    0.1293D-01  0.236906467811020E+01 -0.333521623710070E-16    0.422107513247675E+00  0.594251328380303E-17
  0.00000000  0.00000000  0.01750000    0.1334D-01  0.236907487285272E+01 -0.333524125723440E-16    0.422105696809763E+00  0.594250671874445E-17
  0.00000000  0.00000000  0.01750000    0.1377D-01  0.236908571446783E+01 -0.333526784462108E-16    0.422103765133137E+00  0.594249970081089E-17
  0.00000000  0.00000000  0.01750000    0.1421D-01  0.236909724348035E+01 -0.333529611933560E-16    0.422101711000659E+00  0.594249224061914E-17
  0.00000000  0.00000000  0.01750000    0.1466D-01  0.236910950294004E+01 -0.333532621334968E-16    0.422099526745814E+00  0.594248435731104E-17
  0.00000000  0.00000000  0.01750000    0.1513D-01  0.236912253857858E+01 -0.333535820458358E-16    0.422097204224809E+00  0.594247596026705E-17
  0.00000000  0.00000000  0.01750000    0.1561D-01  0.236913639897652E+01 -0.333539216757176E-16    0.422094734786907E+00  0.594246693854237E-17
  0.00000000  0.00000000  0.01750000    0.1610D-01  0.236915113574051E+01 -0.333542831684713E-16    0.422092109242932E+00  0.594245741543441E-17
  0.00000000  0.00000000  0.01750000    0.1662D-01  0.236916680369174E+01 -0.333546675974778E-16    0.422089317831803E+00  0.594244730712418E-17
  0.00000000  0.00000000  0.01750000    0.1714D-01  0.236918346106593E+01 -0.333550760477358E-16    0.422086350185006E+00  0.594243651472979E-17
  0.00000000  0.00000000  0.01750000    0.1768D-01  0.236920116972604E+01 -0.333555105248069E-16    0.422083195288830E+00  0.594242508517277E-17
  0.00000000  0.00000000  0.01750000    0.1824D-01  0.236921999538805E+01 -0.333559724827144E-16    0.422079841444278E+00  0.594241294777602E-17
  0.00000000  0.00000000  0.01750000    0.1882D-01  0.236924000786105E+01 -0.333564632218747E-16    0.422076276224459E+00  0.594239998395835E-17
  0.00000000  0.00000000  0.01750000    0.1941D-01  0.236926128130218E+01 -0.333569851008733E-16    0.422072486429350E+00  0.594238624183076E-17
  0.00000000  0.00000000  0.01750000    0.2002D-01  0.236928389448764E+01 -0.333575394742411E-16    0.422068458037720E+00  0.594237156745202E-17
  0.00000000  0.00000000  0.01750000    0.2065D-01  0.236930793110056E+01 -0.333581291890562E-16    0.422064176156071E+00  0.594235604814224E-17
  0.00000000  0.00000000  0.01750000    0.2130D-01  0.236933348003705E+01 -0.333587557128976E-16    0.422059624964386E+00  0.594233949931098E-17
  0.00000000  0.00000000  0.01750000    0.2197D-01  0.236936063573129E+01 -0.333594217765001E-16    0.422054787658510E+00  0.594232193359027E-17
  0.00000000  0.00000000  0.01750000    0.2266D-01  0.236938949850109E+01 -0.333601299188291E-16    0.422049646388918E+00  0.594230329991637E-17
  0.00000000  0.00000000  0.01750000    0.2337D-01  0.236942017491518E+01 -0.333608822051844E-16    0.422044182195670E+00  0.594228343148009E-17
  0.00000000  0.00000000  0.01750000    0.2410D-01  0.236945277818353E+01 -0.333616818269953E-16    0.422038374939305E+00  0.594226232873111E-17
  0.00000000  0.00000000  0.01750000    0.2486D-01  0.236948742857224E+01 -0.333625316584396E-16    0.422032203227413E+00  0.594223990018789E-17
  0.00000000  0.00000000  0.01750000    0.2564D-01  0.236952425384453E+01 -0.333634344451398E-16    0.422025644336625E+00  0.594221599384257E-17
  0.00000000  0.00000000  0.01750000    0.2644D-01  0.236956338972963E+01 -0.333643945308100E-16    0.422018674129710E+00  0.594219070233001E-17
  0.00000000  0.00000000  0.01750000    0.2726D-01  0.236960498042108E+01 -0.333654144671635E-16    0.422011266967502E+00  0.594216375662806E-17
  0.00000000  0.00000000  0.01750000    0.2811D-01  0.236964917910674E+01 -0.333664985508375E-16    0.422003395615278E+00  0.594213515333673E-17
  0.00000000  0.00000000  0.01750000    0.2899D-01  0.236969614853208E+01 -0.333676505818929E-16    0.421995031143319E+00  0.594210475263161E-17
  0.00000000  0.00000000  0.01750000    0.2989D-01  0.236974606159937E+01 -0.333688743614399E-16    0.421986142821180E+00  0.594207236389075E-17
  0.00000000  0.00000000  0.01750000    0.3082D-01  0.236979910200469E+01 -0.333701755459151E-16    0.421976698005357E+00  0.594203807268406E-17
  0.00000000  0.00000000  0.01750000    0.3178D-01  0.236985546491553E+01 -0.333715575147234E-16    0.421966662019889E+00  0.594200150151117E-17
  0.00000000  0.00000000  0.01750000    0.3277D-01  0.236991535769146E+01 -0.333730262177769E-16    0.421955998029442E+00  0.594196266937653E-17
  0.00000000  0.00000000  0.01750000    0.3379D-01  0.236997900065068E+01 -0.333745868156520E-16    0.421944666904411E+00  0.594192138965634E-17
  0.00000000  0.00000000  0.01750000    0.3484D-01  0.237004662788560E+01 -0.333762446860271E-16    0.421932627077525E+00  0.594187744522193E-17
  0.00000000  0.00000000  0.01750000    0.3592D-01  0.237011848813044E+01 -0.333780068608978E-16    0.421919834391404E+00  0.594183083993146E-17
  0.00000000  0.00000000  0.01750000    0.3703D-01  0.237019484568460E+01 -0.333798787938289E-16    0.421906241936478E+00  0.594178121846844E-17
  0.00000000  0.00000000  0.01750000    0.3818D-01  0.237027598139518E+01 -0.333818685360518E-16    0.421891799878672E+00  0.594172860482615E-17
  0.00000000  0.00000000  0.01750000    0.3936D-01  0.237036219370281E+01 -0.333839819117173E-16    0.421876455276174E+00  0.594167253820324E-17
  0.00000000  0.00000000  0.01750000    0.4058D-01  0.237045379975491E+01 -0.333862277637311E-16    0.421860151884586E+00  0.594161300115499E-17
  0.00000000  0.00000000  0.01750000    0.4184D-01  0.237055113659096E+01 -0.333886140593528E-16    0.421842829949697E+00  0.594154972043783E-17
  0.00000000  0.00000000  0.01750000    0.4313D-01  0.237065456240465E+01 -0.333911494805815E-16    0.421824425987083E+00  0.594148244373824E-17
  0.00000000  0.00000000  0.01750000    0.4447D-01  0.237076445788801E+01 -0.333938432515859E-16    0.421804872547670E+00  0.594141090218648E-17
  0.00000000  0.00000000  0.01750000    0.4584D-01  0.237088122766332E+01 -0.333967055403432E-16    0.421784097968322E+00  0.594133487459864E-17
  0.00000000  0.00000000  0.01750000    0.4726D-01  0.237100530180849E+01 -0.333997471089743E-16    0.421762026106500E+00  0.594125411755978E-17
  0.00000000  0.00000000  0.01750000    0.4872D-01  0.237113713748279E+01 -0.334029779440152E-16    0.421738576057901E+00  0.594116811360713E-17
  0.00000000  0.00000000  0.01750000    0.5022D-01  0.237127722065944E+01 -0.334064110337559E-16    0.421713661855996E+00  0.594107673441655E-17
  0.00000000  0.00000000  0.01750000    0.5177D-01  0.237142606797277E+01 -0.334100587989308E-16    0.421687192152212E+00  0.594097959655354E-17
  0.00000000  0.00000000  0.01750000    0.5337D-01  0.237158422868801E+01 -0.334139346496602E-16    0.421659069875504E+00  0.594087632850005E-17
  0.00000000  0.00000000  0.01750000    0.5501D-01  0.237175228680214E+01 -0.334180526916375E-16    0.421629191869910E+00  0.594076650780379E-17
  0.00000000  0.00000000  0.01750000    0.5671D-01  0.237193086328554E+01 -0.334224280853242E-16    0.421597448508607E+00  0.594064971363324E-17
  0.00000000  0.00000000  0.01750000    0.5846D-01  0.237212061847401E+01 -0.334270767054234E-16    0.421563723282884E+00  0.594052545416769E-17
  0.00000000  0.00000000  0.01750000    0.6026D-01  0.237232225462251E+01 -0.334320167019058E-16    0.421527892364320E+00  0.594039343111314E-17
  0.00000000  0.00000000  0.01750000    0.6211D-01  0.237253651863217E+01 -0.334372649770976E-16    0.421489824138313E+00  0.594025289987454E-17
  0.00000000  0.00000000  0.01750000    0.6403D-01  0.237276420496329E+01 -0.334428418711783E-16    0.421449378707005E+00  0.594010348745243E-17
  0.00000000  0.00000000  0.01750000    0.6600D-01  0.237300615874818E+01 -0.334487674415344E-16    0.421406407359484E+00  0.593994451559941E-17
  0.00000000  0.00000000  0.01750000    0.6803D-01  0.237326327911889E+01 -0.334550638782530E-16    0.421360752006943E+00  0.593977541312422E-17
  0.00000000  0.00000000  0.01750000    0.7012D-01  0.237353652276586E+01 -0.334617547586089E-16    0.421312244580382E+00  0.593959556540538E-17
  0.00000000  0.00000000  0.01750000    0.7227D-01  0.237382690774523E+01 -0.334688637332892E-16    0.421260706388170E+00  0.593940406197804E-17
  0.00000000  0.00000000  0.01750000    0.7450D-01  0.237413551755407E+01 -0.334764186745795E-16    0.421205947430600E+00  0.593920041217217E-17
  0.00000000  0.00000000  0.01750000    0.7678D-01  0.237446350549422E+01 -0.334844462316588E-16    0.421147765668380E+00  0.593898355669651E-17
  0.00000000  0.00000000  0.01750000    0.7914D-01  0.237481209934764E+01 -0.334929775454265E-16    0.421085946241684E+00  0.593875285798047E-17
  0.00000000  0.00000000  0.01750000    0.8157D-01  0.237518260638805E+01 -0.335020436449654E-16    0.421020260636172E+00  0.593850725805764E-17
  0.00000000  0.00000000  0.01750000    0.8408D-01  0.237557641875601E+01 -0.335116783664373E-16    0.420950465792070E+00  0.593824576908913E-17
  0.00000000  0.00000000  0.01750000    0.8666D-01  0.237599501922707E+01 -0.335219181085293E-16    0.420876303152062E+00  0.593796740056873E-17
  0.00000000  0.00000000  0.01750000    0.8932D-01  0.237643998740561E+01 -0.335327999917785E-16    0.420797497643402E+00  0.593767080182896E-17
  0.00000000  0.00000000  0.01750000    0.9206D-01  0.237691300638004E+01 -0.335443666033454E-16    0.420713756589252E+00  0.593735506862047E-17
  0.00000000  0.00000000  0.01750000    0.9488D-01  0.237741586987843E+01 -0.335566600775425E-16    0.420624768543812E+00  0.593701865838957E-17
  0.00000000  0.00000000  0.01750000    0.9779D-01  0.237795048996781E+01 -0.335697272588689E-16    0.420530202045349E+00  0.593666026535755E-17
  0.00000000  0.00000000  0.01750000    0.1008D+00  0.237851890534474E+01 -0.335836171870051E-16    0.420429704280640E+00  0.593627833307479E-17
  0.00000000  0.00000000  0.01750000    0.1039D+00  0.237912329026932E+01 -0.335983822131820E-16    0.420322899653847E+00  0.593587120654192E-17
  0.00000000  0.00000000  0.01750000    0.1071D+00  0.237976596420083E+01 -0.336140786333366E-16    0.420209388252100E+00  0.593543719494105E-17
  0.00000000  0.00000000  0.01750000    0.1103D+00  0.238044940219915E+01 -0.336307659623117E-16    0.420088744199377E+00  0.593497439034778E-17
  0.00000000  0.00000000  0.01750000    0.1137D+00  0.238117624616290E+01 -0.336485080588194E-16    0.419960513889483E+00  0.593448080912424E-17
  0.00000000  0.00000000  0.01750000    0.1172D+00  0.238194931698360E+01 -0.336673728807439E-16    0.419824214087963E+00  0.593395428663606E-17
  0.00000000  0.00000000  0.01750000    0.1208D+00  0.238277162770357E+01 -0.336874324259792E-16    0.419679329891872E+00  0.593339239981563E-17
  0.00000000  0.00000000  0.01750000    0.1245D+00  0.238364639777589E+01 -0.337087639095459E-16    0.419525312535061E+00  0.593279260192202E-17
  0.00000000  0.00000000  0.01750000    0.1283D+00  0.238457706853558E+01 -0.337314501682434E-16    0.419361577025532E+00  0.593215221456436E-17
  0.00000000  0.00000000  0.01750000    0.1322D+00  0.238556732000490E+01 -0.337555786194059E-16    0.419187499599862E+00  0.593146815868781E-17
  0.00000000  0.00000000  0.01750000    0.1363D+00  0.238662108917007E+01 -0.337812443242096E-16    0.419002414978133E+00  0.593073739984937E-17
  0.00000000  0.00000000  0.01750000    0.1405D+00  0.238774258988363E+01 -0.338085474072825E-16    0.418805613401040E+00  0.592995639274299E-17
  0.00000000  0.00000000  0.01750000    0.1448D+00  0.238893633456672E+01 -0.338375949062653E-16    0.418596337428711E+00  0.592912129561964E-17
  0.00000000  0.00000000  0.01750000    0.1492D+00  0.239020715790710E+01 -0.338685023849462E-16    0.418373778478521E+00  0.592822813174317E-17
  0.00000000  0.00000000  0.01750000    0.1537D+00  0.239156024277502E+01 -0.339013924177779E-16    0.418137073076471E+00  0.592727239115593E-17
  0.00000000  0.00000000  0.01750000    0.1585D+00  0.239300114860842E+01 -0.339363968566483E-16    0.417885298793744E+00  0.592624928269274E-17
  0.00000000  0.00000000  0.01750000    0.1633D+00  0.239453584255325E+01 -0.339736561219134E-16    0.417617469836542E+00  0.592515345086748E-17
  0.00000000  0.00000000  0.01750000    0.1683D+00  0.239617073368465E+01 -0.340133222976042E-16    0.417332532253358E+00  0.592397934139734E-17
  0.00000000  0.00000000  0.01750000    0.1734D+00  0.239791271068067E+01 -0.340555568876834E-16    0.417029358719293E+00  0.592272061716025E-17
  0.00000000  0.00000000  0.01750000    0.1787D+00  0.239976918337450E+01 -0.341005332808236E-16    0.416706742851753E+00  0.592137037653685E-17
  0.00000000  0.00000000  0.01750000    0.1842D+00  0.240174812867422E+01 -0.341484393750857E-16    0.416363393005747E+00  0.591992137489883E-17
  0.00000000  0.00000000  0.01750000    0.1898D+00  0.240385814141301E+01 -0.341994747566931E-16    0.415997925489975E+00  0.591836527560997E-17
  0.00000000  0.00000000  0.01750000    0.1956D+00  0.240610849078064E+01 -0.342538549957545E-16    0.415608857136595E+00  0.591669310916623E-17
  0.00000000  0.00000000  0.01750000    0.2016D+00  0.240850918308960E+01 -0.343118126230766E-16    0.415194597147939E+00  0.591489512245876E-17
  0.00000000  0.00000000  0.01750000    0.2078D+00  0.241107103175238E+01 -0.343735972515149E-16    0.414753438132097E+00  0.591296044508157E-17
  0.00000000  0.00000000  0.01750000    0.2141D+00  0.241380573549198E+01 -0.344394781544210E-16    0.414283546225887E+00  0.591087713903144E-17
  0.00000000  0.00000000  0.01750000    0.2207D+00  0.241672596598247E+01 -0.345097469951238E-16    0.413782950187929E+00  0.590863222511714E-17
  0.00000000  0.00000000  0.01750000    0.2274D+00  0.241984546632574E+01 -0.345847166488496E-16    0.413249529325683E+00  0.590621098573710E-17
  0.00000000  0.00000000  0.01750000    0.2343D+00  0.242317916202411E+01 -0.346647279646808E-16    0.412681000097693E+00  0.590359756668979E-17
  0.00000000  0.00000000  0.01750000    0.2415D+00  0.242674328641473E+01 -0.347501485445968E-16    0.412074901205311E+00  0.590077413978983E-17
  0.00000000  0.00000000  0.01750000    0.2489D+00  0.243055552290582E+01 -0.348413769545903E-16    0.411428576955305E+00  0.589772091379864E-17
  0.00000000  0.00000000  0.01750000    0.2565D+00  0.243463516681262E+01 -0.349388471400317E-16    0.410739158635082E+00  0.589441608073216E-17
  0.00000000  0.00000000  0.01750000    0.2643D+00  0.243900331015572E+01 -0.350430299557177E-16    0.410003543593450E+00  0.589083516216236E-17
  0.00000000  0.00000000  0.01750000    0.2724D+00  0.244368305348370E+01 -0.351544392746970E-16    0.409218371660108E+00  0.588695100050200E-17
  0.00000000  0.00000000  0.01750000    0.2807D+00  0.244869974965587E+01 -0.352736347794603E-16    0.408379998462667E+00  0.588273303782266E-17
  0.00000000  0.00000000  0.01750000    0.2893D+00  0.245408128561814E+01 -0.354012305675470E-16    0.407484465107324E+00  0.587814738920698E-17
  0.00000000  0.00000000  0.01750000    0.2981D+00  0.245985840959407E+01 -0.355378977245486E-16    0.406527463572597E+00  0.587315569315519E-17
  0.00000000  0.00000000  0.01750000    0.3072D+00  0.246606511288718E+01 -0.356843737632551E-16    0.405504297017218E+00  0.586771485543919E-17
  0.00000000  0.00000000  0.01750000    0.3166D+00  0.247273907777176E+01 -0.358414728884369E-16    0.404409834013349E+00  0.586177661521333E-17
  0.00000000  0.00000000  0.01750000    0.3262D+00  0.247992220591606E+01 -0.360100932168359E-16    0.403238455470263E+00  0.585528624061549E-17
  0.00000000  0.00000000  0.01750000    0.3362D+00  0.248766124567225E+01 -0.361912292432168E-16    0.401983992691806E+00  0.584818164326925E-17
  0.00000000  0.00000000  0.01750000    0.3464D+00  0.249600854173180E+01 -0.363859883201319E-16    0.400639654584745E+00  0.584039259023844E-17
  0.00000000  0.00000000  0.01750000    0.3570D+00  0.250502293757684E+01 -0.365956054921346E-16    0.399197941463690E+00  0.583183896639641E-17
  0.00000000  0.00000000  0.01750000    0.3679D+00  0.251477087058814E+01 -0.368214662170832E-16    0.397650542121210E+00  0.582242946034148E-17
  0.00000000  0.00000000  0.01750000    0.3791D+00  0.252532771268101E+01 -0.370651299961533E-16    0.395988209759260E+00  0.581205932123905E-17
  0.00000000  0.00000000  0.01750000    0.3907D+00  0.253677942757663E+01 -0.373283649415437E-16    0.394200610872698E+00  0.580060848131861E-17
  0.00000000  0.00000000  0.01750000    0.4026D+00  0.254922464182397E+01 -0.376131851017648E-16    0.392276139024179E+00  0.578793833467931E-17
  0.00000000  0.00000000  0.01750000    0.4149D+00  0.256277726450482E+01 -0.379219017981597E-16    0.390201682311717E+00  0.577388838392118E-17
  0.00000000  0.00000000  0.01750000    0.4276D+00  0.257756984674180E+01 -0.382571908919005E-16    0.387962328650011E+00  0.575827222870074E-17
  0.00000000  0.00000000  0.01750000    0.4406D+00  0.259375795766878E+01 -0.386221757119863E-16    0.385540985828446E+00  0.574087171658140E-17
  0.00000000  0.00000000  0.01750000    0.4540D+00  0.261152598737833E+01 -0.390205448678899E-16    0.382917882047915E+00  0.572143048523431E-17
  0.00000000  0.00000000  0.01750000    0.4679D+00  0.263109500351060E+01 -0.394567107191924E-16    0.380069894346546E+00  0.569964514937563E-17
  0.00000000  0.00000000  0.01750000    0.4822D+00  0.265273365004574E+01 -0.399360273114597E-16    0.376969621500732E+00  0.567515291238691E-17
  0.00000000  0.00000000  0.01750000    0.4969D+00  0.267677370885852E+01 -0.404651169839813E-16    0.373584063789404E+00  0.564751618508533E-17
  0.00000000  0.00000000  0.01750000    0.5120D+00  0.270363310453581E+01 -0.410523419579097E-16    0.369872671821604E+00  0.561619821085643E-17
  0.00000000  0.00000000  0.01750000    0.5276D+00  0.273385139271767E+01 -0.417085484743981E-16    0.365784329998244E+00  0.558052771249609E-17
  0.00000000  0.00000000  0.01750000    0.5437D+00  0.276814750862025E+01 -0.424482613217411E-16    0.361252424910852E+00  0.553963879741791E-17
  0.00000000  0.00000000  0.01750000    0.5603D+00  0.280752043974908E+01 -0.432917262931079E-16    0.356186186872205E+00  0.549236069420581E-17
  0.00000000  0.00000000  0.01750000    0.5774D+00  0.285344174686801E+01 -0.442686145270325E-16    0.350453974081516E+00  0.543698216552338E-17
  0.00000000  0.00000000  0.01750000    0.5950D+00  0.290827590483104E+01 -0.454253110709412E-16    0.343846331202231E+00  0.537064813194560E-17
  0.00000000  0.00000000  0.01750000    0.6131D+00  0.297641762928557E+01 -0.468407288636272E-16    0.335974357281316E+00  0.528732380150663E-17
  0.00000000  0.00000000  0.01750000    0.6318D+00  0.307000991146409E+01 -0.486623754826892E-16    0.325731847400811E+00  0.516313820541674E-17
  0.00000000  0.00000000  0.01750000    0.6511D+00  0.322785285045081E+01  0.144569382076900E-01    0.309797251298999E+00 -0.138752289105010E-02
  0.00000000  0.00000000  0.01750000    0.6709D+00  0.334220723075779E+01  0.213037419944845E+00    0.297992730239676E+00 -0.189945141128148E-01
  0.00000000  0.00000000  0.01750000    0.6914D+00  0.335070270614353E+01  0.344999202183443E+00    0.295314108581503E+00 -0.304064970214547E-01
  0.00000000  0.00000000  0.01750000    0.7125D+00  0.335561504126161E+01  0.426470577519965E+00    0.293270966780310E+00 -0.372722845245128E-01
  0.00000000  0.00000000  0.01750000    0.7342D+00  0.336763892819037E+01  0.510613758888445E+00    0.290270701570062E+00 -0.440119078037622E-01
  0.00000000  0.00000000  0.01750000    0.7565D+00  0.338591908570930E+01  0.569549881659320E+00    0.287214050453428E+00 -0.483126513970950E-01
  0.00000000  0.00000000  0.01750000    0.7796D+00  0.342156717663291E+01  0.636827884993461E+00    0.282478322006024E+00 -0.525753443007436E-01
  0.00000000  0.00000000  0.01750000    0.8034D+00  0.346478748252171E+01  0.706290698881976E+00    0.277103218360225E+00 -0.564869928517649E-01
  0.00000000  0.00000000  0.01750000    0.8279D+00  0.353070174274945E+01  0.768291831426001E+00    0.270424889891162E+00 -0.588453086824217E-01
  0.00000000  0.00000000  0.01750000    0.8531D+00  0.362714973056081E+01  0.857605801026616E+00    0.261101879478082E+00 -0.617351096958255E-01
  0.00000000  0.00000000  0.01750000    0.8791D+00  0.376473247304410E+01  0.960509405976868E+00    0.249389581084502E+00 -0.636276389091216E-01
  0.00000000  0.00000000  0.01750000    0.9059D+00  0.398726533404417E+01  0.113261113069219E+01    0.232072859183744E+00 -0.659219493618376E-01
  0.00000000  0.00000000  0.01750000    0.9335D+00  0.426728900360867E+01  0.154513589919206E+01    0.207178107867591E+00 -0.750167920949785E-01
  0.00000000  0.00000000  0.01750000    0.9619D+00  0.409264812812056E+01  0.258620747726873E+01    0.174614156586086E+00 -0.110341378799963E+00
  0.00000000  0.00000000  0.01750000    0.9913D+00  0.338703386155154E+01  0.265255390364434E+01    0.183003373311817E+00 -0.143319001846641E+00
  0.00000000  0.00000000  0.01750000    0.1021D+01  0.307382274902619E+01  0.256110800680887E+01    0.192021985108402E+00 -0.159992648795466E+00
  0.00000000  0.00000000  0.01750000    0.1053D+01  0.296930594481397E+01  0.250420216297892E+01    0.196801701471550E+00 -0.165975233156334E+00
  0.00000000  0.00000000  0.01750000    0.1085D+01  0.317998231620213E+01  0.242516883333026E+01    0.198826792595814E+00 -0.151632459771119E+00
  0.00000000  0.00000000  0.01750000    0.1118D+01  0.338793858452333E+01  0.321593953225139E+01    0.155264769302509E+00 -0.147382278960669E+00
  0.00000000  0.00000000  0.01750000    0.1152D+01  0.252605887186634E+01  0.468175139655146E+01    0.892607576263453E-01 -0.165434258610777E+00
  0.00000000  0.00000000  0.01750000    0.1187D+01  0.927855024168558E+00  0.394763459219988E+01    0.564226234585512E-01 -0.240054636064763E+00
  0.00000000  0.00000000  0.01750000    0.1223D+01  0.425723604904486E+00  0.313664500669807E+01    0.424883080553003E-01 -0.313045219408511E+00
  0.00000000  0.00000000  0.01750000    0.1260D+01  0.363879382319121E+00  0.247141217391864E+01    0.583113278132022E-01 -0.396041469886094E+00
  0.00000000  0.00000000  0.01750000    0.1299D+01  0.385559121897494E+00  0.219699616442487E+01    0.774923430446315E-01 -0.441567507477142E+00
  0.00000000  0.00000000  0.01750000    0.1338D+01  0.391606707529106E+00  0.162635649505025E+01    0.139939940777581E+00 -0.581175519276954E+00
  0.00000000  0.00000000  0.01750000    0.1379D+01  0.976951104355729E+00  0.106181745587357E+01    0.469261686416179E+00 -0.510025781011799E+00
  0.00000000  0.00000000  0.01750000    0.1421D+01  0.142632691366632E+01  0.178624029371139E+01    0.272977943844153E+00 -0.341860058810461E+00
  0.00000000  0.00000000  0.01750000    0.1464D+01  0.127412789531765E+01  0.181265038240211E+01    0.259543916030857E+00 -0.369242664235197E+00
  0.00000000  0.00000000  0.01750000    0.1509D+01  0.136204202573575E+01  0.210040947011279E+01    0.217339787692728E+00 -0.335160398634185E+00
  0.00000000  0.00000000  0.01750000    0.1555D+01  0.109015914805215E+01  0.266677296254317E+01    0.131342497590263E+00 -0.321293108471766E+00
  0.00000000  0.00000000  0.01750000    0.1602D+01  0.246073537968092E+00  0.240355177288826E+01    0.421531069046007E-01 -0.411735352244333E+00
  0.00000000  0.00000000  0.01750000    0.1651D+01  0.144262340017870E+00  0.186060195098270E+01    0.414231371338912E-01 -0.534248714928616E+00
  0.00000000  0.00000000  0.01750000    0.1701D+01  0.276720989140148E+00  0.229990621851015E+01    0.515679479588475E-01 -0.428595765557539E+00
  0.00000000  0.00000000  0.01750000    0.1753D+01 -0.687666176474077E+00  0.172834234238641E+01   -0.198744461630115E+00 -0.499513397781702E+00
  0.00000000  0.00000000  0.01750000    0.1807D+01 -0.568535993176538E+00  0.977166196096295E+00   -0.444833579616398E+00 -0.764553769869556E+00
  0.00000000  0.00000000  0.01750000    0.1862D+01 -0.193737428588703E+00  0.662786715553713E+00   -0.406311097076464E+00 -0.139001327459571E+01
  0.00000000  0.00000000  0.01750000    0.1919D+01  0.857203062705756E-01  0.691686737213736E+00    0.176459649646513E+00 -0.142387264609871E+01
  0.00000000  0.00000000  0.01750000    0.1977D+01  0.128291698384661E+00  0.770160082573635E+00    0.210450427054136E+00 -0.126337495191387E+01
  0.00000000  0.00000000  0.01750000    0.2037D+01  0.105422561144770E-01  0.532358783780230E+00    0.371838570531988E-01 -0.187769607398510E+01
  0.00000000  0.00000000  0.01750000    0.2099D+01  0.155812272872717E+00  0.427545964614316E+00    0.752450877980780E+00 -0.206471114579006E+01
  0.00000000  0.00000000  0.01750000    0.2163D+01  0.252737938400070E+00  0.333873058362945E+00    0.144135315482509E+01 -0.190406311386766E+01
  0.00000000  0.00000000  0.01750000    0.2229D+01  0.352834567629991E+00  0.288916496798060E+00    0.169660573336928E+01 -0.138925556026187E+01
  0.00000000  0.00000000  0.01750000    0.2297D+01  0.431432307163391E+00  0.254985143450110E+00    0.171781861179831E+01 -0.101526524063664E+01
  0.00000000  0.00000000  0.01750000    0.2367D+01  0.502148054187961E+00  0.223073755248842E+00    0.166321239980960E+01 -0.738863832504444E+00
  0.00000000  0.00000000  0.01750000    0.2439D+01  0.584398425490061E+00  0.190929669301337E+00    0.154612714497199E+01 -0.505137474043969E+00
  0.00000000  0.00000000  0.01750000    0.2513D+01  0.677362529308845E+00  0.199492667490194E+00    0.135848174836308E+01 -0.400091732257791E+00
  0.00000000  0.00000000  0.01750000    0.2590D+01  0.745729184909086E+00  0.266818038594682E+00    0.118878458301341E+01 -0.425340964481501E+00
  0.00000000  0.00000000  0.01750000    0.2669D+01  0.694833952823246E+00  0.270574538721664E+00    0.124969055855930E+01 -0.486640649975574E+00
  0.00000000  0.00000000  0.01750000    0.2750D+01  0.739000306008440E+00  0.361938217535230E+00    0.109138633345049E+01 -0.534525386471043E+00
  0.00000000  0.00000000  0.01750000    0.2834D+01  0.626455884393291E+00  0.255926434559693E+00    0.136797094298655E+01 -0.558858069245967E+00
  0.00000000  0.00000000  0.01750000    0.2920D+01  0.684465134838440E+00  0.240840088954000E+00    0.130003746426764E+01 -0.457439134005933E+00
  0.00000000  0.00000000  0.01750000    0.3009D+01  0.692746252052057E+00  0.214922744244921E+00    0.131678489189945E+01 -0.408529128391467E+00
  0.00000000  0.00000000  0.01750000    0.3101D+01  0.723306986370506E+00  0.178021368591299E+00    0.130357384645861E+01 -0.320837493041319E+00
  0.00000000  0.00000000  0.01750000    0.3195D+01  0.764784252372954E+00  0.180746968129609E+00    0.123838781613445E+01 -0.292677107877731E+00
  0.00000000  0.00000000  0.01750000    0.3293D+01  0.765924478498851E+00  0.186374913404216E+00    0.123262659506695E+01 -0.299939068882599E+00
  0.00000000  0.00000000  0.01750000    0.3393D+01  0.771857380370207E+00  0.171052164665756E+00    0.123492703770795E+01 -0.273673541740183E+00
  0.00000000  0.00000000  0.01750000    0.3496D+01  0.783142720952898E+00  0.155488875624888E+00    0.122847976652567E+01 -0.243908207935053E+00
  0.00000000  0.00000000  0.01750000    0.3603D+01  0.800339547071717E+00  0.110114619789577E+00    0.122625712716370E+01 -0.168714438535410E+00
  0.00000000  0.00000000  0.01750000    0.3713D+01  0.874161700496338E+00  0.952793395082955E-01    0.113052258412758E+01 -0.123221418936254E+00
  0.00000000  0.00000000  0.01750000    0.3826D+01  0.911356964206630E+00  0.211854614033362E+00    0.104101080681695E+01 -0.241994027965491E+00
  0.00000000  0.00000000  0.01750000    0.3942D+01  0.826470411844257E+00  0.231015645291114E+00    0.112227893028462E+01 -0.313700269919864E+00
  0.00000000  0.00000000  0.01750000    0.4062D+01  0.800222135361906E+00  0.139916116464426E+00    0.121258274013064E+01 -0.212015964559818E+00
  0.00000000  0.00000000  0.01750000    0.4186D+01  0.822326438478791E+00  0.141539232397252E+00    0.118107226670723E+01 -0.203286741387843E+00
  0.00000000  0.00000000  0.01750000    0.4313D+01  0.824642702192788E+00  0.117011229397867E+00    0.118871320808775E+01 -0.168670375072709E+00
  0.00000000  0.00000000  0.01750000    0.4445D+01  0.841767959911518E+00  0.108694241849171E+00    0.116849290626314E+01 -0.150882970843600E+00
  0.00000000  0.00000000  0.01750000    0.4580D+01  0.853222111958166E+00  0.825525755617101E-01    0.116115779058747E+01 -0.112346556544986E+00
  0.00000000  0.00000000  0.01750000    0.4720D+01  0.881461471771553E+00  0.873943513268830E-01    0.112343599219355E+01 -0.111385424025061E+00
  0.00000000  0.00000000  0.01750000    0.4863D+01  0.895198403977350E+00  0.859256387840671E-01    0.110687304385862E+01 -0.106243233817051E+00
  0.00000000  0.00000000  0.01750000    0.5012D+01  0.905363710436012E+00  0.102596452805070E+00    0.109052441813356E+01 -0.123578994505903E+00
  0.00000000  0.00000000  0.01750000    0.5164D+01  0.902505917782980E+00  0.993774394719144E-01    0.109475229526515E+01 -0.120546223371815E+00
  0.00000000  0.00000000  0.01750000    0.5322D+01  0.912228140441299E+00  0.981046906186730E-01    0.108368342763342E+01 -0.116543683189963E+00
  0.00000000  0.00000000  0.01750000    0.5484D+01  0.916053621037993E+00  0.108024371329695E+00    0.107666704023958E+01 -0.126964489285568E+00
  0.00000000  0.00000000  0.01750000    0.5651D+01  0.917316813010527E+00  0.121125051640486E+00    0.107145478360750E+01 -0.141477856018992E+00
  0.00000000  0.00000000  0.01750000    0.5823D+01  0.871366890561042E+00  0.128905113184284E+00    0.112304485092805E+01 -0.166136934037850E+00
  0.00000000  0.00000000  0.01750000    0.6000D+01  0.858615990611633E+00  0.881101465332427E-01    0.115252817335801E+01 -0.118271063372494E+00
  0.00000000  0.00000000  0.01750000    0.6183D+01  0.871566768195084E+00  0.658929322010484E-01    0.114083823506226E+01 -0.862506226929648E-01
  0.00000000  0.00000000  0.01750000    0.6371D+01  0.886940643857141E+00  0.390961019218369E-01    0.112528471047916E+01 -0.496022434383603E-01
  0.00000000  0.00000000  0.01750000    0.6565D+01  0.909097915563246E+00  0.423411696110431E-01    0.109761055919544E+01 -0.511211323424628E-01
  0.00000000  0.00000000  0.01750000    0.6765D+01  0.924577667147259E+00  0.342959418152546E-01    0.108008876777553E+01 -0.400644130300412E-01
  0.00000000  0.00000000  0.01750000    0.6971D+01  0.937253252291574E+00  0.510888978767577E-01    0.106378670866351E+01 -0.579861316977912E-01
  0.00000000  0.00000000  0.01750000    0.7184D+01  0.935401058817451E+00  0.566612629086688E-01    0.106515185023462E+01 -0.645208260722924E-01
  0.00000000  0.00000000  0.01750000    0.7402D+01  0.935385904133885E+00  0.490874651865258E-01    0.106614135065372E+01 -0.559492891680771E-01
  0.00000000  0.00000000  0.01750000    0.7628D+01  0.950173007967881E+00  0.446391308409441E-01    0.105012216890717E+01 -0.493347427297239E-01
  0.00000000  0.00000000  0.01750000    0.7860D+01  0.950858979742524E+00  0.813460113877954E-01    0.104403953665569E+01 -0.893176105473592E-01
  0.00000000  0.00000000  0.01750000    0.8100D+01  0.929181214251151E+00  0.675913390826788E-01    0.107055147875212E+01 -0.778750225424162E-01
  0.00000000  0.00000000  0.01750000    0.8346D+01  0.922351921910112E+00  0.707598401851470E-01    0.107784128041035E+01 -0.826884781557636E-01
  0.00000000  0.00000000  0.01750000    0.8600D+01  0.914848757349248E+00  0.461650106551434E-01    0.109030050692098E+01 -0.550186400921134E-01
  0.00000000  0.00000000  0.01750000    0.8862D+01  0.919287581948493E+00  0.459592189313924E-01    0.108508676990372E+01 -0.542482476613683E-01
  0.00000000  0.00000000  0.01750000    0.9132D+01  0.927321926594748E+00  0.230387758435208E-01    0.107770894536989E+01 -0.267750541692785E-01
  0.00000000  0.00000000  0.01750000    0.9410D+01  0.934875086205094E+00  0.454928327643981E-01    0.106713466289561E+01 -0.519288399836040E-01
  0.00000000  0.00000000  0.01750000    0.9697D+01  0.924164448698517E+00  0.298626147597353E-01    0.108092986513635E+01 -0.349281907460495E-01
  0.00000000  0.00000000  0.01750000    0.9992D+01  0.925338750423431E+00  0.283226992543896E-01    0.107967382897910E+01 -0.330465757940184E-01
  0.00000000  0.00000000  0.01750000    0.1030D+02  0.925909756089015E+00  0.133572459776452E-01    0.107979414301676E+01 -0.155771940825180E-01
  0.00000000  0.00000000  0.01750000    0.1061D+02  0.933595324760235E+00  0.769486198458736E-02    0.107105513978218E+01 -0.882783070986715E-02
  0.00000000  0.00000000  0.01750000    0.1093D+02  0.940445742197481E+00  0.257606560952109E-02    0.106331758653365E+01 -0.291263572555270E-02
  0.00000000  0.00000000  0.01750000    0.1127D+02  0.947643095450539E+00  0.295661488141357E-03    0.105524950000576E+01 -0.329234327807551E-03
  0.00000000  0.00000000  0.01750000    0.1161D+02  0.953515115569395E+00  0.134117813734787E-05    0.104875107239477E+01 -0.147513341618718E-05
  0.00000000  0.00000000  0.01750000    0.1196D+02  0.957943243037595E+00  0.479863625654146E-05    0.104390318240980E+01 -0.522923638309339E-05
  0.00000000  0.00000000  0.01750000    0.1233D+02  0.961559063091602E+00 -0.341776866975571E-19    0.103997771783753E+01  0.369650019192899E-19
  0.00000000  0.00000000  0.01750000    0.1270D+02  0.964665902151372E+00 -0.312693373199070E-19    0.103662832672931E+01  0.336019763439128E-19
  0.00000000  0.00000000  0.01750000    0.1309D+02  0.967392759092275E+00 -0.281542614170792E-19    0.103370631070086E+01  0.300842004722721E-19
