 q(1:3)   w(Ry)   eps    epsi  --- NO LFC
  0.00000000  0.00000000  0.04000000    0.0000D+00  0.247983987877567E+01 -0.294714698599940E-17    0.403251842410774E+00  0.479241608351894E-18
  0.00000000  0.00000000  0.04000000    0.1015D-04  0.247983987888246E+01 -0.294714698616831E-17    0.403251842393409E+00  0.479241608338086E-18
  0.00000000  0.00000000  0.04000000    0.3076D-04  0.247983987975630E+01 -0.294714698755133E-17    0.403251842251312E+00  0.479241608225234E-18
  0.00000000  0.00000000  0.04000000    0.5200D-04  0.247983988157787E+01 -0.294714699043471E-17    0.403251841955102E+00  0.479241607990048E-18
  0.00000000  0.00000000  0.04000000    0.7389D-04  0.247983988443297E+01 -0.294714699495401E-17    0.403251841490829E+00  0.479241607621418E-18
  0.00000000  0.00000000  0.04000000    0.9644D-04  0.247983988841353E+01 -0.294714700125467E-17    0.403251840843542E+00  0.479241607107454E-18
  0.00000000  0.00000000  0.04000000    0.1197D-03  0.247983989361807E+01 -0.294714700949330E-17    0.403251839997221E+00  0.479241606435547E-18
  0.00000000  0.00000000  0.04000000    0.1436D-03  0.247983990015205E+01 -0.294714701983560E-17    0.403251838934717E+00  0.479241605591879E-18
  0.00000000  0.00000000  0.04000000    0.1683D-03  0.247983990812836E+01 -0.294714703246096E-17    0.403251837637673E+00  0.479241604561990E-18
  0.00000000  0.00000000  0.04000000    0.1937D-03  0.247983991766782E+01 -0.294714704756086E-17    0.403251836086443E+00  0.479241603330321E-18
  0.00000000  0.00000000  0.04000000    0.2199D-03  0.247983992889967E+01 -0.294714706533958E-17    0.403251834260008E+00  0.479241601880130E-18
  0.00000000  0.00000000  0.04000000    0.2469D-03  0.247983994196213E+01 -0.294714708601580E-17    0.403251832135895E+00  0.479241600193559E-18
  0.00000000  0.00000000  0.04000000    0.2748D-03  0.247983995700300E+01 -0.294714710982376E-17    0.403251829690069E+00  0.479241598251573E-18
  0.00000000  0.00000000  0.04000000    0.3034D-03  0.247983997418027E+01 -0.294714713701300E-17    0.403251826896838E+00  0.479241596033682E-18
  0.00000000  0.00000000  0.04000000    0.3330D-03  0.247983999366279E+01 -0.294714716785159E-17    0.403251823728745E+00  0.479241593518216E-18
  0.00000000  0.00000000  0.04000000    0.3634D-03  0.247984001563097E+01 -0.294714720262426E-17    0.403251820156455E+00  0.479241590681748E-18
  0.00000000  0.00000000  0.04000000    0.3948D-03  0.247984004027751E+01 -0.294714724163657E-17    0.403251816148630E+00  0.479241587499480E-18
  0.00000000  0.00000000  0.04000000    0.4271D-03  0.247984006780826E+01 -0.294714728521443E-17    0.403251811671801E+00  0.479241583944855E-18
  0.00000000  0.00000000  0.04000000    0.4604D-03  0.247984009844294E+01 -0.294714733370515E-17    0.403251806690232E+00  0.479241579989415E-18
  0.00000000  0.00000000  0.04000000    0.4948D-03  0.247984013241621E+01 -0.294714738748072E-17    0.403251801165770E+00  0.479241575602959E-18
  0.00000000  0.00000000  0.04000000    0.5301D-03  0.247984016997850E+01 -0.294714744693695E-17    0.403251795057691E+00  0.479241570753054E-18
  0.00000000  0.00000000  0.04000000    0.5666D-03  0.247984021139705E+01 -0.294714751249716E-17    0.403251788322537E+00  0.479241565405244E-18
  0.00000000  0.00000000  0.04000000    0.6041D-03  0.247984025695703E+01 -0.294714758461324E-17    0.403251780913939E+00  0.479241559522798E-18
  0.00000000  0.00000000  0.04000000    0.6428D-03  0.247984030696266E+01 -0.294714766376611E-17    0.403251772782423E+00  0.479241553066327E-18
  0.00000000  0.00000000  0.04000000    0.6827D-03  0.247984036173843E+01 -0.294714775046932E-17    0.403251763875227E+00  0.479241545993925E-18
  0.00000000  0.00000000  0.04000000    0.7238D-03  0.247984042163041E+01 -0.294714784527060E-17    0.403251754136072E+00  0.479241538260898E-18
  0.00000000  0.00000000  0.04000000    0.7662D-03  0.247984048700764E+01 -0.294714794875482E-17    0.403251743504953E+00  0.479241529819723E-18
  0.00000000  0.00000000  0.04000000    0.8098D-03  0.247984055826358E+01 -0.294714806154401E-17    0.403251731917884E+00  0.479241520619464E-18
  0.00000000  0.00000000  0.04000000    0.8548D-03  0.247984063581762E+01 -0.294714818430237E-17    0.403251719306669E+00  0.479241510606032E-18
  0.00000000  0.00000000  0.04000000    0.9011D-03  0.247984072011688E+01 -0.294714831773711E-17    0.403251705598603E+00  0.479241499721615E-18
  0.00000000  0.00000000  0.04000000    0.9488D-03  0.247984081163782E+01 -0.294714846260343E-17    0.403251690716207E+00  0.479241487904860E-18
  0.00000000  0.00000000  0.04000000    0.9980D-03  0.247984091088818E+01 -0.294714861970437E-17    0.403251674576915E+00  0.479241475090102E-18
  0.00000000  0.00000000  0.04000000    0.1049D-02  0.247984101840896E+01 -0.294714878989627E-17    0.403251657092756E+00  0.479241461207490E-18
  0.00000000  0.00000000  0.04000000    0.1101D-02  0.247984113477657E+01 -0.294714897409191E-17    0.403251638169999E+00  0.479241446182669E-18
  0.00000000  0.00000000  0.04000000    0.1155D-02  0.247984126060497E+01 -0.294714917326205E-17    0.403251617708806E+00  0.479241429936190E-18
  0.00000000  0.00000000  0.04000000    0.1210D-02  0.247984139654821E+01 -0.294714938844293E-17    0.403251595602823E+00  0.479241412383765E-18
  0.00000000  0.00000000  0.04000000    0.1267D-02  0.247984154330282E+01 -0.294714962073703E-17    0.403251571738786E+00  0.479241393435457E-18
  0.00000000  0.00000000  0.04000000    0.1326D-02  0.247984170161061E+01 -0.294714987131778E-17    0.403251545996069E+00  0.479241372995357E-18
  0.00000000  0.00000000  0.04000000    0.1387D-02  0.247984187226143E+01 -0.294715014143681E-17    0.403251518246232E+00  0.479241350961712E-18
  0.00000000  0.00000000  0.04000000    0.1450D-02  0.247984205609637E+01 -0.294715043242433E-17    0.403251488352506E+00  0.479241327225746E-18
  0.00000000  0.00000000  0.04000000    0.1514D-02  0.247984225401080E+01 -0.294715074569778E-17    0.403251456169294E+00  0.479241301671873E-18
  0.00000000  0.00000000  0.04000000    0.1580D-02  0.247984246695797E+01 -0.294715108276614E-17    0.403251421541588E+00  0.479241274177041E-18
  0.00000000  0.00000000  0.04000000    0.1649D-02  0.247984269595255E+01 -0.294715144523523E-17    0.403251384304391E+00  0.479241244610190E-18
  0.00000000  0.00000000  0.04000000    0.1719D-02  0.247984294207457E+01 -0.294715183481489E-17    0.403251344282080E+00  0.479241212831923E-18
  0.00000000  0.00000000  0.04000000    0.1792D-02  0.247984320647351E+01 -0.294715225332451E-17    0.403251301287739E+00  0.479241178693810E-18
  0.00000000  0.00000000  0.04000000    0.1867D-02  0.247984349037268E+01 -0.294715270270056E-17    0.403251255122441E+00  0.479241142037916E-18
  0.00000000  0.00000000  0.04000000    0.1944D-02  0.247984379507389E+01 -0.294715318500376E-17    0.403251205574505E+00  0.479241102696187E-18
  0.00000000  0.00000000  0.04000000    0.2024D-02  0.247984412196234E+01 -0.294715370242566E-17    0.403251152418678E+00  0.479241060489596E-18
  0.00000000  0.00000000  0.04000000    0.2106D-02  0.247984447251197E+01 -0.294715425730055E-17    0.403251095415289E+00  0.479241015228040E-18
  0.00000000  0.00000000  0.04000000    0.2190D-02  0.247984484829088E+01 -0.294715485210964E-17    0.403251034309346E+00  0.479240966708906E-18
  0.00000000  0.00000000  0.04000000    0.2277D-02  0.247984525096739E+01 -0.294715548949413E-17    0.403250968829566E+00  0.479240914716863E-18
  0.00000000  0.00000000  0.04000000    0.2367D-02  0.247984568231631E+01 -0.294715617226347E-17    0.403250898687351E+00  0.479240859022788E-18
  0.00000000  0.00000000  0.04000000    0.2459D-02  0.247984614422554E+01 -0.294715690340472E-17    0.403250823575711E+00  0.479240799382718E-18
  0.00000000  0.00000000  0.04000000    0.2554D-02  0.247984663870325E+01 -0.294715768609800E-17    0.403250743168101E+00  0.479240735537605E-18
  0.00000000  0.00000000  0.04000000    0.2652D-02  0.247984716788540E+01 -0.294715852372343E-17    0.403250657117194E+00  0.479240667211527E-18
  0.00000000  0.00000000  0.04000000    0.2753D-02  0.247984773404378E+01 -0.294715941987746E-17    0.403250565053582E+00  0.479240594111248E-18
  0.00000000  0.00000000  0.04000000    0.2858D-02  0.247984833959446E+01 -0.294716037838253E-17    0.403250466584393E+00  0.479240515924511E-18
  0.00000000  0.00000000  0.04000000    0.2965D-02  0.247984898710689E+01 -0.294716140330821E-17    0.403250361291816E+00  0.479240432319964E-18
  0.00000000  0.00000000  0.04000000    0.3075D-02  0.247984967931348E+01 -0.294716249897781E-17    0.403250248731544E+00  0.479240342944533E-18
  0.00000000  0.00000000  0.04000000    0.3189D-02  0.247985041911979E+01 -0.294716366999102E-17    0.403250128431110E+00  0.479240247423154E-18
  0.00000000  0.00000000  0.04000000    0.3307D-02  0.247985120961542E+01 -0.294716492123814E-17    0.403249999888131E+00  0.479240145356902E-18
  0.00000000  0.00000000  0.04000000    0.3428D-02  0.247985205408545E+01 -0.294716625791772E-17    0.403249862568431E+00  0.479240036321411E-18
  0.00000000  0.00000000  0.04000000    0.3553D-02  0.247985295602271E+01 -0.294716768555967E-17    0.403249715904059E+00  0.479239919865909E-18
  0.00000000  0.00000000  0.04000000    0.3681D-02  0.247985391914077E+01 -0.294716921004128E-17    0.403249559291171E+00  0.479239795510789E-18
  0.00000000  0.00000000  0.04000000    0.3813D-02  0.247985494738776E+01 -0.294717083761217E-17    0.403249392087785E+00  0.479239662746341E-18
  0.00000000  0.00000000  0.04000000    0.3950D-02  0.247985604496091E+01 -0.294717257491491E-17    0.403249213611414E+00  0.479239521030461E-18
  0.00000000  0.00000000  0.04000000    0.4090D-02  0.247985721632231E+01 -0.294717442901312E-17    0.403249023136512E+00  0.479239369787161E-18
  0.00000000  0.00000000  0.04000000    0.4235D-02  0.247985846621521E+01 -0.294717640741319E-17    0.403248819891811E+00  0.479239208403768E-18
  0.00000000  0.00000000  0.04000000    0.4385D-02  0.247985979968181E+01 -0.294717851809729E-17    0.403248603057442E+00  0.479239036229437E-18
  0.00000000  0.00000000  0.04000000    0.4538D-02  0.247986122208174E+01 -0.294718076954692E-17    0.403248371761925E+00  0.479238852571840E-18
  0.00000000  0.00000000  0.04000000    0.4697D-02  0.247986273911198E+01 -0.294718317078039E-17    0.403248125078928E+00  0.479238656695547E-18
  0.00000000  0.00000000  0.04000000    0.4860D-02  0.247986435682782E+01 -0.294718573138132E-17    0.403247862023864E+00  0.479238447818568E-18
  0.00000000  0.00000000  0.04000000    0.5029D-02  0.247986608166530E+01 -0.294718846153668E-17    0.403247581550240E+00  0.479238225109867E-18
  0.00000000  0.00000000  0.04000000    0.5202D-02  0.247986792046485E+01 -0.294719137207299E-17    0.403247282545819E+00  0.479237987686112E-18
  0.00000000  0.00000000  0.04000000    0.5381D-02  0.247986988049658E+01 -0.294719447449673E-17    0.403246963828503E+00  0.479237734608465E-18
  0.00000000  0.00000000  0.04000000    0.5565D-02  0.247987196948708E+01 -0.294719778103797E-17    0.403246624141985E+00  0.479237464879335E-18
  0.00000000  0.00000000  0.04000000    0.5755D-02  0.247987419564775E+01 -0.294720130469293E-17    0.403246262151132E+00  0.479237177438324E-18
  0.00000000  0.00000000  0.04000000    0.5950D-02  0.247987656770514E+01 -0.294720505927221E-17    0.403245876437065E+00  0.479236871158372E-18
  0.00000000  0.00000000  0.04000000    0.6152D-02  0.247987909493295E+01 -0.294720905945464E-17    0.403245465491953E+00  0.479236544842127E-18
  0.00000000  0.00000000  0.04000000    0.6360D-02  0.247988178718618E+01 -0.294721332083714E-17    0.403245027713462E+00  0.479236197216861E-18
  0.00000000  0.00000000  0.04000000    0.6574D-02  0.247988465493727E+01 -0.294721785999479E-17    0.403244561398882E+00  0.479235826930269E-18
  0.00000000  0.00000000  0.04000000    0.6794D-02  0.247988770931461E+01 -0.294722269453919E-17    0.403244064738875E+00  0.479235432545092E-18
  0.00000000  0.00000000  0.04000000    0.7021D-02  0.247989096214330E+01 -0.294722784318679E-17    0.403243535810836E+00  0.479235012534438E-18
  0.00000000  0.00000000  0.04000000    0.7255D-02  0.247989442598860E+01 -0.294723332582357E-17    0.403242972571848E+00  0.479234565275551E-18
  0.00000000  0.00000000  0.04000000    0.7497D-02  0.247989811420194E+01 -0.294723916357845E-17    0.403242372851198E+00  0.479234089043941E-18
  0.00000000  0.00000000  0.04000000    0.7745D-02  0.247990204096989E+01 -0.294724537890599E-17    0.403241734342418E+00  0.479233582007910E-18
  0.00000000  0.00000000  0.04000000    0.8001D-02  0.247990622136611E+01 -0.294725199565982E-17    0.403241054594851E+00  0.479233042220428E-18
  0.00000000  0.00000000  0.04000000    0.8265D-02  0.247991067140653E+01 -0.294725903918657E-17    0.403240331004676E+00  0.479232467613062E-18
  0.00000000  0.00000000  0.04000000    0.8537D-02  0.247991540810803E+01 -0.294726653641741E-17    0.403239560805390E+00  0.479231855988214E-18
  0.00000000  0.00000000  0.04000000    0.8818D-02  0.247992044955065E+01 -0.294727451596442E-17    0.403238741057680E+00  0.479231205010716E-18
  0.00000000  0.00000000  0.04000000    0.9107D-02  0.247992581494374E+01 -0.294728300822604E-17    0.403237868638698E+00  0.479230512199447E-18
  0.00000000  0.00000000  0.04000000    0.9404D-02  0.247993152469624E+01 -0.294729204550057E-17    0.403236940230633E+00  0.479229774918605E-18
  0.00000000  0.00000000  0.04000000    0.9711D-02  0.247993760049126E+01 -0.294730166210033E-17    0.403235952308601E+00  0.479228990367470E-18
  0.00000000  0.00000000  0.04000000    0.1003D-01  0.247994406536534E+01 -0.294731189447898E-17    0.403234901127773E+00  0.479228155570460E-18
  0.00000000  0.00000000  0.04000000    0.1035D-01  0.247995094379265E+01 -0.294732278136622E-17    0.403233782709699E+00  0.479227267366519E-18
  0.00000000  0.00000000  0.04000000    0.1069D-01  0.247995826177435E+01 -0.294733436390392E-17    0.403232592827803E+00  0.479226322396712E-18
  0.00000000  0.00000000  0.04000000    0.1103D-01  0.247996604693355E+01 -0.294734668580369E-17    0.403231326991952E+00  0.479225317093141E-18
  0.00000000  0.00000000  0.04000000    0.1139D-01  0.247997432861629E+01 -0.294735979349902E-17    0.403229980432076E+00  0.479224247664694E-18
  0.00000000  0.00000000  0.04000000    0.1176D-01  0.247998313799856E+01 -0.294737373632002E-17    0.403228548080790E+00  0.479223110084092E-18
  0.00000000  0.00000000  0.04000000    0.1214D-01  0.247999250820016E+01 -0.294738856667075E-17    0.403227024554903E+00  0.479221900072720E-18
  0.00000000  0.00000000  0.04000000    0.1253D-01  0.248000247440561E+01 -0.294740434021979E-17    0.403225404135806E+00  0.479220613084911E-18
  0.00000000  0.00000000  0.04000000    0.1293D-01  0.248001307399256E+01 -0.294742111610517E-17    0.403223680748628E+00  0.479219244291662E-18
  0.00000000  0.00000000  0.04000000    0.1334D-01  0.248002434666812E+01 -0.294743895714857E-17    0.403221847940116E+00  0.479217788562774E-18
  0.00000000  0.00000000  0.04000000    0.1377D-01  0.248003633461394E+01 -0.294745793008372E-17    0.403219898855097E+00  0.479216240447952E-18
  0.00000000  0.00000000  0.04000000    0.1421D-01  0.248004908263991E+01 -0.294747810580149E-17    0.403217826211545E+00  0.479214594157271E-18
  0.00000000  0.00000000  0.04000000    0.1466D-01  0.248006263834786E+01 -0.294749955960597E-17    0.403215622274028E+00  0.479212843539577E-18
  0.00000000  0.00000000  0.04000000    0.1513D-01  0.248007705230518E+01 -0.294752237149087E-17    0.403213278825560E+00  0.479210982060358E-18
  0.00000000  0.00000000  0.04000000    0.1561D-01  0.248009237822934E+01 -0.294754662642749E-17    0.403210787137675E+00  0.479209002777285E-18
  0.00000000  0.00000000  0.04000000    0.1610D-01  0.248010867318398E+01 -0.294757241467893E-17    0.403208137938647E+00  0.479206898315561E-18
  0.00000000  0.00000000  0.04000000    0.1662D-01  0.248012599778716E+01 -0.294759983212585E-17    0.403205321379732E+00  0.479204660840437E-18
  0.00000000  0.00000000  0.04000000    0.1714D-01  0.248014441643262E+01 -0.294762898061453E-17    0.403202326999318E+00  0.479202282028358E-18
  0.00000000  0.00000000  0.04000000    0.1768D-01  0.248016399752490E+01 -0.294765996833167E-17    0.403199143684836E+00  0.479199753037084E-18
  0.00000000  0.00000000  0.04000000    0.1824D-01  0.248018481372904E+01 -0.294769291019532E-17    0.403195759632310E+00  0.479197064472800E-18
  0.00000000  0.00000000  0.04000000    0.1882D-01  0.248020694223608E+01 -0.294772792827311E-17    0.403192162303373E+00  0.479194206355605E-18
  0.00000000  0.00000000  0.04000000    0.1941D-01  0.248023046504491E+01 -0.294776515222991E-17    0.403188338379633E+00  0.479191168083424E-18
  0.00000000  0.00000000  0.04000000    0.2002D-01  0.248025546926202E+01 -0.294780471979761E-17    0.403184273714169E+00  0.479187938392665E-18
  0.00000000  0.00000000  0.04000000    0.2065D-01  0.248028204741978E+01 -0.294784677727709E-17    0.403179953280029E+00  0.479184505316911E-18
  0.00000000  0.00000000  0.04000000    0.2130D-01  0.248031029781489E+01 -0.294789148007213E-17    0.403175361115495E+00  0.479180856143054E-18
  0.00000000  0.00000000  0.04000000    0.2197D-01  0.248034032486782E+01 -0.294793899325679E-17    0.403170480265965E+00  0.479176977364765E-18
  0.00000000  0.00000000  0.04000000    0.2266D-01  0.248037223950501E+01 -0.294798949217283E-17    0.403165292722178E+00  0.479172854632073E-18
  0.00000000  0.00000000  0.04000000    0.2337D-01  0.248040615956492E+01 -0.294804316307501E-17    0.403159779354606E+00  0.479168472699509E-18
  0.00000000  0.00000000  0.04000000    0.2410D-01  0.248044221022972E+01 -0.294810020380578E-17    0.403153919843747E+00  0.479163815369186E-18
  0.00000000  0.00000000  0.04000000    0.2486D-01  0.248048052448407E+01 -0.294816082451872E-17    0.403147692606052E+00  0.479158865431322E-18
  0.00000000  0.00000000  0.04000000    0.2564D-01  0.248052124360274E+01 -0.294822524844467E-17    0.403141074715243E+00  0.479153604600592E-18
  0.00000000  0.00000000  0.04000000    0.2644D-01  0.248056451766916E+01 -0.294829371270750E-17    0.403134041818691E+00  0.479148013448659E-18
  0.00000000  0.00000000  0.04000000    0.2726D-01  0.248061050612644E+01 -0.294836646918989E-17    0.403126568048579E+00  0.479142071332278E-18
  0.00000000  0.00000000  0.04000000    0.2811D-01  0.248065937836345E+01 -0.294844378545262E-17    0.403118625927483E+00  0.479135756316619E-18
  0.00000000  0.00000000  0.04000000    0.2899D-01  0.248071131433777E+01 -0.294852594571230E-17    0.403110186268067E+00  0.479129045093911E-18
  0.00000000  0.00000000  0.04000000    0.2989D-01  0.248076650523824E+01 -0.294861325188320E-17    0.403101218066457E+00  0.479121912897187E-18
  0.00000000  0.00000000  0.04000000    0.3082D-01  0.248082515418947E+01 -0.294870602467759E-17    0.403091688388946E+00  0.479114333407460E-18
  0.00000000  0.00000000  0.04000000    0.3178D-01  0.248088747700113E+01 -0.294880460478412E-17    0.403081562251581E+00  0.479106278656305E-18
  0.00000000  0.00000000  0.04000000    0.3277D-01  0.248095370296491E+01 -0.294890935411363E-17    0.403070802492175E+00  0.479097718921066E-18
  0.00000000  0.00000000  0.04000000    0.3379D-01  0.248102407570228E+01 -0.294902065712504E-17    0.403059369634266E+00  0.479088622613545E-18
  0.00000000  0.00000000  0.04000000    0.3484D-01  0.248109885406634E+01 -0.294913892223685E-17    0.403047221742524E+00  0.479078956161785E-18
  0.00000000  0.00000000  0.04000000    0.3592D-01  0.248117831310139E+01 -0.294926458332825E-17    0.403034314269027E+00  0.479068683884251E-18
  0.00000000  0.00000000  0.04000000    0.3703D-01  0.248126274506402E+01 -0.294939810132951E-17    0.403020599889835E+00  0.479057767854846E-18
  0.00000000  0.00000000  0.04000000    0.3818D-01  0.248135246050971E+01 -0.294953996592054E-17    0.403006028331252E+00  0.479046167760367E-18
  0.00000000  0.00000000  0.04000000    0.3936D-01  0.248144778944947E+01 -0.294969069733093E-17    0.402990546185079E+00  0.479033840747526E-18
  0.00000000  0.00000000  0.04000000    0.4058D-01  0.248154908258100E+01 -0.294985084825998E-17    0.402974096712173E+00  0.479020741260878E-18
  0.00000000  0.00000000  0.04000000    0.4184D-01  0.248165671259956E+01 -0.295002100591266E-17    0.402956619633539E+00  0.479006820868987E-18
  0.00000000  0.00000000  0.04000000    0.4313D-01  0.248177107559386E+01 -0.295020179417182E-17    0.402938050908144E+00  0.478992028080127E-18
  0.00000000  0.00000000  0.04000000    0.4447D-01  0.248189259253263E+01 -0.295039387590336E-17    0.402918322496605E+00  0.478976308144812E-18
  0.00000000  0.00000000  0.04000000    0.4584D-01  0.248202171084829E+01 -0.295059795541193E-17    0.402897362109789E+00  0.478959602845579E-18
  0.00000000  0.00000000  0.04000000    0.4726D-01  0.248215890612407E+01 -0.295081478105340E-17    0.402875092941377E+00  0.478941850272600E-18
  0.00000000  0.00000000  0.04000000    0.4872D-01  0.248230468389209E+01 -0.295104514801510E-17    0.402851433383297E+00  0.478922984584109E-18
  0.00000000  0.00000000  0.04000000    0.5022D-01  0.248245958154963E+01 -0.295128990127157E-17    0.402826296722933E+00  0.478902935750073E-18
  0.00000000  0.00000000  0.04000000    0.5177D-01  0.248262417040232E+01 -0.295154993873932E-17    0.402799590820848E+00  0.478881629279729E-18
  0.00000000  0.00000000  0.04000000    0.5337D-01  0.248279905784273E+01 -0.295182621462471E-17    0.402771217767775E+00  0.478858985928676E-18
  0.00000000  0.00000000  0.04000000    0.5501D-01  0.248298488967428E+01 -0.295211974299838E-17    0.402741073519453E+00  0.478834921387341E-18
  0.00000000  0.00000000  0.04000000    0.5671D-01  0.248318235259065E+01 -0.295243160159515E-17    0.402709047507816E+00  0.478809345946716E-18
  0.00000000  0.00000000  0.04000000    0.5846D-01  0.248339217682182E+01 -0.295276293586356E-17    0.402675022226966E+00  0.478782164141097E-18
  0.00000000  0.00000000  0.04000000    0.6026D-01  0.248361513895886E+01 -0.295311496328293E-17    0.402638872792184E+00  0.478753274366181E-18
  0.00000000  0.00000000  0.04000000    0.6211D-01  0.248385206497056E+01 -0.295348897795958E-17    0.402600466470152E+00  0.478722568469499E-18
  0.00000000  0.00000000  0.04000000    0.6403D-01  0.248410383342591E+01 -0.295388635552567E-17    0.402559662178399E+00  0.478689931311706E-18
  0.00000000  0.00000000  0.04000000    0.6600D-01  0.248437137893764E+01 -0.295430855836597E-17    0.402516309951863E+00  0.478655240297119E-18
  0.00000000  0.00000000  0.04000000    0.6803D-01  0.248465569584366E+01 -0.295475714118321E-17    0.402470250374248E+00  0.478618364868984E-18
  0.00000000  0.00000000  0.04000000    0.7012D-01  0.248495784214407E+01 -0.295523375694172E-17    0.402421313971742E+00  0.478579165969283E-18
  0.00000000  0.00000000  0.04000000    0.7227D-01  0.248527894371334E+01 -0.295574016320083E-17    0.402369320566433E+00  0.478537495457578E-18
  0.00000000  0.00000000  0.04000000    0.7450D-01  0.248562019880915E+01 -0.295627822888050E-17    0.402314078586542E+00  0.478493195487921E-18
  0.00000000  0.00000000  0.04000000    0.7678D-01  0.248598288290062E+01 -0.295684994147243E-17    0.402255384330406E+00  0.478446097837384E-18
  0.00000000  0.00000000  0.04000000    0.7914D-01  0.248636835384141E+01 -0.295745741475142E-17    0.402193021180877E+00  0.478396023185761E-18
  0.00000000  0.00000000  0.04000000    0.8157D-01  0.248677805741519E+01 -0.295810289700331E-17    0.402126758766491E+00  0.478342780338882E-18
  0.00000000  0.00000000  0.04000000    0.8408D-01  0.248721353328336E+01 -0.295878877981452E-17    0.402056352065560E+00  0.478286165391818E-18
  0.00000000  0.00000000  0.04000000    0.8666D-01  0.248767642136817E+01 -0.295951760747252E-17    0.401981540448907E+00  0.478225960827803E-18
  0.00000000  0.00000000  0.04000000    0.8932D-01  0.248816846870707E+01 -0.296029208701125E-17    0.401902046656684E+00  0.478161934545226E-18
  0.00000000  0.00000000  0.04000000    0.9206D-01  0.248869153681801E+01 -0.296111509895429E-17    0.401817575704292E+00  0.478093838806749E-18
  0.00000000  0.00000000  0.04000000    0.9488D-01  0.248924760961893E+01 -0.296198970881488E-17    0.401727813711986E+00  0.478021409104320E-18
  0.00000000  0.00000000  0.04000000    0.9779D-01  0.248983880194952E+01 -0.296291917940012E-17    0.401632426652283E+00  0.477944362930361E-18
  0.00000000  0.00000000  0.04000000    0.1008D+00  0.249046736874770E+01 -0.296390698399191E-17    0.401531059008750E+00  0.477862398447777E-18
  0.00000000  0.00000000  0.04000000    0.1039D+00  0.249113571493900E+01 -0.296495682046404E-17    0.401423332339196E+00  0.477775193047500E-18
  0.00000000  0.00000000  0.04000000    0.1071D+00  0.249184640610322E+01 -0.296607262642237E-17    0.401308843735602E+00  0.477682401784468E-18
  0.00000000  0.00000000  0.04000000    0.1103D+00  0.249260217998945E+01 -0.296725859543296E-17    0.401187164172436E+00  0.477583655677085E-18
  0.00000000  0.00000000  0.04000000    0.1137D+00  0.249340595895828E+01 -0.296851919443944E-17    0.401057836734211E+00  0.477478559858445E-18
  0.00000000  0.00000000  0.04000000    0.1172D+00  0.249426086343908E+01 -0.296985918246668E-17    0.400920374712212E+00  0.477366691563825E-18
  0.00000000  0.00000000  0.04000000    0.1208D+00  0.249517022649958E+01 -0.297128363070427E-17    0.400774259559388E+00  0.477247597935233E-18
  0.00000000  0.00000000  0.04000000    0.1245D+00  0.249613760963706E+01 -0.297279794409883E-17    0.400618938691204E+00  0.477120793625410E-18
  0.00000000  0.00000000  0.04000000    0.1283D+00  0.249716681991209E+01 -0.297440788457938E-17    0.400453823119116E+00  0.476985758179097E-18
  0.00000000  0.00000000  0.04000000    0.1322D+00  0.249826192856120E+01 -0.297611959604787E-17    0.400278284901824E+00  0.476841933165442E-18
  0.00000000  0.00000000  0.04000000    0.1363D+00  0.249942729124101E+01 -0.297793963129535E-17    0.400091654397949E+00  0.476688719034752E-18
  0.00000000  0.00000000  0.04000000    0.1405D+00  0.250066757007496E+01 -0.297987498101442E-17    0.399893217301980E+00  0.476525471668276E-18
  0.00000000  0.00000000  0.04000000    0.1448D+00  0.250198775769601E+01 -0.298193310507629E-17    0.399682211443298E+00  0.476351498582225E-18
  0.00000000  0.00000000  0.04000000    0.1492D+00  0.250339320350283E+01 -0.298412196629915E-17    0.399457823325864E+00  0.476166054748742E-18
  0.00000000  0.00000000  0.04000000    0.1537D+00  0.250488964237615E+01 -0.298645006691174E-17    0.399219184383467E+00  0.475968337983737E-18
  0.00000000  0.00000000  0.04000000    0.1585D+00  0.250648322613451E+01 -0.298892648797185E-17    0.398965366922562E+00  0.475757483850109E-18
  0.00000000  0.00000000  0.04000000    0.1633D+00  0.250818055804677E+01 -0.299156093200500E-17    0.398695379721284E+00  0.475532560013907E-18
  0.00000000  0.00000000  0.04000000    0.1683D+00  0.250998873076348E+01 -0.299436376916343E-17    0.398408163249333E+00  0.475292559982879E-18
  0.00000000  0.00000000  0.04000000    0.1734D+00  0.251191536807970E+01 -0.299734608724417E-17    0.398102584469029E+00  0.475036396147473E-18
  0.00000000  0.00000000  0.04000000    0.1787D+00  0.251396867100304E+01 -0.300051974592213E-17    0.397777431172606E+00  0.474762892028953E-18
  0.00000000  0.00000000  0.04000000    0.1842D+00  0.251615746866992E+01 -0.300389743561075E-17    0.397431405804906E+00  0.474470773627542E-18
  0.00000000  0.00000000  0.04000000    0.1898D+00  0.251849127473616E+01 -0.300749274138917E-17    0.397063118713708E+00  0.474158659743590E-18
  0.00000000  0.00000000  0.04000000    0.1956D+00  0.252098034996504E+01 -0.301132021249305E-17    0.396671080761842E+00  0.473825051125909E-18
  0.00000000  0.00000000  0.04000000    0.2016D+00  0.252363577185075E+01 -0.301539543790756E-17    0.396253695225851E+00  0.473468318275490E-18
  0.00000000  0.00000000  0.04000000    0.2078D+00  0.252646951225155E+01 -0.301973512866264E-17    0.395809248894840E+00  0.473086687704434E-18
  0.00000000  0.00000000  0.04000000    0.2141D+00  0.252949452416966E+01 -0.302435720748391E-17    0.395335902270144E+00  0.472678226413773E-18
  0.00000000  0.00000000  0.04000000    0.2207D+00  0.253272483900872E+01 -0.302928090651632E-17    0.394831678750933E+00  0.472240824311617E-18
  0.00000000  0.00000000  0.04000000    0.2274D+00  0.253617567587343E+01 -0.303452687391100E-17    0.394294452672570E+00  0.471772174242970E-18
  0.00000000  0.00000000  0.04000000    0.2343D+00  0.253986356475768E+01 -0.304011729011658E-17    0.393721936042421E+00  0.471269749237470E-18
  0.00000000  0.00000000  0.04000000    0.2415D+00  0.254380648580889E+01 -0.304607599480321E-17    0.393111663791524E+00  0.470730776508631E-18
  0.00000000  0.00000000  0.04000000    0.2489D+00  0.254802402727279E+01 -0.305242862539855E-17    0.392460977328508E+00  0.470152207642889E-18
  0.00000000  0.00000000  0.04000000    0.2565D+00  0.255253756523291E+01 -0.305920276826612E-17    0.391767006143455E+00  0.469530684301616E-18
  0.00000000  0.00000000  0.04000000    0.2643D+00  0.255737046888803E+01 -0.306642812359905E-17    0.391026647161845E+00  0.468862498617608E-18
  0.00000000  0.00000000  0.04000000    0.2724D+00  0.256254833589007E+01 -0.307413668511307E-17    0.390236541490509E+00  0.468143547290763E-18
  0.00000000  0.00000000  0.04000000    0.2807D+00  0.256809926323819E+01 -0.308236293556372E-17    0.389393048125045E+00  0.467369278161541E-18
  0.00000000  0.00000000  0.04000000    0.2893D+00  0.257405416044738E+01 -0.309114405901910E-17    0.388492214097856E+00  0.466534627762086E-18
  0.00000000  0.00000000  0.04000000    0.2981D+00  0.258044711325768E+01 -0.310052017058158E-17    0.387529740432290E+00  0.465633947984182E-18
  0.00000000  0.00000000  0.04000000    0.3072D+00  0.258731580812590E+01 -0.311053456385927E-17    0.386500943123886E+00  0.464660919542665E-18
  0.00000000  0.00000000  0.04000000    0.3166D+00  0.259470203028403E+01 -0.312123397584866E-17    0.385400708184798E+00  0.463608449318107E-18
  0.00000000  0.00000000  0.04000000    0.3262D+00  0.260265225145230E+01 -0.313266886786383E-17    0.384223439547865E+00  0.462468547883611E-18
  0.00000000  0.00000000  0.04000000    0.3362D+00  0.261121832762895E+01 -0.314489371958368E-17    0.382962998313521E+00  0.461232182497253E-18
  0.00000000  0.00000000  0.04000000    0.3464D+00  0.262045833312918E+01 -0.315796733085905E-17    0.381612631407829E+00  0.459889099472918E-18
  0.00000000  0.00000000  0.04000000    0.3570D+00  0.263043756476367E+01 -0.317195312231053E-17    0.380164887163875E+00  0.458427608009249E-18
  0.00000000  0.00000000  0.04000000    0.3679D+00  0.264122976054227E+01 -0.318691942017346E-17    0.378611514582772E+00  0.456834315041717E-18
  0.00000000  0.00000000  0.04000000    0.3791D+00  0.265291859176327E+01 -0.320293970251377E-17    0.376943341987493E+00  0.455093797223350E-18
  0.00000000  0.00000000  0.04000000    0.3907D+00  0.266559950762638E+01 -0.322009277118706E-17    0.375150129319488E+00  0.453188191277568E-18
  0.00000000  0.00000000  0.04000000    0.4026D+00  0.267938204040903E+01 -0.323846279445241E-17    0.373220386237770E+00  0.451096677044855E-18
  0.00000000  0.00000000  0.04000000    0.4149D+00  0.269439272123826E+01 -0.325813913509652E-17    0.371141145133599E+00  0.448794817501063E-18
  0.00000000  0.00000000  0.04000000    0.4276D+00  0.271077881882499E+01 -0.327921583214575E-17    0.368897673633682E+00  0.446253705178963E-18
  0.00000000  0.00000000  0.04000000    0.4406D+00  0.272871320832029E+01 -0.330179053037412E-17    0.366473104227603E+00  0.443438841973560E-18
  0.00000000  0.00000000  0.04000000    0.4540D+00  0.274840082559469E+01 -0.332596253363378E-17    0.363847947754718E+00  0.440308644540553E-18
  0.00000000  0.00000000  0.04000000    0.4679D+00  0.277008740108958E+01 -0.335182946576418E-17    0.360999439803474E+00  0.436812412121618E-18
  0.00000000  0.00000000  0.04000000    0.4822D+00  0.279407156655402E+01 -0.337948170421306E-17    0.357900639328762E+00  0.432887502602315E-18
  0.00000000  0.00000000  0.04000000    0.4969D+00  0.282072212353927E+01 -0.340899321295926E-17    0.354519146588342E+00  0.428455307418707E-18
  0.00000000  0.00000000  0.04000000    0.5120D+00  0.285050353582013E+01 -0.344040647187092E-17    0.350815211219265E+00  0.423415339761109E-18
  0.00000000  0.00000000  0.04000000    0.5276D+00  0.288401518082610E+01 -0.347370756403764E-17    0.346738812835777E+00  0.417636233297518E-18
  0.00000000  0.00000000  0.04000000    0.5437D+00  0.292205505888208E+01 -0.350878456847412E-17    0.342224899890347E+00  0.410941417422247E-18
  0.00000000  0.00000000  0.04000000    0.5603D+00  0.296573047342707E+01 -0.354535727697975E-17    0.337185057428513E+00  0.403085009832877E-18
  0.00000000  0.00000000  0.04000000    0.5774D+00  0.301666867726667E+01 -0.358285814754975E-17    0.331491491769018E+00  0.393708132775185E-18
  0.00000000  0.00000000  0.04000000    0.5950D+00  0.307747358408038E+01 -0.362023913322090E-17    0.324941863083066E+00  0.382250965480358E-18
  0.00000000  0.00000000  0.04000000    0.6131D+00  0.315294721422608E+01 -0.365574868511674E-17    0.317163571748999E+00  0.367741744979685E-18
  0.00000000  0.00000000  0.04000000    0.6318D+00  0.325599002418711E+01 -0.368780587742886E-17    0.307126248106261E+00  0.347857940124283E-18
  0.00000000  0.00000000  0.04000000    0.6511D+00  0.342990044282749E+01  0.139154380719567E-01    0.291548853065900E+00 -0.118284191550588E-02
  0.00000000  0.00000000  0.04000000    0.6709D+00  0.356331892505708E+01  0.226338225161704E+00    0.279509518738470E+00 -0.177541471076867E-01
  0.00000000  0.00000000  0.04000000    0.6914D+00  0.357959042494186E+01  0.382231261654453E+00    0.276212164548770E+00 -0.294941352519398E-01
  0.00000000  0.00000000  0.04000000    0.7125D+00  0.358328894206249E+01  0.479753418311689E+00    0.274158777714648E+00 -0.367061135441261E-01
  0.00000000  0.00000000  0.04000000    0.7342D+00  0.359584938656297E+01  0.571313970692124E+00    0.271251128177047E+00 -0.430967881114931E-01
  0.00000000  0.00000000  0.04000000    0.7565D+00  0.361786491186568E+01  0.643976647464323E+00    0.267917508032743E+00 -0.476890715443959E-01
  0.00000000  0.00000000  0.04000000    0.7796D+00  0.365443635158551E+01  0.722995232719860E+00    0.263332939482131E+00 -0.520979000718088E-01
  0.00000000  0.00000000  0.04000000    0.8034D+00  0.370193885769351E+01  0.801669446064153E+00    0.258028323246062E+00 -0.558770500856982E-01
  0.00000000  0.00000000  0.04000000    0.8279D+00  0.377529454873140E+01  0.880234090076435E+00    0.251223031514934E+00 -0.585742579015718E-01
  0.00000000  0.00000000  0.04000000    0.8531D+00  0.387728961749195E+01  0.988372221233188E+00    0.242175390497750E+00 -0.617336986008043E-01
  0.00000000  0.00000000  0.04000000    0.8791D+00  0.402765009425465E+01  0.111399008068031E+01    0.230639874099636E+00 -0.637916715562891E-01
  0.00000000  0.00000000  0.04000000    0.9059D+00  0.426618601677241E+01  0.133460889411883E+01    0.213506537858402E+00 -0.667921471914440E-01
  0.00000000  0.00000000  0.04000000    0.9335D+00  0.454229634765261E+01  0.183526906861018E+01    0.189257074926741E+00 -0.764674140664964E-01
  0.00000000  0.00000000  0.04000000    0.9619D+00  0.411683726142162E+01  0.299682210565575E+01    0.158771681769901E+00 -0.115576704996076E+00
  0.00000000  0.00000000  0.04000000    0.9913D+00  0.335488865707418E+01  0.284128998335128E+01    0.173574750839798E+00 -0.147002255912097E+00
  0.00000000  0.00000000  0.04000000    0.1021D+01  0.309540774008821E+01  0.265654482280098E+01    0.186035745297347E+00 -0.159659837256692E+00
  0.00000000  0.00000000  0.04000000    0.1053D+01  0.307138404798234E+01  0.252336293778715E+01    0.194382039440699E+00 -0.159698828421786E+00
  0.00000000  0.00000000  0.04000000    0.1085D+01  0.345717083584117E+01  0.243492120068131E+01    0.193344650293453E+00 -0.136174638278556E+00
  0.00000000  0.00000000  0.04000000    0.1118D+01  0.377246468954808E+01  0.346542512702750E+01    0.143764086915101E+00 -0.132063178892057E+00
  0.00000000  0.00000000  0.04000000    0.1152D+01  0.250873656075745E+01  0.515684098912175E+01    0.762840712023726E-01 -0.156805952186030E+00
  0.00000000  0.00000000  0.04000000    0.1187D+01  0.947344422642021E+00  0.410567822113519E+01    0.533593264603321E-01 -0.231252983927063E+00
  0.00000000  0.00000000  0.04000000    0.1223D+01  0.582519169086892E+00  0.324303627333930E+01    0.536557006313595E-01 -0.298715291535714E+00
  0.00000000  0.00000000  0.04000000    0.1260D+01  0.605311588964160E+00  0.267929671324843E+01    0.802264998941827E-01 -0.355107355287454E+00
  0.00000000  0.00000000  0.04000000    0.1299D+01  0.570857804072933E+00  0.248986320955260E+01    0.874837982146951E-01 -0.381570837873425E+00
  0.00000000  0.00000000  0.04000000    0.1338D+01  0.597788537695657E+00  0.191657432144178E+01    0.148312239327678E+00 -0.475504984666790E+00
  0.00000000  0.00000000  0.04000000    0.1379D+01  0.128228283848832E+01  0.141172878263762E+01    0.352544035778354E+00 -0.388133216414457E+00
  0.00000000  0.00000000  0.04000000    0.1421D+01  0.158687198029755E+01  0.241537767684054E+01    0.189994217053792E+00 -0.289190178097717E+00
  0.00000000  0.00000000  0.04000000    0.1464D+01  0.140789647004871E+01  0.240965209271751E+01    0.180763840902519E+00 -0.309382100733118E+00
  0.00000000  0.00000000  0.04000000    0.1509D+01  0.122729525852975E+01  0.302603065597472E+01    0.115097252306060E+00 -0.283784860632339E+00
  0.00000000  0.00000000  0.04000000    0.1555D+01  0.334494585692589E+00  0.345391625429093E+01    0.277786566084447E-01 -0.286836193128848E+00
  0.00000000  0.00000000  0.04000000    0.1602D+01 -0.380727008498602E+00  0.261217759158915E+01   -0.546360214912066E-01 -0.374859119125082E+00
  0.00000000  0.00000000  0.04000000    0.1651D+01 -0.293068487303181E+00  0.203862438028510E+01   -0.690893167154890E-01 -0.480594712756433E+00
  0.00000000  0.00000000  0.04000000    0.1701D+01 -0.622742083666445E+00  0.240193474678605E+01   -0.101142138771276E+00 -0.390108238789120E+00
  0.00000000  0.00000000  0.04000000    0.1753D+01 -0.100304483468594E+01  0.134304810138287E+01   -0.356971064438962E+00 -0.477973958655079E+00
  0.00000000  0.00000000  0.04000000    0.1807D+01 -0.665234791465896E+00  0.790913223849834E+00   -0.622831748657490E+00 -0.740499253145239E+00
  0.00000000  0.00000000  0.04000000    0.1862D+01 -0.279922567653857E+00  0.598058098536266E+00   -0.641979868820971E+00 -0.137159809179945E+01
  0.00000000  0.00000000  0.04000000    0.1919D+01 -0.580292588348852E-01  0.651815642123527E+00   -0.135509235167087E+00 -0.152211213631776E+01
  0.00000000  0.00000000  0.04000000    0.1977D+01 -0.564729560394848E-01  0.674473345755304E+00   -0.123275542335010E+00 -0.147231654440684E+01
  0.00000000  0.00000000  0.04000000    0.2037D+01 -0.159408191885138E-01  0.440704523779733E+00   -0.819686491418811E-01 -0.226612911530733E+01
  0.00000000  0.00000000  0.04000000    0.2099D+01  0.113905746788332E+00  0.379875408434516E+00    0.724223416719363E+00 -0.241528346006411E+01
  0.00000000  0.00000000  0.04000000    0.2163D+01  0.216763488529652E+00  0.298315900185257E+00    0.159409783310308E+01 -0.219384146883419E+01
  0.00000000  0.00000000  0.04000000    0.2229D+01  0.320176301905606E+00  0.267126428432273E+00    0.184147592773082E+01 -0.153636257490338E+01
  0.00000000  0.00000000  0.04000000    0.2297D+01  0.401040714180842E+00  0.241774780059737E+00    0.182882527258224E+01 -0.110254099499452E+01
  0.00000000  0.00000000  0.04000000    0.2367D+01  0.474570970876475E+00  0.217211716940806E+00    0.174219354182994E+01 -0.797404126436896E+00
  0.00000000  0.00000000  0.04000000    0.2439D+01  0.560210146773519E+00  0.191302721012404E+00    0.159862661966274E+01 -0.545905182163685E+00
  0.00000000  0.00000000  0.04000000    0.2513D+01  0.652491166386797E+00  0.209747544759125E+00    0.138905116896435E+01 -0.446519565695320E+00
  0.00000000  0.00000000  0.04000000    0.2590D+01  0.713586186166106E+00  0.272230342096426E+00    0.122332988231915E+01 -0.466695570649683E+00
  0.00000000  0.00000000  0.04000000    0.2669D+01  0.719850659914532E+00  0.351160329236193E+00    0.112213918578319E+01 -0.547406271705365E+00
  0.00000000  0.00000000  0.04000000    0.2750D+01  0.610255956504356E+00  0.434926183169354E+00    0.108669011701804E+01 -0.774478282178209E+00
  0.00000000  0.00000000  0.04000000    0.2834D+01  0.572136479399099E+00  0.230821512835788E+00    0.150317482183414E+01 -0.606437622709937E+00
  0.00000000  0.00000000  0.04000000    0.2920D+01  0.642683268205128E+00  0.234107315871222E+00    0.137370095135233E+01 -0.500391807972500E+00
  0.00000000  0.00000000  0.04000000    0.3009D+01  0.662586701693386E+00  0.212739003524151E+00    0.136819204038099E+01 -0.439290149585615E+00
  0.00000000  0.00000000  0.04000000    0.3101D+01  0.699938804483832E+00  0.184340160965029E+00    0.133602719917368E+01 -0.351864287808639E+00
  0.00000000  0.00000000  0.04000000    0.3195D+01  0.725491884838833E+00  0.207041185082652E+00    0.127457152931688E+01 -0.363737769390759E+00
  0.00000000  0.00000000  0.04000000    0.3293D+01  0.725495890562134E+00  0.199902853416717E+00    0.128110352090234E+01 -0.352994762178667E+00
  0.00000000  0.00000000  0.04000000    0.3393D+01  0.729604369029999E+00  0.184493452373536E+00    0.128823344395054E+01 -0.325752758105694E+00
  0.00000000  0.00000000  0.04000000    0.3496D+01  0.735125091450420E+00  0.163665618010403E+00    0.129607041279794E+01 -0.288552475711379E+00
  0.00000000  0.00000000  0.04000000    0.3603D+01  0.770494193950320E+00  0.115809310149364E+00    0.126919508528643E+01 -0.190766664338372E+00
  0.00000000  0.00000000  0.04000000    0.3713D+01  0.852753954831897E+00  0.117650713880058E+00    0.115076691418017E+01 -0.158766251620067E+00
  0.00000000  0.00000000  0.04000000    0.3826D+01  0.838596434683878E+00  0.263522752138885E+00    0.108529729290505E+01 -0.341046679530701E+00
  0.00000000  0.00000000  0.04000000    0.3942D+01  0.742205226030602E+00  0.228956988608603E+00    0.123026297275875E+01 -0.379514042155098E+00
  0.00000000  0.00000000  0.04000000    0.4062D+01  0.734552783850553E+00  0.134224451459629E+00    0.131738498523017E+01 -0.240725079111056E+00
  0.00000000  0.00000000  0.04000000    0.4186D+01  0.764138359411118E+00  0.121223090056416E+00    0.127653726446569E+01 -0.202510173537094E+00
  0.00000000  0.00000000  0.04000000    0.4313D+01  0.783152896165493E+00  0.950254213388539E-01    0.125836340483007E+01 -0.152686037843756E+00
  0.00000000  0.00000000  0.04000000    0.4445D+01  0.802129026198967E+00  0.906738021075105E-01    0.123095266723616E+01 -0.139148634330803E+00
  0.00000000  0.00000000  0.04000000    0.4580D+01  0.824012813806022E+00  0.713068457555502E-01    0.120455307186814E+01 -0.104237311193434E+00
  0.00000000  0.00000000  0.04000000    0.4720D+01  0.843748916517726E+00  0.835898060697034E-01    0.117366742984923E+01 -0.116274677135379E+00
  0.00000000  0.00000000  0.04000000    0.4863D+01  0.856107987171571E+00  0.791354146133915E-01    0.115818091087630E+01 -0.107057903854299E+00
  0.00000000  0.00000000  0.04000000    0.5012D+01  0.863941751263955E+00  0.955523209451731E-01    0.114349766080481E+01 -0.126471322083256E+00
  0.00000000  0.00000000  0.04000000    0.5164D+01  0.857240006605714E+00  0.100083247059833E+00    0.115084760098100E+01 -0.134362096833606E+00
  0.00000000  0.00000000  0.04000000    0.5322D+01  0.849795115814067E+00  0.951295672647170E-01    0.116219026207299E+01 -0.130100367315434E+00
  0.00000000  0.00000000  0.04000000    0.5484D+01  0.843684142265813E+00  0.868522471799532E-01    0.117284846959595E+01 -0.120737750163714E+00
  0.00000000  0.00000000  0.04000000    0.5651D+01  0.836310360316261E+00  0.741961479722749E-01    0.118639030943484E+01 -0.105254693865579E+00
  0.00000000  0.00000000  0.04000000    0.5823D+01  0.839479025715000E+00  0.454566464806367E-01    0.118773247015398E+01 -0.643140964282919E-01
  0.00000000  0.00000000  0.04000000    0.6000D+01  0.855970106836604E+00  0.299539701100375E-01    0.116683619829182E+01 -0.408324733863806E-01
  0.00000000  0.00000000  0.04000000    0.6183D+01  0.869815298076554E+00  0.251074604174179E-01    0.114871225142269E+01 -0.331578985186575E-01
  0.00000000  0.00000000  0.04000000    0.6371D+01  0.882507148175565E+00  0.165853378455788E-01    0.113273522338204E+01 -0.212879820953484E-01
  0.00000000  0.00000000  0.04000000    0.6565D+01  0.895312787803756E+00  0.158984144227703E-01    0.111657600368537E+01 -0.198274706705091E-01
  0.00000000  0.00000000  0.04000000    0.6765D+01  0.906831229777680E+00  0.137156981611008E-01    0.110248881821442E+01 -0.166749923911696E-01
  0.00000000  0.00000000  0.04000000    0.6971D+01  0.914910974535043E+00  0.195650961227125E-01    0.109250291174425E+01 -0.233628463069669E-01
  0.00000000  0.00000000  0.04000000    0.7184D+01  0.917087353543520E+00  0.203294888259397E-01    0.108987310926551E+01 -0.241597085718114E-01
  0.00000000  0.00000000  0.04000000    0.7402D+01  0.921687502196496E+00  0.156829914592250E-01    0.108465239413956E+01 -0.184559237192436E-01
  0.00000000  0.00000000  0.04000000    0.7628D+01  0.930411543332965E+00  0.150607963084930E-01    0.107451164919201E+01 -0.173933795163507E-01
  0.00000000  0.00000000  0.04000000    0.7860D+01  0.932057369671484E+00  0.239348281316599E-01    0.107218828691892E+01 -0.275333291782548E-01
  0.00000000  0.00000000  0.04000000    0.8100D+01  0.930911650627783E+00  0.180675786856082E-01    0.107381130328786E+01 -0.208410435110198E-01
  0.00000000  0.00000000  0.04000000    0.8346D+01  0.932827535993157E+00  0.175596287014445E-01    0.107162979287498E+01 -0.201724547595566E-01
  0.00000000  0.00000000  0.04000000    0.8600D+01  0.935859478810310E+00  0.116268410526524E-01    0.106837158573454E+01 -0.132731322316643E-01
  0.00000000  0.00000000  0.04000000    0.8862D+01  0.939741880904552E+00  0.118756311033137E-01    0.106395207983039E+01 -0.134452903168550E-01
  0.00000000  0.00000000  0.04000000    0.9132D+01  0.943984348466446E+00  0.766253734104115E-02    0.105926980310139E+01 -0.859833580258793E-02
  0.00000000  0.00000000  0.04000000    0.9410D+01  0.946595951251771E+00  0.112385361908411E-01    0.105626805226405E+01 -0.125406269875767E-01
  0.00000000  0.00000000  0.04000000    0.9697D+01  0.947575625597500E+00  0.666893362662426E-02    0.105527246959111E+01 -0.742689223698577E-02
  0.00000000  0.00000000  0.04000000    0.9992D+01  0.950431541146114E+00  0.581576572013271E-02    0.105211423967246E+01 -0.643797018917526E-02
  0.00000000  0.00000000  0.04000000    0.1030D+02  0.953332127157276E+00  0.253516134148191E-02    0.104894495830056E+01 -0.278942105471207E-02
  0.00000000  0.00000000  0.04000000    0.1061D+02  0.957173570485793E+00  0.150649311078949E-02    0.104474000712870E+01 -0.164431370843926E-02
  0.00000000  0.00000000  0.04000000    0.1093D+02  0.960519461286808E+00  0.527912117400564E-03    0.104110300543841E+01 -0.572201724363573E-03
  0.00000000  0.00000000  0.04000000    0.1127D+02  0.963754504117793E+00  0.683709319407174E-04    0.103760863445466E+01 -0.736103115723854E-04
  0.00000000  0.00000000  0.04000000    0.1161D+02  0.966598392902927E+00  0.737751059089979E-07    0.103455582726219E+01 -0.789619207785133E-07
  0.00000000  0.00000000  0.04000000    0.1196D+02  0.969028377299313E+00  0.457152423867549E-05    0.103196152290684E+01 -0.486841998218584E-05
  0.00000000  0.00000000  0.04000000    0.1233D+02  0.971180661707959E+00  0.141126482286017E-18    0.102967453886629E+01 -0.149626481765112E-18
  0.00000000  0.00000000  0.04000000    0.1270D+02  0.973131924448223E+00  0.131036105638766E-18    0.102760990044285E+01 -0.138371782989467E-18
  0.00000000  0.00000000  0.04000000    0.1309D+02  0.974914101480096E+00  0.122045437177533E-18    0.102573139364978E+01 -0.128407042399585E-18
