 q(1:3)   w(Ry)   eps  epsi --- LFC included. 
  0.00000000  0.00000000  0.04000000    0.0000D+00  0.235549268903271E+01 -0.294772664983863E-17    0.424539632262944E+00  0.531280268353569E-18
  0.00000000  0.00000000  0.04000000    0.1015D-04  0.235549268912899E+01 -0.294772636209737E-17    0.424539632245591E+00  0.531280216449408E-18
  0.00000000  0.00000000  0.04000000    0.3076D-04  0.235549268991687E+01 -0.294772655154631E-17    0.424539632103588E+00  0.531280250239117E-18
  0.00000000  0.00000000  0.04000000    0.5200D-04  0.235549269155925E+01 -0.294772650410111E-17    0.424539631807576E+00  0.531280240947009E-18
  0.00000000  0.00000000  0.04000000    0.7389D-04  0.235549269413348E+01 -0.294772640478782E-17    0.424539631343612E+00  0.531280221886154E-18
  0.00000000  0.00000000  0.04000000    0.9644D-04  0.235549269772246E+01 -0.294772647500559E-17    0.424539630696756E+00  0.531280232922791E-18
  0.00000000  0.00000000  0.04000000    0.1197D-03  0.235549270241502E+01 -0.294772663301060E-17    0.424539629850999E+00  0.531280259283843E-18
  0.00000000  0.00000000  0.04000000    0.1436D-03  0.235549270830623E+01 -0.294772641496436E-17    0.424539628789202E+00  0.531280217326998E-18
  0.00000000  0.00000000  0.04000000    0.1683D-03  0.235549271549789E+01 -0.294772655597368E-17    0.424539627493022E+00  0.531280239497508E-18
  0.00000000  0.00000000  0.04000000    0.1937D-03  0.235549272409891E+01 -0.294772659030350E-17    0.424539625942825E+00  0.531280241804991E-18
  0.00000000  0.00000000  0.04000000    0.2199D-03  0.235549273422585E+01 -0.294772671737130E-17    0.424539624117608E+00  0.531280260138662E-18
  0.00000000  0.00000000  0.04000000    0.2469D-03  0.235549274600332E+01 -0.294772657686331E-17    0.424539621994909E+00  0.531280229501556E-18
  0.00000000  0.00000000  0.04000000    0.2748D-03  0.235549275956457E+01 -0.294772654445208E-17    0.424539619550712E+00  0.531280217542489E-18
  0.00000000  0.00000000  0.04000000    0.3034D-03  0.235549277505206E+01 -0.294772673133970E-17    0.424539616759342E+00  0.531280244239579E-18
  0.00000000  0.00000000  0.04000000    0.3330D-03  0.235549279261803E+01 -0.294772667876629E-17    0.424539613593359E+00  0.531280226840079E-18
  0.00000000  0.00000000  0.04000000    0.3634D-03  0.235549281242512E+01 -0.294772673382123E-17    0.424539610023449E+00  0.531280227827882E-18
  0.00000000  0.00000000  0.04000000    0.3948D-03  0.235549283464711E+01 -0.294772661812350E-17    0.424539606018294E+00  0.531280196950916E-18
  0.00000000  0.00000000  0.04000000    0.4271D-03  0.235549285946957E+01 -0.294772683644457E-17    0.424539601544447E+00  0.531280225102384E-18
  0.00000000  0.00000000  0.04000000    0.4604D-03  0.235549288709062E+01 -0.294772688934201E-17    0.424539596566197E+00  0.531280222176464E-18
  0.00000000  0.00000000  0.04000000    0.4948D-03  0.235549291772184E+01 -0.294772681335781E-17    0.424539591045415E+00  0.531280194663830E-18
  0.00000000  0.00000000  0.04000000    0.5301D-03  0.235549295158900E+01 -0.294772680723636E-17    0.424539584941405E+00  0.531280178283094E-18
  0.00000000  0.00000000  0.04000000    0.5666D-03  0.235549298893308E+01 -0.294772696544896E-17    0.424539578210737E+00  0.531280189952487E-18
  0.00000000  0.00000000  0.04000000    0.6041D-03  0.235549303001118E+01 -0.294772690112114E-17    0.424539570807074E+00  0.531280159828151E-18
  0.00000000  0.00000000  0.04000000    0.6428D-03  0.235549307509760E+01 -0.294772726575882E-17    0.424539562680975E+00  0.531280205209765E-18
  0.00000000  0.00000000  0.04000000    0.6827D-03  0.235549312448490E+01 -0.294772743623302E-17    0.424539553779712E+00  0.531280213656425E-18
  0.00000000  0.00000000  0.04000000    0.7238D-03  0.235549317848513E+01 -0.294772735697620E-17    0.424539544047044E+00  0.531280175012221E-18
  0.00000000  0.00000000  0.04000000    0.7662D-03  0.235549323743099E+01 -0.294772740384775E-17    0.424539533423007E+00  0.531280156869650E-18
  0.00000000  0.00000000  0.04000000    0.8098D-03  0.235549330167726E+01 -0.294772750384070E-17    0.424539521843657E+00  0.531280145910341E-18
  0.00000000  0.00000000  0.04000000    0.8548D-03  0.235549337160207E+01 -0.294772756555845E-17    0.424539509240843E+00  0.531280125490968E-18
  0.00000000  0.00000000  0.04000000    0.9011D-03  0.235549344760854E+01 -0.294772781199756E-17    0.424539495541908E+00  0.531280135621192E-18
  0.00000000  0.00000000  0.04000000    0.9488D-03  0.235549353012628E+01 -0.294772801966886E-17    0.424539480669425E+00  0.531280135826924E-18
  0.00000000  0.00000000  0.04000000    0.9980D-03  0.235549361961307E+01 -0.294772811942975E-17    0.424539464540884E+00  0.531280113439824E-18
  0.00000000  0.00000000  0.04000000    0.1049D-02  0.235549371655669E+01 -0.294772819617587E-17    0.424539447068371E+00  0.531280083540919E-18
  0.00000000  0.00000000  0.04000000    0.1101D-02  0.235549382147685E+01 -0.294772845469189E-17    0.424539428158219E+00  0.531280082804880E-18
  0.00000000  0.00000000  0.04000000    0.1155D-02  0.235549393492712E+01 -0.294772852878069E-17    0.424539407710655E+00  0.531280044980915E-18
  0.00000000  0.00000000  0.04000000    0.1210D-02  0.235549405749720E+01 -0.294772883782150E-17    0.424539385619397E+00  0.531280045389292E-18
  0.00000000  0.00000000  0.04000000    0.1267D-02  0.235549418981509E+01 -0.294772907620398E-17    0.424539361771256E+00  0.531280028665429E-18
  0.00000000  0.00000000  0.04000000    0.1326D-02  0.235549433254964E+01 -0.294772945894389E-17    0.424539336045685E+00  0.531280033260693E-18
  0.00000000  0.00000000  0.04000000    0.1387D-02  0.235549448641301E+01 -0.294772978440733E-17    0.424539308314332E+00  0.531280022512616E-18
  0.00000000  0.00000000  0.04000000    0.1450D-02  0.235549465216352E+01 -0.294772983937422E-17    0.424539278440518E+00  0.531279957649695E-18
  0.00000000  0.00000000  0.04000000    0.1514D-02  0.235549483060849E+01 -0.294773025525003E-17    0.424539246278742E+00  0.531279952108243E-18
  0.00000000  0.00000000  0.04000000    0.1580D-02  0.235549502260737E+01 -0.294773054867836E-17    0.424539211674101E+00  0.531279918383497E-18
  0.00000000  0.00000000  0.04000000    0.1649D-02  0.235549522907503E+01 -0.294773091201200E-17    0.424539174461706E+00  0.531279890731192E-18
  0.00000000  0.00000000  0.04000000    0.1719D-02  0.235549545098525E+01 -0.294773122683732E-17    0.424539134466052E+00  0.531279847369956E-18
  0.00000000  0.00000000  0.04000000    0.1792D-02  0.235549568937442E+01 -0.294773172704000E-17    0.424539091500347E+00  0.531279829986302E-18
  0.00000000  0.00000000  0.04000000    0.1867D-02  0.235549594534553E+01 -0.294773218183802E-17    0.424539045365798E+00  0.531279796488030E-18
  0.00000000  0.00000000  0.04000000    0.1944D-02  0.235549622007231E+01 -0.294773257495595E-17    0.424538995850862E+00  0.531279743412306E-18
  0.00000000  0.00000000  0.04000000    0.2024D-02  0.235549651480371E+01 -0.294773320872372E-17    0.424538942730438E+00  0.531279724685670E-18
  0.00000000  0.00000000  0.04000000    0.2106D-02  0.235549683086866E+01 -0.294773378686528E-17    0.424538885765013E+00  0.531279686309817E-18
  0.00000000  0.00000000  0.04000000    0.2190D-02  0.235549716968100E+01 -0.294773444978803E-17    0.424538824699768E+00  0.531279652953057E-18
  0.00000000  0.00000000  0.04000000    0.2277D-02  0.235549753274494E+01 -0.294773501788712E-17    0.424538759263596E+00  0.531279591566083E-18
  0.00000000  0.00000000  0.04000000    0.2367D-02  0.235549792166069E+01 -0.294773550559705E-17    0.424538689168094E+00  0.531279504028656E-18
  0.00000000  0.00000000  0.04000000    0.2459D-02  0.235549833813043E+01 -0.294773642107751E-17    0.424538614106476E+00  0.531279481160106E-18
  0.00000000  0.00000000  0.04000000    0.2554D-02  0.235549878396478E+01 -0.294773724380790E-17    0.424538533752412E+00  0.531279428328625E-18
  0.00000000  0.00000000  0.04000000    0.2652D-02  0.235549926108959E+01 -0.294773792638455E-17    0.424538447758810E+00  0.531279336121800E-18
  0.00000000  0.00000000  0.04000000    0.2753D-02  0.235549977155316E+01 -0.294773895318089E-17    0.424538355756505E+00  0.531279290915683E-18
  0.00000000  0.00000000  0.04000000    0.2858D-02  0.235550031753387E+01 -0.294773976976446E-17    0.424538257352886E+00  0.531279191800663E-18
  0.00000000  0.00000000  0.04000000    0.2965D-02  0.235550090134842E+01 -0.294774096388258E-17    0.424538152130422E+00  0.531279143663020E-18
  0.00000000  0.00000000  0.04000000    0.3075D-02  0.235550152546041E+01 -0.294774201234734E-17    0.424538039645098E+00  0.531279051095853E-18
  0.00000000  0.00000000  0.04000000    0.3189D-02  0.235550219248958E+01 -0.294774318024442E-17    0.424537919424765E+00  0.531278960694512E-18
  0.00000000  0.00000000  0.04000000    0.3307D-02  0.235550290522159E+01 -0.294774446051091E-17    0.424537790967372E+00  0.531278869929428E-18
  0.00000000  0.00000000  0.04000000    0.3428D-02  0.235550366661836E+01 -0.294774582294947E-17    0.424537653739098E+00  0.531278772021946E-18
  0.00000000  0.00000000  0.04000000    0.3553D-02  0.235550447982911E+01 -0.294774718565089E-17    0.424537507172370E+00  0.531278650788807E-18
  0.00000000  0.00000000  0.04000000    0.3681D-02  0.235550534820210E+01 -0.294774869752315E-17    0.424537350663744E+00  0.531278531557641E-18
  0.00000000  0.00000000  0.04000000    0.3813D-02  0.235550627529706E+01 -0.294775034370760E-17    0.424537183571667E+00  0.531278410044659E-18
  0.00000000  0.00000000  0.04000000    0.3950D-02  0.235550726489833E+01 -0.294775207219292E-17    0.424537005214103E+00  0.531278275168667E-18
  0.00000000  0.00000000  0.04000000    0.4090D-02  0.235550832102904E+01 -0.294775383957028E-17    0.424536814865988E+00  0.531278117291238E-18
  0.00000000  0.00000000  0.04000000    0.4235D-02  0.235550944796584E+01 -0.294775572907640E-17    0.424536611756568E+00  0.531277949485115E-18
  0.00000000  0.00000000  0.04000000    0.4385D-02  0.235551065025490E+01 -0.294775816962656E-17    0.424536395066516E+00  0.531277847003455E-18
  0.00000000  0.00000000  0.04000000    0.4538D-02  0.235551193272860E+01 -0.294776014847705E-17    0.424536163924931E+00  0.531277625138409E-18
  0.00000000  0.00000000  0.04000000    0.4697D-02  0.235551330052348E+01 -0.294776261014775E-17    0.424535917406097E+00  0.531277451804814E-18
  0.00000000  0.00000000  0.04000000    0.4860D-02  0.235551475909917E+01 -0.294776522171806E-17    0.424535654526077E+00  0.531277264537232E-18
  0.00000000  0.00000000  0.04000000    0.5029D-02  0.235551631425855E+01 -0.294776790391371E-17    0.424535374239075E+00  0.531277046430414E-18
  0.00000000  0.00000000  0.04000000    0.5202D-02  0.235551797216914E+01 -0.294777076929985E-17    0.424535075433590E+00  0.531276814989967E-18
  0.00000000  0.00000000  0.04000000    0.5381D-02  0.235551973938585E+01 -0.294777390989818E-17    0.424534756928307E+00  0.531276583844088E-18
  0.00000000  0.00000000  0.04000000    0.5565D-02  0.235552162287517E+01 -0.294777730554994E-17    0.424534417467751E+00  0.531276346217019E-18
  0.00000000  0.00000000  0.04000000    0.5755D-02  0.235552363004071E+01 -0.294778085899086E-17    0.424534055717674E+00  0.531276081239181E-18
  0.00000000  0.00000000  0.04000000    0.5950D-02  0.235552576875055E+01 -0.294778453085038E-17    0.424533670260136E+00  0.531275778265746E-18
  0.00000000  0.00000000  0.04000000    0.6152D-02  0.235552804736610E+01 -0.294778850864898E-17    0.424533259588303E+00  0.531275467321656E-18
  0.00000000  0.00000000  0.04000000    0.6360D-02  0.235553047477287E+01 -0.294779280514889E-17    0.424532822100900E+00  0.531275146698859E-18
  0.00000000  0.00000000  0.04000000    0.6574D-02  0.235553306041308E+01 -0.294779736333975E-17    0.424532356096345E+00  0.531274801863217E-18
  0.00000000  0.00000000  0.04000000    0.6794D-02  0.235553581432036E+01 -0.294780209012335E-17    0.424531859766492E+00  0.531274411509932E-18
  0.00000000  0.00000000  0.04000000    0.7021D-02  0.235553874715652E+01 -0.294780729537815E-17    0.424531331190007E+00  0.531274026678256E-18
  0.00000000  0.00000000  0.04000000    0.7255D-02  0.235554187025071E+01 -0.294781271114856E-17    0.424530768325322E+00  0.531273593964964E-18
  0.00000000  0.00000000  0.04000000    0.7497D-02  0.235554519564090E+01 -0.294781856143273E-17    0.424530169003154E+00  0.531273148310439E-18
  0.00000000  0.00000000  0.04000000    0.7745D-02  0.235554873611808E+01 -0.294782475640348E-17    0.424529530918554E+00  0.531272667755723E-18
  0.00000000  0.00000000  0.04000000    0.8001D-02  0.235555250527298E+01 -0.294783147157851E-17    0.424528851622482E+00  0.531272177803062E-18
  0.00000000  0.00000000  0.04000000    0.8265D-02  0.235555651754600E+01 -0.294783855542343E-17    0.424528128512829E+00  0.531271644628426E-18
  0.00000000  0.00000000  0.04000000    0.8537D-02  0.235556078827993E+01 -0.294784618068894E-17    0.424527358824908E+00  0.531271092444951E-18
  0.00000000  0.00000000  0.04000000    0.8818D-02  0.235556533377620E+01 -0.294785409741480E-17    0.424526539621342E+00  0.531270468850855E-18
  0.00000000  0.00000000  0.04000000    0.9107D-02  0.235557017135438E+01 -0.294786259680703E-17    0.424525667781330E+00  0.531269818515985E-18
  0.00000000  0.00000000  0.04000000    0.9404D-02  0.235557531941568E+01 -0.294787159608785E-17    0.424524739989235E+00  0.531269118221734E-18
  0.00000000  0.00000000  0.04000000    0.9711D-02  0.235558079751007E+01 -0.294788107666520E-17    0.424523752722485E+00  0.531268355799269E-18
  0.00000000  0.00000000  0.04000000    0.1003D-01  0.235558662640785E+01 -0.294789133272004E-17    0.424522702238698E+00  0.531267574897358E-18
  0.00000000  0.00000000  0.04000000    0.1035D-01  0.235559282817548E+01 -0.294790235362800E-17    0.424521584562027E+00  0.531266763647602E-18
  0.00000000  0.00000000  0.04000000    0.1069D-01  0.235559942625617E+01 -0.294791399770955E-17    0.424520395468652E+00  0.531265885942331E-18
  0.00000000  0.00000000  0.04000000    0.1103D-01  0.235560644555556E+01 -0.294792623893697E-17    0.424519130471369E+00  0.531264925857385E-18
  0.00000000  0.00000000  0.04000000    0.1139D-01  0.235561391253268E+01 -0.294793915341032E-17    0.424517784803212E+00  0.531263885173305E-18
  0.00000000  0.00000000  0.04000000    0.1176D-01  0.235562185529646E+01 -0.294795329847555E-17    0.424516353400088E+00  0.531262851653710E-18
  0.00000000  0.00000000  0.04000000    0.1214D-01  0.235563030370841E+01 -0.294796818912531E-17    0.424514830882301E+00  0.531261724423732E-18
  0.00000000  0.00000000  0.04000000    0.1253D-01  0.235563928949166E+01 -0.294798384241164E-17    0.424513211534945E+00  0.531260492248519E-18
  0.00000000  0.00000000  0.04000000    0.1293D-01  0.235564884634665E+01 -0.294800067928040E-17    0.424511489287077E+00  0.531259215787411E-18
  0.00000000  0.00000000  0.04000000    0.1334D-01  0.235565901007410E+01 -0.294801842929419E-17    0.424509657689609E+00  0.531257830157247E-18
  0.00000000  0.00000000  0.04000000    0.1377D-01  0.235566981870583E+01 -0.294803761101656E-17    0.424507709891782E+00  0.531256411654082E-18
  0.00000000  0.00000000  0.04000000    0.1421D-01  0.235568131264328E+01 -0.294805756220461E-17    0.424505638616249E+00  0.531254822714909E-18
  0.00000000  0.00000000  0.04000000    0.1466D-01  0.235569353480518E+01 -0.294807906745740E-17    0.424503436132537E+00  0.531253185372252E-18
  0.00000000  0.00000000  0.04000000    0.1513D-01  0.235570653078398E+01 -0.294810186746523E-17    0.424501094228914E+00  0.531251432333892E-18
  0.00000000  0.00000000  0.04000000    0.1561D-01  0.235572034901232E+01 -0.294812617270430E-17    0.424498604182482E+00  0.531249579684413E-18
  0.00000000  0.00000000  0.04000000    0.1610D-01  0.235573504093975E+01 -0.294815173053818E-17    0.424495956727408E+00  0.531247558695364E-18
  0.00000000  0.00000000  0.04000000    0.1662D-01  0.235575066122051E+01 -0.294817925939793E-17    0.424493142021194E+00  0.531245474177285E-18
  0.00000000  0.00000000  0.04000000    0.1714D-01  0.235576726791301E+01 -0.294820850321619E-17    0.424490149608840E+00  0.531243253802824E-18
  0.00000000  0.00000000  0.04000000    0.1768D-01  0.235578492269180E+01 -0.294823941420523E-17    0.424486968384773E+00  0.531240861147239E-18
  0.00000000  0.00000000  0.04000000    0.1824D-01  0.235580369107275E+01 -0.294827232690170E-17    0.424483586552424E+00  0.531238326945065E-18
  0.00000000  0.00000000  0.04000000    0.1882D-01  0.235582364265232E+01 -0.294830739908381E-17    0.424479991581264E+00  0.531235648239384E-18
  0.00000000  0.00000000  0.04000000    0.1941D-01  0.235584485136177E+01 -0.294834455297346E-17    0.424476170161188E+00  0.531232777675643E-18
  0.00000000  0.00000000  0.04000000    0.2002D-01  0.235586739573733E+01 -0.294838412083090E-17    0.424472108154042E+00  0.531229739704980E-18
  0.00000000  0.00000000  0.04000000    0.2065D-01  0.235589135920720E+01 -0.294842617373592E-17    0.424467790542141E+00  0.531226509512501E-18
  0.00000000  0.00000000  0.04000000    0.2130D-01  0.235591683039663E+01 -0.294847097256885E-17    0.424463201373558E+00  0.531223094137362E-18
  0.00000000  0.00000000  0.04000000    0.2197D-01  0.235594390345204E+01 -0.294851845653011E-17    0.424458323704037E+00  0.531219440172320E-18
  0.00000000  0.00000000  0.04000000    0.2266D-01  0.235597267838554E+01 -0.294856895763359E-17    0.424453139535243E+00  0.531215562338932E-18
  0.00000000  0.00000000  0.04000000    0.2337D-01  0.235600326144106E+01 -0.294862262628509E-17    0.424447629749182E+00  0.531211439828825E-18
  0.00000000  0.00000000  0.04000000    0.2410D-01  0.235603576548346E+01 -0.294867962145094E-17    0.424441774038519E+00  0.531207050391719E-18
  0.00000000  0.00000000  0.04000000    0.2486D-01  0.235607031041221E+01 -0.294874029819669E-17    0.424435550832540E+00  0.531202403933460E-18
  0.00000000  0.00000000  0.04000000    0.2564D-01  0.235610702360096E+01 -0.294880465511510E-17    0.424428937218500E+00  0.531197442772630E-18
  0.00000000  0.00000000  0.04000000    0.2644D-01  0.235614604036504E+01 -0.294887302183597E-17    0.424421908858022E+00  0.531192165284303E-18
  0.00000000  0.00000000  0.04000000    0.2726D-01  0.235618750445820E+01 -0.294894597935028E-17    0.424414439898300E+00  0.531186611315169E-18
  0.00000000  0.00000000  0.04000000    0.2811D-01  0.235623156860099E+01 -0.294902317820040E-17    0.424406502877707E+00  0.531180649068570E-18
  0.00000000  0.00000000  0.04000000    0.2899D-01  0.235627839504234E+01 -0.294910541760705E-17    0.424398068625516E+00  0.531174349363328E-18
  0.00000000  0.00000000  0.04000000    0.2989D-01  0.235632815615685E+01 -0.294919273996075E-17    0.424389106155311E+00  0.531167642130556E-18
  0.00000000  0.00000000  0.04000000    0.3082D-01  0.235638103507994E+01 -0.294928557600948E-17    0.424379582551714E+00  0.531160522402623E-18
  0.00000000  0.00000000  0.04000000    0.3178D-01  0.235643722638324E+01 -0.294938407357468E-17    0.424369462850001E+00  0.531152929103182E-18
  0.00000000  0.00000000  0.04000000    0.3277D-01  0.235649693679310E+01 -0.294948880119191E-17    0.424358709908139E+00  0.531144871448734E-18
  0.00000000  0.00000000  0.04000000    0.3379D-01  0.235656038595480E+01 -0.294960022487986E-17    0.424347284270772E+00  0.531136334367727E-18
  0.00000000  0.00000000  0.04000000    0.3484D-01  0.235662780724552E+01 -0.294971830198521E-17    0.424335144024640E+00  0.531127205007390E-18
  0.00000000  0.00000000  0.04000000    0.3592D-01  0.235669944863936E+01 -0.294984405358160E-17    0.424322244644878E+00  0.531117555482414E-18
  0.00000000  0.00000000  0.04000000    0.3703D-01  0.235677557362775E+01 -0.294997754292268E-17    0.424308538831602E+00  0.531107278448596E-18
  0.00000000  0.00000000  0.04000000    0.3818D-01  0.235685646219897E+01 -0.295011946453762E-17    0.424293976336171E+00  0.531096372796304E-18
  0.00000000  0.00000000  0.04000000    0.3936D-01  0.235694241188074E+01 -0.295027008799574E-17    0.424278503776442E+00  0.531084753009469E-18
  0.00000000  0.00000000  0.04000000    0.4058D-01  0.235703373885001E+01 -0.295043023055727E-17    0.424262064440324E+00  0.531072423771964E-18
  0.00000000  0.00000000  0.04000000    0.4184D-01  0.235713077911452E+01 -0.295060049887508E-17    0.424244598076846E+00  0.531059342918955E-18
  0.00000000  0.00000000  0.04000000    0.4313D-01  0.235723388977102E+01 -0.295078125364468E-17    0.424226040673944E+00  0.531045414526166E-18
  0.00000000  0.00000000  0.04000000    0.4447D-01  0.235734345034524E+01 -0.295097333047828E-17    0.424206324222101E+00  0.531030618052838E-18
  0.00000000  0.00000000  0.04000000    0.4584D-01  0.235745986421924E+01 -0.295117739686854E-17    0.424185376462894E+00  0.531014891960447E-18
  0.00000000  0.00000000  0.04000000    0.4726D-01  0.235758356015209E+01 -0.295139431770897E-17    0.424163120621475E+00  0.530998198809618E-18
  0.00000000  0.00000000  0.04000000    0.4872D-01  0.235771499390048E+01 -0.295162463757052E-17    0.424139475121908E+00  0.530980431381563E-18
  0.00000000  0.00000000  0.04000000    0.5022D-01  0.235785464994578E+01 -0.295186937123419E-17    0.424114353284244E+00  0.530961554135386E-18
  0.00000000  0.00000000  0.04000000    0.5177D-01  0.235800304333550E+01 -0.295212934249893E-17    0.424087663002103E+00  0.530941483421222E-18
  0.00000000  0.00000000  0.04000000    0.5337D-01  0.235816072164676E+01 -0.295240579456901E-17    0.424059306399470E+00  0.530920196389502E-18
  0.00000000  0.00000000  0.04000000    0.5501D-01  0.235832826708058E+01 -0.295269916191105E-17    0.424029179465299E+00  0.530897509184728E-18
  0.00000000  0.00000000  0.04000000    0.5671D-01  0.235850629869630E+01 -0.295301104937315E-17    0.423997171664442E+00  0.530873431849709E-18
  0.00000000  0.00000000  0.04000000    0.5846D-01  0.235869547479609E+01 -0.295334233380286E-17    0.423963165523286E+00  0.530847825881906E-18
  0.00000000  0.00000000  0.04000000    0.6026D-01  0.235889649547051E+01 -0.295369453071559E-17    0.423927036188393E+00  0.530820648814593E-18
  0.00000000  0.00000000  0.04000000    0.6211D-01  0.235911010531678E+01 -0.295406840365485E-17    0.423888650956255E+00  0.530791703039061E-18
  0.00000000  0.00000000  0.04000000    0.6403D-01  0.235933709634246E+01 -0.295446571622909E-17    0.423847868772225E+00  0.530760949389379E-18
  0.00000000  0.00000000  0.04000000    0.6600D-01  0.235957831106826E+01 -0.295488798142039E-17    0.423804539696445E+00  0.530728280958588E-18
  0.00000000  0.00000000  0.04000000    0.6803D-01  0.235983464584503E+01 -0.295533668509197E-17    0.423758504334489E+00  0.530693561807152E-18
  0.00000000  0.00000000  0.04000000    0.7012D-01  0.236010705440087E+01 -0.295581312519134E-17    0.423709593230235E+00  0.530656596531951E-18
  0.00000000  0.00000000  0.04000000    0.7227D-01  0.236039655163606E+01 -0.295631946953279E-17    0.423657626218302E+00  0.530617318491288E-18
  0.00000000  0.00000000  0.04000000    0.7450D-01  0.236070421768501E+01 -0.295685771171322E-17    0.423602411733154E+00  0.530575600471359E-18
  0.00000000  0.00000000  0.04000000    0.7678D-01  0.236103120226576E+01 -0.295742923169214E-17    0.423543746071781E+00  0.530531173976448E-18
  0.00000000  0.00000000  0.04000000    0.7914D-01  0.236137872933995E+01 -0.295803671525429E-17    0.423481412606575E+00  0.530483971568655E-18
  0.00000000  0.00000000  0.04000000    0.8157D-01  0.236174810210791E+01 -0.295868230957844E-17    0.423415180944775E+00  0.530433793659093E-18
  0.00000000  0.00000000  0.04000000    0.8408D-01  0.236214070836583E+01 -0.295936822057566E-17    0.423344806030551E+00  0.530380413357894E-18
  0.00000000  0.00000000  0.04000000    0.8666D-01  0.236255802625470E+01 -0.296009682838702E-17    0.423270027185437E+00  0.530323594637428E-18
  0.00000000  0.00000000  0.04000000    0.8932D-01  0.236300163043335E+01 -0.296087140601248E-17    0.423190567082516E+00  0.530263218286073E-18
  0.00000000  0.00000000  0.04000000    0.9206D-01  0.236347319871115E+01 -0.296169447091867E-17    0.423106130649301E+00  0.530198983614103E-18
  0.00000000  0.00000000  0.04000000    0.9488D-01  0.236397451917936E+01 -0.296256892080753E-17    0.423016403893873E+00  0.530130608853941E-18
  0.00000000  0.00000000  0.04000000    0.9779D-01  0.236450749788416E+01 -0.296349839550157E-17    0.422921052648314E+00  0.530057892423108E-18
  0.00000000  0.00000000  0.04000000    0.1008D+00  0.236507416708869E+01 -0.296448611156629E-17    0.422819721222933E+00  0.529980500698062E-18
  0.00000000  0.00000000  0.04000000    0.1039D+00  0.236567669417613E+01 -0.296553591021670E-17    0.422712030964256E+00  0.529898151590701E-18
  0.00000000  0.00000000  0.04000000    0.1071D+00  0.236631739125182E+01 -0.296665179240063E-17    0.422597578708993E+00  0.529810527098385E-18
  0.00000000  0.00000000  0.04000000    0.1103D+00  0.236699872550807E+01 -0.296783783424996E-17    0.422475935125547E+00  0.529717253673889E-18
  0.00000000  0.00000000  0.04000000    0.1137D+00  0.236772333042259E+01 -0.296909822526889E-17    0.422346642933793E+00  0.529617904199638E-18
  0.00000000  0.00000000  0.04000000    0.1172D+00  0.236849401786933E+01 -0.297043837637956E-17    0.422209214992904E+00  0.529512190283775E-18
  0.00000000  0.00000000  0.04000000    0.1208D+00  0.236931379122899E+01 -0.297186265277065E-17    0.422063132246105E+00  0.529399552088444E-18
  0.00000000  0.00000000  0.04000000    0.1245D+00  0.237018585959725E+01 -0.297337694269404E-17    0.421907841509916E+00  0.529279610207683E-18
  0.00000000  0.00000000  0.04000000    0.1283D+00  0.237111365319933E+01 -0.297498682785799E-17    0.421742753094397E+00  0.529151832729512E-18
  0.00000000  0.00000000  0.04000000    0.1322D+00  0.237210084013311E+01 -0.297669851197986E-17    0.421567238239283E+00  0.529015693403622E-18
  0.00000000  0.00000000  0.04000000    0.1363D+00  0.237315134457755E+01 -0.297851853505297E-17    0.421380626349396E+00  0.528870612808442E-18
  0.00000000  0.00000000  0.04000000    0.1405D+00  0.237426936662001E+01 -0.298045369450950E-17    0.421182202010882E+00  0.528715935813145E-18
  0.00000000  0.00000000  0.04000000    0.1448D+00  0.237545940387566E+01 -0.298251174925288E-17    0.420971201767733E+00  0.528551047145190E-18
  0.00000000  0.00000000  0.04000000    0.1492D+00  0.237672627509402E+01 -0.298470054232370E-17    0.420746810635752E+00  0.528375205443385E-18
  0.00000000  0.00000000  0.04000000    0.1537D+00  0.237807514597363E+01 -0.298702860874384E-17    0.420508158328438E+00  0.528187640017983E-18
  0.00000000  0.00000000  0.04000000    0.1585D+00  0.237951155743496E+01 -0.298950492506264E-17    0.420254315166247E+00  0.527987494342170E-18
  0.00000000  0.00000000  0.04000000    0.1633D+00  0.238104145663603E+01 -0.299213925193845E-17    0.419984287637233E+00  0.527773873375641E-18
  0.00000000  0.00000000  0.04000000    0.1683D+00  0.238267123105455E+01 -0.299494206024252E-17    0.419697013573043E+00  0.527545815858012E-18
  0.00000000  0.00000000  0.04000000    0.1734D+00  0.238440774600659E+01 -0.299792426403919E-17    0.419391356899760E+00  0.527302231375420E-18
  0.00000000  0.00000000  0.04000000    0.1787D+00  0.238625838602515E+01 -0.300109770939130E-17    0.419066101917707E+00  0.527041969098613E-18
  0.00000000  0.00000000  0.04000000    0.1842D+00  0.238823110058513E+01 -0.300447535589849E-17    0.418719947058304E+00  0.526763830205362E-18
  0.00000000  0.00000000  0.04000000    0.1898D+00  0.239033445473441E+01 -0.300807034216443E-17    0.418351498058923E+00  0.526466382735100E-18
  0.00000000  0.00000000  0.04000000    0.1956D+00  0.239257768527806E+01 -0.301189760298948E-17    0.417959260488455E+00  0.526148221877331E-18
  0.00000000  0.00000000  0.04000000    0.2016D+00  0.239497076326480E+01 -0.301597260376259E-17    0.417541631546604E+00  0.525807722161182E-18
  0.00000000  0.00000000  0.04000000    0.2078D+00  0.239752446364675E+01 -0.302031208929378E-17    0.417096891048591E+00  0.525443140014827E-18
  0.00000000  0.00000000  0.04000000    0.2141D+00  0.240025044312854E+01 -0.302493392187982E-17    0.416623191493542E+00  0.525052553661025E-18
  0.00000000  0.00000000  0.04000000    0.2207D+00  0.240316132739485E+01 -0.302985734316898E-17    0.416118547098980E+00  0.524633873383526E-18
  0.00000000  0.00000000  0.04000000    0.2274D+00  0.240627080911372E+01 -0.303510289802816E-17    0.415580821665006E+00  0.524184788936935E-18
  0.00000000  0.00000000  0.04000000    0.2343D+00  0.240959375836436E+01 -0.304069288727271E-17    0.415007715109125E+00  0.523702803891809E-18
  0.00000000  0.00000000  0.04000000    0.2415D+00  0.241314634744199E+01 -0.304665120171325E-17    0.414396748485658E+00  0.523185157459764E-18
  0.00000000  0.00000000  0.04000000    0.2489D+00  0.241694619236387E+01 -0.305300332053471E-17    0.413745247270880E+00  0.522628769214769E-18
  0.00000000  0.00000000  0.04000000    0.2565D+00  0.242101251385420E+01 -0.305977679480073E-17    0.413050322655301E+00  0.522030260113622E-18
  0.00000000  0.00000000  0.04000000    0.2643D+00  0.242536632114625E+01 -0.306700148728006E-17    0.412308850535778E+00  0.521385922937332E-18
  0.00000000  0.00000000  0.04000000    0.2724D+00  0.243003062263284E+01 -0.307470939694650E-17    0.411517447840448E+00  0.520691612730201E-18
  0.00000000  0.00000000  0.04000000    0.2807D+00  0.243503066826276E+01 -0.308293492315922E-17    0.410672445745184E+00  0.519942701941534E-18
  0.00000000  0.00000000  0.04000000    0.2893D+00  0.244039422966781E+01 -0.309171510795040E-17    0.409769859247750E+00  0.519134019093065E-18
  0.00000000  0.00000000  0.04000000    0.2981D+00  0.244615192538086E+01 -0.310108991121226E-17    0.408805352449360E+00  0.518259778134140E-18
  0.00000000  0.00000000  0.04000000    0.3072D+00  0.245233760026200E+01 -0.311110318463925E-17    0.407774198745378E+00  0.517313606493219E-18
  0.00000000  0.00000000  0.04000000    0.3166D+00  0.245898877050816E+01 -0.312180089759940E-17    0.406671234937500E+00  0.516288094310160E-18
  0.00000000  0.00000000  0.04000000    0.3262D+00  0.246614714855582E+01 -0.313323443537212E-17    0.405490808034549E+00  0.515175164509028E-18
  0.00000000  0.00000000  0.04000000    0.3362D+00  0.247385926603526E+01 -0.314545720560205E-17    0.404226713188359E+00  0.513965303181088E-18
  0.00000000  0.00000000  0.04000000    0.3464D+00  0.248217721803859E+01 -0.315852859442160E-17    0.402872120786846E+00  0.512647970561119E-18
  0.00000000  0.00000000  0.04000000    0.3570D+00  0.249115955881301E+01 -0.317251197333405E-17    0.401419490157620E+00  0.511210987810632E-18
  0.00000000  0.00000000  0.04000000    0.3679D+00  0.250087238830199E+01 -0.318747518600546E-17    0.399860466562617E+00  0.509640284324257E-18
  0.00000000  0.00000000  0.04000000    0.3791D+00  0.251139068179590E+01 -0.320349214751203E-17    0.398185757098094E+00  0.507919757511683E-18
  0.00000000  0.00000000  0.04000000    0.3907D+00  0.252279993293686E+01 -0.322064118879382E-17    0.396384979619003E+00  0.506030531915394E-18
  0.00000000  0.00000000  0.04000000    0.4026D+00  0.253519820594977E+01 -0.323900648599702E-17    0.394446476671187E+00  0.503950615505429E-18
  0.00000000  0.00000000  0.04000000    0.4149D+00  0.254869873020425E+01 -0.325867747600137E-17    0.392357083302607E+00  0.501654108724468E-18
  0.00000000  0.00000000  0.04000000    0.4276D+00  0.256343322547969E+01 -0.327974769221437E-17    0.390101832987232E+00  0.499110167470446E-18
  0.00000000  0.00000000  0.04000000    0.4406D+00  0.257955623035589E+01 -0.330231472958367E-17    0.387663578809459E+00  0.496281930729214E-18
  0.00000000  0.00000000  0.04000000    0.4540D+00  0.259725083752297E+01 -0.332647749853149E-17    0.385022495922539E+00  0.493124749681953E-18
  0.00000000  0.00000000  0.04000000    0.4679D+00  0.261673645165932E+01 -0.335233355094151E-17    0.382155413230814E+00  0.489584043756184E-18
  0.00000000  0.00000000  0.04000000    0.4822D+00  0.263827953969532E+01 -0.337997258500316E-17    0.379034891850574E+00  0.485592039789131E-18
  0.00000000  0.00000000  0.04000000    0.4969D+00  0.266220896069918E+01 -0.340946789065420E-17    0.375627914548589E+00  0.481063407265544E-18
  0.00000000  0.00000000  0.04000000    0.5120D+00  0.268893859349529E+01 -0.344086169294493E-17    0.371893951918078E+00  0.475888760006768E-18
  0.00000000  0.00000000  0.04000000    0.5276D+00  0.271900217794088E+01 -0.347413834279878E-17    0.367781978298123E+00  0.469924402033223E-18
  0.00000000  0.00000000  0.04000000    0.5437D+00  0.275310987890767E+01 -0.350918462448329E-17    0.363225604492314E+00  0.462976692746023E-18
  0.00000000  0.00000000  0.04000000    0.5603D+00  0.279224660166813E+01 -0.354571798206337E-17    0.358134557099143E+00  0.454775068343215E-18
  0.00000000  0.00000000  0.04000000    0.5774D+00  0.283785926387415E+01 -0.358316719766038E-17    0.352378291880068E+00  0.444923521298430E-18
  0.00000000  0.00000000  0.04000000    0.5950D+00  0.289226338295968E+01 -0.362047833851130E-17    0.345749977644390E+00  0.432803012331927E-18
  0.00000000  0.00000000  0.04000000    0.6131D+00  0.295973304492082E+01 -0.365588775211234E-17    0.337868309345025E+00  0.417337846087544E-18
  0.00000000  0.00000000  0.04000000    0.6318D+00  0.305181342373717E+01 -0.368778981426898E-17    0.327674028897687E+00  0.395958985162862E-18
  0.00000000  0.00000000  0.04000000    0.6511D+00  0.320688876533447E+01  0.126146454092860E-01    0.311823889176292E+00 -0.122659314991649E-02
  0.00000000  0.00000000  0.04000000    0.6709D+00  0.332489547277610E+01  0.202043780998081E+00    0.299654822344441E+00 -0.182091117740399E-01
  0.00000000  0.00000000  0.04000000    0.6914D+00  0.333927620214304E+01  0.339825497835871E+00    0.296396504080972E+00 -0.301631501735279E-01
  0.00000000  0.00000000  0.04000000    0.7125D+00  0.334200816863277E+01  0.425550227064226E+00    0.294447163860136E+00 -0.374930434387178E-01
  0.00000000  0.00000000  0.04000000    0.7342D+00  0.335340110269312E+01  0.505444542331356E+00    0.291580493033361E+00 -0.439487446746644E-01
  0.00000000  0.00000000  0.04000000    0.7565D+00  0.337286970433333E+01  0.567967129907662E+00    0.288308127546530E+00 -0.485490262257316E-01
  0.00000000  0.00000000  0.04000000    0.7796D+00  0.340628806408062E+01  0.635331466627170E+00    0.283704978508634E+00 -0.529158710873650E-01
  0.00000000  0.00000000  0.04000000    0.8034D+00  0.344954448704379E+01  0.702077764987763E+00    0.278362591187520E+00 -0.566544906468561E-01
  0.00000000  0.00000000  0.04000000    0.8279D+00  0.351575474202691E+01  0.766445759741454E+00    0.271529406068835E+00 -0.591942775298918E-01
  0.00000000  0.00000000  0.04000000    0.8531D+00  0.360950704192766E+01  0.855312714849988E+00    0.262316901697369E+00 -0.621588983580408E-01
  0.00000000  0.00000000  0.04000000    0.8791D+00  0.374605290032049E+01  0.954088674673758E+00    0.250686166231427E+00 -0.638476920809968E-01
  0.00000000  0.00000000  0.04000000    0.9059D+00  0.396750548697794E+01  0.112534669917634E+01    0.233279689822190E+00 -0.661676536523819E-01
  0.00000000  0.00000000  0.04000000    0.9335D+00  0.425449560296181E+01  0.152293971665428E+01    0.208348643816154E+00 -0.745805035872604E-01
  0.00000000  0.00000000  0.04000000    0.9619D+00  0.408905702798824E+01  0.258239399200289E+01    0.174827118916364E+00 -0.110409930318559E+00
  0.00000000  0.00000000  0.04000000    0.9913D+00  0.337983251576601E+01  0.263974257145858E+01    0.183771357472823E+00 -0.143530507346989E+00
  0.00000000  0.00000000  0.04000000    0.1021D+01  0.306885136902451E+01  0.256622406909263E+01    0.191763003879235E+00 -0.160355382826122E+00
  0.00000000  0.00000000  0.04000000    0.1053D+01  0.295618718128508E+01  0.249682130993670E+01    0.197432426995357E+00 -0.166753138676503E+00
  0.00000000  0.00000000  0.04000000    0.1085D+01  0.316379372990044E+01  0.242682515437917E+01    0.198992363197792E+00 -0.152639430306019E+00
  0.00000000  0.00000000  0.04000000    0.1118D+01  0.337674097926047E+01  0.318588864244675E+01    0.156676841601829E+00 -0.147821515851954E+00
  0.00000000  0.00000000  0.04000000    0.1152D+01  0.254275388314772E+01  0.466748619125731E+01    0.900057224162327E-01 -0.165214757627999E+00
  0.00000000  0.00000000  0.04000000    0.1187D+01  0.936246178438913E+00  0.397380941579055E+01    0.561712268198196E-01 -0.238413523252282E+00
  0.00000000  0.00000000  0.04000000    0.1223D+01  0.412333439676433E+00  0.313921821960118E+01    0.411317079461007E-01 -0.313148036426632E+00
  0.00000000  0.00000000  0.04000000    0.1260D+01  0.350387061796410E+00  0.248319404647306E+01    0.557140622870258E-01 -0.394845708818891E+00
  0.00000000  0.00000000  0.04000000    0.1299D+01  0.377694013966943E+00  0.218083978079326E+01    0.771006315562573E-01 -0.445186098281362E+00
  0.00000000  0.00000000  0.04000000    0.1338D+01  0.394764262695367E+00  0.164481229841287E+01    0.137969338718088E+00 -0.574858685479652E+00
  0.00000000  0.00000000  0.04000000    0.1379D+01  0.957964528225900E+00  0.107918722481745E+01    0.460042077925440E+00 -0.518256698183857E+00
  0.00000000  0.00000000  0.04000000    0.1421D+01  0.140129258661305E+01  0.179814965710117E+01    0.269636816529249E+00 -0.346000081507463E+00
  0.00000000  0.00000000  0.04000000    0.1464D+01  0.123629168666523E+01  0.180076409793034E+01    0.259117173120657E+00 -0.377426223556923E+00
  0.00000000  0.00000000  0.04000000    0.1509D+01  0.134606529439003E+01  0.207401839803457E+01    0.220181173508902E+00 -0.339255314479554E+00
  0.00000000  0.00000000  0.04000000    0.1555D+01  0.108256061195897E+01  0.264478667860087E+01    0.132555725366555E+00 -0.323844792382884E+00
  0.00000000  0.00000000  0.04000000    0.1602D+01  0.266085482002880E+00  0.241184822669322E+01    0.451925810279487E-01 -0.409633947675386E+00
  0.00000000  0.00000000  0.04000000    0.1651D+01  0.136127438170557E+00  0.187694766693847E+01    0.384381905348778E-01 -0.529992138362153E+00
  0.00000000  0.00000000  0.04000000    0.1701D+01  0.255801340984601E+00  0.230388164754415E+01    0.476059598925452E-01 -0.428764356308672E+00
  0.00000000  0.00000000  0.04000000    0.1753D+01 -0.700564490219074E+00  0.172568240564845E+01   -0.201963351697659E+00 -0.497491105353418E+00
  0.00000000  0.00000000  0.04000000    0.1807D+01 -0.576360814881520E+00  0.986456982895589E+00   -0.441557954356937E+00 -0.755738273980393E+00
  0.00000000  0.00000000  0.04000000    0.1862D+01 -0.214803423825608E+00  0.671566705237600E+00   -0.432076292880998E+00 -0.135085394475344E+01
  0.00000000  0.00000000  0.04000000    0.1919D+01  0.634355243689130E-01  0.683351011272834E+00    0.134684737918501E+00 -0.145087398228756E+01
  0.00000000  0.00000000  0.04000000    0.1977D+01  0.117331723969779E+00  0.768249971775052E+00    0.194265941528462E+00 -0.127199020901231E+01
  0.00000000  0.00000000  0.04000000    0.2037D+01 -0.261336061994592E-02  0.527883485118735E+00   -0.937805009040747E-02 -0.189431099847399E+01
  0.00000000  0.00000000  0.04000000    0.2099D+01  0.143115652175163E+00  0.429960256094542E+00    0.696942330591689E+00 -0.209381362827856E+01
  0.00000000  0.00000000  0.04000000    0.2163D+01  0.237986358931926E+00  0.331252070935846E+00    0.143050357534170E+01 -0.199111106174205E+01
  0.00000000  0.00000000  0.04000000    0.2229D+01  0.339570510391183E+00  0.287507669361064E+00    0.171527293707185E+01 -0.145228784409908E+01
  0.00000000  0.00000000  0.04000000    0.2297D+01  0.417762103388550E+00  0.253815087316081E+00    0.174834429845089E+01 -0.106222215268090E+01
  0.00000000  0.00000000  0.04000000    0.2367D+01  0.488015129817415E+00  0.221811948701788E+00    0.169827500641348E+01 -0.771897561342111E+00
  0.00000000  0.00000000  0.04000000    0.2439D+01  0.571092958862505E+00  0.188510807493474E+00    0.157898541451850E+01 -0.521203791593172E+00
  0.00000000  0.00000000  0.04000000    0.2513D+01  0.664118206645076E+00  0.197671209549353E+00    0.138321391149160E+01 -0.411706175518481E+00
  0.00000000  0.00000000  0.04000000    0.2590D+01  0.731930350164077E+00  0.265616057321089E+00    0.120726014609475E+01 -0.438112287726126E+00
  0.00000000  0.00000000  0.04000000    0.2669D+01  0.681299600158515E+00  0.270294545861213E+00    0.126817521904037E+01 -0.503127911455118E+00
  0.00000000  0.00000000  0.04000000    0.2750D+01  0.723490809808267E+00  0.358949481487764E+00    0.110916588843306E+01 -0.550296583093393E+00
  0.00000000  0.00000000  0.04000000    0.2834D+01  0.612561132966543E+00  0.254344041140514E+00    0.139243112910135E+01 -0.578157087228763E+00
  0.00000000  0.00000000  0.04000000    0.2920D+01  0.670333777501614E+00  0.238308076215207E+00    0.132440881453911E+01 -0.470836063030584E+00
  0.00000000  0.00000000  0.04000000    0.3009D+01  0.679203867689815E+00  0.214977446597750E+00    0.133824520734149E+01 -0.423573173360280E+00
  0.00000000  0.00000000  0.04000000    0.3101D+01  0.707074046754571E+00  0.174315781095565E+00    0.133324744104714E+01 -0.328687030936187E+00
  0.00000000  0.00000000  0.04000000    0.3195D+01  0.749999403705952E+00  0.177769691570170E+00    0.126241024777067E+01 -0.299224611742759E+00
  0.00000000  0.00000000  0.04000000    0.3293D+01  0.751707712666110E+00  0.182805407994167E+00    0.125602329351958E+01 -0.305448310231734E+00
  0.00000000  0.00000000  0.04000000    0.3393D+01  0.757632764302670E+00  0.168440747694014E+00    0.125773291428357E+01 -0.279625542166577E+00
  0.00000000  0.00000000  0.04000000    0.3496D+01  0.768083754111111E+00  0.150858241348542E+00    0.125358272776916E+01 -0.246214406546095E+00
  0.00000000  0.00000000  0.04000000    0.3603D+01  0.787798429165158E+00  0.108541602036607E+00    0.124571300834408E+01 -0.171632337153545E+00
  0.00000000  0.00000000  0.04000000    0.3713D+01  0.858385986117634E+00  0.942332054516261E-01    0.115110449396826E+01 -0.126367704075654E+00
  0.00000000  0.00000000  0.04000000    0.3826D+01  0.894256055324090E+00  0.208183571469072E+00    0.106075881361174E+01 -0.246945555437088E+00
  0.00000000  0.00000000  0.04000000    0.3942D+01  0.810054675247015E+00  0.226467436719421E+00    0.114499232105420E+01 -0.320106140901531E+00
  0.00000000  0.00000000  0.04000000    0.4062D+01  0.784472088791403E+00  0.133680501063288E+00    0.123877001325470E+01 -0.211096606801135E+00
  0.00000000  0.00000000  0.04000000    0.4186D+01  0.807620138769271E+00  0.135866905940391E+00    0.120412698890230E+01 -0.202571729564330E+00
  0.00000000  0.00000000  0.04000000    0.4313D+01  0.810987362919541E+00  0.112598768992062E+00    0.120974460767336E+01 -0.167962855954292E+00
  0.00000000  0.00000000  0.04000000    0.4445D+01  0.827366733669673E+00  0.104211981628517E+00    0.118977807351404E+01 -0.149859942022469E+00
  0.00000000  0.00000000  0.04000000    0.4580D+01  0.838795424165815E+00  0.802362738645460E-01    0.118137601019544E+01 -0.113006349772728E+00
  0.00000000  0.00000000  0.04000000    0.4720D+01  0.863725702329336E+00  0.862873475790015E-01    0.114633423894113E+01 -0.114520316635787E+00
  0.00000000  0.00000000  0.04000000    0.4863D+01  0.874844423824945E+00  0.798659816821921E-01    0.113361266729603E+01 -0.103489358856657E+00
  0.00000000  0.00000000  0.04000000    0.5012D+01  0.887665938596027E+00  0.929583071748489E-01    0.111432937526442E+01 -0.116694995105505E+00
  0.00000000  0.00000000  0.04000000    0.5164D+01  0.888686387829493E+00  0.943285011426288E-01    0.111271989614992E+01 -0.118108256672816E+00
  0.00000000  0.00000000  0.04000000    0.5322D+01  0.894856006250513E+00  0.942158226501828E-01    0.110524640994652E+01 -0.116366989791564E+00
  0.00000000  0.00000000  0.04000000    0.5484D+01  0.896546236689252E+00  0.101958458629586E+00    0.110115020562335E+01 -0.125226756959688E+00
  0.00000000  0.00000000  0.04000000    0.5651D+01  0.898442993112465E+00  0.115418352670831E+00    0.109496620482934E+01 -0.140664679407004E+00
  0.00000000  0.00000000  0.04000000    0.5823D+01  0.848978911408541E+00  0.123340073540035E+00    0.115353849015707E+01 -0.167586638837921E+00
  0.00000000  0.00000000  0.04000000    0.6000D+01  0.835002114068462E+00  0.761035493926153E-01    0.118773545651152E+01 -0.108252281589521E+00
  0.00000000  0.00000000  0.04000000    0.6183D+01  0.850656697837737E+00  0.569266822119468E-01    0.117032119655111E+01 -0.783189070412499E-01
  0.00000000  0.00000000  0.04000000    0.6371D+01  0.861487560136890E+00  0.290488221661570E-01    0.115946456020543E+01 -0.390964203963865E-01
  0.00000000  0.00000000  0.04000000    0.6565D+01  0.882880279875333E+00  0.255126701322516E-01    0.113171137438281E+01 -0.327031644467386E-01
  0.00000000  0.00000000  0.04000000    0.6765D+01  0.896961575700092E+00  0.191451093353578E-01    0.111436727168923E+01 -0.237855041221611E-01
  0.00000000  0.00000000  0.04000000    0.6971D+01  0.908309000924750E+00  0.250750212563592E-01    0.110010852401595E+01 -0.303698901980685E-01
  0.00000000  0.00000000  0.04000000    0.7184D+01  0.911609943127107E+00  0.247109254161957E-01    0.109615495384837E+01 -0.297133697513475E-01
  0.00000000  0.00000000  0.04000000    0.7402D+01  0.917116870834955E+00  0.186931264765224E-01    0.108992077058765E+01 -0.222153004288701E-01
  0.00000000  0.00000000  0.04000000    0.7628D+01  0.926960217040688E+00  0.181257075922672E-01    0.107838262301459E+01 -0.210866094768840E-01
  0.00000000  0.00000000  0.04000000    0.7860D+01  0.930389622300944E+00  0.271146259710395E-01    0.107390642021123E+01 -0.312971793901918E-01
  0.00000000  0.00000000  0.04000000    0.8100D+01  0.928135388132610E+00  0.212021009826361E-01    0.107686706878496E+01 -0.245996916281700E-01
  0.00000000  0.00000000  0.04000000    0.8346D+01  0.930796363329260E+00  0.208957590747081E-01    0.107380767760859E+01 -0.241062679312852E-01
  0.00000000  0.00000000  0.04000000    0.8600D+01  0.932878643395789E+00  0.142843336684048E-01    0.107169952013055E+01 -0.164099732008971E-01
  0.00000000  0.00000000  0.04000000    0.8862D+01  0.937270854602791E+00  0.142538948102146E-01    0.106668074570920E+01 -0.162219438177919E-01
  0.00000000  0.00000000  0.04000000    0.9132D+01  0.941283657364602E+00  0.920665600636653E-02    0.106227738491671E+01 -0.103900905850770E-01
  0.00000000  0.00000000  0.04000000    0.9410D+01  0.944854515952522E+00  0.127315912640167E-01    0.105817186633212E+01 -0.142585037820777E-01
  0.00000000  0.00000000  0.04000000    0.9697D+01  0.945247019439620E+00  0.793535540307287E-02    0.105784996753100E+01 -0.888065794744753E-02
  0.00000000  0.00000000  0.04000000    0.9992D+01  0.948359155328614E+00  0.677341960486991E-02    0.105439904832153E+01 -0.753078319023820E-02
  0.00000000  0.00000000  0.04000000    0.1030D+02  0.951332072231637E+00  0.290187665406072E-02    0.105114788491085E+01 -0.320634781084663E-02
  0.00000000  0.00000000  0.04000000    0.1061D+02  0.955598727007967E+00  0.167884035156284E-02    0.104646111933477E+01 -0.183847163440829E-02
  0.00000000  0.00000000  0.04000000    0.1093D+02  0.959244263811572E+00  0.576123607485000E-03    0.104248696291847E+01 -0.626119302966870E-03
  0.00000000  0.00000000  0.04000000    0.1127D+02  0.962731239691262E+00  0.716429783784640E-04    0.103871148378118E+01 -0.772971534588008E-04
  0.00000000  0.00000000  0.04000000    0.1161D+02  0.965762733039442E+00  0.763203812251344E-07    0.103545101274803E+01 -0.818275683346891E-07
  0.00000000  0.00000000  0.04000000    0.1196D+02  0.968330201043216E+00  0.510366732580256E-05    0.103270557800933E+01 -0.544296326808980E-05
  0.00000000  0.00000000  0.04000000    0.1233D+02  0.970590430823281E+00  0.141129329456248E-18    0.103030069970067E+01 -0.149811539728165E-18
  0.00000000  0.00000000  0.04000000    0.1270D+02  0.972629528617743E+00  0.131037038915751E-18    0.102814069548264E+01 -0.138515753800206E-18
  0.00000000  0.00000000  0.04000000    0.1309D+02  0.974484064151498E+00  0.122045895626746E-18    0.102618404629399E+01 -0.128520881577349E-18
