 q(1:3)   w(Ry)   eps  epsi --- LFC included. 
  0.00000000  0.00000000  0.01250000    0.0000D+00  0.238321403079593E+01  0.765633298403349E-16    0.419601423572530E+00 -0.134801498226025E-16
  0.00000000  0.00000000  0.01250000    0.1015D-04  0.238321403089258E+01  0.765633300130356E-16    0.419601423555514E+00 -0.134801498519159E-16
  0.00000000  0.00000000  0.01250000    0.3076D-04  0.238321403168341E+01  0.765633300331095E-16    0.419601423416276E+00 -0.134801498465039E-16
  0.00000000  0.00000000  0.01250000    0.5200D-04  0.238321403333194E+01  0.765633299578172E-16    0.419601423126026E+00 -0.134801498145983E-16
  0.00000000  0.00000000  0.01250000    0.7389D-04  0.238321403591582E+01  0.765633295010028E-16    0.419601422671095E+00 -0.134801497049388E-16
  0.00000000  0.00000000  0.01250000    0.9644D-04  0.238321403951825E+01  0.765633299931058E-16    0.419601422036831E+00 -0.134801497508282E-16
  0.00000000  0.00000000  0.01250000    0.1197D-03  0.238321404422840E+01  0.765633304497699E-16    0.419601421207538E+00 -0.134801497779471E-16
  0.00000000  0.00000000  0.01250000    0.1436D-03  0.238321405014169E+01  0.765633304133221E-16    0.419601420166412E+00 -0.134801497046353E-16
  0.00000000  0.00000000  0.01250000    0.1683D-03  0.238321405736030E+01  0.765633304590032E-16    0.419601418895465E+00 -0.134801496310170E-16
  0.00000000  0.00000000  0.01250000    0.1937D-03  0.238321406599357E+01  0.765633309215351E-16    0.419601417375446E+00 -0.134801496147884E-16
  0.00000000  0.00000000  0.01250000    0.2199D-03  0.238321407615846E+01  0.765633313876720E-16    0.419601415585760E+00 -0.134801495818677E-16
  0.00000000  0.00000000  0.01250000    0.2469D-03  0.238321408798007E+01  0.765633318273873E-16    0.419601413504384E+00 -0.134801495255534E-16
  0.00000000  0.00000000  0.01250000    0.2748D-03  0.238321410159215E+01  0.765633320496702E-16    0.419601411107768E+00 -0.134801494107020E-16
  0.00000000  0.00000000  0.01250000    0.3034D-03  0.238321411713769E+01  0.765633326655454E-16    0.419601408370738E+00 -0.134801493432762E-16
  0.00000000  0.00000000  0.01250000    0.3330D-03  0.238321413476950E+01  0.765633332713991E-16    0.419601405266388E+00 -0.134801492504848E-16
  0.00000000  0.00000000  0.01250000    0.3634D-03  0.238321415465083E+01  0.765633338676775E-16    0.419601401765974E+00 -0.134801491305596E-16
  0.00000000  0.00000000  0.01250000    0.3948D-03  0.238321417695611E+01  0.765633347140423E-16    0.419601397838787E+00 -0.134801490272449E-16
  0.00000000  0.00000000  0.01250000    0.4271D-03  0.238321420187161E+01  0.765633356453485E-16    0.419601393452032E+00 -0.134801489093571E-16
  0.00000000  0.00000000  0.01250000    0.4604D-03  0.238321422959619E+01  0.765633370261555E-16    0.419601388570695E+00 -0.134801488388328E-16
  0.00000000  0.00000000  0.01250000    0.4948D-03  0.238321426034221E+01  0.765633375804701E-16    0.419601383157386E+00 -0.134801485886116E-16
  0.00000000  0.00000000  0.01250000    0.5301D-03  0.238321429433632E+01  0.765633391000057E-16    0.419601377172204E+00 -0.134801484715882E-16
  0.00000000  0.00000000  0.01250000    0.5666D-03  0.238321433182037E+01  0.765633401383552E-16    0.419601370572563E+00 -0.134801482303643E-16
  0.00000000  0.00000000  0.01250000    0.6041D-03  0.238321437305243E+01  0.765633417350309E-16    0.419601363313027E+00 -0.134801480450426E-16
  0.00000000  0.00000000  0.01250000    0.6428D-03  0.238321441830784E+01  0.765633429870845E-16    0.419601355345119E+00 -0.134801477535305E-16
  0.00000000  0.00000000  0.01250000    0.6827D-03  0.238321446788025E+01  0.765633451675075E-16    0.419601346617138E+00 -0.134801475766356E-16
  0.00000000  0.00000000  0.01250000    0.7238D-03  0.238321452208288E+01  0.765633466613505E-16    0.419601337073937E+00 -0.134801472264782E-16
  0.00000000  0.00000000  0.01250000    0.7662D-03  0.238321458124967E+01  0.765633488674445E-16    0.419601326656719E+00 -0.134801469455659E-16
  0.00000000  0.00000000  0.01250000    0.8098D-03  0.238321464573675E+01  0.765633511961507E-16    0.419601315302785E+00 -0.134801466260553E-16
  0.00000000  0.00000000  0.01250000    0.8548D-03  0.238321471592365E+01  0.765633536411612E-16    0.419601302945311E+00 -0.134801462625422E-16
  0.00000000  0.00000000  0.01250000    0.9011D-03  0.238321479221500E+01  0.765633565972052E-16    0.419601289513054E+00 -0.134801459199473E-16
  0.00000000  0.00000000  0.01250000    0.9488D-03  0.238321487504202E+01  0.765633592548975E-16    0.419601274930095E+00 -0.134801454508878E-16
  0.00000000  0.00000000  0.01250000    0.9980D-03  0.238321496486422E+01  0.765633622104414E-16    0.419601259115530E+00 -0.134801449551362E-16
  0.00000000  0.00000000  0.01250000    0.1049D-02  0.238321506217120E+01  0.765633658788896E-16    0.419601241983155E+00 -0.134801445002301E-16
  0.00000000  0.00000000  0.01250000    0.1101D-02  0.238321516748462E+01  0.765633698511568E-16    0.419601223441128E+00 -0.134801440082427E-16
  0.00000000  0.00000000  0.01250000    0.1155D-02  0.238321528136011E+01  0.765633736721852E-16    0.419601203391619E+00 -0.134801433927684E-16
  0.00000000  0.00000000  0.01250000    0.1210D-02  0.238321540438960E+01  0.765633783467246E-16    0.419601181730413E+00 -0.134801428240124E-16
  0.00000000  0.00000000  0.01250000    0.1267D-02  0.238321553720344E+01  0.765633825144047E-16    0.419601158346526E+00 -0.134801420553302E-16
  0.00000000  0.00000000  0.01250000    0.1326D-02  0.238321568047298E+01  0.765633876784500E-16    0.419601133121757E+00 -0.134801413437924E-16
  0.00000000  0.00000000  0.01250000    0.1387D-02  0.238321583491304E+01  0.765633922243338E-16    0.419601105930252E+00 -0.134801403970507E-16
  0.00000000  0.00000000  0.01250000    0.1450D-02  0.238321600128481E+01  0.765633984180858E-16    0.419601076637994E+00 -0.134801396054630E-16
  0.00000000  0.00000000  0.01250000    0.1514D-02  0.238321618039861E+01  0.765634048121849E-16    0.419601045102313E+00 -0.134801387050045E-16
  0.00000000  0.00000000  0.01250000    0.1580D-02  0.238321637311713E+01  0.765634120164864E-16    0.419601011171323E+00 -0.134801377932902E-16
  0.00000000  0.00000000  0.01250000    0.1649D-02  0.238321658035866E+01  0.765634190030753E-16    0.419600974683344E+00 -0.134801366789521E-16
  0.00000000  0.00000000  0.01250000    0.1719D-02  0.238321680310063E+01  0.765634268901604E-16    0.419600935466288E+00 -0.134801355478105E-16
  0.00000000  0.00000000  0.01250000    0.1792D-02  0.238321704238332E+01  0.765634355572240E-16    0.419600893336999E+00 -0.134801343668781E-16
  0.00000000  0.00000000  0.01250000    0.1867D-02  0.238321729931384E+01  0.765634444470718E-16    0.419600848100553E+00 -0.134801330255283E-16
  0.00000000  0.00000000  0.01250000    0.1944D-02  0.238321757507034E+01  0.765634540883870E-16    0.419600799549528E+00 -0.134801316035161E-16
  0.00000000  0.00000000  0.01250000    0.2024D-02  0.238321787090643E+01  0.765634642221269E-16    0.419600747463202E+00 -0.134801300410515E-16
  0.00000000  0.00000000  0.01250000    0.2106D-02  0.238321818815603E+01  0.765634753368268E-16    0.419600691606726E+00 -0.134801284090585E-16
  0.00000000  0.00000000  0.01250000    0.2190D-02  0.238321852823829E+01  0.765634870901789E-16    0.419600631730240E+00 -0.134801266312147E-16
  0.00000000  0.00000000  0.01250000    0.2277D-02  0.238321889266305E+01  0.765635002243454E-16    0.419600567567917E+00 -0.134801248211084E-16
  0.00000000  0.00000000  0.01250000    0.2367D-02  0.238321928303651E+01  0.765635137376002E-16    0.419600498836968E+00 -0.134801227842012E-16
  0.00000000  0.00000000  0.01250000    0.2459D-02  0.238321970106723E+01  0.765635284519237E-16    0.419600425236577E+00 -0.134801206458865E-16
  0.00000000  0.00000000  0.01250000    0.2554D-02  0.238322014857264E+01  0.765635445157874E-16    0.419600346446769E+00 -0.134801184117455E-16
  0.00000000  0.00000000  0.01250000    0.2652D-02  0.238322062748579E+01  0.765635608815164E-16    0.419600262127206E+00 -0.134801158754523E-16
  0.00000000  0.00000000  0.01250000    0.2753D-02  0.238322113986264E+01  0.765635787003326E-16    0.419600171915912E+00 -0.134801132164381E-16
  0.00000000  0.00000000  0.01250000    0.2858D-02  0.238322168788977E+01  0.765635981988014E-16    0.419600075427919E+00 -0.134801104498575E-16
  0.00000000  0.00000000  0.01250000    0.2965D-02  0.238322227389254E+01  0.765636184521013E-16    0.419599972253821E+00 -0.134801073865771E-16
  0.00000000  0.00000000  0.01250000    0.3075D-02  0.238322290034380E+01  0.765636404167670E-16    0.419599861958251E+00 -0.134801041670345E-16
  0.00000000  0.00000000  0.01250000    0.3189D-02  0.238322356987310E+01  0.765636641355427E-16    0.419599744078247E+00 -0.134801007690089E-16
  0.00000000  0.00000000  0.01250000    0.3307D-02  0.238322428527654E+01  0.765636894573132E-16    0.419599618121533E+00 -0.134800971342638E-16
  0.00000000  0.00000000  0.01250000    0.3428D-02  0.238322504952715E+01  0.765637158780952E-16    0.419599483564680E+00 -0.134800931404341E-16
  0.00000000  0.00000000  0.01250000    0.3553D-02  0.238322586578594E+01  0.765637449986690E-16    0.419599339851164E+00 -0.134800890336006E-16
  0.00000000  0.00000000  0.01250000    0.3681D-02  0.238322673741374E+01  0.765637751832392E-16    0.419599186389287E+00 -0.134800844877405E-16
  0.00000000  0.00000000  0.01250000    0.3813D-02  0.238322766798360E+01  0.765638080169068E-16    0.419599022549985E+00 -0.134800797415129E-16
  0.00000000  0.00000000  0.01250000    0.3950D-02  0.238322866129407E+01  0.765638421540187E-16    0.419598847664500E+00 -0.134800745150273E-16
  0.00000000  0.00000000  0.01250000    0.4090D-02  0.238322972138334E+01  0.765638795910112E-16    0.419598661021882E+00 -0.134800691141018E-16
  0.00000000  0.00000000  0.01250000    0.4235D-02  0.238323085254409E+01  0.765639197042021E-16    0.419598461866379E+00 -0.134800633803686E-16
  0.00000000  0.00000000  0.01250000    0.4385D-02  0.238323205933955E+01  0.765639615104119E-16    0.419598249394616E+00 -0.134800570891064E-16
  0.00000000  0.00000000  0.01250000    0.4538D-02  0.238323334662019E+01  0.765640066537305E-16    0.419598022752645E+00 -0.134800504749087E-16
  0.00000000  0.00000000  0.01250000    0.4697D-02  0.238323471954183E+01  0.765640549901618E-16    0.419597781032767E+00 -0.134800434540996E-16
  0.00000000  0.00000000  0.01250000    0.4860D-02  0.238323618358453E+01  0.765641065291388E-16    0.419597523270202E+00 -0.134800359663485E-16
  0.00000000  0.00000000  0.01250000    0.5029D-02  0.238323774457296E+01  0.765641611414142E-16    0.419597248439512E+00 -0.134800279230108E-16
  0.00000000  0.00000000  0.01250000    0.5202D-02  0.238323940869772E+01  0.765642197295389E-16    0.419596955450830E+00 -0.134800194129626E-16
  0.00000000  0.00000000  0.01250000    0.5381D-02  0.238324118253832E+01  0.765642812896252E-16    0.419596643145839E+00 -0.134800101850304E-16
  0.00000000  0.00000000  0.01250000    0.5565D-02  0.238324307308735E+01  0.765643480977281E-16    0.419596310293502E+00 -0.134800005608393E-16
  0.00000000  0.00000000  0.01250000    0.5755D-02  0.238324508777619E+01  0.765644189066184E-16    0.419595955585543E+00 -0.134799902367370E-16
  0.00000000  0.00000000  0.01250000    0.5950D-02  0.238324723450239E+01  0.765644938438338E-16    0.419595577631624E+00 -0.134799791458414E-16
  0.00000000  0.00000000  0.01250000    0.6152D-02  0.238324952165871E+01  0.765645739831032E-16    0.419595174954242E+00 -0.134799673822562E-16
  0.00000000  0.00000000  0.01250000    0.6360D-02  0.238325195816398E+01  0.765646596044944E-16    0.419594745983293E+00 -0.134799548944018E-16
  0.00000000  0.00000000  0.01250000    0.6574D-02  0.238325455349580E+01  0.765647504926944E-16    0.419594289050317E+00 -0.134799415371614E-16
  0.00000000  0.00000000  0.01250000    0.6794D-02  0.238325731772541E+01  0.765648472879784E-16    0.419593802382364E+00 -0.134799273093386E-16
  0.00000000  0.00000000  0.01250000    0.7021D-02  0.238326026155460E+01  0.765649511317494E-16    0.419593284095501E+00 -0.134799122908324E-16
  0.00000000  0.00000000  0.01250000    0.7255D-02  0.238326339635499E+01  0.765650604749605E-16    0.419592732187899E+00 -0.134798960802884E-16
  0.00000000  0.00000000  0.01250000    0.7497D-02  0.238326673420967E+01  0.765651778426175E-16    0.419592144532499E+00 -0.134798789855763E-16
  0.00000000  0.00000000  0.01250000    0.7745D-02  0.238327028795757E+01  0.765653022603721E-16    0.419591518869220E+00 -0.134798606899271E-16
  0.00000000  0.00000000  0.01250000    0.8001D-02  0.238327407124040E+01  0.765654349161409E-16    0.419590852796691E+00 -0.134798412481753E-16
  0.00000000  0.00000000  0.01250000    0.8265D-02  0.238327809855266E+01  0.765655759344243E-16    0.419590143763453E+00 -0.134798205182880E-16
  0.00000000  0.00000000  0.01250000    0.8537D-02  0.238328238529468E+01  0.765657263694584E-16    0.419589389058634E+00 -0.134797985116729E-16
  0.00000000  0.00000000  0.01250000    0.8818D-02  0.238328694782899E+01  0.765658860468768E-16    0.419588585802028E+00 -0.134797750125527E-16
  0.00000000  0.00000000  0.01250000    0.9107D-02  0.238329180354012E+01  0.765660564779323E-16    0.419587730933581E+00 -0.134797500903532E-16
  0.00000000  0.00000000  0.01250000    0.9404D-02  0.238329697089822E+01  0.765662381378102E-16    0.419586821202192E+00 -0.134797236198165E-16
  0.00000000  0.00000000  0.01250000    0.9711D-02  0.238330246952660E+01  0.765664306172585E-16    0.419585853153851E+00 -0.134796953069364E-16
  0.00000000  0.00000000  0.01250000    0.1003D-01  0.238330832027341E+01  0.765666353562156E-16    0.419584823119017E+00 -0.134796651694106E-16
  0.00000000  0.00000000  0.01250000    0.1035D-01  0.238331454528783E+01  0.765668541564362E-16    0.419583727199228E+00 -0.134796332739191E-16
  0.00000000  0.00000000  0.01250000    0.1069D-01  0.238332116810100E+01  0.765670859718797E-16    0.419582561252871E+00 -0.134795991701562E-16
  0.00000000  0.00000000  0.01250000    0.1103D-01  0.238332821371191E+01  0.765673331604291E-16    0.419581320880078E+00 -0.134795629904800E-16
  0.00000000  0.00000000  0.01250000    0.1139D-01  0.238333570867881E+01  0.765675955746772E-16    0.419580001406661E+00 -0.134795244085596E-16
  0.00000000  0.00000000  0.01250000    0.1176D-01  0.238334368121602E+01  0.765678754846180E-16    0.419578597867087E+00 -0.134794835049162E-16
  0.00000000  0.00000000  0.01250000    0.1214D-01  0.238335216129705E+01  0.765681728930281E-16    0.419577104986361E+00 -0.134794399410402E-16
  0.00000000  0.00000000  0.01250000    0.1253D-01  0.238336118076394E+01  0.765684891609057E-16    0.419575517160798E+00 -0.134793935964042E-16
  0.00000000  0.00000000  0.01250000    0.1293D-01  0.238337077344352E+01  0.765688260196057E-16    0.419573828437607E+00 -0.134793443932362E-16
  0.00000000  0.00000000  0.01250000    0.1334D-01  0.238338097527078E+01  0.765691832027506E-16    0.419572032493205E+00 -0.134792918782414E-16
  0.00000000  0.00000000  0.01250000    0.1377D-01  0.238339182442014E+01  0.765695635263745E-16    0.419570122610155E+00 -0.134792361154394E-16
  0.00000000  0.00000000  0.01250000    0.1421D-01  0.238340336144457E+01  0.765699679482556E-16    0.419568091652730E+00 -0.134791768148253E-16
  0.00000000  0.00000000  0.01250000    0.1466D-01  0.238341562942374E+01  0.765703979063224E-16    0.419565932040891E+00 -0.134791137423545E-16
  0.00000000  0.00000000  0.01250000    0.1513D-01  0.238342867412112E+01  0.765708556658889E-16    0.419563635722704E+00 -0.134790467792896E-16
  0.00000000  0.00000000  0.01250000    0.1561D-01  0.238344254415099E+01  0.765713418486065E-16    0.419561194145006E+00 -0.134789754853229E-16
  0.00000000  0.00000000  0.01250000    0.1610D-01  0.238345729115587E+01  0.765718594604393E-16    0.419558598222268E+00 -0.134788998056326E-16
  0.00000000  0.00000000  0.01250000    0.1662D-01  0.238347296999501E+01  0.765724082964607E-16    0.419555838303504E+00 -0.134788190838208E-16
  0.00000000  0.00000000  0.01250000    0.1714D-01  0.238348963894462E+01  0.765729927504282E-16    0.419552904137140E+00 -0.134787334343687E-16
  0.00000000  0.00000000  0.01250000    0.1768D-01  0.238350735991062E+01  0.765736140948382E-16    0.419549784833683E+00 -0.134786423812980E-16
  0.00000000  0.00000000  0.01250000    0.1824D-01  0.238352619865463E+01  0.765742743194612E-16    0.419546468826079E+00 -0.134785455313153E-16
  0.00000000  0.00000000  0.01250000    0.1882D-01  0.238354622503426E+01  0.765749766758796E-16    0.419542943827585E+00 -0.134784426669407E-16
  0.00000000  0.00000000  0.01250000    0.1941D-01  0.238356751325814E+01  0.765757226156397E-16    0.419539196787039E+00 -0.134783332046837E-16
  0.00000000  0.00000000  0.01250000    0.2002D-01  0.238359014215719E+01  0.765765155696362E-16    0.419535213841329E+00 -0.134782168572220E-16
  0.00000000  0.00000000  0.01250000    0.2065D-01  0.238361419547268E+01  0.765773592961463E-16    0.419530980264907E+00 -0.134780933393625E-16
  0.00000000  0.00000000  0.01250000    0.2130D-01  0.238363976216245E+01  0.765782554330806E-16    0.419526480416149E+00 -0.134779619337713E-16
  0.00000000  0.00000000  0.01250000    0.2197D-01  0.238366693672627E+01  0.765792079511379E-16    0.419521697680382E+00 -0.134778222710943E-16
  0.00000000  0.00000000  0.01250000    0.2266D-01  0.238369581955163E+01  0.765802205265532E-16    0.419516614409342E+00 -0.134776738636322E-16
  0.00000000  0.00000000  0.01250000    0.2337D-01  0.238372651728127E+01  0.765812966656859E-16    0.419511211856861E+00 -0.134775161231304E-16
  0.00000000  0.00000000  0.01250000    0.2410D-01  0.238375914320376E+01  0.765824402071347E-16    0.419505470110544E+00 -0.134773484447462E-16
  0.00000000  0.00000000  0.01250000    0.2486D-01  0.238379381766873E+01  0.765836552950400E-16    0.419499368019154E+00 -0.134771701976662E-16
  0.00000000  0.00000000  0.01250000    0.2564D-01  0.238383066852812E+01  0.765849472351206E-16    0.419492883115496E+00 -0.134769808707702E-16
  0.00000000  0.00000000  0.01250000    0.2644D-01  0.238386983160538E+01  0.765863197395560E-16    0.419485991534431E+00 -0.134767795825015E-16
  0.00000000  0.00000000  0.01250000    0.2726D-01  0.238391145119418E+01  0.765877785386046E-16    0.419478667925802E+00 -0.134765657108097E-16
  0.00000000  0.00000000  0.01250000    0.2811D-01  0.238395568058874E+01  0.765893284005181E-16    0.419470885361862E+00 -0.134763383627592E-16
  0.00000000  0.00000000  0.01250000    0.2899D-01  0.238400268264750E+01  0.765909757619632E-16    0.419462615238953E+00 -0.134760968310398E-16
  0.00000000  0.00000000  0.01250000    0.2989D-01  0.238405263039274E+01  0.765927265439344E-16    0.419453827172961E+00 -0.134758402028955E-16
  0.00000000  0.00000000  0.01250000    0.3082D-01  0.238410570764807E+01  0.765945863593923E-16    0.419444488888249E+00 -0.134755673895080E-16
  0.00000000  0.00000000  0.01250000    0.3178D-01  0.238416210971642E+01  0.765965629206042E-16    0.419434566099595E+00 -0.134752775419056E-16
  0.00000000  0.00000000  0.01250000    0.3277D-01  0.238422204410126E+01  0.765986630587180E-16    0.419424022386704E+00 -0.134749695184711E-16
  0.00000000  0.00000000  0.01250000    0.3379D-01  0.238428573127371E+01  0.766008951721002E-16    0.419412819060823E+00 -0.134746423070486E-16
  0.00000000  0.00000000  0.01250000    0.3484D-01  0.238435340548857E+01  0.766032656573026E-16    0.419400915022953E+00 -0.134742943879311E-16
  0.00000000  0.00000000  0.01250000    0.3592D-01  0.238442531565267E+01  0.766057854450467E-16    0.419388266613114E+00 -0.134739248738182E-16
  0.00000000  0.00000000  0.01250000    0.3703D-01  0.238450172624874E+01  0.766084630076905E-16    0.419374827450087E+00 -0.134735322694059E-16
  0.00000000  0.00000000  0.01250000    0.3818D-01  0.238458291831870E+01  0.766113070433970E-16    0.419360548261023E+00 -0.134731149325539E-16
  0.00000000  0.00000000  0.01250000    0.3936D-01  0.238466919051016E+01  0.766143291772456E-16    0.419345376700265E+00 -0.134726715375548E-16
  0.00000000  0.00000000  0.01250000    0.4058D-01  0.238476086019049E+01  0.766175406577119E-16    0.419329257156678E+00 -0.134722004816045E-16
  0.00000000  0.00000000  0.01250000    0.4184D-01  0.238485826463287E+01  0.766209519919569E-16    0.419312130548748E+00 -0.134716998074377E-16
  0.00000000  0.00000000  0.01250000    0.4313D-01  0.238496176227932E+01  0.766245774048284E-16    0.419293934106639E+00 -0.134711679732022E-16
  0.00000000  0.00000000  0.01250000    0.4447D-01  0.238507173408578E+01  0.766284291608086E-16    0.419274601140376E+00 -0.134706028390072E-16
  0.00000000  0.00000000  0.01250000    0.4584D-01  0.238518858495493E+01  0.766325211895621E-16    0.419254060793224E+00 -0.134700022883741E-16
  0.00000000  0.00000000  0.01250000    0.4726D-01  0.238531274526275E+01  0.766368689013053E-16    0.419232237779304E+00 -0.134693641786391E-16
  0.00000000  0.00000000  0.01250000    0.4872D-01  0.238544467248525E+01  0.766414887569033E-16    0.419209052104386E+00 -0.134686862471547E-16
  0.00000000  0.00000000  0.01250000    0.5022D-01  0.238558485293227E+01  0.766463962133288E-16    0.419184418768772E+00 -0.134679657308830E-16
  0.00000000  0.00000000  0.01250000    0.5177D-01  0.238573380359597E+01  0.766516108229041E-16    0.419158247451045E+00 -0.134672002418713E-16
  0.00000000  0.00000000  0.01250000    0.5337D-01  0.238589207412188E+01  0.766571509716381E-16    0.419130442171424E+00 -0.134663868206064E-16
  0.00000000  0.00000000  0.01250000    0.5501D-01  0.238606024891132E+01  0.766630371408550E-16    0.419100900933355E+00 -0.134655224857290E-16
  0.00000000  0.00000000  0.01250000    0.5671D-01  0.238623894936442E+01  0.766692913871879E-16    0.419069515341853E+00 -0.134646041176178E-16
  0.00000000  0.00000000  0.01250000    0.5846D-01  0.238642883627391E+01  0.766759357483222E-16    0.419036170197040E+00 -0.134636281517692E-16
  0.00000000  0.00000000  0.01250000    0.6026D-01  0.238663061238056E+01  0.766829951870136E-16    0.419000743061174E+00 -0.134625910674408E-16
  0.00000000  0.00000000  0.01250000    0.6211D-01  0.238684502510202E+01  0.766904963777999E-16    0.418963103797348E+00 -0.134614891441596E-16
  0.00000000  0.00000000  0.01250000    0.6403D-01  0.238707286944786E+01  0.766984660202615E-16    0.418923114077914E+00 -0.134603181333291E-16
  0.00000000  0.00000000  0.01250000    0.6600D-01  0.238731499113452E+01  0.767069340820826E-16    0.418880626860542E+00 -0.134590737930161E-16
  0.00000000  0.00000000  0.01250000    0.6803D-01  0.238757228991531E+01  0.767159311994263E-16    0.418835485829613E+00 -0.134577513947956E-16
  0.00000000  0.00000000  0.01250000    0.7012D-01  0.238784572314142E+01  0.767254899801168E-16    0.418787524800561E+00 -0.134563459131737E-16
  0.00000000  0.00000000  0.01250000    0.7227D-01  0.238813630957192E+01  0.767356474548106E-16    0.418736567084503E+00 -0.134548524133423E-16
  0.00000000  0.00000000  0.01250000    0.7450D-01  0.238844513345169E+01  0.767464408248216E-16    0.418682424810335E+00 -0.134532652603423E-16
  0.00000000  0.00000000  0.01250000    0.7678D-01  0.238877334887825E+01  0.767579086600152E-16    0.418624898201243E+00 -0.134515782813922E-16
  0.00000000  0.00000000  0.01250000    0.7914D-01  0.238912218448025E+01  0.767700943809188E-16    0.418563774802312E+00 -0.134497853248128E-16
  0.00000000  0.00000000  0.01250000    0.8157D-01  0.238949294843252E+01  0.767830434618036E-16    0.418498828655672E+00 -0.134478797145903E-16
  0.00000000  0.00000000  0.01250000    0.8408D-01  0.238988703383478E+01  0.767968032234098E-16    0.418429819419294E+00 -0.134458541553692E-16
  0.00000000  0.00000000  0.01250000    0.8666D-01  0.239030592448368E+01  0.768114255373040E-16    0.418356491425259E+00 -0.134437011430243E-16
  0.00000000  0.00000000  0.01250000    0.8932D-01  0.239075120107083E+01  0.768269639858224E-16    0.418278572672930E+00 -0.134414123997474E-16
  0.00000000  0.00000000  0.01250000    0.9206D-01  0.239122454784246E+01  0.768434777610468E-16    0.418195773752104E+00 -0.134389794839965E-16
  0.00000000  0.00000000  0.01250000    0.9488D-01  0.239172775975985E+01  0.768610271836027E-16    0.418107786690743E+00 -0.134363929286584E-16
  0.00000000  0.00000000  0.01250000    0.9779D-01  0.239226275020386E+01  0.768796788594855E-16    0.418014283721461E+00 -0.134336430596703E-16
  0.00000000  0.00000000  0.01250000    0.1008D+00  0.239283155927099E+01  0.768995025832108E-16    0.417914915960346E+00 -0.134307193646535E-16
  0.00000000  0.00000000  0.01250000    0.1039D+00  0.239343636271339E+01  0.769205722236793E-16    0.417809311991199E+00 -0.134276105516799E-16
  0.00000000  0.00000000  0.01250000    0.1071D+00  0.239407948158099E+01  0.769429677189912E-16    0.417697076347535E+00 -0.134243047939669E-16
  0.00000000  0.00000000  0.01250000    0.1103D+00  0.239476339262978E+01  0.769667732795000E-16    0.417577787884030E+00 -0.134207893045047E-16
  0.00000000  0.00000000  0.01250000    0.1137D+00  0.239549073956753E+01  0.769920792354707E-16    0.417450998028293E+00 -0.134170505384309E-16
  0.00000000  0.00000000  0.01250000    0.1172D+00  0.239626434521601E+01  0.770189814267888E-16    0.417316228902891E+00 -0.134130739570270E-16
  0.00000000  0.00000000  0.01250000    0.1208D+00  0.239708722467762E+01  0.770475810602414E-16    0.417172971306661E+00 -0.134088438634996E-16
  0.00000000  0.00000000  0.01250000    0.1245D+00  0.239796259960488E+01  0.770779895034898E-16    0.417020682543078E+00 -0.134043440865549E-16
  0.00000000  0.00000000  0.01250000    0.1283D+00  0.239889391368185E+01  0.771103215586971E-16    0.416858784082364E+00 -0.133995566464310E-16
  0.00000000  0.00000000  0.01250000    0.1322D+00  0.239988484944061E+01  0.771447019677486E-16    0.416686659042450E+00 -0.133944627106836E-16
  0.00000000  0.00000000  0.01250000    0.1363D+00  0.240093934655001E+01  0.771812631380217E-16    0.416503649472417E+00 -0.133890420072748E-16
  0.00000000  0.00000000  0.01250000    0.1405D+00  0.240206162173137E+01  0.772201460031466E-16    0.416309053420210E+00 -0.133832727673193E-16
  0.00000000  0.00000000  0.01250000    0.1448D+00  0.240325619047502E+01  0.772615020203207E-16    0.416102121764365E+00 -0.133771318466895E-16
  0.00000000  0.00000000  0.01250000    0.1492D+00  0.240452789075405E+01  0.773054923614437E-16    0.415882054787231E+00 -0.133705943413007E-16
  0.00000000  0.00000000  0.01250000    0.1537D+00  0.240588190895737E+01  0.773522902569093E-16    0.415647998464466E+00 -0.133636337270852E-16
  0.00000000  0.00000000  0.01250000    0.1585D+00  0.240732380829374E+01  0.774020788932168E-16    0.415399040442665E+00 -0.133562212070253E-16
  0.00000000  0.00000000  0.01250000    0.1633D+00  0.240885955995271E+01  0.774550563763755E-16    0.415134205673506E+00 -0.133483262531230E-16
  0.00000000  0.00000000  0.01250000    0.1683D+00  0.241049557734862E+01  0.775114339280146E-16    0.414852451668852E+00 -0.133399159490574E-16
  0.00000000  0.00000000  0.01250000    0.1734D+00  0.241223875381933E+01  0.775714361899854E-16    0.414552663336781E+00 -0.133309546662835E-16
  0.00000000  0.00000000  0.01250000    0.1787D+00  0.241409650420623E+01  0.776353068299552E-16    0.414233647353218E+00 -0.133214046147392E-16
  0.00000000  0.00000000  0.01250000    0.1842D+00  0.241607681080471E+01  0.777033035879136E-16    0.413894126017845E+00 -0.133112245369828E-16
  0.00000000  0.00000000  0.01250000    0.1898D+00  0.241818827424859E+01  0.777757052604947E-16    0.413532730535936E+00 -0.133003704088031E-16
  0.00000000  0.00000000  0.01250000    0.1956D+00  0.242044016997955E+01  0.778528108671711E-16    0.413147993659538E+00 -0.132887947446348E-16
  0.00000000  0.00000000  0.01250000    0.2016D+00  0.242284251105598E+01  0.779349400064021E-16    0.412738341611876E+00 -0.132764460525516E-16
  0.00000000  0.00000000  0.01250000    0.2078D+00  0.242540611817792E+01  0.780224365803377E-16    0.412302085207589E+00 -0.132632688002027E-16
  0.00000000  0.00000000  0.01250000    0.2141D+00  0.242814269795134E+01  0.781156716166926E-16    0.411837410068079E+00 -0.132492031508240E-16
  0.00000000  0.00000000  0.01250000    0.2207D+00  0.243106493058936E+01  0.782150429233204E-16    0.411342365815615E+00 -0.132341840786000E-16
  0.00000000  0.00000000  0.01250000    0.2274D+00  0.243418656845780E+01  0.783209796329532E-16    0.410814854111021E+00 -0.132181412216603E-16
  0.00000000  0.00000000  0.01250000    0.2343D+00  0.243752254712623E+01  0.784339450867234E-16    0.410252615377434E+00 -0.132009983432297E-16
  0.00000000  0.00000000  0.01250000    0.2415D+00  0.244108911089184E+01  0.785544364123478E-16    0.409653214025707E+00 -0.131826721149640E-16
  0.00000000  0.00000000  0.01250000    0.2489D+00  0.244490395511876E+01  0.786829944324767E-16    0.409014021964485E+00 -0.131630724984750E-16
  0.00000000  0.00000000  0.01250000    0.2565D+00  0.244898638819266E+01  0.788202008134596E-16    0.408332200138521E+00 -0.131421008171761E-16
  0.00000000  0.00000000  0.01250000    0.2643D+00  0.245335751645715E+01  0.789666865693554E-16    0.407604677790329E+00 -0.131196495493869E-16
  0.00000000  0.00000000  0.01250000    0.2724D+00  0.245804045619722E+01  0.791231358082131E-16    0.406828129080950E+00 -0.130956011023809E-16
  0.00000000  0.00000000  0.01250000    0.2807D+00  0.246306057761094E+01  0.792902914947219E-16    0.405998946631657E+00 -0.130698266691430E-16
  0.00000000  0.00000000  0.01250000    0.2893D+00  0.246844578680838E+01  0.794689598783544E-16    0.405113211456415E+00 -0.130421845679045E-16
  0.00000000  0.00000000  0.01250000    0.2981D+00  0.247422685326815E+01  0.796600186997848E-16    0.404166658638889E+00 -0.130125188571438E-16
  0.00000000  0.00000000  0.01250000    0.3072D+00  0.248043779195731E+01  0.798644264078493E-16    0.403154637960463E+00 -0.129806576963050E-16
  0.00000000  0.00000000  0.01250000    0.3166D+00  0.248711631160596E+01  0.800832272989343E-16    0.402072068496985E+00 -0.129464105485301E-16
  0.00000000  0.00000000  0.01250000    0.3262D+00  0.249430434359702E+01  0.803175664074938E-16    0.400913385957507E+00 -0.129095663818872E-16
  0.00000000  0.00000000  0.01250000    0.3362D+00  0.250204866982936E+01  0.805686973608263E-16    0.399672481218442E+00 -0.128698900109466E-16
  0.00000000  0.00000000  0.01250000    0.3464D+00  0.251040167308332E+01  0.808379973320432E-16    0.398342628083011E+00 -0.128271187242571E-16
  0.00000000  0.00000000  0.01250000    0.3570D+00  0.251942224036160E+01  0.811269811707338E-16    0.396916397727947E+00 -0.127809577168014E-16
  0.00000000  0.00000000  0.01250000    0.3679D+00  0.252917685912345E+01  0.814373221296109E-16    0.395385556527105E+00 -0.127310752572095E-16
  0.00000000  0.00000000  0.01250000    0.3791D+00  0.253974095936458E+01  0.817708687527653E-16    0.393740942875604E+00 -0.126770956084145E-16
  0.00000000  0.00000000  0.01250000    0.3907D+00  0.255120057276427E+01  0.821296693954787E-16    0.391972317141839E+00 -0.126185910910790E-16
  0.00000000  0.00000000  0.01250000    0.4026D+00  0.256365440618078E+01  0.825160003235910E-16    0.390068176735942E+00 -0.125550720565788E-16
  0.00000000  0.00000000  0.01250000    0.4149D+00  0.257721646467129E+01  0.829323961400146E-16    0.388015525163713E+00 -0.124859737947767E-16
  0.00000000  0.00000000  0.01250000    0.4276D+00  0.259201941552485E+01  0.833816815700148E-16    0.385799579281898E+00 -0.124106391629845E-16
  0.00000000  0.00000000  0.01250000    0.4406D+00  0.260821897053738E+01  0.838670180354119E-16    0.383403391853241E+00 -0.123282974100786E-16
  0.00000000  0.00000000  0.01250000    0.4540D+00  0.262599969795082E+01  0.843919395492952E-16    0.380807355301809E+00 -0.122380331321573E-16
  0.00000000  0.00000000  0.01250000    0.4679D+00  0.264558289221345E+01  0.849603968786254E-16    0.377988534376763E+00 -0.121387449211055E-16
  0.00000000  0.00000000  0.01250000    0.4822D+00  0.266723749267317E+01  0.855767962097714E-16    0.374919744772249E+00 -0.120290865292383E-16
  0.00000000  0.00000000  0.01250000    0.4969D+00  0.269129567631342E+01  0.862460125196171E-16    0.371568240829568E+00 -0.119073795690768E-16
  0.00000000  0.00000000  0.01250000    0.5120D+00  0.271817591358828E+01  0.869733578870475E-16    0.367893775749008E+00 -0.117714813315362E-16
  0.00000000  0.00000000  0.01250000    0.5276D+00  0.274841854474070E+01  0.877644203843252E-16    0.363845602014865E+00 -0.116185718624720E-16
  0.00000000  0.00000000  0.01250000    0.5437D+00  0.278274369027708E+01  0.886246457620838E-16    0.359357566237237E+00 -0.114447971334825E-16
  0.00000000  0.00000000  0.01250000    0.5603D+00  0.282215224786043E+01  0.895582648984683E-16    0.354339494177940E+00 -0.112446202389102E-16
  0.00000000  0.00000000  0.01250000    0.5774D+00  0.286811913945719E+01  0.905656653506831E-16    0.348660551175449E+00 -0.110095408396167E-16
  0.00000000  0.00000000  0.01250000    0.5950D+00  0.292301556612043E+01  0.916365519293485E-16    0.342112444282070E+00 -0.107252267587954E-16
  0.00000000  0.00000000  0.01250000    0.6131D+00  0.299125295879615E+01  0.927300403548185E-16    0.334308068817576E+00 -0.103636840947319E-16
  0.00000000  0.00000000  0.01250000    0.6318D+00  0.308505783770673E+01  0.936975292341789E-16    0.324143031543081E+00 -0.984467804877193E-17
  0.00000000  0.00000000  0.01250000    0.6511D+00  0.324329074599634E+01  0.147145627367779E-01    0.308322470929009E+00 -0.139883553370716E-02
  0.00000000  0.00000000  0.01250000    0.6709D+00  0.335714018922273E+01  0.214588218109026E+00    0.296660493732160E+00 -0.189625226070964E-01
  0.00000000  0.00000000  0.01250000    0.6914D+00  0.336468330855179E+01  0.345830804779711E+00    0.294097865674724E+00 -0.302281350853378E-01
  0.00000000  0.00000000  0.01250000    0.7125D+00  0.336990751142214E+01  0.426338436077118E+00    0.292069293471178E+00 -0.369506775431062E-01
  0.00000000  0.00000000  0.01250000    0.7342D+00  0.338219377076316E+01  0.511171076967754E+00    0.289063282189247E+00 -0.436878544765252E-01
  0.00000000  0.00000000  0.01250000    0.7565D+00  0.340039055098041E+01  0.569558810760486E+00    0.286058328458062E+00 -0.479142142415762E-01
  0.00000000  0.00000000  0.01250000    0.7796D+00  0.343645816676365E+01  0.636928933427000E+00    0.281332769024963E+00 -0.521435070114322E-01
  0.00000000  0.00000000  0.01250000    0.8034D+00  0.347975366485574E+01  0.706841197480714E+00    0.275988903509921E+00 -0.560615336133080E-01
  0.00000000  0.00000000  0.01250000    0.8279D+00  0.354563209793802E+01  0.768778446412310E+00    0.269373200468152E+00 -0.584065985530340E-01
  0.00000000  0.00000000  0.01250000    0.8531D+00  0.364232394232978E+01  0.858286376985297E+00    0.260106929205367E+00 -0.612922511646914E-01
  0.00000000  0.00000000  0.01250000    0.8791D+00  0.377983072188068E+01  0.961966992372122E+00    0.248468728213916E+00 -0.632352961720841E-01
  0.00000000  0.00000000  0.01250000    0.9059D+00  0.400204691956283E+01  0.113426767163729E+01    0.231292849405693E+00 -0.655534547781882E-01
  0.00000000  0.00000000  0.01250000    0.9335D+00  0.428050590814973E+01  0.154852464093036E+01    0.206581548729060E+00 -0.747333669040026E-01
  0.00000000  0.00000000  0.01250000    0.9619D+00  0.410465289959789E+01  0.258568872570386E+01    0.174414022050308E+00 -0.109870525340724E+00
  0.00000000  0.00000000  0.01250000    0.9913D+00  0.340011186033794E+01  0.265371848062846E+01    0.182772406081056E+00 -0.142650163197284E+00
  0.00000000  0.00000000  0.01250000    0.1021D+01  0.308671719279100E+01  0.255893804156951E+01    0.192007943677103E+00 -0.159177663734918E+00
  0.00000000  0.00000000  0.01250000    0.1053D+01  0.298390948567442E+01  0.250406735880922E+01    0.196645306869762E+00 -0.165022798633686E+00
  0.00000000  0.00000000  0.01250000    0.1085D+01  0.319493038980595E+01  0.242395028921007E+01    0.198651215888379E+00 -0.150713979165542E+00
  0.00000000  0.00000000  0.01250000    0.1118D+01  0.340204137737176E+01  0.321837598224989E+01    0.155118905056185E+00 -0.146744528666317E+00
  0.00000000  0.00000000  0.01250000    0.1152D+01  0.253881926032340E+01  0.467899004969609E+01    0.895888872164453E-01 -0.165110419004658E+00
  0.00000000  0.00000000  0.01250000    0.1187D+01  0.943634778049068E+00  0.394767520425010E+01    0.572782084842580E-01 -0.239622117197354E+00
  0.00000000  0.00000000  0.01250000    0.1223D+01  0.440381377321694E+00  0.313676533846960E+01    0.438922725350535E-01 -0.312637559635142E+00
  0.00000000  0.00000000  0.01250000    0.1260D+01  0.379184008790517E+00  0.247080571898294E+01    0.606824379974313E-01 -0.395413602288047E+00
  0.00000000  0.00000000  0.01250000    0.1299D+01  0.398202247457958E+00  0.220133403218721E+01    0.795698463529838E-01 -0.439876499519818E+00
  0.00000000  0.00000000  0.01250000    0.1338D+01  0.402735671788700E+00  0.162054759392019E+01    0.144434058568202E+00 -0.581180864990845E+00
  0.00000000  0.00000000  0.01250000    0.1379D+01  0.993078882281372E+00  0.105860527469186E+01    0.471357005959461E+00 -0.502458587806594E+00
  0.00000000  0.00000000  0.01250000    0.1421D+01  0.144529214709548E+01  0.177987016473438E+01    0.274937256365240E+00 -0.338583877842166E+00
  0.00000000  0.00000000  0.01250000    0.1464D+01  0.129614498154606E+01  0.182003502927737E+01    0.259617419225265E+00 -0.364552425791865E+00
  0.00000000  0.00000000  0.01250000    0.1509D+01  0.137520303253996E+01  0.210426772923537E+01    0.217625510257820E+00 -0.332999802544142E+00
  0.00000000  0.00000000  0.01250000    0.1555D+01  0.110357333245878E+01  0.266566815012633E+01    0.132582689364339E+00 -0.320251896182723E+00
  0.00000000  0.00000000  0.01250000    0.1602D+01  0.260511506503725E+00  0.240603369312038E+01    0.444796890818717E-01 -0.410805772177943E+00
  0.00000000  0.00000000  0.01250000    0.1651D+01  0.156076222498251E+00  0.185808233160247E+01    0.448903841282551E-01 -0.534418556987394E+00
  0.00000000  0.00000000  0.01250000    0.1701D+01  0.293283757750271E+00  0.229439525504707E+01    0.548166792764594E-01 -0.428837688776611E+00
  0.00000000  0.00000000  0.01250000    0.1753D+01 -0.667884215134404E+00  0.172795590185796E+01   -0.194610575889081E+00 -0.503498189583418E+00
  0.00000000  0.00000000  0.01250000    0.1807D+01 -0.550582517607231E+00  0.976580029603822E+00   -0.438065533096421E+00 -0.777006239026465E+00
  0.00000000  0.00000000  0.01250000    0.1862D+01 -0.173729398398493E+00  0.662552802266720E+00   -0.370300312663506E+00 -0.141221642449190E+01
  0.00000000  0.00000000  0.01250000    0.1919D+01  0.105737326141178E+00  0.695285286839805E+00    0.213782644480739E+00 -0.140574698371607E+01
  0.00000000  0.00000000  0.01250000    0.1977D+01  0.145484886458736E+00  0.774171027977217E+00    0.234461452594988E+00 -0.124764343702448E+01
  0.00000000  0.00000000  0.01250000    0.2037D+01  0.266125612819526E-01  0.535517266256478E+00    0.925696256800361E-01 -0.186275316972877E+01
  0.00000000  0.00000000  0.01250000    0.2099D+01  0.172012210613186E+00  0.431279159275650E+00    0.797867616164907E+00 -0.200046074337521E+01
  0.00000000  0.00000000  0.01250000    0.2163D+01  0.267411668143882E+00  0.335885022897586E+00    0.145074016141592E+01 -0.182221626946155E+01
  0.00000000  0.00000000  0.01250000    0.2229D+01  0.368653575894456E+00  0.290662552886223E+00    0.167273141715757E+01 -0.131885438198816E+01
  0.00000000  0.00000000  0.01250000    0.2297D+01  0.447867976676609E+00  0.256650300755698E+00    0.168083843884381E+01 -0.963202803763961E+00
  0.00000000  0.00000000  0.01250000    0.2367D+01  0.519111901106205E+00  0.225525736143438E+00    0.162050784628338E+01 -0.704022050314166E+00
  0.00000000  0.00000000  0.01250000    0.2439D+01  0.599369123044717E+00  0.195095580938030E+00    0.150858451462574E+01 -0.491046603768853E+00
  0.00000000  0.00000000  0.01250000    0.2513D+01  0.692281347601081E+00  0.201031454310520E+00    0.133216309916070E+01 -0.386846599480255E+00
  0.00000000  0.00000000  0.01250000    0.2590D+01  0.761959761382829E+00  0.267711522145422E+00    0.116819818302476E+01 -0.410441770806247E+00
  0.00000000  0.00000000  0.01250000    0.2669D+01  0.711919270402743E+00  0.271961601742912E+00    0.122577286497909E+01 -0.468259767071794E+00
  0.00000000  0.00000000  0.01250000    0.2750D+01  0.756400183283461E+00  0.363938213168174E+00    0.107352894138792E+01 -0.516523149184149E+00
  0.00000000  0.00000000  0.01250000    0.2834D+01  0.644739386050003E+00  0.258124472816103E+00    0.133675409835017E+01 -0.535175846841538E+00
  0.00000000  0.00000000  0.01250000    0.2920D+01  0.702603835390420E+00  0.244687001654147E+00    0.126932886358726E+01 -0.442053199968152E+00
  0.00000000  0.00000000  0.01250000    0.3009D+01  0.708871330648754E+00  0.218212169793235E+00    0.128858726476280E+01 -0.396666377739499E+00
  0.00000000  0.00000000  0.01250000    0.3101D+01  0.741139138810713E+00  0.182126778438747E+00    0.127243495573513E+01 -0.312686872309514E+00
  0.00000000  0.00000000  0.01250000    0.3195D+01  0.781848332837892E+00  0.184785129167819E+00    0.121135595589871E+01 -0.286296660589492E+00
  0.00000000  0.00000000  0.01250000    0.3293D+01  0.782056602627607E+00  0.190878305253457E+00    0.120678983728628E+01 -0.294543896393631E+00
  0.00000000  0.00000000  0.01250000    0.3393D+01  0.788080284614087E+00  0.174081309582659E+00    0.120987216489386E+01 -0.267252125201262E+00
  0.00000000  0.00000000  0.01250000    0.3496D+01  0.800072044504672E+00  0.158952206987601E+00    0.120242680164352E+01 -0.238888979030142E+00
  0.00000000  0.00000000  0.01250000    0.3603D+01  0.817092730637585E+00  0.112542563463105E+00    0.120106584300731E+01 -0.165429239291535E+00
  0.00000000  0.00000000  0.01250000    0.3713D+01  0.892961185712176E+00  0.975462314558344E-01    0.110666350016203E+01 -0.120890869231268E+00
  0.00000000  0.00000000  0.01250000    0.3826D+01  0.931159868315527E+00  0.216415298846866E+00    0.101889232345625E+01 -0.236805616496827E+00
  0.00000000  0.00000000  0.01250000    0.3942D+01  0.846189610975504E+00  0.236097875922595E+00    0.109641431030877E+01 -0.305913812267937E+00
  0.00000000  0.00000000  0.01250000    0.4062D+01  0.819681092702087E+00  0.148690438979030E+00    0.118112060347610E+01 -0.214255693563823E+00
  0.00000000  0.00000000  0.01250000    0.4186D+01  0.838486297945090E+00  0.148430860816105E+00    0.115638769046570E+01 -0.204706529794971E+00
  0.00000000  0.00000000  0.01250000    0.4313D+01  0.840945677830536E+00  0.122807423839190E+00    0.116430720978144E+01 -0.170029495079310E+00
  0.00000000  0.00000000  0.01250000    0.4445D+01  0.858134919844903E+00  0.113503591054599E+00    0.114528149230076E+01 -0.151483827470861E+00
  0.00000000  0.00000000  0.01250000    0.4580D+01  0.870772911493642E+00  0.856871700485237E-01    0.113739137854944E+01 -0.111923381146890E+00
  0.00000000  0.00000000  0.01250000    0.4720D+01  0.902012927893552E+00  0.900139363531669E-01    0.109770011268554E+01 -0.109542008792363E+00
  0.00000000  0.00000000  0.01250000    0.4863D+01  0.917925284284506E+00  0.919007034496011E-01    0.107860183037516E+01 -0.107987293356636E+00
  0.00000000  0.00000000  0.01250000    0.5012D+01  0.926725159435963E+00  0.113509741366608E+00    0.106311910697068E+01 -0.130215926097860E+00
  0.00000000  0.00000000  0.01250000    0.5164D+01  0.919173892919689E+00  0.105496123750557E+00    0.107378863523293E+01 -0.123241684317913E+00
  0.00000000  0.00000000  0.01250000    0.5322D+01  0.932532915938889E+00  0.102797903602298E+00    0.105947370697310E+01 -0.116791240434593E+00
  0.00000000  0.00000000  0.01250000    0.5484D+01  0.938978432337812E+00  0.114955530272400E+00    0.104926069391951E+01 -0.128456964834853E+00
  0.00000000  0.00000000  0.01250000    0.5651D+01  0.939855710559421E+00  0.127748228084129E+00    0.104469228824179E+01 -0.141997954810113E+00
  0.00000000  0.00000000  0.01250000    0.5823D+01  0.898091087462711E+00  0.136144085572075E+00    0.108845961116567E+01 -0.165002571023108E+00
  0.00000000  0.00000000  0.01250000    0.6000D+01  0.885767112580846E+00  0.101276906660964E+00    0.111439620359429E+01 -0.127417916844875E+00
  0.00000000  0.00000000  0.01250000    0.6183D+01  0.897040824810921E+00  0.766785364536788E-01    0.110669017622672E+01 -0.945992430596627E-01
  0.00000000  0.00000000  0.01250000    0.6371D+01  0.917043666916258E+00  0.510432426370075E-01    0.108709268392609E+01 -0.605082807246760E-01
  0.00000000  0.00000000  0.01250000    0.6565D+01  0.940171445502416E+00  0.622956337180865E-01    0.105898644981268E+01 -0.701682999473503E-01
  0.00000000  0.00000000  0.01250000    0.6765D+01  0.957112263914298E+00  0.524276927241599E-01    0.104168392700881E+01 -0.570602706704050E-01
  0.00000000  0.00000000  0.01250000    0.6971D+01  0.971452914679234E+00  0.813512801611341E-01    0.102221746448795E+01 -0.856023983073043E-01
  0.00000000  0.00000000  0.01250000    0.7184D+01  0.963931816372434E+00  0.943203148352172E-01    0.102757917832212E+01 -0.100548181905854E+00
  0.00000000  0.00000000  0.01250000    0.7402D+01  0.957362687785769E+00  0.854195200122768E-01    0.103628646118753E+01 -0.924613975865201E-01
  0.00000000  0.00000000  0.01250000    0.7628D+01  0.977842365891759E+00  0.758349251162950E-01    0.101654568760410E+01 -0.788364963369595E-01
  0.00000000  0.00000000  0.01250000    0.7860D+01  0.975413438128292E+00  0.146188161803935E+00    0.100268408498897E+01 -0.150275296120452E+00
  0.00000000  0.00000000  0.01250000    0.8100D+01  0.930342673250711E+00  0.122545820839181E+00    0.105654128043176E+01 -0.139168848407858E+00
  0.00000000  0.00000000  0.01250000    0.8346D+01  0.912633627184597E+00  0.129961310790403E+00    0.107395184870962E+01 -0.152933428954014E+00
  0.00000000  0.00000000  0.01250000    0.8600D+01  0.893375547480430E+00  0.849592880340051E-01    0.110931758286114E+01 -0.105495199985368E+00
  0.00000000  0.00000000  0.01250000    0.8862D+01  0.897320986703371E+00  0.836041206240723E-01    0.110483753655052E+01 -0.102938605075006E+00
  0.00000000  0.00000000  0.01250000    0.9132D+01  0.910397758892198E+00  0.391959933752107E-01    0.109638869229487E+01 -0.472035915072307E-01
  0.00000000  0.00000000  0.01250000    0.9410D+01  0.923011794902927E+00  0.840299509215801E-01    0.107450420152616E+01 -0.978216484533340E-01
  0.00000000  0.00000000  0.01250000    0.9697D+01  0.899045851233949E+00  0.561756581869375E-01    0.110796460134222E+01 -0.692296623612700E-01
  0.00000000  0.00000000  0.01250000    0.9992D+01  0.897752630400242E+00  0.534207286334220E-01    0.110996238836765E+01 -0.660482604388000E-01
  0.00000000  0.00000000  0.01250000    0.1030D+02  0.895835098303510E+00  0.255795052541348E-01    0.111536748898070E+01 -0.318479914425130E-01
  0.00000000  0.00000000  0.01250000    0.1061D+02  0.907640878197191E+00  0.146202075017568E-01    0.110147154695548E+01 -0.177424165885482E-01
  0.00000000  0.00000000  0.01250000    0.1093D+02  0.918280905773503E+00  0.502450399155887E-02    0.108895878782577E+01 -0.595839218878766E-02
  0.00000000  0.00000000  0.01250000    0.1127D+02  0.929771853136701E+00  0.553114443665448E-03    0.107553228539801E+01 -0.639826253801084E-03
  0.00000000  0.00000000  0.01250000    0.1161D+02  0.939017113342819E+00  0.477546771798935E-07    0.106494331763570E+01 -0.541587832915361E-07
  0.00000000  0.00000000  0.01250000    0.1196D+02  0.945644657317640E+00  0.421844569544188E-05    0.105747966981238E+01 -0.471733280214465E-05
  0.00000000  0.00000000  0.01250000    0.1233D+02  0.950862574649248E+00 -0.229071290887249E-17    0.105167668458176E+01  0.253358310817977E-17
  0.00000000  0.00000000  0.01250000    0.1270D+02  0.955232191132949E+00 -0.214591333516814E-17    0.104686589217011E+01  0.235176693058898E-17
  0.00000000  0.00000000  0.01250000    0.1309D+02  0.958991170973891E+00 -0.201033966204373E-17    0.104276246775501E+01  0.218594999669247E-17
