 q(1:3)   w(Ry)   eps  epsi --- LFC included. 
  0.00000000  0.00000000  0.03000000    0.0000D+00  0.235870940884723E+01  0.370141069722505E-17    0.423960660965324E+00 -0.665301338017129E-18
  0.00000000  0.00000000  0.03000000    0.1015D-04  0.235870940894367E+01  0.370141092965219E-17    0.423960660947989E+00 -0.665301379739792E-18
  0.00000000  0.00000000  0.03000000    0.3076D-04  0.235870940973287E+01  0.370141081166533E-17    0.423960660806136E+00 -0.665301358087315E-18
  0.00000000  0.00000000  0.03000000    0.5200D-04  0.235870941137800E+01  0.370141063581947E-17    0.423960660510436E+00 -0.665301325552260E-18
  0.00000000  0.00000000  0.03000000    0.7389D-04  0.235870941395655E+01  0.370141075363603E-17    0.423960660046962E+00 -0.665301345274302E-18
  0.00000000  0.00000000  0.03000000    0.9644D-04  0.235870941755154E+01  0.370141084035259E-17    0.423960659400788E+00 -0.665301358832946E-18
  0.00000000  0.00000000  0.03000000    0.1197D-03  0.235870942225196E+01  0.370141078151950E-17    0.423960658555923E+00 -0.665301345606518E-18
  0.00000000  0.00000000  0.03000000    0.1436D-03  0.235870942815304E+01  0.370141087072719E-17    0.423960657495246E+00 -0.665301358312005E-18
  0.00000000  0.00000000  0.03000000    0.1683D-03  0.235870943535675E+01  0.370141102519433E-17    0.423960656200433E+00 -0.665301382012557E-18
  0.00000000  0.00000000  0.03000000    0.1937D-03  0.235870944397219E+01  0.370141072954155E-17    0.423960654651872E+00 -0.665301324010980E-18
  0.00000000  0.00000000  0.03000000    0.2199D-03  0.235870945411610E+01  0.370141081925094E-17    0.423960652828579E+00 -0.665301334413168E-18
  0.00000000  0.00000000  0.03000000    0.2469D-03  0.235870946591329E+01  0.370141086284162E-17    0.423960650708119E+00 -0.665301335593199E-18
  0.00000000  0.00000000  0.03000000    0.2748D-03  0.235870947949727E+01  0.370141081968018E-17    0.423960648266500E+00 -0.665301320172214E-18
  0.00000000  0.00000000  0.03000000    0.3034D-03  0.235870949501070E+01  0.370141084681263E-17    0.423960645478074E+00 -0.665301316297582E-18
  0.00000000  0.00000000  0.03000000    0.3330D-03  0.235870951260610E+01  0.370141087540092E-17    0.423960642315431E+00 -0.665301311510144E-18
  0.00000000  0.00000000  0.03000000    0.3634D-03  0.235870953244639E+01  0.370141087809331E-17    0.423960638749286E+00 -0.665301300801717E-18
  0.00000000  0.00000000  0.03000000    0.3948D-03  0.235870955470561E+01  0.370141096189040E-17    0.423960634748355E+00 -0.665301303306684E-18
  0.00000000  0.00000000  0.03000000    0.4271D-03  0.235870957956966E+01  0.370141101954447E-17    0.423960630279226E+00 -0.665301299643195E-18
  0.00000000  0.00000000  0.03000000    0.4604D-03  0.235870960723699E+01  0.370141105758922E-17    0.423960625306227E+00 -0.665301290873675E-18
  0.00000000  0.00000000  0.03000000    0.4948D-03  0.235870963791953E+01  0.370141124222632E-17    0.423960619791268E+00 -0.665301306752100E-18
  0.00000000  0.00000000  0.03000000    0.5301D-03  0.235870967184344E+01  0.370141114299156E-17    0.423960613693696E+00 -0.665301269778128E-18
  0.00000000  0.00000000  0.03000000    0.5666D-03  0.235870970925009E+01  0.370141140167219E-17    0.423960606970127E+00 -0.665301295172100E-18
  0.00000000  0.00000000  0.03000000    0.6041D-03  0.235870975039701E+01  0.370141137508527E-17    0.423960599574272E+00 -0.665301267181369E-18
  0.00000000  0.00000000  0.03000000    0.6428D-03  0.235870979555898E+01  0.370141134984798E-17    0.423960591456744E+00 -0.665301237168249E-18
  0.00000000  0.00000000  0.03000000    0.6827D-03  0.235870984502903E+01  0.370141149304954E-17    0.423960582564869E+00 -0.665301235000472E-18
  0.00000000  0.00000000  0.03000000    0.7238D-03  0.235870989911973E+01  0.370141157299777E-17    0.423960572842467E+00 -0.665301218856762E-18
  0.00000000  0.00000000  0.03000000    0.7662D-03  0.235870995816436E+01  0.370141154998741E-17    0.423960562229635E+00 -0.665301181412395E-18
  0.00000000  0.00000000  0.03000000    0.8098D-03  0.235871002251827E+01  0.370141157830323E-17    0.423960550662498E+00 -0.665301150198435E-18
  0.00000000  0.00000000  0.03000000    0.8548D-03  0.235871009256024E+01  0.370141180045462E-17    0.423960538072976E+00 -0.665301150616214E-18
  0.00000000  0.00000000  0.03000000    0.9011D-03  0.235871016869407E+01  0.370141207422933E-17    0.423960524388489E+00 -0.665301156876340E-18
  0.00000000  0.00000000  0.03000000    0.9488D-03  0.235871025135006E+01  0.370141215322131E-17    0.423960509531693E+00 -0.665301124446424E-18
  0.00000000  0.00000000  0.03000000    0.9980D-03  0.235871034098679E+01  0.370141229743236E-17    0.423960493420163E+00 -0.665301099801161E-18
  0.00000000  0.00000000  0.03000000    0.1049D-02  0.235871043809285E+01  0.370141236787522E-17    0.423960475966078E+00 -0.665301057683002E-18
  0.00000000  0.00000000  0.03000000    0.1101D-02  0.235871054318880E+01  0.370141267925893E-17    0.423960457075871E+00 -0.665301054364867E-18
  0.00000000  0.00000000  0.03000000    0.1155D-02  0.235871065682916E+01  0.370141281898725E-17    0.423960436649873E+00 -0.665301015372880E-18
  0.00000000  0.00000000  0.03000000    0.1210D-02  0.235871077960460E+01  0.370141296035384E-17    0.423960414581915E+00 -0.665300971522055E-18
  0.00000000  0.00000000  0.03000000    0.1267D-02  0.235871091214420E+01  0.370141310814259E-17    0.423960390758927E+00 -0.665300923317395E-18
  0.00000000  0.00000000  0.03000000    0.1326D-02  0.235871105511791E+01  0.370141337263497E-17    0.423960365060490E+00 -0.665300890203211E-18
  0.00000000  0.00000000  0.03000000    0.1387D-02  0.235871120923907E+01  0.370141358729152E-17    0.423960337358385E+00 -0.665300841842894E-18
  0.00000000  0.00000000  0.03000000    0.1450D-02  0.235871137526730E+01  0.370141389334653E-17    0.423960307516079E+00 -0.665300803193714E-18
  0.00000000  0.00000000  0.03000000    0.1514D-02  0.235871155401126E+01  0.370141420853609E-17    0.423960275388225E+00 -0.665300759013181E-18
  0.00000000  0.00000000  0.03000000    0.1580D-02  0.235871174633184E+01  0.370141458650269E-17    0.423960240820081E+00 -0.665300718457469E-18
  0.00000000  0.00000000  0.03000000    0.1649D-02  0.235871195314544E+01  0.370141478489279E-17    0.423960203646935E+00 -0.665300637448442E-18
  0.00000000  0.00000000  0.03000000    0.1719D-02  0.235871217542747E+01  0.370141522002402E-17    0.423960163693465E+00 -0.665300590265731E-18
  0.00000000  0.00000000  0.03000000    0.1792D-02  0.235871241421607E+01  0.370141552442470E-17    0.423960120773076E+00 -0.665300510273517E-18
  0.00000000  0.00000000  0.03000000    0.1867D-02  0.235871267061607E+01  0.370141594872956E-17    0.423960074687185E+00 -0.665300441898185E-18
  0.00000000  0.00000000  0.03000000    0.1944D-02  0.235871294580316E+01  0.370141633708071E-17    0.423960025224473E+00 -0.665300356462269E-18
  0.00000000  0.00000000  0.03000000    0.2024D-02  0.235871324102839E+01  0.370141694558220E-17    0.423959972160076E+00 -0.665300299292706E-18
  0.00000000  0.00000000  0.03000000    0.2106D-02  0.235871355762291E+01  0.370141731489063E-17    0.423959915254733E+00 -0.665300187075241E-18
  0.00000000  0.00000000  0.03000000    0.2190D-02  0.235871389700294E+01  0.370141792775910E-17    0.423959854253893E+00 -0.665300105781985E-18
  0.00000000  0.00000000  0.03000000    0.2277D-02  0.235871426067521E+01  0.370141863022512E-17    0.423959788886737E+00 -0.665300026889420E-18
  0.00000000  0.00000000  0.03000000    0.2367D-02  0.235871465024260E+01  0.370141912566829E-17    0.423959718865166E+00 -0.665299896178233E-18
  0.00000000  0.00000000  0.03000000    0.2459D-02  0.235871506741014E+01  0.370141997688940E-17    0.423959643882716E+00 -0.665299813845439E-18
  0.00000000  0.00000000  0.03000000    0.2554D-02  0.235871551399151E+01  0.370142047005185E-17    0.423959563613402E+00 -0.665299650561650E-18
  0.00000000  0.00000000  0.03000000    0.2652D-02  0.235871599191576E+01  0.370142131257541E-17    0.423959477710497E+00 -0.665299532391529E-18
  0.00000000  0.00000000  0.03000000    0.2753D-02  0.235871650323461E+01  0.370142216389447E-17    0.423959385805227E+00 -0.665299396963801E-18
  0.00000000  0.00000000  0.03000000    0.2858D-02  0.235871705013014E+01  0.370142298524044E-17    0.423959287505395E+00 -0.665299236079227E-18
  0.00000000  0.00000000  0.03000000    0.2965D-02  0.235871763492289E+01  0.370142392060415E-17    0.423959182393908E+00 -0.665299074309882E-18
  0.00000000  0.00000000  0.03000000    0.3075D-02  0.235871826008060E+01  0.370142488445107E-17    0.423959070027223E+00 -0.665298894889582E-18
  0.00000000  0.00000000  0.03000000    0.3189D-02  0.235871892822740E+01  0.370142586316792E-17    0.423958949933687E+00 -0.665298693891167E-18
  0.00000000  0.00000000  0.03000000    0.3307D-02  0.235871964215362E+01  0.370142704100944E-17    0.423958821611777E+00 -0.665298502858750E-18
  0.00000000  0.00000000  0.03000000    0.3428D-02  0.235872040482614E+01  0.370142821780298E-17    0.423958684528237E+00 -0.665298284139413E-18
  0.00000000  0.00000000  0.03000000    0.3553D-02  0.235872121939945E+01  0.370142971746393E-17    0.423958538116093E+00 -0.665298094174525E-18
  0.00000000  0.00000000  0.03000000    0.3681D-02  0.235872208922744E+01  0.370143092414310E-17    0.423958381772535E+00 -0.665297820378878E-18
  0.00000000  0.00000000  0.03000000    0.3813D-02  0.235872301787579E+01  0.370143247168716E-17    0.423958214856688E+00 -0.665297574669154E-18
  0.00000000  0.00000000  0.03000000    0.3950D-02  0.235872400913518E+01  0.370143414705608E-17    0.423958036687237E+00 -0.665297316614991E-18
  0.00000000  0.00000000  0.03000000    0.4090D-02  0.235872506703549E+01  0.370143570593771E-17    0.423957846539880E+00 -0.665297000030381E-18
  0.00000000  0.00000000  0.03000000    0.4235D-02  0.235872619586052E+01  0.370143754026245E-17    0.423957643644677E+00 -0.665296692944521E-18
  0.00000000  0.00000000  0.03000000    0.4385D-02  0.235872740016408E+01  0.370143958240955E-17    0.423957427183165E+00 -0.665296380634371E-18
  0.00000000  0.00000000  0.03000000    0.4538D-02  0.235872868478664E+01  0.370144140912969E-17    0.423957196285361E+00 -0.665295984294655E-18
  0.00000000  0.00000000  0.03000000    0.4697D-02  0.235873005487334E+01  0.370144366116956E-17    0.423956950026526E+00 -0.665295616190692E-18
  0.00000000  0.00000000  0.03000000    0.4860D-02  0.235873151589295E+01  0.370144607700950E-17    0.423956687423760E+00 -0.665295226232029E-18
  0.00000000  0.00000000  0.03000000    0.5029D-02  0.235873307365810E+01  0.370144838635135E-17    0.423956407432370E+00 -0.665294762556640E-18
  0.00000000  0.00000000  0.03000000    0.5202D-02  0.235873473434662E+01  0.370145106025198E-17    0.423956108942027E+00 -0.665294306347024E-18
  0.00000000  0.00000000  0.03000000    0.5381D-02  0.235873650452443E+01  0.370145388275297E-17    0.423955790772663E+00 -0.665293815083205E-18
  0.00000000  0.00000000  0.03000000    0.5565D-02  0.235873839116967E+01  0.370145676397472E-17    0.423955451670125E+00 -0.665293268674095E-18
  0.00000000  0.00000000  0.03000000    0.5755D-02  0.235874040169837E+01  0.370146022993519E-17    0.423955090301573E+00 -0.665292757481894E-18
  0.00000000  0.00000000  0.03000000    0.5950D-02  0.235874254399179E+01  0.370146360953995E-17    0.423954705250563E+00 -0.665292156439628E-18
  0.00000000  0.00000000  0.03000000    0.6152D-02  0.235874482642535E+01  0.370146720150260E-17    0.423954295011847E+00 -0.665291514513119E-18
  0.00000000  0.00000000  0.03000000    0.6360D-02  0.235874725789945E+01  0.370147093757047E-17    0.423953857985842E+00 -0.665290814414321E-18
  0.00000000  0.00000000  0.03000000    0.6574D-02  0.235874984787215E+01  0.370147517923646E-17    0.423953392472758E+00 -0.665290115781733E-18
  0.00000000  0.00000000  0.03000000    0.6794D-02  0.235875260639387E+01  0.370147963877900E-17    0.423952896666357E+00 -0.665289361231919E-18
  0.00000000  0.00000000  0.03000000    0.7021D-02  0.235875554414430E+01  0.370148419539467E-17    0.423952368647331E+00 -0.665288523028155E-18
  0.00000000  0.00000000  0.03000000    0.7255D-02  0.235875867247158E+01  0.370148923510471E-17    0.423951806376263E+00 -0.665287664151171E-18
  0.00000000  0.00000000  0.03000000    0.7497D-02  0.235876200343385E+01  0.370149456057696E-17    0.423951207686158E+00 -0.665286742331720E-18
  0.00000000  0.00000000  0.03000000    0.7745D-02  0.235876554984352E+01  0.370150015132792E-17    0.423950570274498E+00 -0.665285746661307E-18
  0.00000000  0.00000000  0.03000000    0.8001D-02  0.235876932531413E+01  0.370150619649456E-17    0.423949891694824E+00 -0.665284703455519E-18
  0.00000000  0.00000000  0.03000000    0.8265D-02  0.235877334431026E+01  0.370151265984328E-17    0.423949169347771E+00 -0.665283598043070E-18
  0.00000000  0.00000000  0.03000000    0.8537D-02  0.235877762220043E+01  0.370151953075121E-17    0.423948400471568E+00 -0.665282419846064E-18
  0.00000000  0.00000000  0.03000000    0.8818D-02  0.235878217531336E+01  0.370152653627713E-17    0.423947582131932E+00 -0.665281110598268E-18
  0.00000000  0.00000000  0.03000000    0.9107D-02  0.235878702099770E+01  0.370153461733620E-17    0.423946711211353E+00 -0.665279829626547E-18
  0.00000000  0.00000000  0.03000000    0.9404D-02  0.235879217768545E+01  0.370154281538628E-17    0.423945784397692E+00 -0.665278394254468E-18
  0.00000000  0.00000000  0.03000000    0.9711D-02  0.235879766495939E+01  0.370155135399666E-17    0.423944798172087E+00 -0.665276833619702E-18
  0.00000000  0.00000000  0.03000000    0.1003D-01  0.235880350362462E+01  0.370156070814863E-17    0.423943748796102E+00 -0.665275221355878E-18
  0.00000000  0.00000000  0.03000000    0.1035D-01  0.235880971578457E+01  0.370157057299293E-17    0.423942632298082E+00 -0.665273490205967E-18
  0.00000000  0.00000000  0.03000000    0.1069D-01  0.235881632492178E+01  0.370158115417219E-17    0.423941444458658E+00 -0.665271663885379E-18
  0.00000000  0.00000000  0.03000000    0.1103D-01  0.235882335598361E+01  0.370159228506777E-17    0.423940180795356E+00 -0.665269698378054E-18
  0.00000000  0.00000000  0.03000000    0.1139D-01  0.235883083547347E+01  0.370160417602119E-17    0.423938836546233E+00 -0.665267616540258E-18
  0.00000000  0.00000000  0.03000000    0.1176D-01  0.235883879154739E+01  0.370161700061184E-17    0.423937406652534E+00 -0.665265433688620E-18
  0.00000000  0.00000000  0.03000000    0.1214D-01  0.235884725411698E+01  0.370163037864261E-17    0.423935885740234E+00 -0.665263064623593E-18
  0.00000000  0.00000000  0.03000000    0.1253D-01  0.235885625495852E+01  0.370164481958725E-17    0.423934268100447E+00 -0.665260582988396E-18
  0.00000000  0.00000000  0.03000000    0.1293D-01  0.235886582782896E+01  0.370166011530981E-17    0.423932547668629E+00 -0.665257932339009E-18
  0.00000000  0.00000000  0.03000000    0.1334D-01  0.235887600858906E+01  0.370167627152746E-17    0.423930718002486E+00 -0.665255093479895E-18
  0.00000000  0.00000000  0.03000000    0.1377D-01  0.235888683533441E+01  0.370169346203148E-17    0.423928772258477E+00 -0.665252076161498E-18
  0.00000000  0.00000000  0.03000000    0.1421D-01  0.235889834853419E+01  0.370171184553327E-17    0.423926703166923E+00 -0.665248886085318E-18
  0.00000000  0.00000000  0.03000000    0.1466D-01  0.235891059117910E+01  0.370173128105526E-17    0.423924503005495E+00 -0.665245473673020E-18
  0.00000000  0.00000000  0.03000000    0.1513D-01  0.235892360893807E+01  0.370175197867225E-17    0.423922163571111E+00 -0.665241850925737E-18
  0.00000000  0.00000000  0.03000000    0.1561D-01  0.235893745032495E+01  0.370177407257808E-17    0.423919676150059E+00 -0.665238014603486E-18
  0.00000000  0.00000000  0.03000000    0.1610D-01  0.235895216687559E+01  0.370179754607264E-17    0.423917031486268E+00 -0.665233932645921E-18
  0.00000000  0.00000000  0.03000000    0.1662D-01  0.235896781333590E+01  0.370182237069493E-17    0.423914219747604E+00 -0.665229569070816E-18
  0.00000000  0.00000000  0.03000000    0.1714D-01  0.235898444786169E+01  0.370184911252645E-17    0.423911230490075E+00 -0.665224992815081E-18
  0.00000000  0.00000000  0.03000000    0.1768D-01  0.235900213223098E+01  0.370187705869630E-17    0.423908052619804E+00 -0.665220040944086E-18
  0.00000000  0.00000000  0.03000000    0.1824D-01  0.235902093206954E+01  0.370190705782855E-17    0.423904674352641E+00 -0.665214828956972E-18
  0.00000000  0.00000000  0.03000000    0.1882D-01  0.235904091709062E+01  0.370193880838617E-17    0.423901083171245E+00 -0.665209263366197E-18
  0.00000000  0.00000000  0.03000000    0.1941D-01  0.235906216134953E+01  0.370197277709257E-17    0.423897265779523E+00 -0.665203386290617E-18
  0.00000000  0.00000000  0.03000000    0.2002D-01  0.235908474351431E+01  0.370200853759957E-17    0.423893208054200E+00 -0.665197076773686E-18
  0.00000000  0.00000000  0.03000000    0.2065D-01  0.235910874715316E+01  0.370204674541386E-17    0.423888894993392E+00 -0.665190405495743E-18
  0.00000000  0.00000000  0.03000000    0.2130D-01  0.235913426104012E+01  0.370208758626230E-17    0.423884310661958E+00 -0.665183355787948E-18
  0.00000000  0.00000000  0.03000000    0.2197D-01  0.235916137947964E+01  0.370213065584172E-17    0.423879438133465E+00 -0.665175801852518E-18
  0.00000000  0.00000000  0.03000000    0.2266D-01  0.235919020265175E+01  0.370217652421723E-17    0.423874259428508E+00 -0.665167789656099E-18
  0.00000000  0.00000000  0.03000000    0.2337D-01  0.235922083697876E+01  0.370222523319521E-17    0.423868755449196E+00 -0.665159266733447E-18
  0.00000000  0.00000000  0.03000000    0.2410D-01  0.235925339551511E+01  0.370227727004132E-17    0.423862905909548E+00 -0.665150256918443E-18
  0.00000000  0.00000000  0.03000000    0.2486D-01  0.235928799836162E+01  0.370233221075220E-17    0.423856689261523E+00 -0.665140616357765E-18
  0.00000000  0.00000000  0.03000000    0.2564D-01  0.235932477310593E+01  0.370239083792151E-17    0.423850082616456E+00 -0.665130413760539E-18
  0.00000000  0.00000000  0.03000000    0.2644D-01  0.235936385529072E+01  0.370245301079120E-17    0.423843061661543E+00 -0.665119547471570E-18
  0.00000000  0.00000000  0.03000000    0.2726D-01  0.235940538891130E+01  0.370251922869421E-17    0.423835600571137E+00 -0.665108026070881E-18
  0.00000000  0.00000000  0.03000000    0.2811D-01  0.235944952694493E+01  0.370258928915688E-17    0.423827671912449E+00 -0.665095727011902E-18
  0.00000000  0.00000000  0.03000000    0.2899D-01  0.235949643191327E+01  0.370266407013238E-17    0.423819246545382E+00 -0.665082716459834E-18
  0.00000000  0.00000000  0.03000000    0.2989D-01  0.235954627648078E+01  0.370274327019438E-17    0.423810293516040E+00 -0.665068843021864E-18
  0.00000000  0.00000000  0.03000000    0.3082D-01  0.235959924409086E+01  0.370282736408813E-17    0.423800779943585E+00 -0.665054088666497E-18
  0.00000000  0.00000000  0.03000000    0.3178D-01  0.235965552964246E+01  0.370291696218434E-17    0.423790670899969E+00 -0.665038453273201E-18
  0.00000000  0.00000000  0.03000000    0.3277D-01  0.235971534020978E+01  0.370301200895698E-17    0.423779929282106E+00 -0.665021810277790E-18
  0.00000000  0.00000000  0.03000000    0.3379D-01  0.235977889580777E+01  0.370311321285494E-17    0.423768515675996E+00 -0.665004163050850E-18
  0.00000000  0.00000000  0.03000000    0.3484D-01  0.235984643020652E+01  0.370322049426925E-17    0.423756388212297E+00 -0.664985365707869E-18
  0.00000000  0.00000000  0.03000000    0.3592D-01  0.235991819179773E+01  0.370333445086569E-17    0.423743502412778E+00 -0.664965385779029E-18
  0.00000000  0.00000000  0.03000000    0.3703D-01  0.235999444451671E+01  0.370345554266761E-17    0.423729811027070E+00 -0.664944157342313E-18
  0.00000000  0.00000000  0.03000000    0.3818D-01  0.236007546882356E+01  0.370358437267973E-17    0.423715263859115E+00 -0.664921630864934E-18
  0.00000000  0.00000000  0.03000000    0.3936D-01  0.236016156274758E+01  0.370372116098274E-17    0.423699807582601E+00 -0.664897678200103E-18
  0.00000000  0.00000000  0.03000000    0.4058D-01  0.236025304299890E+01  0.370386648559650E-17    0.423683385544719E+00 -0.664872224983666E-18
  0.00000000  0.00000000  0.03000000    0.4184D-01  0.236035024615216E+01  0.370402072483507E-17    0.423665937557445E+00 -0.664845149857600E-18
  0.00000000  0.00000000  0.03000000    0.4313D-01  0.236045352990683E+01  0.370418485919602E-17    0.423647399675550E+00 -0.664816427704841E-18
  0.00000000  0.00000000  0.03000000    0.4447D-01  0.236056327442948E+01  0.370435893660054E-17    0.423627703960483E+00 -0.664785853425963E-18
  0.00000000  0.00000000  0.03000000    0.4584D-01  0.236067988378366E+01  0.370454378569028E-17    0.423606778229166E+00 -0.664753348662392E-18
  0.00000000  0.00000000  0.03000000    0.4726D-01  0.236080378745319E+01  0.370474045807216E-17    0.423584545786750E+00 -0.664718860809353E-18
  0.00000000  0.00000000  0.03000000    0.4872D-01  0.236093544196552E+01  0.370494914057894E-17    0.423560925142233E+00 -0.664682166947391E-18
  0.00000000  0.00000000  0.03000000    0.5022D-01  0.236107533262186E+01  0.370517078503596E-17    0.423535829705844E+00 -0.664643165323938E-18
  0.00000000  0.00000000  0.03000000    0.5177D-01  0.236122397534182E+01  0.370540640688590E-17    0.423509167466942E+00 -0.664601748455372E-18
  0.00000000  0.00000000  0.03000000    0.5337D-01  0.236138191863032E+01  0.370565679200894E-17    0.423480840651152E+00 -0.664557749453264E-18
  0.00000000  0.00000000  0.03000000    0.5501D-01  0.236154974567551E+01  0.370592233084418E-17    0.423450745355337E+00 -0.664510911150031E-18
  0.00000000  0.00000000  0.03000000    0.5671D-01  0.236172807658713E+01  0.370620448724441E-17    0.423418771158902E+00 -0.664461148262400E-18
  0.00000000  0.00000000  0.03000000    0.5846D-01  0.236191757078525E+01  0.370650444087343E-17    0.423384800709847E+00 -0.664408302575789E-18
  0.00000000  0.00000000  0.03000000    0.6026D-01  0.236211892955025E+01  0.370682275306720E-17    0.423348709283831E+00 -0.664352081693757E-18
  0.00000000  0.00000000  0.03000000    0.6211D-01  0.236233289874592E+01  0.370716094273786E-17    0.423310364314388E+00 -0.664292340031969E-18
  0.00000000  0.00000000  0.03000000    0.6403D-01  0.236256027172834E+01  0.370752012868095E-17    0.423269624892340E+00 -0.664228833831854E-18
  0.00000000  0.00000000  0.03000000    0.6600D-01  0.236280189245415E+01  0.370790156593991E-17    0.423226341232247E+00 -0.664161315603194E-18
  0.00000000  0.00000000  0.03000000    0.6803D-01  0.236305865880351E+01  0.370830668238628E-17    0.423180354103581E+00 -0.664089538840089E-18
  0.00000000  0.00000000  0.03000000    0.7012D-01  0.236333152613352E+01  0.370873688546462E-17    0.423131494224185E+00 -0.664013221453696E-18
  0.00000000  0.00000000  0.03000000    0.7227D-01  0.236362151108006E+01  0.370919389402637E-17    0.423079581613322E+00 -0.663932103109976E-18
  0.00000000  0.00000000  0.03000000    0.7450D-01  0.236392969562701E+01  0.370967898072261E-17    0.423024424901419E+00 -0.663845807382536E-18
  0.00000000  0.00000000  0.03000000    0.7678D-01  0.236425723146367E+01  0.371019451002873E-17    0.422965820593438E+00 -0.663754114658690E-18
  0.00000000  0.00000000  0.03000000    0.7914D-01  0.236460534465325E+01  0.371074177766350E-17    0.422903552282481E+00 -0.663656572935227E-18
  0.00000000  0.00000000  0.03000000    0.8157D-01  0.236497534063710E+01  0.371132289611494E-17    0.422837389809997E+00 -0.663552832526606E-18
  0.00000000  0.00000000  0.03000000    0.8408D-01  0.236536860960172E+01  0.371193986232632E-17    0.422767088368684E+00 -0.663442476333356E-18
  0.00000000  0.00000000  0.03000000    0.8666D-01  0.236578663223837E+01  0.371259541956642E-17    0.422692387543781E+00 -0.663325170789331E-18
  0.00000000  0.00000000  0.03000000    0.8932D-01  0.236623098592764E+01  0.371329121852151E-17    0.422613010288160E+00 -0.663200333893337E-18
  0.00000000  0.00000000  0.03000000    0.9206D-01  0.236670335138445E+01  0.371403027506283E-17    0.422528661826176E+00 -0.663067570841195E-18
  0.00000000  0.00000000  0.03000000    0.9488D-01  0.236720551980301E+01  0.371481469768934E-17    0.422439028480813E+00 -0.662926264217531E-18
  0.00000000  0.00000000  0.03000000    0.9779D-01  0.236773940054424E+01  0.371564782470787E-17    0.422343776418191E+00 -0.662775951511577E-18
  0.00000000  0.00000000  0.03000000    0.1008D+00  0.236830702941368E+01  0.371653236020960E-17    0.422242550302935E+00 -0.662615987947641E-18
  0.00000000  0.00000000  0.03000000    0.1039D+00  0.236891057758165E+01  0.371747166159425E-17    0.422134971857347E+00 -0.662445771528278E-18
  0.00000000  0.00000000  0.03000000    0.1071D+00  0.236955236120395E+01  0.371846891047729E-17    0.422020638316644E+00 -0.662264590077634E-18
  0.00000000  0.00000000  0.03000000    0.1103D+00  0.237023485180694E+01  0.371952743973027E-17    0.421899120771788E+00 -0.662071674168665E-18
  0.00000000  0.00000000  0.03000000    0.1137D+00  0.237096068750799E+01  0.372065141280000E-17    0.421769962390669E+00 -0.661866312129715E-18
  0.00000000  0.00000000  0.03000000    0.1172D+00  0.237173268515030E+01  0.372184454801464E-17    0.421632676507398E+00 -0.661647616592353E-18
  0.00000000  0.00000000  0.03000000    0.1208D+00  0.237255385343970E+01  0.372311121835628E-17    0.421486744568606E+00 -0.661414713439181E-18
  0.00000000  0.00000000  0.03000000    0.1245D+00  0.237342740718156E+01  0.372445575415096E-17    0.421331613924311E+00 -0.661166610420821E-18
  0.00000000  0.00000000  0.03000000    0.1283D+00  0.237435678272678E+01  0.372588293496528E-17    0.421166695449860E+00 -0.660902276679000E-18
  0.00000000  0.00000000  0.03000000    0.1322D+00  0.237534565474937E+01  0.372739781145165E-17    0.420991360983844E+00 -0.660620602493661E-18
  0.00000000  0.00000000  0.03000000    0.1363D+00  0.237639795449281E+01  0.372900579699420E-17    0.420804940565364E+00 -0.660320406270905E-18
  0.00000000  0.00000000  0.03000000    0.1405D+00  0.237751788963901E+01  0.373071229715771E-17    0.420606719452208E+00 -0.660000358931375E-18
  0.00000000  0.00000000  0.03000000    0.1448D+00  0.237870996597376E+01  0.373252333632779E-17    0.420395934899376E+00 -0.659659084106502E-18
  0.00000000  0.00000000  0.03000000    0.1492D+00  0.237997901104402E+01  0.373444506282676E-17    0.420171772675143E+00 -0.659295058790263E-18
  0.00000000  0.00000000  0.03000000    0.1537D+00  0.238133020002887E+01  0.373648438583074E-17    0.419933363289088E+00 -0.658906713147149E-18
  0.00000000  0.00000000  0.03000000    0.1585D+00  0.238276908407477E+01  0.373864809330566E-17    0.419679777903572E+00 -0.658492260934880E-18
  0.00000000  0.00000000  0.03000000    0.1633D+00  0.238430162138047E+01  0.374094386766726E-17    0.419410023896648E+00 -0.658049863685420E-18
  0.00000000  0.00000000  0.03000000    0.1683D+00  0.238593421135640E+01  0.374337895469160E-17    0.419123040040363E+00 -0.657577379982126E-18
  0.00000000  0.00000000  0.03000000    0.1734D+00  0.238767373222952E+01  0.374596170025684E-17    0.418817691253920E+00 -0.657072618276963E-18
  0.00000000  0.00000000  0.03000000    0.1787D+00  0.238952758251842E+01  0.374870135441854E-17    0.418492762885816E+00 -0.656533282361609E-18
  0.00000000  0.00000000  0.03000000    0.1842D+00  0.239150372686645E+01  0.375160631087608E-17    0.418146954472985E+00 -0.655956641694192E-18
  0.00000000  0.00000000  0.03000000    0.1898D+00  0.239361074679467E+01  0.375468631070199E-17    0.417778872917879E+00 -0.655339894820345E-18
  0.00000000  0.00000000  0.03000000    0.1956D+00  0.239585789702333E+01  0.375795151241156E-17    0.417387025016142E+00 -0.654679980757264E-18
  0.00000000  0.00000000  0.03000000    0.2016D+00  0.239825516811380E+01  0.376141210676834E-17    0.416969809257824E+00 -0.653973484369802E-18
  0.00000000  0.00000000  0.03000000    0.2078D+00  0.240081335630455E+01  0.376507900452965E-17    0.416525506813761E+00 -0.653216726088817E-18
  0.00000000  0.00000000  0.03000000    0.2141D+00  0.240354414156101E+01  0.376896395229531E-17    0.416052271605272E+00 -0.652405748176706E-18
  0.00000000  0.00000000  0.03000000    0.2207D+00  0.240646017503222E+01  0.377307824794274E-17    0.415548119339482E+00 -0.651536055456361E-18
  0.00000000  0.00000000  0.03000000    0.2274D+00  0.240957517731684E+01  0.377743419342970E-17    0.415010915373697E+00 -0.650602827061340E-18
  0.00000000  0.00000000  0.03000000    0.2343D+00  0.241290404919297E+01  0.378204448443208E-17    0.414438361249576E+00 -0.649600765859411E-18
  0.00000000  0.00000000  0.03000000    0.2415D+00  0.241646299677188E+01  0.378692200718875E-17    0.413827979710794E+00 -0.648524014500027E-18
  0.00000000  0.00000000  0.03000000    0.2489D+00  0.242026967340832E+01  0.379207939255733E-17    0.413177097985020E+00 -0.647366025348408E-18
  0.00000000  0.00000000  0.03000000    0.2565D+00  0.242434334115630E+01  0.379752987821198E-17    0.412482829071168E+00 -0.646119648589071E-18
  0.00000000  0.00000000  0.03000000    0.2643D+00  0.242870505512197E+01  0.380328655977855E-17    0.411742050724138E+00 -0.644776937533952E-18
  0.00000000  0.00000000  0.03000000    0.2724D+00  0.243337787476142E+01  0.380936211033145E-17    0.410951381769281E+00 -0.643329027989020E-18
  0.00000000  0.00000000  0.03000000    0.2807D+00  0.243838710704196E+01  0.381576831701183E-17    0.410107155304440E+00 -0.641765979352188E-18
  0.00000000  0.00000000  0.03000000    0.2893D+00  0.244376058747772E+01  0.382251687275513E-17    0.409205388254556E+00 -0.640076818097720E-18
  0.00000000  0.00000000  0.03000000    0.2981D+00  0.244952900643363E+01  0.382961719991092E-17    0.408241746627014E+00 -0.638249071759604E-18
  0.00000000  0.00000000  0.03000000    0.3072D+00  0.245572628985748E+01  0.383707670671340E-17    0.407211505667448E+00 -0.636268703705142E-18
  0.00000000  0.00000000  0.03000000    0.3166D+00  0.246239004587076E+01  0.384490055064789E-17    0.406109503925637E+00 -0.634119951014852E-18
  0.00000000  0.00000000  0.03000000    0.3262D+00  0.246956209160027E+01  0.385308974855908E-17    0.404930089995026E+00 -0.631784875525003E-18
  0.00000000  0.00000000  0.03000000    0.3362D+00  0.247728907850403E+01  0.386163964446890E-17    0.403667060367405E+00 -0.629242964419123E-18
  0.00000000  0.00000000  0.03000000    0.3464D+00  0.248562323958072E+01  0.387053919007951E-17    0.402313586418142E+00 -0.626470849699459E-18
  0.00000000  0.00000000  0.03000000    0.3570D+00  0.249462328874566E+01  0.387976743861286E-17    0.400862127965949E+00 -0.623441558680132E-18
  0.00000000  0.00000000  0.03000000    0.3679D+00  0.250435551203069E+01  0.388929096968589E-17    0.399304330074581E+00 -0.620123907190901E-18
  0.00000000  0.00000000  0.03000000    0.3791D+00  0.251489510319577E+01  0.389905929042973E-17    0.397630898692061E+00 -0.616481557317070E-18
  0.00000000  0.00000000  0.03000000    0.3907D+00  0.252632781445731E+01  0.390900082511129E-17    0.395831449219434E+00 -0.612472163251763E-18
  0.00000000  0.00000000  0.03000000    0.4026D+00  0.253875201886759E+01  0.391901234855686E-17    0.393894319952545E+00 -0.608045485517325E-18
  0.00000000  0.00000000  0.03000000    0.4149D+00  0.255228131842116E+01  0.392895108690086E-17    0.391806339208171E+00 -0.603141954288509E-18
  0.00000000  0.00000000  0.03000000    0.4276D+00  0.256704788771714E+01  0.393861916888214E-17    0.389552530276049E+00 -0.597690082204203E-18
  0.00000000  0.00000000  0.03000000    0.4406D+00  0.258320682784131E+01  0.394774387131824E-17    0.387115731199760E+00 -0.591603327640559E-18
  0.00000000  0.00000000  0.03000000    0.4540D+00  0.260094193780805E+01  0.395594741261852E-17    0.384476095165258E+00 -0.584775535267992E-18
  0.00000000  0.00000000  0.03000000    0.4679D+00  0.262047352500989E+01  0.396270622141799E-17    0.381610419054406E+00 -0.577075084831896E-18
  0.00000000  0.00000000  0.03000000    0.4822D+00  0.264206923433445E+01  0.396728903182624E-17    0.378491217037280E+00 -0.568336376080175E-18
  0.00000000  0.00000000  0.03000000    0.4969D+00  0.266605950063660E+01  0.396866180462202E-17    0.375085402167964E+00 -0.558347294462049E-18
  0.00000000  0.00000000  0.03000000    0.5120D+00  0.269286037526142E+01  0.396534477800254E-17    0.371352339388529E+00 -0.546831196047578E-18
  0.00000000  0.00000000  0.03000000    0.5276D+00  0.272300870729436E+01  0.395517836203181E-17    0.367240838165965E+00 -0.533418425316638E-18
  0.00000000  0.00000000  0.03000000    0.5437D+00  0.275721932751780E+01  0.393494277412146E-17    0.362684241336817E+00 -0.517601817342846E-18
  0.00000000  0.00000000  0.03000000    0.5603D+00  0.279648459245982E+01  0.389969675720443E-17    0.357591814629091E+00 -0.498661656735714E-18
  0.00000000  0.00000000  0.03000000    0.5774D+00  0.284226437942040E+01  0.384158982550337E-17    0.351832154404976E+00 -0.475534519038200E-18
  0.00000000  0.00000000  0.03000000    0.5950D+00  0.289689976851495E+01  0.374760716505604E-17    0.345196617041616E+00 -0.446567509666184E-18
  0.00000000  0.00000000  0.03000000    0.6131D+00  0.296472724338458E+01  0.359524800885797E-17    0.337299157024099E+00 -0.409033959325025E-18
  0.00000000  0.00000000  0.03000000    0.6318D+00  0.305759413033217E+01  0.335289821788652E-17    0.327054526328307E+00 -0.358641628592731E-18
  0.00000000  0.00000000  0.03000000    0.6511D+00  0.321416369491257E+01  0.135170677724917E-01    0.311117419414839E+00 -0.130839485558544E-02
  0.00000000  0.00000000  0.03000000    0.6709D+00  0.333026952780877E+01  0.207817333190301E+00    0.299111233377762E+00 -0.186653057143781E-01
  0.00000000  0.00000000  0.03000000    0.6914D+00  0.334174600326398E+01  0.342358939911967E+00    0.296136568948397E+00 -0.303389311202332E-01
  0.00000000  0.00000000  0.03000000    0.7125D+00  0.334555990382250E+01  0.426457451253252E+00    0.294124541789556E+00 -0.374919613004960E-01
  0.00000000  0.00000000  0.03000000    0.7342D+00  0.335711622056153E+01  0.508124305866436E+00    0.291203506527640E+00 -0.440757989592269E-01
  0.00000000  0.00000000  0.03000000    0.7565D+00  0.337612157353163E+01  0.568974371650143E+00    0.288017582742299E+00 -0.485393134091347E-01
  0.00000000  0.00000000  0.03000000    0.7796D+00  0.341056727486347E+01  0.636418734030297E+00    0.283340355416592E+00 -0.528718819367493E-01
  0.00000000  0.00000000  0.03000000    0.8034D+00  0.345367691577698E+01  0.704424851497985E+00    0.277982091433423E+00 -0.566982662977422E-01
  0.00000000  0.00000000  0.03000000    0.8279D+00  0.351980964737371E+01  0.767373367001897E+00    0.271215198494460E+00 -0.591291407494356E-01
  0.00000000  0.00000000  0.03000000    0.8531D+00  0.361510767522124E+01  0.856512687150691E+00    0.261914646168118E+00 -0.620543667153286E-01
  0.00000000  0.00000000  0.03000000    0.8791D+00  0.375234154029130E+01  0.957374923739935E+00    0.250212253992306E+00 -0.638393213977225E-01
  0.00000000  0.00000000  0.03000000    0.9059D+00  0.397448403513189E+01  0.112928031034822E+01    0.232809935016754E+00 -0.661488820546099E-01
  0.00000000  0.00000000  0.03000000    0.9335D+00  0.425849800845320E+01  0.153420589619869E+01    0.207847264295340E+00 -0.748809786355883E-01
  0.00000000  0.00000000  0.03000000    0.9619D+00  0.408791001435137E+01  0.258703965994542E+01    0.174668774866773E+00 -0.110539382312240E+00
  0.00000000  0.00000000  0.03000000    0.9913D+00  0.337886114651447E+01  0.264657008048578E+01    0.183424058026129E+00 -0.143671078201604E+00
  0.00000000  0.00000000  0.03000000    0.1021D+01  0.306760089410792E+01  0.256417784968724E+01    0.191902766354777E+00 -0.160409662067112E+00
  0.00000000  0.00000000  0.03000000    0.1053D+01  0.295921562184759E+01  0.250091586064618E+01    0.197129419513064E+00 -0.166599584099380E+00
  0.00000000  0.00000000  0.03000000    0.1085D+01  0.316834000976437E+01  0.242701575978990E+01    0.198906584866980E+00 -0.152366669836691E+00
  0.00000000  0.00000000  0.03000000    0.1118D+01  0.337861607309325E+01  0.320123803364257E+01    0.155962725168101E+00 -0.147774649986071E+00
  0.00000000  0.00000000  0.03000000    0.1152D+01  0.253208076899180E+01  0.467420915833983E+01    0.896005254771518E-01 -0.165402147477358E+00
  0.00000000  0.00000000  0.03000000    0.1187D+01  0.928572554521126E+00  0.396763907899243E+01    0.559232595840847E-01 -0.238950967342427E+00
  0.00000000  0.00000000  0.03000000    0.1223D+01  0.411303580491096E+00  0.313715368872327E+01    0.410855587584991E-01 -0.313373669294553E+00
  0.00000000  0.00000000  0.03000000    0.1260D+01  0.351016450918569E+00  0.247833861041308E+01    0.560248127508815E-01 -0.395561108940400E+00
  0.00000000  0.00000000  0.03000000    0.1299D+01  0.375982624941686E+00  0.218543512496207E+01    0.764582447591330E-01 -0.444420892362972E+00
  0.00000000  0.00000000  0.03000000    0.1338D+01  0.389963104292590E+00  0.163490126061903E+01    0.138041338919573E+00 -0.578731568532746E+00
  0.00000000  0.00000000  0.03000000    0.1379D+01  0.965106149909766E+00  0.106862487660280E+01    0.465472782205511E+00 -0.515400087848196E+00
  0.00000000  0.00000000  0.03000000    0.1421D+01  0.141121812625550E+01  0.179539957629647E+01    0.270607697826124E+00 -0.344276293636283E+00
  0.00000000  0.00000000  0.03000000    0.1464D+01  0.124939353921948E+01  0.180636724644821E+01    0.258998197823105E+00 -0.374458364599070E+00
  0.00000000  0.00000000  0.03000000    0.1509D+01  0.134999577963092E+01  0.208437277853632E+01    0.218902905950179E+00 -0.337982729419934E+00
  0.00000000  0.00000000  0.03000000    0.1555D+01  0.108642760221216E+01  0.265865144423318E+01    0.131708111079809E+00 -0.322309520695679E+00
  0.00000000  0.00000000  0.03000000    0.1602D+01  0.250135819430221E+00  0.240775145137498E+01    0.426864954890677E-01 -0.410890658131375E+00
  0.00000000  0.00000000  0.03000000    0.1651D+01  0.137124454092181E+00  0.186965913085577E+01    0.390175696320661E-01 -0.531995228782122E+00
  0.00000000  0.00000000  0.03000000    0.1701D+01  0.262360187844648E+00  0.230540386344637E+01    0.487321397762245E-01 -0.428217650845107E+00
  0.00000000  0.00000000  0.03000000    0.1753D+01 -0.701526919904727E+00  0.172486355942978E+01   -0.202326902640737E+00 -0.497466728011950E+00
  0.00000000  0.00000000  0.03000000    0.1807D+01 -0.576098979831646E+00  0.983303236879681E+00   -0.443570942694454E+00 -0.757100357762635E+00
  0.00000000  0.00000000  0.03000000    0.1862D+01 -0.210323409597190E+00  0.667865695623124E+00   -0.428985854618332E+00 -0.136221135229723E+01
  0.00000000  0.00000000  0.03000000    0.1919D+01  0.683078350914065E-01  0.686458876869731E+00    0.143536497735003E+00 -0.144246853809865E+01
  0.00000000  0.00000000  0.03000000    0.1977D+01  0.118716478525685E+00  0.766466216839584E+00    0.197346360369107E+00 -0.127412234693641E+01
  0.00000000  0.00000000  0.03000000    0.2037D+01  0.894550362243627E-03  0.531524787879876E+00    0.316633251073001E-02 -0.188137447275950E+01
  0.00000000  0.00000000  0.03000000    0.2099D+01  0.144159614382009E+00  0.429058943225964E+00    0.703651591325475E+00 -0.209426204050012E+01
  0.00000000  0.00000000  0.03000000    0.2163D+01  0.240191066216047E+00  0.331991336145019E+00    0.143047509117798E+01 -0.197719817112255E+01
  0.00000000  0.00000000  0.03000000    0.2229D+01  0.341440089840637E+00  0.287221443052632E+00    0.171511146687923E+01 -0.144276201058608E+01
  0.00000000  0.00000000  0.03000000    0.2297D+01  0.420157185193565E+00  0.253817620956824E+00    0.174371317996982E+01 -0.105337989344893E+01
  0.00000000  0.00000000  0.03000000    0.2367D+01  0.490420623618886E+00  0.222029517850652E+00    0.169221724030372E+01 -0.766122303729170E+00
  0.00000000  0.00000000  0.03000000    0.2439D+01  0.573292782345135E+00  0.188726297331104E+00    0.157375994702000E+01 -0.518077144585910E+00
  0.00000000  0.00000000  0.03000000    0.2513D+01  0.666430477676648E+00  0.197800434834474E+00    0.137904633811377E+01 -0.409308959408284E+00
  0.00000000  0.00000000  0.03000000    0.2590D+01  0.734403207377936E+00  0.265802165013175E+00    0.120394193040146E+01 -0.435742067077012E+00
  0.00000000  0.00000000  0.03000000    0.2669D+01  0.683394350364024E+00  0.269829415719618E+00    0.126593014304012E+01 -0.499836135104738E+00
  0.00000000  0.00000000  0.03000000    0.2750D+01  0.726807339310475E+00  0.359544514093581E+00    0.110537481801854E+01 -0.546818159834219E+00
  0.00000000  0.00000000  0.03000000    0.2834D+01  0.614925742559067E+00  0.254970907031438E+00    0.138764368980487E+01 -0.575368285532481E+00
  0.00000000  0.00000000  0.03000000    0.2920D+01  0.672412519515128E+00  0.239127788773645E+00    0.132021440539714E+01 -0.469503381194300E+00
  0.00000000  0.00000000  0.03000000    0.3009D+01  0.680957314927645E+00  0.214254683236323E+00    0.133623766319012E+01 -0.420430430776213E+00
  0.00000000  0.00000000  0.03000000    0.3101D+01  0.710133165434362E+00  0.174080821055708E+00    0.132836165102479E+01 -0.325632287189220E+00
  0.00000000  0.00000000  0.03000000    0.3195D+01  0.753236897107917E+00  0.178428601869279E+00    0.125706549132545E+01 -0.297776753816113E+00
  0.00000000  0.00000000  0.03000000    0.3293D+01  0.754256732217703E+00  0.183372538834716E+00    0.125181875085551E+01 -0.304338261364068E+00
  0.00000000  0.00000000  0.03000000    0.3393D+01  0.760344402720201E+00  0.168581495028728E+00    0.125356980052570E+01 -0.277938090080546E+00
  0.00000000  0.00000000  0.03000000    0.3496D+01  0.771356960965039E+00  0.152170902629885E+00    0.124785250286672E+01 -0.246172461414783E+00
  0.00000000  0.00000000  0.03000000    0.3603D+01  0.789641673571009E+00  0.109216222930468E+00    0.124262580568514E+01 -0.171868964816808E+00
  0.00000000  0.00000000  0.03000000    0.3713D+01  0.861017454099984E+00  0.936618056435364E-01    0.114783412421917E+01 -0.124861831942783E+00
  0.00000000  0.00000000  0.03000000    0.3826D+01  0.897732522922081E+00  0.209034537378732E+00    0.105662937807112E+01 -0.246033231041853E+00
  0.00000000  0.00000000  0.03000000    0.3942D+01  0.812886955874456E+00  0.227183391927817E+00    0.114105813082664E+01 -0.318899761737655E+00
  0.00000000  0.00000000  0.03000000    0.4062D+01  0.787098777795510E+00  0.134472038764601E+00    0.123445713757805E+01 -0.210901061900469E+00
  0.00000000  0.00000000  0.03000000    0.4186D+01  0.810831233454929E+00  0.136847667094871E+00    0.119914481506631E+01 -0.202385112560980E+00
  0.00000000  0.00000000  0.03000000    0.4313D+01  0.813462423729929E+00  0.113456198256797E+00    0.120585584605296E+01 -0.168184560156555E+00
  0.00000000  0.00000000  0.03000000    0.4445D+01  0.830072708114272E+00  0.105095024314651E+00    0.118570692685306E+01 -0.150121666559500E+00
  0.00000000  0.00000000  0.03000000    0.4580D+01  0.841339436182149E+00  0.806103641550071E-01    0.117776908334534E+01 -0.112844341553511E+00
  0.00000000  0.00000000  0.03000000    0.4720D+01  0.867080901779801E+00  0.861810612530349E-01    0.114201319464791E+01 -0.113507181253451E+00
  0.00000000  0.00000000  0.03000000    0.4863D+01  0.878824302375637E+00  0.811877755675733E-01    0.112825480166363E+01 -0.104230728910078E+00
  0.00000000  0.00000000  0.03000000    0.5012D+01  0.890925056953955E+00  0.948408299873131E-01    0.110985197041253E+01 -0.118146056411139E+00
  0.00000000  0.00000000  0.03000000    0.5164D+01  0.891100504815530E+00  0.952094824611351E-01    0.110954154644217E+01 -0.118548778544071E+00
  0.00000000  0.00000000  0.03000000    0.5322D+01  0.898202144218527E+00  0.948919965059861E-01    0.110104612990796E+01 -0.116321772537136E+00
  0.00000000  0.00000000  0.03000000    0.5484D+01  0.900232437143106E+00  0.103207269331427E+00    0.109641350717140E+01 -0.125698474598806E+00
  0.00000000  0.00000000  0.03000000    0.5651D+01  0.901699437715717E+00  0.116593871279215E+00    0.109077951445583E+01 -0.141042792068996E+00
  0.00000000  0.00000000  0.03000000    0.5823D+01  0.853028818713476E+00  0.124022378222338E+00    0.114802587332924E+01 -0.166912179222509E+00
  0.00000000  0.00000000  0.03000000    0.6000D+01  0.839637664161921E+00  0.784967213835408E-01    0.118067068000373E+01 -0.110379490308448E+00
  0.00000000  0.00000000  0.03000000    0.6183D+01  0.854456337209600E+00  0.586359796702762E-01    0.116484928874517E+01 -0.799363012940505E-01
  0.00000000  0.00000000  0.03000000    0.6371D+01  0.866137626375187E+00  0.308893856502413E-01    0.115308434747822E+01 -0.411228724072112E-01
  0.00000000  0.00000000  0.03000000    0.6565D+01  0.887690605121605E+00  0.285971535832938E-01    0.112535071273338E+01 -0.362534276936467E-01
  0.00000000  0.00000000  0.03000000    0.6765D+01  0.902107710833223E+00  0.218615935083448E-01    0.110786444954846E+01 -0.268478829828472E-01
  0.00000000  0.00000000  0.03000000    0.6971D+01  0.913711325636803E+00  0.299740920607190E-01    0.109326105055474E+01 -0.358641799179711E-01
  0.00000000  0.00000000  0.03000000    0.7184D+01  0.915967887313729E+00  0.306661646140768E-01    0.109051899152747E+01 -0.365100516864563E-01
  0.00000000  0.00000000  0.03000000    0.7402D+01  0.920435147007975E+00  0.243153457970989E-01    0.108568498275865E+01 -0.286807885034675E-01
  0.00000000  0.00000000  0.03000000    0.7628D+01  0.931189971940710E+00  0.230316235589609E-01    0.107323817498663E+01 -0.265449783397926E-01
  0.00000000  0.00000000  0.03000000    0.7860D+01  0.934128926703534E+00  0.370490567841253E-01    0.106883471731046E+01 -0.423917052587403E-01
  0.00000000  0.00000000  0.03000000    0.8100D+01  0.928332261115821E+00  0.297738648953841E-01    0.107609361275505E+01 -0.345129294574385E-01
  0.00000000  0.00000000  0.03000000    0.8346D+01  0.929203900509212E+00  0.301018297959702E-01    0.107506182963855E+01 -0.348269397041808E-01
  0.00000000  0.00000000  0.03000000    0.8600D+01  0.929511620559392E+00  0.201005759111305E-01    0.107533091690293E+01 -0.232539004857032E-01
  0.00000000  0.00000000  0.03000000    0.8862D+01  0.933960300728873E+00  0.200049914866669E-01    0.107021830940250E+01 -0.229235741088393E-01
  0.00000000  0.00000000  0.03000000    0.9132D+01  0.938813802118905E+00  0.117286441325749E-01    0.106500772133713E+01 -0.133051905860515E-01
  0.00000000  0.00000000  0.03000000    0.9410D+01  0.943031892671333E+00  0.189310672673211E-01    0.105998235814461E+01 -0.212788109078332E-01
  0.00000000  0.00000000  0.03000000    0.9697D+01  0.941307122995763E+00  0.118494761036918E-01    0.106218420625885E+01 -0.133711156139203E-01
  0.00000000  0.00000000  0.03000000    0.9992D+01  0.944201586910589E+00  0.107626560023732E-01    0.105895827832977E+01 -0.120707313231914E-01
  0.00000000  0.00000000  0.03000000    0.1030D+02  0.946616800529505E+00  0.495598328303277E-02    0.105636471912628E+01 -0.553056515143928E-02
  0.00000000  0.00000000  0.03000000    0.1061D+02  0.951497137539849E+00  0.270143826974921E-02    0.105096683938178E+01 -0.298384716898259E-02
  0.00000000  0.00000000  0.03000000    0.1093D+02  0.955805866591846E+00  0.958196310055194E-03    0.104623651093349E+01 -0.104885311888296E-02
  0.00000000  0.00000000  0.03000000    0.1127D+02  0.959947172664053E+00  0.128152995357290E-03    0.104172397258333E+01 -0.139070202219107E-03
  0.00000000  0.00000000  0.03000000    0.1161D+02  0.963496934155084E+00  0.131867239212836E-05    0.103788602179109E+01 -0.142048365136940E-05
  0.00000000  0.00000000  0.03000000    0.1196D+02  0.966411108510347E+00  0.549982671243149E-05    0.103475631763902E+01 -0.588877796053129E-05
  0.00000000  0.00000000  0.03000000    0.1233D+02  0.968922305092351E+00 -0.288297239208766E-19    0.103207449631855E+01  0.307087809190291E-19
  0.00000000  0.00000000  0.03000000    0.1270D+02  0.971158932263524E+00 -0.298106232432066E-19    0.102969757758316E+01  0.316075211996761E-19
  0.00000000  0.00000000  0.03000000    0.1309D+02  0.973174660104432E+00 -0.301192960160775E-19    0.102756477433628E+01  0.318026443584209E-19
