 q(1:3)   w(Ry)   eps    epsi  --- NO LFC
  0.00000000  0.00000000  0.01750000    0.0000D+00  0.249346621286730E+01 -0.333361380627392E-16    0.401048145284501E+00  0.536177160613531E-17
  0.00000000  0.00000000  0.01750000    0.1015D-04  0.249346621297437E+01 -0.333361380651079E-16    0.401048145267280E+00  0.536177160605581E-17
  0.00000000  0.00000000  0.01750000    0.3076D-04  0.249346621385053E+01 -0.333361380844874E-16    0.401048145126358E+00  0.536177160540472E-17
  0.00000000  0.00000000  0.01750000    0.5200D-04  0.249346621567694E+01 -0.333361381248825E-16    0.401048144832599E+00  0.536177160404709E-17
  0.00000000  0.00000000  0.01750000    0.7389D-04  0.249346621853963E+01 -0.333361381882018E-16    0.401048144372166E+00  0.536177160191992E-17
  0.00000000  0.00000000  0.01750000    0.9644D-04  0.249346622253076E+01 -0.333361382764773E-16    0.401048143730234E+00  0.536177159895361E-17
  0.00000000  0.00000000  0.01750000    0.1197D-03  0.249346622774913E+01 -0.333361383918998E-16    0.401048142890913E+00  0.536177159507570E-17
  0.00000000  0.00000000  0.01750000    0.1436D-03  0.249346623430047E+01 -0.333361385368032E-16    0.401048141837198E+00  0.536177159020684E-17
  0.00000000  0.00000000  0.01750000    0.1683D-03  0.249346624229797E+01 -0.333361387136922E-16    0.401048140550883E+00  0.536177158426310E-17
  0.00000000  0.00000000  0.01750000    0.1937D-03  0.249346625186277E+01 -0.333361389252536E-16    0.401048139012485E+00  0.536177157715564E-17
  0.00000000  0.00000000  0.01750000    0.2199D-03  0.249346626312447E+01 -0.333361391743416E-16    0.401048137201158E+00  0.536177156878618E-17
  0.00000000  0.00000000  0.01750000    0.2469D-03  0.249346627622163E+01 -0.333361394640273E-16    0.401048135094615E+00  0.536177155905269E-17
  0.00000000  0.00000000  0.01750000    0.2748D-03  0.249346629130246E+01 -0.333361397975910E-16    0.401048132669021E+00  0.536177154784548E-17
  0.00000000  0.00000000  0.01750000    0.3034D-03  0.249346630852536E+01 -0.333361401785309E-16    0.401048129898896E+00  0.536177153504589E-17
  0.00000000  0.00000000  0.01750000    0.3330D-03  0.249346632805965E+01 -0.333361406105962E-16    0.401048126757009E+00  0.536177152052885E-17
  0.00000000  0.00000000  0.01750000    0.3634D-03  0.249346635008619E+01 -0.333361410977862E-16    0.401048123214269E+00  0.536177150415970E-17
  0.00000000  0.00000000  0.01750000    0.3948D-03  0.249346637479821E+01 -0.333361416443744E-16    0.401048119239597E+00  0.536177148579479E-17
  0.00000000  0.00000000  0.01750000    0.4271D-03  0.249346640240210E+01 -0.333361422549233E-16    0.401048114799800E+00  0.536177146528039E-17
  0.00000000  0.00000000  0.01750000    0.4604D-03  0.249346643311817E+01 -0.333361429343094E-16    0.401048109859439E+00  0.536177144245328E-17
  0.00000000  0.00000000  0.01750000    0.4948D-03  0.249346646718170E+01 -0.333361436877381E-16    0.401048104380675E+00  0.536177141713890E-17
  0.00000000  0.00000000  0.01750000    0.5301D-03  0.249346650484378E+01 -0.333361445207592E-16    0.401048098323122E+00  0.536177138915001E-17
  0.00000000  0.00000000  0.01750000    0.5666D-03  0.249346654637238E+01 -0.333361454392985E-16    0.401048091643681E+00  0.536177135828725E-17
  0.00000000  0.00000000  0.01750000    0.6041D-03  0.249346659205339E+01 -0.333361464496854E-16    0.401048084296366E+00  0.536177132433911E-17
  0.00000000  0.00000000  0.01750000    0.6428D-03  0.249346664219188E+01 -0.333361475586640E-16    0.401048076232113E+00  0.536177128707835E-17
  0.00000000  0.00000000  0.01750000    0.6827D-03  0.249346669711317E+01 -0.333361487734262E-16    0.401048067398597E+00  0.536177124626258E-17
  0.00000000  0.00000000  0.01750000    0.7238D-03  0.249346675716428E+01 -0.333361501016543E-16    0.401048057740004E+00  0.536177120163503E-17
  0.00000000  0.00000000  0.01750000    0.7662D-03  0.249346682271519E+01 -0.333361515515289E-16    0.401048047196826E+00  0.536177115292028E-17
  0.00000000  0.00000000  0.01750000    0.8098D-03  0.249346689416044E+01 -0.333361531317744E-16    0.401048035705605E+00  0.536177109982481E-17
  0.00000000  0.00000000  0.01750000    0.8548D-03  0.249346697192053E+01 -0.333361548516937E-16    0.401048023198709E+00  0.536177104203646E-17
  0.00000000  0.00000000  0.01750000    0.9011D-03  0.249346705644375E+01 -0.333361567212046E-16    0.401048009604036E+00  0.536177097922243E-17
  0.00000000  0.00000000  0.01750000    0.9488D-03  0.249346714820784E+01 -0.333361587508666E-16    0.401047994844746E+00  0.536177091102657E-17
  0.00000000  0.00000000  0.01750000    0.9980D-03  0.249346724772188E+01 -0.333361609519464E-16    0.401047978838958E+00  0.536177083707157E-17
  0.00000000  0.00000000  0.01750000    0.1049D-02  0.249346735552832E+01 -0.333361633364395E-16    0.401047961499427E+00  0.536177075695392E-17
  0.00000000  0.00000000  0.01750000    0.1101D-02  0.249346747220509E+01 -0.333361659171298E-16    0.401047942733198E+00  0.536177067024431E-17
  0.00000000  0.00000000  0.01750000    0.1155D-02  0.249346759836779E+01 -0.333361687076310E-16    0.401047922441260E+00  0.536177057648483E-17
  0.00000000  0.00000000  0.01750000    0.1210D-02  0.249346773467220E+01 -0.333361717224487E-16    0.401047900518136E+00  0.536177047518833E-17
  0.00000000  0.00000000  0.01750000    0.1267D-02  0.249346788181670E+01 -0.333361749770327E-16    0.401047876851502E+00  0.536177036583620E-17
  0.00000000  0.00000000  0.01750000    0.1326D-02  0.249346804054508E+01 -0.333361784878287E-16    0.401047851321727E+00  0.536177024787481E-17
  0.00000000  0.00000000  0.01750000    0.1387D-02  0.249346821164928E+01 -0.333361822723589E-16    0.401047823801436E+00  0.536177012071651E-17
  0.00000000  0.00000000  0.01750000    0.1450D-02  0.249346839597262E+01 -0.333361863492722E-16    0.401047794154990E+00  0.536176998373398E-17
  0.00000000  0.00000000  0.01750000    0.1514D-02  0.249346859441287E+01 -0.333361907384275E-16    0.401047762237995E+00  0.536176983626032E-17
  0.00000000  0.00000000  0.01750000    0.1580D-02  0.249346880792578E+01 -0.333361954609630E-16    0.401047727896729E+00  0.536176967758498E-17
  0.00000000  0.00000000  0.01750000    0.1649D-02  0.249346903752875E+01 -0.333362005393825E-16    0.401047690967556E+00  0.536176950695205E-17
  0.00000000  0.00000000  0.01750000    0.1719D-02  0.249346928430466E+01 -0.333362059976361E-16    0.401047651276307E+00  0.536176932355649E-17
  0.00000000  0.00000000  0.01750000    0.1792D-02  0.249346954940604E+01 -0.333362118612180E-16    0.401047608637613E+00  0.536176912654216E-17
  0.00000000  0.00000000  0.01750000    0.1867D-02  0.249346983405947E+01 -0.333362181572565E-16    0.401047562854193E+00  0.536176891499725E-17
  0.00000000  0.00000000  0.01750000    0.1944D-02  0.249347013957019E+01 -0.333362249146219E-16    0.401047513716115E+00  0.536176868795182E-17
  0.00000000  0.00000000  0.01750000    0.2024D-02  0.249347046732712E+01 -0.333362321640323E-16    0.401047460999990E+00  0.536176844437334E-17
  0.00000000  0.00000000  0.01750000    0.2106D-02  0.249347081880807E+01 -0.333362399381753E-16    0.401047404468130E+00  0.536176818316360E-17
  0.00000000  0.00000000  0.01750000    0.2190D-02  0.249347119558534E+01 -0.333362482718280E-16    0.401047343867652E+00  0.536176790315429E-17
  0.00000000  0.00000000  0.01750000    0.2277D-02  0.249347159933168E+01 -0.333362572019892E-16    0.401047278929517E+00  0.536176760310230E-17
  0.00000000  0.00000000  0.01750000    0.2367D-02  0.249347203182659E+01 -0.333362667680158E-16    0.401047209367515E+00  0.536176728168473E-17
  0.00000000  0.00000000  0.01750000    0.2459D-02  0.249347249496300E+01 -0.333362770117762E-16    0.401047134877193E+00  0.536176693749479E-17
  0.00000000  0.00000000  0.01750000    0.2554D-02  0.249347299075443E+01 -0.333362879778056E-16    0.401047055134709E+00  0.536176656903610E-17
  0.00000000  0.00000000  0.01750000    0.2652D-02  0.249347352134250E+01 -0.333362997134749E-16    0.401046969795610E+00  0.536176617471725E-17
  0.00000000  0.00000000  0.01750000    0.2753D-02  0.249347408900504E+01 -0.333363122691621E-16    0.401046878493542E+00  0.536176575284494E-17
  0.00000000  0.00000000  0.01750000    0.2858D-02  0.249347469616453E+01 -0.333363256984484E-16    0.401046780838884E+00  0.536176530161872E-17
  0.00000000  0.00000000  0.01750000    0.2965D-02  0.249347534539727E+01 -0.333363400583143E-16    0.401046676417279E+00  0.536176481912361E-17
  0.00000000  0.00000000  0.01750000    0.3075D-02  0.249347603944289E+01 -0.333363554093631E-16    0.401046564788097E+00  0.536176430332463E-17
  0.00000000  0.00000000  0.01750000    0.3189D-02  0.249347678121471E+01 -0.333363718160197E-16    0.401046445482779E+00  0.536176375205466E-17
  0.00000000  0.00000000  0.01750000    0.3307D-02  0.249347757381051E+01 -0.333363893468091E-16    0.401046318003096E+00  0.536176316301268E-17
  0.00000000  0.00000000  0.01750000    0.3428D-02  0.249347842052412E+01 -0.333364080745792E-16    0.401046181819293E+00  0.536176253374978E-17
  0.00000000  0.00000000  0.01750000    0.3553D-02  0.249347932485764E+01 -0.333364280767908E-16    0.401046036368115E+00  0.536176186166331E-17
  0.00000000  0.00000000  0.01750000    0.3681D-02  0.249348029053451E+01 -0.333364494357978E-16    0.401045881050713E+00  0.536176114398570E-17
  0.00000000  0.00000000  0.01750000    0.3813D-02  0.249348132151333E+01 -0.333364722391561E-16    0.401045715230417E+00  0.536176037777462E-17
  0.00000000  0.00000000  0.01750000    0.3950D-02  0.249348242200251E+01 -0.333364965799456E-16    0.401045538230385E+00  0.536175955990205E-17
  0.00000000  0.00000000  0.01750000    0.4090D-02  0.249348359647598E+01 -0.333365225571197E-16    0.401045349331069E+00  0.536175868704253E-17
  0.00000000  0.00000000  0.01750000    0.4235D-02  0.249348484968960E+01 -0.333365502758676E-16    0.401045147767586E+00  0.536175775566119E-17
  0.00000000  0.00000000  0.01750000    0.4385D-02  0.249348618669896E+01 -0.333365798480068E-16    0.401044932726844E+00  0.536175676200010E-17
  0.00000000  0.00000000  0.01750000    0.4538D-02  0.249348761287793E+01 -0.333366113923910E-16    0.401044703344574E+00  0.536175570206425E-17
  0.00000000  0.00000000  0.01750000    0.4697D-02  0.249348913393863E+01 -0.333366450353600E-16    0.401044458702106E+00  0.536175457160796E-17
  0.00000000  0.00000000  0.01750000    0.4860D-02  0.249349075595244E+01 -0.333366809112019E-16    0.401044197822995E+00  0.536175336611882E-17
  0.00000000  0.00000000  0.01750000    0.5029D-02  0.249349248537250E+01 -0.333367191626377E-16    0.401043919669408E+00  0.536175208079892E-17
  0.00000000  0.00000000  0.01750000    0.5202D-02  0.249349432905741E+01 -0.333367599413606E-16    0.401043623138304E+00  0.536175071054966E-17
  0.00000000  0.00000000  0.01750000    0.5381D-02  0.249349629429661E+01 -0.333368034086013E-16    0.401043307057366E+00  0.536174924995352E-17
  0.00000000  0.00000000  0.01750000    0.5565D-02  0.249349838883721E+01 -0.333368497356955E-16    0.401042970180675E+00  0.536174769324987E-17
  0.00000000  0.00000000  0.01750000    0.5755D-02  0.249350062091242E+01 -0.333368991047428E-16    0.401042611184143E+00  0.536174603431869E-17
  0.00000000  0.00000000  0.01750000    0.5950D-02  0.249350299927199E+01 -0.333369517092596E-16    0.401042228660628E+00  0.536174426665481E-17
  0.00000000  0.00000000  0.01750000    0.6152D-02  0.249350553321427E+01 -0.333370077549005E-16    0.401041821114768E+00  0.536174238334589E-17
  0.00000000  0.00000000  0.01750000    0.6360D-02  0.249350823262042E+01 -0.333370674602031E-16    0.401041386957485E+00  0.536174037704504E-17
  0.00000000  0.00000000  0.01750000    0.6574D-02  0.249351110799072E+01 -0.333371310574024E-16    0.401040924500153E+00  0.536173823994577E-17
  0.00000000  0.00000000  0.01750000    0.6794D-02  0.249351417048313E+01 -0.333371987932748E-16    0.401040431948395E+00  0.536173596375192E-17
  0.00000000  0.00000000  0.01750000    0.7021D-02  0.249351743195418E+01 -0.333372709300460E-16    0.401039907395512E+00  0.536173353964763E-17
  0.00000000  0.00000000  0.01750000    0.7255D-02  0.249352090500251E+01 -0.333373477463551E-16    0.401039348815483E+00  0.536173095826525E-17
  0.00000000  0.00000000  0.01750000    0.7497D-02  0.249352460301503E+01 -0.333374295382705E-16    0.401038754055548E+00  0.536172820965024E-17
  0.00000000  0.00000000  0.01750000    0.7745D-02  0.249352854021601E+01 -0.333375166203820E-16    0.401038120828316E+00  0.536172528322559E-17
  0.00000000  0.00000000  0.01750000    0.8001D-02  0.249353273171915E+01 -0.333376093269423E-16    0.401037446703399E+00  0.536172216775143E-17
  0.00000000  0.00000000  0.01750000    0.8265D-02  0.249353719358297E+01 -0.333377080131058E-16    0.401036729098512E+00  0.536171885128624E-17
  0.00000000  0.00000000  0.01750000    0.8537D-02  0.249354194286955E+01 -0.333378130562108E-16    0.401035965270031E+00  0.536171532114020E-17
  0.00000000  0.00000000  0.01750000    0.8818D-02  0.249354699770699E+01 -0.333379248571718E-16    0.401035152302956E+00  0.536171156383051E-17
  0.00000000  0.00000000  0.01750000    0.9107D-02  0.249355237735567E+01 -0.333380438419438E-16    0.401034287100264E+00  0.536170756503194E-17
  0.00000000  0.00000000  0.01750000    0.9404D-02  0.249355810227879E+01 -0.333381704630767E-16    0.401033366371584E+00  0.536170330952351E-17
  0.00000000  0.00000000  0.01750000    0.9711D-02  0.249356419421707E+01 -0.333383052013671E-16    0.401032386621184E+00  0.536169878113265E-17
  0.00000000  0.00000000  0.01750000    0.1003D-01  0.249357067626828E+01 -0.333384485676221E-16    0.401031344135204E+00  0.536169396267694E-17
  0.00000000  0.00000000  0.01750000    0.1035D-01  0.249357757297164E+01 -0.333386011045158E-16    0.401030234968100E+00  0.536168883589963E-17
  0.00000000  0.00000000  0.01750000    0.1069D-01  0.249358491039740E+01 -0.333387633885801E-16    0.401029054928244E+00  0.536168338140445E-17
  0.00000000  0.00000000  0.01750000    0.1103D-01  0.249359271624210E+01 -0.333389360323001E-16    0.401027799562641E+00  0.536167757858292E-17
  0.00000000  0.00000000  0.01750000    0.1139D-01  0.249360101992979E+01 -0.333391196863587E-16    0.401026464140664E+00  0.536167140553995E-17
  0.00000000  0.00000000  0.01750000    0.1176D-01  0.249360985271931E+01 -0.333393150420048E-16    0.401025043636834E+00  0.536166483901324E-17
  0.00000000  0.00000000  0.01750000    0.1214D-01  0.249361924781849E+01 -0.333395228335704E-16    0.401023532712476E+00  0.536165785428676E-17
  0.00000000  0.00000000  0.01750000    0.1253D-01  0.249362924050541E+01 -0.333397438411638E-16    0.401021925696268E+00  0.536165042510248E-17
  0.00000000  0.00000000  0.01750000    0.1293D-01  0.249363986825704E+01 -0.333399788935018E-16    0.401020216563574E+00  0.536164252356224E-17
  0.00000000  0.00000000  0.01750000    0.1334D-01  0.249365117088607E+01 -0.333402288709370E-16    0.401018398914500E+00  0.536163412002623E-17
  0.00000000  0.00000000  0.01750000    0.1377D-01  0.249366319068628E+01 -0.333404947086639E-16    0.401016465950557E+00  0.536162518300319E-17
  0.00000000  0.00000000  0.01750000    0.1421D-01  0.249367597258668E+01 -0.333407774001375E-16    0.401014410449928E+00  0.536161567903693E-17
  0.00000000  0.00000000  0.01750000    0.1466D-01  0.249368956431569E+01 -0.333410780006853E-16    0.401012224741140E+00  0.536160557258125E-17
  0.00000000  0.00000000  0.01750000    0.1513D-01  0.249370401657512E+01 -0.333413976313579E-16    0.401009900675146E+00  0.536159482587039E-17
  0.00000000  0.00000000  0.01750000    0.1561D-01  0.249371938322528E+01 -0.333417374830156E-16    0.401007429595642E+00  0.536158339878006E-17
  0.00000000  0.00000000  0.01750000    0.1610D-01  0.249373572148156E+01 -0.333420988206716E-16    0.401004802307555E+00  0.536157124868024E-17
  0.00000000  0.00000000  0.01750000    0.1662D-01  0.249375309212320E+01 -0.333424829881027E-16    0.401002009043562E+00  0.536155833027813E-17
  0.00000000  0.00000000  0.01750000    0.1714D-01  0.249377155971521E+01 -0.333428914127441E-16    0.400999039428536E+00  0.536154459545097E-17
  0.00000000  0.00000000  0.01750000    0.1768D-01  0.249379119284403E+01 -0.333433256108970E-16    0.400995882441768E+00  0.536152999306911E-17
  0.00000000  0.00000000  0.01750000    0.1824D-01  0.249381206436798E+01 -0.333437871932620E-16    0.400992526376857E+00  0.536151446880861E-17
  0.00000000  0.00000000  0.01750000    0.1882D-01  0.249383425168342E+01 -0.333442778708012E-16    0.400988958799073E+00  0.536149796494850E-17
  0.00000000  0.00000000  0.01750000    0.1941D-01  0.249385783700739E+01 -0.333447994609922E-16    0.400985166500105E+00  0.536148042016036E-17
  0.00000000  0.00000000  0.01750000    0.2002D-01  0.249388290767809E+01 -0.333453538944402E-16    0.400981135449957E+00  0.536146176927856E-17
  0.00000000  0.00000000  0.01750000    0.2065D-01  0.249390955647409E+01 -0.333459432219451E-16    0.400976850745866E+00  0.536144194306307E-17
  0.00000000  0.00000000  0.01750000    0.2130D-01  0.249393788195364E+01 -0.333465696219611E-16    0.400972296558023E+00  0.536142086793896E-17
  0.00000000  0.00000000  0.01750000    0.2197D-01  0.249396798881507E+01 -0.333472354085662E-16    0.400967456071927E+00  0.536139846572663E-17
  0.00000000  0.00000000  0.01750000    0.2266D-01  0.249399998828004E+01 -0.333479430399041E-16    0.400962311427130E+00  0.536137465335017E-17
  0.00000000  0.00000000  0.01750000    0.2337D-01  0.249403399850066E+01 -0.333486951271662E-16    0.400956843652159E+00  0.536134934252908E-17
  0.00000000  0.00000000  0.01750000    0.2410D-01  0.249407014499233E+01 -0.333494944441315E-16    0.400951032595387E+00  0.536132243944959E-17
  0.00000000  0.00000000  0.01750000    0.2486D-01  0.249410856109373E+01 -0.333503439372969E-16    0.400944856851569E+00  0.536129384441320E-17
  0.00000000  0.00000000  0.01750000    0.2564D-01  0.249414938845583E+01 -0.333512467366690E-16    0.400938293683811E+00  0.536126345146735E-17
  0.00000000  0.00000000  0.01750000    0.2644D-01  0.249419277756169E+01 -0.333522061672143E-16    0.400931318940629E+00  0.536123114800826E-17
  0.00000000  0.00000000  0.01750000    0.2726D-01  0.249423888827911E+01 -0.333532257610105E-16    0.400923906967848E+00  0.536119681435608E-17
  0.00000000  0.00000000  0.01750000    0.2811D-01  0.249428789044817E+01 -0.333543092702071E-16    0.400916030514955E+00  0.536116032330852E-17
  0.00000000  0.00000000  0.01750000    0.2899D-01  0.249433996450588E+01 -0.333554606807690E-16    0.400907660635624E+00  0.536112153966136E-17
  0.00000000  0.00000000  0.01750000    0.2989D-01  0.249439530215058E+01 -0.333566842270941E-16    0.400898766581958E+00  0.536108031969770E-17
  0.00000000  0.00000000  0.01750000    0.3082D-01  0.249445410704824E+01 -0.333579844075568E-16    0.400889315692132E+00  0.536103651064510E-17
  0.00000000  0.00000000  0.01750000    0.3178D-01  0.249451659558383E+01 -0.333593660010317E-16    0.400879273270961E+00  0.536098995009639E-17
  0.00000000  0.00000000  0.01750000    0.3277D-01  0.249458299766040E+01 -0.333608340844623E-16    0.400868602462965E+00  0.536094046539229E-17
  0.00000000  0.00000000  0.01750000    0.3379D-01  0.249465355754915E+01 -0.333623940515455E-16    0.400857264117444E+00  0.536088787296356E-17
  0.00000000  0.00000000  0.01750000    0.3484D-01  0.249472853479367E+01 -0.333640516325843E-16    0.400845216645067E+00  0.536083197762699E-17
  0.00000000  0.00000000  0.01750000    0.3592D-01  0.249480820517217E+01 -0.333658129156395E-16    0.400832415865407E+00  0.536077257184026E-17
  0.00000000  0.00000000  0.01750000    0.3703D-01  0.249489286172125E+01 -0.333676843689851E-16    0.400818814844855E+00  0.536070943490003E-17
  0.00000000  0.00000000  0.01750000    0.3818D-01  0.249498281582550E+01 -0.333696728650145E-16    0.400804363724300E+00  0.536064233208955E-17
  0.00000000  0.00000000  0.01750000    0.3936D-01  0.249507839837724E+01 -0.333717857056845E-16    0.400789009535887E+00  0.536057101377018E-17
  0.00000000  0.00000000  0.01750000    0.4058D-01  0.249517996101103E+01 -0.333740306495522E-16    0.400772696008190E+00  0.536049521440586E-17
  0.00000000  0.00000000  0.01750000    0.4184D-01  0.249528787741811E+01 -0.333764159405924E-16    0.400755363359000E+00  0.536041465152840E-17
  0.00000000  0.00000000  0.01750000    0.4313D-01  0.249540254474605E+01 -0.333789503388135E-16    0.400736948074952E+00  0.536032902462348E-17
  0.00000000  0.00000000  0.01750000    0.4447D-01  0.249552438508941E+01 -0.333816431528951E-16    0.400717382677137E+00  0.536023801394794E-17
  0.00000000  0.00000000  0.01750000    0.4584D-01  0.249565384707770E+01 -0.333845042748857E-16    0.400696595471746E+00  0.536014127925736E-17
  0.00000000  0.00000000  0.01750000    0.4726D-01  0.249579140756714E+01 -0.333875442171804E-16    0.400674510284810E+00  0.536003845845093E-17
  0.00000000  0.00000000  0.01750000    0.4872D-01  0.249593757344358E+01 -0.333907741518706E-16    0.400651046179943E+00  0.535992916611604E-17
  0.00000000  0.00000000  0.01750000    0.5022D-01  0.249609288354414E+01 -0.333942059526812E-16    0.400626117157998E+00  0.535981299197537E-17
  0.00000000  0.00000000  0.01750000    0.5177D-01  0.249625791070589E+01 -0.333978522396099E-16    0.400599631837409E+00  0.535968949921709E-17
  0.00000000  0.00000000  0.01750000    0.5337D-01  0.249643326395052E+01 -0.334017264265104E-16    0.400571493113953E+00  0.535955822270931E-17
  0.00000000  0.00000000  0.01750000    0.5501D-01  0.249661959081462E+01 -0.334058427717974E-16    0.400541597798530E+00  0.535941866708508E-17
  0.00000000  0.00000000  0.01750000    0.5671D-01  0.249681757983593E+01 -0.334102164324839E-16    0.400509836231493E+00  0.535927030468609E-17
  0.00000000  0.00000000  0.01750000    0.5846D-01  0.249702796320671E+01 -0.334148635217963E-16    0.400476091871950E+00  0.535911257335639E-17
  0.00000000  0.00000000  0.01750000    0.6026D-01  0.249725151960642E+01 -0.334198011706175E-16    0.400440240860322E+00  0.535894487407312E-17
  0.00000000  0.00000000  0.01750000    0.6211D-01  0.249748907722668E+01 -0.334250475930166E-16    0.400402151552328E+00  0.535876656839853E-17
  0.00000000  0.00000000  0.01750000    0.6403D-01  0.249774151700275E+01 -0.334306221561735E-16    0.400361684022446E+00  0.535857697574115E-17
  0.00000000  0.00000000  0.01750000    0.6600D-01  0.249800977606677E+01 -0.334365454550001E-16    0.400318689534732E+00  0.535837537040782E-17
  0.00000000  0.00000000  0.01750000    0.6803D-01  0.249829485143948E+01 -0.334428393918157E-16    0.400273009978713E+00  0.535816097843046E-17
  0.00000000  0.00000000  0.01750000    0.7012D-01  0.249859780397829E+01 -0.334495272614212E-16    0.400224477267927E+00  0.535793297414500E-17
  0.00000000  0.00000000  0.01750000    0.7227D-01  0.249891976260147E+01 -0.334566338419792E-16    0.400172912698470E+00  0.535769047650139E-17
  0.00000000  0.00000000  0.01750000    0.7450D-01  0.249926192880967E+01 -0.334641854921608E-16    0.400118126264690E+00  0.535743254508522E-17
  0.00000000  0.00000000  0.01750000    0.7678D-01  0.249962558152795E+01 -0.334722102549663E-16    0.400059915928979E+00  0.535715817581506E-17
  0.00000000  0.00000000  0.01750000    0.7914D-01  0.250001208229368E+01 -0.334807379687944E-16    0.399998066842354E+00  0.535686629629653E-17
  0.00000000  0.00000000  0.01750000    0.8157D-01  0.250042288081788E+01 -0.334898003862681E-16    0.399932350512208E+00  0.535655576079349E-17
  0.00000000  0.00000000  0.01750000    0.8408D-01  0.250085952095013E+01 -0.334994313014315E-16    0.399862523913410E+00  0.535622534478272E-17
  0.00000000  0.00000000  0.01750000    0.8666D-01  0.250132364708017E+01 -0.335096666859783E-16    0.399788328538498E+00  0.535587373905319E-17
  0.00000000  0.00000000  0.01750000    0.8932D-01  0.250181701101221E+01 -0.335205448352085E-16    0.399709489382443E+00  0.535549954330255E-17
  0.00000000  0.00000000  0.01750000    0.9206D-01  0.250234147935176E+01 -0.335321065245296E-16    0.399625713857028E+00  0.535510125918804E-17
  0.00000000  0.00000000  0.01750000    0.9488D-01  0.250289904144848E+01 -0.335443951773033E-16    0.399536690629471E+00  0.535467728276841E-17
  0.00000000  0.00000000  0.01750000    0.9779D-01  0.250349181794306E+01 -0.335574570450202E-16    0.399442088379433E+00  0.535422589628405E-17
  0.00000000  0.00000000  0.01750000    0.1008D+00  0.250412206997114E+01 -0.335713414007881E-16    0.399341554468040E+00  0.535374525920078E-17
  0.00000000  0.00000000  0.01750000    0.1039D+00  0.250479220908221E+01 -0.335861007472859E-16    0.399234713511990E+00  0.535323339844653E-17
  0.00000000  0.00000000  0.01750000    0.1071D+00  0.250550480793852E+01 -0.336017910404099E-16    0.399121165855109E+00  0.535268819775390E-17
  0.00000000  0.00000000  0.01750000    0.1103D+00  0.250626261186502E+01 -0.336184719299589E-16    0.399000485929068E+00  0.535210738601113E-17
  0.00000000  0.00000000  0.01750000    0.1137D+00  0.250706855132967E+01 -0.336362070188859E-16    0.398872220494183E+00  0.535148852451972E-17
  0.00000000  0.00000000  0.01750000    0.1172D+00  0.250792575544219E+01 -0.336550641427544E-16    0.398735886750238E+00  0.535082899303422E-17
  0.00000000  0.00000000  0.01750000    0.1208D+00  0.250883756656890E+01 -0.336751156712524E-16    0.398590970306461E+00  0.535012597445422E-17
  0.00000000  0.00000000  0.01750000    0.1245D+00  0.250980755617346E+01 -0.336964388337973E-16    0.398436922998444E+00  0.534937643801386E-17
  0.00000000  0.00000000  0.01750000    0.1283D+00  0.251083954200470E+01 -0.337191160714643E-16    0.398273160538798E+00  0.534857712079617E-17
  0.00000000  0.00000000  0.01750000    0.1322D+00  0.251193760676874E+01 -0.337432354178236E-16    0.398099059986749E+00  0.534772450738816E-17
  0.00000000  0.00000000  0.01750000    0.1363D+00  0.251310611843834E+01 -0.337688909114217E-16    0.397913957020409E+00  0.534681480744802E-17
  0.00000000  0.00000000  0.01750000    0.1405D+00  0.251434975237136E+01 -0.337961830430915E-16    0.397717142993678E+00  0.534584393094588E-17
  0.00000000  0.00000000  0.01750000    0.1448D+00  0.251567351543257E+01 -0.338252192415993E-16    0.397507861757669E+00  0.534480746079664E-17
  0.00000000  0.00000000  0.01750000    0.1492D+00  0.251708277233712E+01 -0.338561144015430E-16    0.397285306224354E+00  0.534370062256431E-17
  0.00000000  0.00000000  0.01750000    0.1537D+00  0.251858327446356E+01 -0.338889914579806E-16    0.397048614647453E+00  0.534251825088314E-17
  0.00000000  0.00000000  0.01750000    0.1585D+00  0.252018119141660E+01 -0.339239820127513E-16    0.396796866592714E+00  0.534125475217949E-17
  0.00000000  0.00000000  0.01750000    0.1633D+00  0.252188314565877E+01 -0.339612270181857E-16    0.396529078566318E+00  0.533990406323326E-17
  0.00000000  0.00000000  0.01750000    0.1683D+00  0.252369625057413E+01 -0.340008775245392E-16    0.396244199266257E+00  0.533845960503216E-17
  0.00000000  0.00000000  0.01750000    0.1734D+00  0.252562815237920E+01 -0.340430954985089E-16    0.395941104417124E+00  0.533691423132089E-17
  0.00000000  0.00000000  0.01750000    0.1787D+00  0.252768707635639E+01 -0.340880547210494E-16    0.395618591143600E+00  0.533526017113128E-17
  0.00000000  0.00000000  0.01750000    0.1842D+00  0.252988187795604E+01 -0.341359417740098E-16    0.395275371831956E+00  0.533348896449551E-17
  0.00000000  0.00000000  0.01750000    0.1898D+00  0.253222209939591E+01 -0.341869571263918E-16    0.394910067422033E+00  0.533159139040700E-17
  0.00000000  0.00000000  0.01750000    0.1956D+00  0.253471803248491E+01 -0.342413163327676E-16    0.394521200064076E+00  0.532955738596837E-17
  0.00000000  0.00000000  0.01750000    0.2016D+00  0.253738078851326E+01 -0.342992513581680E-16    0.394107185065406E+00  0.532737595547841E-17
  0.00000000  0.00000000  0.01750000    0.2078D+00  0.254022237618835E+01 -0.343610120461680E-16    0.393666322040876E+00  0.532503506803777E-17
  0.00000000  0.00000000  0.01750000    0.2141D+00  0.254325578875931E+01 -0.344268677494745E-16    0.393196785167973E+00  0.532252154200342E-17
  0.00000000  0.00000000  0.01750000    0.2207D+00  0.254649510166847E+01 -0.344971091455791E-16    0.392696612432043E+00  0.531982091435849E-17
  0.00000000  0.00000000  0.01750000    0.2274D+00  0.254995558230268E+01 -0.345720502639281E-16    0.392163693728724E+00  0.531691729274515E-17
  0.00000000  0.00000000  0.01750000    0.2343D+00  0.255365381370164E+01 -0.346520307556783E-16    0.391595757668678E+00  0.531379318751841E-17
  0.00000000  0.00000000  0.01750000    0.2415D+00  0.255760783442341E+01 -0.347374184427664E-16    0.390990356903345E+00  0.531042932072501E-17
  0.00000000  0.00000000  0.01750000    0.2489D+00  0.256183729718720E+01 -0.348286121899055E-16    0.390344851758526E+00  0.530680440836382E-17
  0.00000000  0.00000000  0.01750000    0.2565D+00  0.256636364942660E+01 -0.349260451515958E-16    0.389656391923813E+00  0.530289491163096E-17
  0.00000000  0.00000000  0.01750000    0.2643D+00  0.257121033952080E+01 -0.350301884566544E-16    0.388921895898400E+00  0.529867475205447E-17
  0.00000000  0.00000000  0.01750000    0.2724D+00  0.257640305325540E+01 -0.351415554057095E-16    0.388138027835534E+00  0.529411498445896E-17
  0.00000000  0.00000000  0.01750000    0.2807D+00  0.258196998604624E+01 -0.352607062735028E-16    0.387301171355325E+00  0.528918342054621E-17
  0.00000000  0.00000000  0.01750000    0.2893D+00  0.258794215769159E+01 -0.353882538281696E-16    0.386407399805252E+00  0.528384419441143E-17
  0.00000000  0.00000000  0.01750000    0.2981D+00  0.259435377797881E+01 -0.355248697060129E-16    0.385452442333856E+00  0.527805725957800E-17
  0.00000000  0.00000000  0.01750000    0.3072D+00  0.260124267346485E+01 -0.356712918137075E-16    0.384431644998350E+00  0.527177780491114E-17
  0.00000000  0.00000000  0.01750000    0.3166D+00  0.260865078831504E+01 -0.358283329735302E-16    0.383339925941530E+00  0.526495557404707E-17
  0.00000000  0.00000000  0.01750000    0.3262D+00  0.261662477541967E+01 -0.359968910842303E-16    0.382171723433144E+00  0.525753406951098E-17
  0.00000000  0.00000000  0.01750000    0.3362D+00  0.262521669838501E+01 -0.361779611457753E-16    0.380920935256576E+00  0.524944961831251E-17
  0.00000000  0.00000000  0.01750000    0.3464D+00  0.263448487080456E+01 -0.363726495975627E-16    0.379580847505344E+00  0.524063027017549E-17
  0.00000000  0.00000000  0.01750000    0.3570D+00  0.264449486701861E+01 -0.365821915572979E-16    0.378144050295471E+00  0.523099449225140E-17
  0.00000000  0.00000000  0.01750000    0.3679D+00  0.265532074918420E+01 -0.368079717371334E-16    0.376602337140336E+00  0.522044961455550E-17
  0.00000000  0.00000000  0.01750000    0.3791D+00  0.266704657012626E+01 -0.370515500781464E-16    0.374946583685886E+00  0.520888996753057E-17
  0.00000000  0.00000000  0.01750000    0.3907D+00  0.267976823197451E+01 -0.373146935196639E-16    0.373166600032115E+00  0.519619463572542E-17
  0.00000000  0.00000000  0.01750000    0.4026D+00  0.269359580988002E+01 -0.375994158618991E-16    0.371250948762259E+00  0.518222472742060E-17
  0.00000000  0.00000000  0.01750000    0.4149D+00  0.270865649269435E+01 -0.379080284776417E-16    0.369186717731521E+00  0.516682002575098E-17
  0.00000000  0.00000000  0.01750000    0.4276D+00  0.272509835577307E+01 -0.382432058261677E-16    0.366959232088457E+00  0.514979483688770E-17
  0.00000000  0.00000000  0.01750000    0.4406D+00  0.274309527739143E+01 -0.386080715610697E-16    0.364551682999125E+00  0.513093277544592E-17
  0.00000000  0.00000000  0.01750000    0.4540D+00  0.276285346097166E+01 -0.390063139183659E-16    0.361944639527973E+00  0.510998010930799E-17
  0.00000000  0.00000000  0.01750000    0.4679D+00  0.278462026862980E+01 -0.394423437549267E-16    0.359115392236968E+00  0.508663709298703E-17
  0.00000000  0.00000000  0.01750000    0.4822D+00  0.280869647877955E+01 -0.399215164226966E-16    0.356037046920258E+00  0.506054638623381E-17
  0.00000000  0.00000000  0.01750000    0.4969D+00  0.283545379136950E+01 -0.404504521652609E-16    0.352677233903010E+00  0.503127704750212E-17
  0.00000000  0.00000000  0.01750000    0.5120D+00  0.286536070823362E+01 -0.410375139862716E-16    0.348996200417803E+00  0.499830140569986E-17
  0.00000000  0.00000000  0.01750000    0.5276D+00  0.289902245447945E+01 -0.416935475749468E-16    0.344943861491946E+00  0.496095960815272E-17
  0.00000000  0.00000000  0.01750000    0.5437D+00  0.293724592284137E+01 -0.424330784060612E-16    0.340454979347675E+00  0.491840084619774E-17
  0.00000000  0.00000000  0.01750000    0.5603D+00  0.298115282999060E+01 -0.432763524588776E-16    0.335440702650308E+00  0.486947530194018E-17
  0.00000000  0.00000000  0.01750000    0.5774D+00  0.303239591851992E+01 -0.442530434017008E-16    0.329772241775107E+00  0.481250658557569E-17
  0.00000000  0.00000000  0.01750000    0.5950D+00  0.309363034136142E+01 -0.454095410888127E-16    0.323244825546910E+00  0.474471658464499E-17
  0.00000000  0.00000000  0.01750000    0.6131D+00  0.316978604317235E+01 -0.468247711417871E-16    0.315478706253370E+00  0.466032029267091E-17
  0.00000000  0.00000000  0.01750000    0.6318D+00  0.327440710795753E+01 -0.486462932209767E-16    0.305398799547491E+00  0.453716323667173E-17
  0.00000000  0.00000000  0.01750000    0.6511D+00  0.345125392202427E+01  0.159377294013706E-01    0.289743582348663E+00 -0.133802232915630E-02
  0.00000000  0.00000000  0.01750000    0.6709D+00  0.358028556682182E+01  0.238331384680230E+00    0.278075106530693E+00 -0.185108209799570E-01
  0.00000000  0.00000000  0.01750000    0.6914D+00  0.359018275807850E+01  0.387290919001842E+00    0.275333295283498E+00 -0.297015756989549E-01
  0.00000000  0.00000000  0.01750000    0.7125D+00  0.359656836648390E+01  0.480132225772105E+00    0.273174429699691E+00 -0.364680533193821E-01
  0.00000000  0.00000000  0.01750000    0.7342D+00  0.360966598411019E+01  0.576208788345353E+00    0.270150101446871E+00 -0.431238965907945E-01
  0.00000000  0.00000000  0.01750000    0.7565D+00  0.363062640813789E+01  0.644929407297003E+00    0.267009222306287E+00 -0.474304101074250E-01
  0.00000000  0.00000000  0.01750000    0.7796D+00  0.366974703058016E+01  0.723733551064302E+00    0.262296526148364E+00 -0.517291232118456E-01
  0.00000000  0.00000000  0.01750000    0.8034D+00  0.371701732988007E+01  0.805490581655044E+00    0.256965701604803E+00 -0.556853611596498E-01
  0.00000000  0.00000000  0.01750000    0.8279D+00  0.379030843729591E+01  0.881182353825768E+00    0.250302341922510E+00 -0.581910444683318E-01
  0.00000000  0.00000000  0.01750000    0.8531D+00  0.389528792696958E+01  0.990108269190035E+00    0.241140808645456E+00 -0.612934173687086E-01
  0.00000000  0.00000000  0.01750000    0.8791D+00  0.404636460092390E+01  0.112006435781942E+01    0.229546969321792E+00 -0.635403390797022E-01
  0.00000000  0.00000000  0.01750000    0.9059D+00  0.428624555097177E+01  0.134183201391822E+01    0.212480545692401E+00 -0.665181672758426E-01
  0.00000000  0.00000000  0.01750000    0.9335D+00  0.455138915161425E+01  0.185793971495147E+01    0.188330098221246E+00 -0.768789390118099E-01
  0.00000000  0.00000000  0.01750000    0.9619D+00  0.412188674743542E+01  0.299498821699581E+01    0.158778962503319E+00 -0.115369768977795E+00
  0.00000000  0.00000000  0.01750000    0.9913D+00  0.336181272359768E+01  0.285162833599866E+01    0.172989980962594E+00 -0.146737243301551E+00
  0.00000000  0.00000000  0.01750000    0.1021D+01  0.310492951481181E+01  0.264846176650623E+01    0.186426974234269E+00 -0.159019620622477E+00
  0.00000000  0.00000000  0.01750000    0.1053D+01  0.308649120618645E+01  0.253008443973530E+01    0.193780677820296E+00 -0.158847521318638E+00
  0.00000000  0.00000000  0.01750000    0.1085D+01  0.347813991545456E+01  0.243307706011677E+01    0.193044230427936E+00 -0.135040998941735E+00
  0.00000000  0.00000000  0.01750000    0.1118D+01  0.378088692219298E+01  0.350080828088926E+01    0.142402186452613E+00 -0.131853388850067E+00
  0.00000000  0.00000000  0.01750000    0.1152D+01  0.249021000582557E+01  0.516336529511679E+01    0.757789811062591E-01 -0.157125126084959E+00
  0.00000000  0.00000000  0.01750000    0.1187D+01  0.948863777988780E+00  0.407544778093188E+01    0.541910067719625E-01 -0.232754820468940E+00
  0.00000000  0.00000000  0.01750000    0.1223D+01  0.599116270096861E+00  0.324357809173645E+01    0.550671539327824E-01 -0.298130134308945E+00
  0.00000000  0.00000000  0.01750000    0.1260D+01  0.623680577426949E+00  0.266865956124328E+01    0.830387057577154E-01 -0.355313351247579E+00
  0.00000000  0.00000000  0.01750000    0.1299D+01  0.577057573232877E+00  0.251066136320604E+01    0.869531958037244E-01 -0.378315854843827E+00
  0.00000000  0.00000000  0.01750000    0.1338D+01  0.597928624501043E+00  0.189189702119514E+01    0.151882160865512E+00 -0.480568074415114E+00
  0.00000000  0.00000000  0.01750000    0.1379D+01  0.130744052792454E+01  0.139224039481858E+01    0.358425397695165E+00 -0.381672670031322E+00
  0.00000000  0.00000000  0.01750000    0.1421D+01  0.162856500894850E+01  0.240634299028979E+01    0.192895989318324E+00 -0.285020192132743E+00
  0.00000000  0.00000000  0.01750000    0.1464D+01  0.145152086723239E+01  0.243388646077920E+01    0.180746130653649E+00 -0.303072157050646E+00
  0.00000000  0.00000000  0.01750000    0.1509D+01  0.123696608614018E+01  0.307902802457691E+01    0.112344238233025E+00 -0.279644738683667E+00
  0.00000000  0.00000000  0.01750000    0.1555D+01  0.308134578534989E+00  0.347555864487830E+01    0.253099283114666E-01 -0.285479612714674E+00
  0.00000000  0.00000000  0.01750000    0.1602D+01 -0.393099528590260E+00  0.258436721179476E+01   -0.575255161187042E-01 -0.378191900234280E+00
  0.00000000  0.00000000  0.01750000    0.1651D+01 -0.275547543743258E+00  0.202356778305066E+01   -0.660666173051334E-01 -0.485180439272473E+00
  0.00000000  0.00000000  0.01750000    0.1701D+01 -0.605914973194318E+00  0.240788202568911E+01   -0.982825859246689E-01 -0.390571090921632E+00
  0.00000000  0.00000000  0.01750000    0.1753D+01 -0.995746114756525E+00  0.134434087613954E+01   -0.355780827346638E+00 -0.480333994841424E+00
  0.00000000  0.00000000  0.01750000    0.1807D+01 -0.655006152885487E+00  0.783321512511402E+00   -0.628227544039898E+00 -0.751296988327207E+00
  0.00000000  0.00000000  0.01750000    0.1862D+01 -0.261039587124793E+00  0.593109123120895E+00   -0.621641089300782E+00 -0.141243328428513E+01
  0.00000000  0.00000000  0.01750000    0.1919D+01 -0.431894939979818E-01  0.661193086008762E+00   -0.983722068889217E-01 -0.150599178247881E+01
  0.00000000  0.00000000  0.01750000    0.1977D+01 -0.457204855279725E-01  0.672551212426789E+00   -0.100613834512643E+00 -0.148003582216961E+01
  0.00000000  0.00000000  0.01750000    0.2037D+01 -0.410211608359834E-02  0.444157159918035E+00   -0.207920623114301E-01 -0.225126328872264E+01
  0.00000000  0.00000000  0.01750000    0.2099D+01  0.125942344426771E+00  0.377192992026503E+00    0.796417783691659E+00 -0.238524388362837E+01
  0.00000000  0.00000000  0.01750000    0.2163D+01  0.230698135251309E+00  0.300214013848723E+00    0.160933380201283E+01 -0.209427163248801E+01
  0.00000000  0.00000000  0.01750000    0.2229D+01  0.332826689262916E+00  0.268193878756684E+00    0.182169591867417E+01 -0.146793424357415E+01
  0.00000000  0.00000000  0.01750000    0.2297D+01  0.413607126109267E+00  0.242949789064668E+00    0.179754583380986E+01 -0.105586522472731E+01
  0.00000000  0.00000000  0.01750000    0.2367D+01  0.487002352598067E+00  0.217961334944898E+00    0.171071037626892E+01 -0.765640484746073E+00
  0.00000000  0.00000000  0.01750000    0.2439D+01  0.573348782738475E+00  0.191413081261272E+00    0.156923733183803E+01 -0.523891498439521E+00
  0.00000000  0.00000000  0.01750000    0.2513D+01  0.665837464245014E+00  0.211160133779621E+00    0.136462200494655E+01 -0.432768927248428E+00
  0.00000000  0.00000000  0.01750000    0.2590D+01  0.726342541021734E+00  0.273261764547716E+00    0.120605727484191E+01 -0.453738175111307E+00
  0.00000000  0.00000000  0.01750000    0.2669D+01  0.733770085560888E+00  0.351061808675081E+00    0.110897868099016E+01 -0.530574997797735E+00
  0.00000000  0.00000000  0.01750000    0.2750D+01  0.623187558470139E+00  0.438403375152468E+00    0.107342443082963E+01 -0.755138460405216E+00
  0.00000000  0.00000000  0.01750000    0.2834D+01  0.584143348969609E+00  0.230238547607335E+00    0.148172018057717E+01 -0.584016068895298E+00
  0.00000000  0.00000000  0.01750000    0.2920D+01  0.655665564115610E+00  0.234387374512780E+00    0.135234847050165E+01 -0.483437631584024E+00
  0.00000000  0.00000000  0.01750000    0.3009D+01  0.677690664160724E+00  0.210304766731231E+00    0.134597904232878E+01 -0.417691763354359E+00
  0.00000000  0.00000000  0.01750000    0.3101D+01  0.716004093896222E+00  0.186805146681099E+00    0.130763144874081E+01 -0.341160457976724E+00
  0.00000000  0.00000000  0.01750000    0.3195D+01  0.740604280573363E+00  0.207977366334302E+00    0.125155078165275E+01 -0.351461964546384E+00
  0.00000000  0.00000000  0.01750000    0.3293D+01  0.740852005780978E+00  0.202223733215645E+00    0.125620059656225E+01 -0.342893819983311E+00
  0.00000000  0.00000000  0.01750000    0.3393D+01  0.745055116193031E+00  0.186313371313456E+00    0.126319109343800E+01 -0.315881853726629E+00
  0.00000000  0.00000000  0.01750000    0.3496D+01  0.749143461725783E+00  0.167902045695472E+00    0.127101210580191E+01 -0.284866041780880E+00
  0.00000000  0.00000000  0.01750000    0.3603D+01  0.784060117936669E+00  0.115708627167828E+00    0.124822757992644E+01 -0.184208705891574E+00
  0.00000000  0.00000000  0.01750000    0.3713D+01  0.869335935566768E+00  0.117704582803414E+00    0.112959548300375E+01 -0.152942676845510E+00
  0.00000000  0.00000000  0.01750000    0.3826D+01  0.854963409051328E+00  0.267218516587103E+00    0.106555001161384E+01 -0.333037286085452E+00
  0.00000000  0.00000000  0.01750000    0.3942D+01  0.757344505653532E+00  0.230558817517043E+00    0.120841006430643E+01 -0.367876961438793E+00
  0.00000000  0.00000000  0.01750000    0.4062D+01  0.751865276736141E+00  0.134437317413161E+00    0.128882031570438E+01 -0.230447596440454E+00
  0.00000000  0.00000000  0.01750000    0.4186D+01  0.782391073857800E+00  0.124668089160750E+00    0.124648492931033E+01 -0.198617928421094E+00
  0.00000000  0.00000000  0.01750000    0.4313D+01  0.801117738816356E+00  0.978814678169259E-01    0.122989580520732E+01 -0.150270055002699E+00
  0.00000000  0.00000000  0.01750000    0.4445D+01  0.819886789204687E+00  0.949494700562595E-01    0.120353932052543E+01 -0.139379512123388E+00
  0.00000000  0.00000000  0.01750000    0.4580D+01  0.842247056693019E+00  0.735248693967828E-01    0.117832056561892E+01 -0.102862770497340E+00
  0.00000000  0.00000000  0.01750000    0.4720D+01  0.864937482119100E+00  0.862335993210886E-01    0.114477394527628E+01 -0.114133078691788E+00
  0.00000000  0.00000000  0.01750000    0.4863D+01  0.878013342975990E+00  0.862238897481120E-01    0.112805598914062E+01 -0.110778926101147E+00
  0.00000000  0.00000000  0.01750000    0.5012D+01  0.883615991038599E+00  0.103914647865320E+00    0.111627510002669E+01 -0.131275729634267E+00
  0.00000000  0.00000000  0.01750000    0.5164D+01  0.877549287193158E+00  0.105716361866627E+00    0.112323620093480E+01 -0.135313704213154E+00
  0.00000000  0.00000000  0.01750000    0.5322D+01  0.872208667481165E+00  0.103704805819017E+00    0.113053230805437E+01 -0.134419248340519E+00
  0.00000000  0.00000000  0.01750000    0.5484D+01  0.864238890301329E+00  0.988792677366674E-01    0.114213679861437E+01 -0.130674112874872E+00
  0.00000000  0.00000000  0.01750000    0.5651D+01  0.856252345736348E+00  0.831477457780617E-01    0.115697014256089E+01 -0.112349425686808E+00
  0.00000000  0.00000000  0.01750000    0.5823D+01  0.862055394482425E+00  0.558028292553278E-01    0.115517775387273E+01 -0.747773140467567E-01
  0.00000000  0.00000000  0.01750000    0.6000D+01  0.876529821277539E+00  0.456035214179515E-01    0.113778269507184E+01 -0.591958154122561E-01
  0.00000000  0.00000000  0.01750000    0.6183D+01  0.889767796102227E+00  0.350527963365786E-01    0.112214715843057E+01 -0.442074842182959E-01
  0.00000000  0.00000000  0.01750000    0.6371D+01  0.907679771398965E+00  0.277713954309380E-01    0.110067976621789E+01 -0.336764286190461E-01
  0.00000000  0.00000000  0.01750000    0.6565D+01  0.921220549893765E+00  0.341763903696530E-01    0.108402439965789E+01 -0.402162555505402E-01
  0.00000000  0.00000000  0.01750000    0.6765D+01  0.935052248595339E+00  0.300746483237960E-01    0.106835374524700E+01 -0.343621046010861E-01
  0.00000000  0.00000000  0.01750000    0.6971D+01  0.945349370090743E+00  0.479666235368637E-01    0.105509363873666E+01 -0.535350008860356E-01
  0.00000000  0.00000000  0.01750000    0.7184D+01  0.939305046934591E+00  0.577553147264177E-01    0.106060704890082E+01 -0.652138451829158E-01
  0.00000000  0.00000000  0.01750000    0.7402D+01  0.936970486158648E+00  0.486743654062439E-01    0.106439702656305E+01 -0.552940039986242E-01
  0.00000000  0.00000000  0.01750000    0.7628D+01  0.953129071544120E+00  0.436977591750534E-01    0.104697519440810E+01 -0.480002879708429E-01
  0.00000000  0.00000000  0.01750000    0.7860D+01  0.946680000216619E+00  0.830304264510335E-01    0.104825940302451E+01 -0.919396472350898E-01
  0.00000000  0.00000000  0.01750000    0.8100D+01  0.927158855271271E+00  0.649853851083567E-01    0.107329103213526E+01 -0.752279187758484E-01
  0.00000000  0.00000000  0.01750000    0.8346D+01  0.918299324318756E+00  0.658976815756678E-01    0.108339054246089E+01 -0.777447212455929E-01
  0.00000000  0.00000000  0.01750000    0.8600D+01  0.915756950298874E+00  0.409373737673542E-01    0.108981493250657E+01 -0.487183430218080E-01
  0.00000000  0.00000000  0.01750000    0.8862D+01  0.919607198336517E+00  0.406792909657499E-01    0.108529711729843E+01 -0.480086685910398E-01
  0.00000000  0.00000000  0.01750000    0.9132D+01  0.929913530826811E+00  0.206389231580018E-01    0.107483934323290E+01 -0.238554724464081E-01
  0.00000000  0.00000000  0.01750000    0.9410D+01  0.933263929649471E+00  0.421064733541369E-01    0.106933153705222E+01 -0.482454945928737E-01
  0.00000000  0.00000000  0.01750000    0.9697D+01  0.926405471055668E+00  0.258560720610227E-01    0.107860074632676E+01 -0.301038578607679E-01
  0.00000000  0.00000000  0.01750000    0.9992D+01  0.927745320717257E+00  0.245028717124160E-01    0.107713066526182E+01 -0.284483186485005E-01
  0.00000000  0.00000000  0.01750000    0.1030D+02  0.929498901276344E+00  0.116789295686161E-01    0.107567868061113E+01 -0.135156432482799E-01
  0.00000000  0.00000000  0.01750000    0.1061D+02  0.936372525594686E+00  0.691326764652177E-02    0.106789281668120E+01 -0.788428606961368E-02
  0.00000000  0.00000000  0.01750000    0.1093D+02  0.942614171358859E+00  0.236698547987084E-02    0.106087275671238E+01 -0.266394298688384E-02
  0.00000000  0.00000000  0.01750000    0.1127D+02  0.949242926669079E+00  0.285902199648077E-03    0.105347101483684E+01 -0.317294627060565E-03
  0.00000000  0.00000000  0.01750000    0.1161D+02  0.954730834136558E+00  0.123732846729924E-05    0.104741563196993E+01 -0.135744770378418E-05
  0.00000000  0.00000000  0.01750000    0.1196D+02  0.958916592527374E+00  0.429661691463527E-05    0.104284356718061E+01 -0.467266845206757E-05
  0.00000000  0.00000000  0.01750000    0.1233D+02  0.962357353220838E+00 -0.342036169917405E-19    0.103911504042981E+01  0.369316997831079E-19
  0.00000000  0.00000000  0.01750000    0.1270D+02  0.965329883785382E+00 -0.312912834919290E-19    0.103591530397740E+01  0.335793183189087E-19
  0.00000000  0.00000000  0.01750000    0.1309D+02  0.967950706266578E+00 -0.281725602055122E-19    0.103311046061120E+01  0.300690587465698E-19
