 q(1:3)   w(Ry)   eps    epsi  --- NO LFC
  0.00000000  0.00000000  0.02500000    0.0000D+00  0.248566261663494E+01  0.161906236779875E-16    0.402307213097886E+00 -0.262047015013882E-17
  0.00000000  0.00000000  0.02500000    0.1015D-04  0.248566261674194E+01  0.161906236787423E-16    0.402307213080567E+00 -0.262047015003536E-17
  0.00000000  0.00000000  0.02500000    0.3076D-04  0.248566261761754E+01  0.161906236849139E-16    0.402307212938850E+00 -0.262047014918806E-17
  0.00000000  0.00000000  0.02500000    0.5200D-04  0.248566261944279E+01  0.161906236977862E-16    0.402307212643431E+00 -0.262047014742298E-17
  0.00000000  0.00000000  0.02500000    0.7389D-04  0.248566262230365E+01  0.161906237179584E-16    0.402307212180398E+00 -0.262047014465585E-17
  0.00000000  0.00000000  0.02500000    0.9644D-04  0.248566262629225E+01  0.161906237460845E-16    0.402307211534840E+00 -0.262047014079825E-17
  0.00000000  0.00000000  0.02500000    0.1197D-03  0.248566263150729E+01  0.161906237828587E-16    0.402307210690779E+00 -0.262047013575445E-17
  0.00000000  0.00000000  0.02500000    0.1436D-03  0.248566263805446E+01  0.161906238290253E-16    0.402307209631112E+00 -0.262047012942206E-17
  0.00000000  0.00000000  0.02500000    0.1683D-03  0.248566264604688E+01  0.161906238853834E-16    0.402307208337531E+00 -0.262047012169194E-17
  0.00000000  0.00000000  0.02500000    0.1937D-03  0.248566265560558E+01  0.161906239527855E-16    0.402307206790444E+00 -0.262047011244681E-17
  0.00000000  0.00000000  0.02500000    0.2199D-03  0.248566266686011E+01  0.161906240321468E-16    0.402307204968887E+00 -0.262047010156171E-17
  0.00000000  0.00000000  0.02500000    0.2469D-03  0.248566267994894E+01  0.161906241244421E-16    0.402307202850446E+00 -0.262047008890243E-17
  0.00000000  0.00000000  0.02500000    0.2748D-03  0.248566269502016E+01  0.161906242307147E-16    0.402307200411152E+00 -0.262047007432557E-17
  0.00000000  0.00000000  0.02500000    0.3034D-03  0.248566271223211E+01  0.161906243520832E-16    0.402307197625380E+00 -0.262047005767836E-17
  0.00000000  0.00000000  0.02500000    0.3330D-03  0.248566273175396E+01  0.161906244897407E-16    0.402307194465748E+00 -0.262047003879718E-17
  0.00000000  0.00000000  0.02500000    0.3634D-03  0.248566275376647E+01  0.161906246449614E-16    0.402307190902998E+00 -0.262047001750713E-17
  0.00000000  0.00000000  0.02500000    0.3948D-03  0.248566277846277E+01  0.161906248191056E-16    0.402307186905876E+00 -0.262046999362122E-17
  0.00000000  0.00000000  0.02500000    0.4271D-03  0.248566280604908E+01  0.161906250136284E-16    0.402307182441002E+00 -0.262046996694009E-17
  0.00000000  0.00000000  0.02500000    0.4604D-03  0.248566283674560E+01  0.161906252300831E-16    0.402307177472738E+00 -0.262046993725090E-17
  0.00000000  0.00000000  0.02500000    0.4948D-03  0.248566287078744E+01  0.161906254701273E-16    0.402307171963029E+00 -0.262046990432617E-17
  0.00000000  0.00000000  0.02500000    0.5301D-03  0.248566290842555E+01  0.161906257355291E-16    0.402307165871262E+00 -0.262046986792301E-17
  0.00000000  0.00000000  0.02500000    0.5666D-03  0.248566294992771E+01  0.161906260281793E-16    0.402307159154094E+00 -0.262046982778280E-17
  0.00000000  0.00000000  0.02500000    0.6041D-03  0.248566299557964E+01  0.161906263500922E-16    0.402307151765280E+00 -0.262046978362912E-17
  0.00000000  0.00000000  0.02500000    0.6428D-03  0.248566304568621E+01  0.161906267034144E-16    0.402307143655480E+00 -0.262046973516661E-17
  0.00000000  0.00000000  0.02500000    0.6827D-03  0.248566310057254E+01  0.161906270904441E-16    0.402307134772070E+00 -0.262046968208174E-17
  0.00000000  0.00000000  0.02500000    0.7238D-03  0.248566316058542E+01  0.161906275136187E-16    0.402307125058924E+00 -0.262046962403778E-17
  0.00000000  0.00000000  0.02500000    0.7662D-03  0.248566322609461E+01  0.161906279755535E-16    0.402307114456196E+00 -0.262046956067844E-17
  0.00000000  0.00000000  0.02500000    0.8098D-03  0.248566329749438E+01  0.161906284790242E-16    0.402307102900071E+00 -0.262046949162163E-17
  0.00000000  0.00000000  0.02500000    0.8548D-03  0.248566337520496E+01  0.161906290269959E-16    0.402307090322535E+00 -0.262046941646118E-17
  0.00000000  0.00000000  0.02500000    0.9011D-03  0.248566345967438E+01  0.161906296226267E-16    0.402307076651076E+00 -0.262046933476366E-17
  0.00000000  0.00000000  0.02500000    0.9488D-03  0.248566355138005E+01  0.161906302692815E-16    0.402307061808424E+00 -0.262046924606702E-17
  0.00000000  0.00000000  0.02500000    0.9980D-03  0.248566365083074E+01  0.161906309705508E-16    0.402307045712233E+00 -0.262046914987968E-17
  0.00000000  0.00000000  0.02500000    0.1049D-02  0.248566375856856E+01  0.161906317302581E-16    0.402307028274765E+00 -0.262046904567749E-17
  0.00000000  0.00000000  0.02500000    0.1101D-02  0.248566387517105E+01  0.161906325524731E-16    0.402307009402542E+00 -0.262046893290135E-17
  0.00000000  0.00000000  0.02500000    0.1155D-02  0.248566400125344E+01  0.161906334415367E-16    0.402306988995992E+00 -0.262046881095668E-17
  0.00000000  0.00000000  0.02500000    0.1210D-02  0.248566413747108E+01  0.161906344020642E-16    0.402306966949043E+00 -0.262046867920870E-17
  0.00000000  0.00000000  0.02500000    0.1267D-02  0.248566428452191E+01  0.161906354389837E-16    0.402306943148737E+00 -0.262046853698344E-17
  0.00000000  0.00000000  0.02500000    0.1326D-02  0.248566444314924E+01  0.161906365575342E-16    0.402306917474765E+00 -0.262046838356160E-17
  0.00000000  0.00000000  0.02500000    0.1387D-02  0.248566461414452E+01  0.161906377632971E-16    0.402306889799035E+00 -0.262046821817779E-17
  0.00000000  0.00000000  0.02500000    0.1450D-02  0.248566479835053E+01  0.161906390622127E-16    0.402306859985142E+00 -0.262046804001648E-17
  0.00000000  0.00000000  0.02500000    0.1514D-02  0.248566499666445E+01  0.161906404606101E-16    0.402306827887875E+00 -0.262046784821038E-17
  0.00000000  0.00000000  0.02500000    0.1580D-02  0.248566521004145E+01  0.161906419652229E-16    0.402306793352644E+00 -0.262046764183538E-17
  0.00000000  0.00000000  0.02500000    0.1649D-02  0.248566543949825E+01  0.161906435832224E-16    0.402306756214889E+00 -0.262046741990845E-17
  0.00000000  0.00000000  0.02500000    0.1719D-02  0.248566568611707E+01  0.161906453222399E-16    0.402306716299459E+00 -0.262046718138296E-17
  0.00000000  0.00000000  0.02500000    0.1792D-02  0.248566595104969E+01  0.161906471903933E-16    0.402306673419935E+00 -0.262046692514425E-17
  0.00000000  0.00000000  0.02500000    0.1867D-02  0.248566623552191E+01  0.161906491963291E-16    0.402306627377924E+00 -0.262046665000726E-17
  0.00000000  0.00000000  0.02500000    0.1944D-02  0.248566654083815E+01  0.161906513492463E-16    0.402306577962306E+00 -0.262046635471053E-17
  0.00000000  0.00000000  0.02500000    0.2024D-02  0.248566686838643E+01  0.161906536589296E-16    0.402306524948433E+00 -0.262046603791115E-17
  0.00000000  0.00000000  0.02500000    0.2106D-02  0.248566721964364E+01  0.161906561357948E-16    0.402306468097273E+00 -0.262046569818097E-17
  0.00000000  0.00000000  0.02500000    0.2190D-02  0.248566759618105E+01  0.161906587909235E-16    0.402306407154515E+00 -0.262046533400061E-17
  0.00000000  0.00000000  0.02500000    0.2277D-02  0.248566799967037E+01  0.161906616360989E-16    0.402306341849600E+00 -0.262046494375250E-17
  0.00000000  0.00000000  0.02500000    0.2367D-02  0.248566843188996E+01  0.161906646838646E-16    0.402306271894702E+00 -0.262046452571722E-17
  0.00000000  0.00000000  0.02500000    0.2459D-02  0.248566889473155E+01  0.161906679475590E-16    0.402306196983649E+00 -0.262046407806498E-17
  0.00000000  0.00000000  0.02500000    0.2554D-02  0.248566939020736E+01  0.161906714413692E-16    0.402306116790768E+00 -0.262046359884934E-17
  0.00000000  0.00000000  0.02500000    0.2652D-02  0.248566992045767E+01  0.161906751803895E-16    0.402306030969662E+00 -0.262046308600065E-17
  0.00000000  0.00000000  0.02500000    0.2753D-02  0.248567048775884E+01  0.161906791806717E-16    0.402305939151907E+00 -0.262046253731735E-17
  0.00000000  0.00000000  0.02500000    0.2858D-02  0.248567109453183E+01  0.161906834592837E-16    0.402305840945682E+00 -0.262046195045741E-17
  0.00000000  0.00000000  0.02500000    0.2965D-02  0.248567174335126E+01  0.161906880343860E-16    0.402305735934290E+00 -0.262046132293168E-17
  0.00000000  0.00000000  0.02500000    0.3075D-02  0.248567243695507E+01  0.161906929252769E-16    0.402305623674611E+00 -0.262046065209089E-17
  0.00000000  0.00000000  0.02500000    0.3189D-02  0.248567317825469E+01  0.161906981524948E-16    0.402305503695441E+00 -0.262045993512060E-17
  0.00000000  0.00000000  0.02500000    0.3307D-02  0.248567397034593E+01  0.161907037378622E-16    0.402305375495737E+00 -0.262045916902545E-17
  0.00000000  0.00000000  0.02500000    0.3428D-02  0.248567481652053E+01  0.161907097045935E-16    0.402305238542750E+00 -0.262045835062235E-17
  0.00000000  0.00000000  0.02500000    0.3553D-02  0.248567572027836E+01  0.161907160773646E-16    0.402305092270046E+00 -0.262045747652588E-17
  0.00000000  0.00000000  0.02500000    0.3681D-02  0.248567668534049E+01  0.161907228824182E-16    0.402304936075393E+00 -0.262045654313784E-17
  0.00000000  0.00000000  0.02500000    0.3813D-02  0.248567771566301E+01  0.161907301476507E-16    0.402304769318523E+00 -0.262045554663216E-17
  0.00000000  0.00000000  0.02500000    0.3950D-02  0.248567881545163E+01  0.161907379027121E-16    0.402304591318774E+00 -0.262045448294031E-17
  0.00000000  0.00000000  0.02500000    0.4090D-02  0.248567998917744E+01  0.161907461791366E-16    0.402304401352533E+00 -0.262045334773920E-17
  0.00000000  0.00000000  0.02500000    0.4235D-02  0.248568124159327E+01  0.161907550104308E-16    0.402304198650597E+00 -0.262045213643097E-17
  0.00000000  0.00000000  0.02500000    0.4385D-02  0.248568257775150E+01  0.161907644322271E-16    0.402303982395282E+00 -0.262045084413028E-17
  0.00000000  0.00000000  0.02500000    0.4538D-02  0.248568400302258E+01  0.161907744823877E-16    0.402303751717436E+00 -0.262044946564205E-17
  0.00000000  0.00000000  0.02500000    0.4697D-02  0.248568552311499E+01  0.161907852011718E-16    0.402303505693202E+00 -0.262044799544649E-17
  0.00000000  0.00000000  0.02500000    0.4860D-02  0.248568714409623E+01  0.161907966313549E-16    0.402303243340621E+00 -0.262044642767412E-17
  0.00000000  0.00000000  0.02500000    0.5029D-02  0.248568887241536E+01  0.161908088184209E-16    0.402302963615995E+00 -0.262044475608945E-17
  0.00000000  0.00000000  0.02500000    0.5202D-02  0.248569071492660E+01  0.161908218106931E-16    0.402302665410057E+00 -0.262044297406223E-17
  0.00000000  0.00000000  0.02500000    0.5381D-02  0.248569267891474E+01  0.161908356595396E-16    0.402302347543866E+00 -0.262044107454732E-17
  0.00000000  0.00000000  0.02500000    0.5565D-02  0.248569477212196E+01  0.161908504195559E-16    0.402302008764468E+00 -0.262043905005758E-17
  0.00000000  0.00000000  0.02500000    0.5755D-02  0.248569700277625E+01  0.161908661487586E-16    0.402301647740297E+00 -0.262043689263543E-17
  0.00000000  0.00000000  0.02500000    0.5950D-02  0.248569937962176E+01  0.161908829087995E-16    0.402301263056262E+00 -0.262043459382335E-17
  0.00000000  0.00000000  0.02500000    0.6152D-02  0.248570191195093E+01  0.161909007652060E-16    0.402300853208557E+00 -0.262043214463523E-17
  0.00000000  0.00000000  0.02500000    0.6360D-02  0.248570460963865E+01  0.161909197876072E-16    0.402300416599128E+00 -0.262042953552086E-17
  0.00000000  0.00000000  0.02500000    0.6574D-02  0.248570748317850E+01  0.161909400499959E-16    0.402299951529812E+00 -0.262042675633193E-17
  0.00000000  0.00000000  0.02500000    0.6794D-02  0.248571054372132E+01  0.161909616309929E-16    0.402299456196100E+00 -0.262042379628359E-17
  0.00000000  0.00000000  0.02500000    0.7021D-02  0.248571380311611E+01  0.161909846141557E-16    0.402298928680523E+00 -0.262042064391811E-17
  0.00000000  0.00000000  0.02500000    0.7255D-02  0.248571727395349E+01  0.161910090882546E-16    0.402298366945617E+00 -0.262041728705803E-17
  0.00000000  0.00000000  0.02500000    0.7497D-02  0.248572096961184E+01  0.161910351476273E-16    0.402297768826465E+00 -0.262041371276620E-17
  0.00000000  0.00000000  0.02500000    0.7745D-02  0.248572490430638E+01  0.161910628925006E-16    0.402297132022758E+00 -0.262040990729450E-17
  0.00000000  0.00000000  0.02500000    0.8001D-02  0.248572909314118E+01  0.161910924293785E-16    0.402296454090382E+00 -0.262040585603696E-17
  0.00000000  0.00000000  0.02500000    0.8265D-02  0.248573355216455E+01  0.161911238714152E-16    0.402295732432469E+00 -0.262040154347349E-17
  0.00000000  0.00000000  0.02500000    0.8537D-02  0.248573829842768E+01  0.161911573388386E-16    0.402294964289899E+00 -0.262039695311462E-17
  0.00000000  0.00000000  0.02500000    0.8818D-02  0.248574335004715E+01  0.161911929593893E-16    0.402294146731210E+00 -0.262039206744105E-17
  0.00000000  0.00000000  0.02500000    0.9107D-02  0.248574872627108E+01  0.161912308687821E-16    0.402293276641891E+00 -0.262038686783876E-17
  0.00000000  0.00000000  0.02500000    0.9404D-02  0.248575444754963E+01  0.161912712112105E-16    0.402292350712986E+00 -0.262038133453217E-17
  0.00000000  0.00000000  0.02500000    0.9711D-02  0.248576053560967E+01  0.161913141398679E-16    0.402291365429025E+00 -0.262037544651105E-17
  0.00000000  0.00000000  0.02500000    0.1003D-01  0.248576701353429E+01  0.161913598175079E-16    0.402290317055173E+00 -0.262036918145377E-17
  0.00000000  0.00000000  0.02500000    0.1035D-01  0.248577390584706E+01  0.161914084170409E-16    0.402289201623604E+00 -0.262036251564620E-17
  0.00000000  0.00000000  0.02500000    0.1069D-01  0.248578123860164E+01  0.161914601221595E-16    0.402288014919022E+00 -0.262035542389412E-17
  0.00000000  0.00000000  0.02500000    0.1103D-01  0.248578903947693E+01  0.161915151280259E-16    0.402286752463284E+00 -0.262034787943401E-17
  0.00000000  0.00000000  0.02500000    0.1139D-01  0.248579733787825E+01  0.161915736419633E-16    0.402285409499050E+00 -0.262033985383174E-17
  0.00000000  0.00000000  0.02500000    0.1176D-01  0.248580616504452E+01  0.161916358842253E-16    0.402283980972462E+00 -0.262033131688127E-17
  0.00000000  0.00000000  0.02500000    0.1214D-01  0.248581555416246E+01  0.161917020887930E-16    0.402282461514700E+00 -0.262032223649312E-17
  0.00000000  0.00000000  0.02500000    0.1253D-01  0.248582554048763E+01  0.161917725042373E-16    0.402280845422417E+00 -0.262031257857873E-17
  0.00000000  0.00000000  0.02500000    0.1293D-01  0.248583616147318E+01  0.161918473946181E-16    0.402279126636958E+00 -0.262030230692504E-17
  0.00000000  0.00000000  0.02500000    0.1334D-01  0.248584745690644E+01  0.161919270404470E-16    0.402277298722292E+00 -0.262029138306237E-17
  0.00000000  0.00000000  0.02500000    0.1377D-01  0.248585946905423E+01  0.161920117397192E-16    0.402275354841543E+00 -0.262027976612538E-17
  0.00000000  0.00000000  0.02500000    0.1421D-01  0.248587224281698E+01  0.161921018089923E-16    0.402273287732118E+00 -0.262026741270310E-17
  0.00000000  0.00000000  0.02500000    0.1466D-01  0.248588582589268E+01  0.161921975845388E-16    0.402271089679230E+00 -0.262025427668014E-17
  0.00000000  0.00000000  0.02500000    0.1513D-01  0.248590026895087E+01  0.161922994235835E-16    0.402268752487819E+00 -0.262024030907047E-17
  0.00000000  0.00000000  0.02500000    0.1561D-01  0.248591562581756E+01  0.161924077055957E-16    0.402266267452712E+00 -0.262022545783722E-17
  0.00000000  0.00000000  0.02500000    0.1610D-01  0.248593195367166E+01  0.161925228336776E-16    0.402263625326921E+00 -0.262020966770372E-17
  0.00000000  0.00000000  0.02500000    0.1662D-01  0.248594931325375E+01  0.161926452360338E-16    0.402260816287981E+00 -0.262019287995184E-17
  0.00000000  0.00000000  0.02500000    0.1714D-01  0.248596776908767E+01  0.161927753675370E-16    0.402257829902192E+00 -0.262017503220871E-17
  0.00000000  0.00000000  0.02500000    0.1768D-01  0.248598738971620E+01  0.161929137113769E-16    0.402254655086630E+00 -0.262015605821761E-17
  0.00000000  0.00000000  0.02500000    0.1824D-01  0.248600824795123E+01  0.161930607808392E-16    0.402251280068809E+00 -0.262013588759920E-17
  0.00000000  0.00000000  0.02500000    0.1882D-01  0.248603042113982E+01  0.161932171211603E-16    0.402247692343809E+00 -0.262011444559176E-17
  0.00000000  0.00000000  0.02500000    0.1941D-01  0.248605399144661E+01  0.161933833115319E-16    0.402243878628761E+00 -0.262009165278128E-17
  0.00000000  0.00000000  0.02500000    0.2002D-01  0.248607904615419E+01  0.161935599672068E-16    0.402239824814475E+00 -0.262006742481026E-17
  0.00000000  0.00000000  0.02500000    0.2065D-01  0.248610567798199E+01  0.161937477417472E-16    0.402235515914076E+00 -0.262004167207057E-17
  0.00000000  0.00000000  0.02500000    0.2130D-01  0.248613398542547E+01  0.161939473294182E-16    0.402230936008408E+00 -0.262001429937735E-17
  0.00000000  0.00000000  0.02500000    0.2197D-01  0.248616407311624E+01  0.161941594677191E-16    0.402226068188077E+00 -0.261998520562116E-17
  0.00000000  0.00000000  0.02500000    0.2266D-01  0.248619605220507E+01  0.161943849400666E-16    0.402220894491838E+00 -0.261995428339674E-17
  0.00000000  0.00000000  0.02500000    0.2337D-01  0.248623004076879E+01  0.161946245786838E-16    0.402215395841159E+00 -0.261992141861504E-17
  0.00000000  0.00000000  0.02500000    0.2410D-01  0.248626616424278E+01  0.161948792676245E-16    0.402209551970701E+00 -0.261988649008329E-17
  0.00000000  0.00000000  0.02500000    0.2486D-01  0.248630455588074E+01  0.161951499460236E-16    0.402203341354440E+00 -0.261984936906470E-17
  0.00000000  0.00000000  0.02500000    0.2564D-01  0.248634535724333E+01  0.161954376115190E-16    0.402196741127195E+00 -0.261980991880536E-17
  0.00000000  0.00000000  0.02500000    0.2644D-01  0.248638871871770E+01  0.161957433239203E-16    0.402189727001227E+00 -0.261976799403627E-17
  0.00000000  0.00000000  0.02500000    0.2726D-01  0.248643480006968E+01  0.161960682090852E-16    0.402182273177634E+00 -0.261972344044066E-17
  0.00000000  0.00000000  0.02500000    0.2811D-01  0.248648377103108E+01  0.161964134630517E-16    0.402174352252187E+00 -0.261967609408941E-17
  0.00000000  0.00000000  0.02500000    0.2899D-01  0.248653581192385E+01  0.161967803564371E-16    0.402165935115285E+00 -0.261962578084232E-17
  0.00000000  0.00000000  0.02500000    0.2989D-01  0.248659111432404E+01  0.161971702390872E-16    0.402156990845615E+00 -0.261957231570667E-17
  0.00000000  0.00000000  0.02500000    0.3082D-01  0.248664988176772E+01  0.161975845450592E-16    0.402147486597154E+00 -0.261951550216224E-17
  0.00000000  0.00000000  0.02500000    0.3178D-01  0.248671233050182E+01  0.161980247978816E-16    0.402137387479073E+00 -0.261945513143728E-17
  0.00000000  0.00000000  0.02500000    0.3277D-01  0.248677869028271E+01  0.161984926161775E-16    0.402126656428086E+00 -0.261939098174352E-17
  0.00000000  0.00000000  0.02500000    0.3379D-01  0.248684920522570E+01  0.161989897196286E-16    0.402115254072771E+00 -0.261932281746030E-17
  0.00000000  0.00000000  0.02500000    0.3484D-01  0.248692413470875E+01  0.161995179353279E-16    0.402103138589354E+00 -0.261925038826837E-17
  0.00000000  0.00000000  0.02500000    0.3592D-01  0.248700375433401E+01  0.162000792045262E-16    0.402090265548387E+00 -0.261917342822716E-17
  0.00000000  0.00000000  0.02500000    0.3703D-01  0.248708835695103E+01  0.162006755898171E-16    0.402076587751760E+00 -0.261909165479446E-17
  0.00000000  0.00000000  0.02500000    0.3818D-01  0.248717825374554E+01  0.162013092827778E-16    0.402062055059408E+00 -0.261900476778339E-17
  0.00000000  0.00000000  0.02500000    0.3936D-01  0.248727377539853E+01  0.162019826121070E-16    0.402046614205054E+00 -0.261891244825395E-17
  0.00000000  0.00000000  0.02500000    0.4058D-01  0.248737527331993E+01  0.162026980522792E-16    0.402030208600283E+00 -0.261881435733295E-17
  0.00000000  0.00000000  0.02500000    0.4184D-01  0.248748312096223E+01  0.162034582327489E-16    0.402012778126178E+00 -0.261871013495724E-17
  0.00000000  0.00000000  0.02500000    0.4313D-01  0.248759771521916E+01  0.162042659477716E-16    0.401994258911714E+00 -0.261859939854015E-17
  0.00000000  0.00000000  0.02500000    0.4447D-01  0.248771947791548E+01  0.162051241668216E-16    0.401974583098061E+00 -0.261848174154616E-17
  0.00000000  0.00000000  0.02500000    0.4584D-01  0.248784885739380E+01  0.162060360457331E-16    0.401953678587843E+00 -0.261835673198151E-17
  0.00000000  0.00000000  0.02500000    0.4726D-01  0.248798633020536E+01  0.162070049385226E-16    0.401931468778392E+00 -0.261822391078064E-17
  0.00000000  0.00000000  0.02500000    0.4872D-01  0.248813240291171E+01  0.162080344100160E-16    0.401907872277923E+00 -0.261808279009340E-17
  0.00000000  0.00000000  0.02500000    0.5022D-01  0.248828761400510E+01  0.162091282492608E-16    0.401882802603523E+00 -0.261793285145513E-17
  0.00000000  0.00000000  0.02500000    0.5177D-01  0.248845253595585E+01  0.162102904838818E-16    0.401856167859712E+00 -0.261777354384751E-17
  0.00000000  0.00000000  0.02500000    0.5337D-01  0.248862777739563E+01  0.162115253953108E-16    0.401827870396315E+00 -0.261760428162171E-17
  0.00000000  0.00000000  0.02500000    0.5501D-01  0.248881398544613E+01  0.162128375350729E-16    0.401797806444239E+00 -0.261742444229370E-17
  0.00000000  0.00000000  0.02500000    0.5671D-01  0.248901184820378E+01  0.162142317421419E-16    0.401765865727661E+00 -0.261723336419298E-17
  0.00000000  0.00000000  0.02500000    0.5846D-01  0.248922209739135E+01  0.162157131614318E-16    0.401731931051062E+00 -0.261703034395326E-17
  0.00000000  0.00000000  0.02500000    0.6026D-01  0.248944551118871E+01  0.162172872635633E-16    0.401695877859363E+00 -0.261681463384346E-17
  0.00000000  0.00000000  0.02500000    0.6211D-01  0.248968291725594E+01  0.162189598659240E-16    0.401657573769343E+00 -0.261658543891583E-17
  0.00000000  0.00000000  0.02500000    0.6403D-01  0.248993519596257E+01  0.162207371551651E-16    0.401616878070361E+00 -0.261634191396652E-17
  0.00000000  0.00000000  0.02500000    0.6600D-01  0.249020328383859E+01  0.162226257112486E-16    0.401573641192266E+00 -0.261608316029658E-17
  0.00000000  0.00000000  0.02500000    0.6803D-01  0.249048817726373E+01  0.162246325330914E-16    0.401527704138185E+00 -0.261580822224800E-17
  0.00000000  0.00000000  0.02500000    0.7012D-01  0.249079093641294E+01  0.162267650660050E-16    0.401478897879776E+00 -0.261551608351191E-17
  0.00000000  0.00000000  0.02500000    0.7227D-01  0.249111268947772E+01  0.162290312310213E-16    0.401427042712250E+00 -0.261520566318480E-17
  0.00000000  0.00000000  0.02500000    0.7450D-01  0.249145463718469E+01  0.162314394562622E-16    0.401371947566337E+00 -0.261487581155671E-17
  0.00000000  0.00000000  0.02500000    0.7678D-01  0.249181805763437E+01  0.162339987104897E-16    0.401313409274093E+00 -0.261452530560873E-17
  0.00000000  0.00000000  0.02500000    0.7914D-01  0.249220431148562E+01  0.162367185390381E-16    0.401251211785238E+00 -0.261415284420290E-17
  0.00000000  0.00000000  0.02500000    0.8157D-01  0.249261484751323E+01  0.162396091022912E-16    0.401185125330396E+00 -0.261375704293792E-17
  0.00000000  0.00000000  0.02500000    0.8408D-01  0.249305120856886E+01  0.162426812169065E-16    0.401114905527373E+00 -0.261333642864510E-17
  0.00000000  0.00000000  0.02500000    0.8666D-01  0.249351503797827E+01  0.162459464000224E-16    0.401040292426227E+00 -0.261288943349962E-17
  0.00000000  0.00000000  0.02500000    0.8932D-01  0.249400808641101E+01  0.162494169166928E-16    0.400961009488563E+00 -0.261241438871739E-17
  0.00000000  0.00000000  0.02500000    0.9206D-01  0.249453221926223E+01  0.162531058307671E-16    0.400876762496078E+00 -0.261190951779771E-17
  0.00000000  0.00000000  0.02500000    0.9488D-01  0.249508942459007E+01  0.162570270595783E-16    0.400787238382968E+00 -0.261137292928732E-17
  0.00000000  0.00000000  0.02500000    0.9779D-01  0.249568182165674E+01  0.162611954327073E-16    0.400692103986300E+00 -0.261080260901947E-17
  0.00000000  0.00000000  0.02500000    0.1008D+00  0.249631167012604E+01  0.162656267551967E-16    0.400591004707962E+00 -0.261019641178859E-17
  0.00000000  0.00000000  0.02500000    0.1039D+00  0.249698137997546E+01  0.162703378755960E-16    0.400483563081206E+00 -0.260955205241371E-17
  0.00000000  0.00000000  0.02500000    0.1071D+00  0.249769352218762E+01  0.162753467592504E-16    0.400369377234139E+00 -0.260886709613737E-17
  0.00000000  0.00000000  0.02500000    0.1103D+00  0.249845084029213E+01  0.162806725673549E-16    0.400248019241825E+00 -0.260813894831190E-17
  0.00000000  0.00000000  0.02500000    0.1137D+00  0.249925626283715E+01  0.162863357422393E-16    0.400119033357869E+00 -0.260736484330304E-17
  0.00000000  0.00000000  0.02500000    0.1172D+00  0.250011291687856E+01  0.162923580995148E-16    0.399981934115407E+00 -0.260654183255087E-17
  0.00000000  0.00000000  0.02500000    0.1208D+00  0.250102414258449E+01  0.162987629276945E-16    0.399836204286548E+00 -0.260566677170951E-17
  0.00000000  0.00000000  0.02500000    0.1245D+00  0.250199350906457E+01  0.163055750960451E-16    0.399681292688036E+00 -0.260473630678831E-17
  0.00000000  0.00000000  0.02500000    0.1283D+00  0.250302483154547E+01  0.163128211714554E-16    0.399516611819851E+00 -0.260374685920273E-17
  0.00000000  0.00000000  0.02500000    0.1322D+00  0.250412219002947E+01  0.163205295452237E-16    0.399341535321897E+00 -0.260269460963457E-17
  0.00000000  0.00000000  0.02500000    0.1363D+00  0.250528994958879E+01  0.163287305707949E-16    0.399155395232450E+00 -0.260157548059442E-17
  0.00000000  0.00000000  0.02500000    0.1405D+00  0.250653278246787E+01  0.163374567135855E-16    0.398957479030226E+00 -0.260038511756470E-17
  0.00000000  0.00000000  0.02500000    0.1448D+00  0.250785569218709E+01  0.163467427141575E-16    0.398747026439908E+00 -0.259911886858371E-17
  0.00000000  0.00000000  0.02500000    0.1492D+00  0.250926403986647E+01  0.163566257662387E-16    0.398523225978727E+00 -0.259777176212795E-17
  0.00000000  0.00000000  0.02500000    0.1537D+00  0.251076357301679E+01  0.163671457111799E-16    0.398285211219015E+00 -0.259633848311615E-17
  0.00000000  0.00000000  0.02500000    0.1585D+00  0.251236045707810E+01  0.163783452507915E-16    0.398032056738789E+00 -0.259481334686038E-17
  0.00000000  0.00000000  0.02500000    0.1633D+00  0.251406131002447E+01  0.163902701805876E-16    0.397762773728961E+00 -0.259319027073932E-17
  0.00000000  0.00000000  0.02500000    0.1683D+00  0.251587324039786E+01  0.164029696459850E-16    0.397476305221904E+00 -0.259146274337817E-17
  0.00000000  0.00000000  0.02500000    0.1734D+00  0.251780388918561E+01  0.164164964241322E-16    0.397171520901674E+00 -0.258962379105644E-17
  0.00000000  0.00000000  0.02500000    0.1787D+00  0.251986147601670E+01  0.164309072346414E-16    0.396847211450988E+00 -0.258766594105988E-17
  0.00000000  0.00000000  0.02500000    0.1842D+00  0.252205485022196E+01  0.164462630828857E-16    0.396502082384130E+00 -0.258558118164145E-17
  0.00000000  0.00000000  0.02500000    0.1898D+00  0.252439354738662E+01  0.164626296400866E-16    0.396134747308022E+00 -0.258336091821045E-17
  0.00000000  0.00000000  0.02500000    0.1956D+00  0.252688785212117E+01  0.164800776651979E-16    0.395743720545636E+00 -0.258099592533627E-17
  0.00000000  0.00000000  0.02500000    0.2016D+00  0.252954886789156E+01  0.164986834742950E-16    0.395327409046469E+00 -0.257847629407824E-17
  0.00000000  0.00000000  0.02500000    0.2078D+00  0.253238859488728E+01  0.165185294641856E-16    0.394884103497753E+00 -0.257579137409458E-17
  0.00000000  0.00000000  0.02500000    0.2141D+00  0.253542001706851E+01  0.165397046981626E-16    0.394411968536959E+00 -0.257292970991246E-17
  0.00000000  0.00000000  0.02500000    0.2207D+00  0.253865719972921E+01  0.165623055631469E-16    0.393909031950697E+00 -0.256987897064115E-17
  0.00000000  0.00000000  0.02500000    0.2274D+00  0.254211539914715E+01  0.165864365092267E-16    0.393373172726733E+00 -0.256662587231642E-17
  0.00000000  0.00000000  0.02500000    0.2343D+00  0.254581118617536E+01  0.166122108845809E-16    0.392802107803731E+00 -0.256315609192785E-17
  0.00000000  0.00000000  0.02500000    0.2415D+00  0.254976258597265E+01  0.166397518814263E-16    0.392193377336947E+00 -0.255945417205812E-17
  0.00000000  0.00000000  0.02500000    0.2489D+00  0.255398923648928E+01  0.166691936115412E-16    0.391544328266083E+00 -0.255550341486161E-17
  0.00000000  0.00000000  0.02500000    0.2565D+00  0.255851256883702E+01  0.167006823339381E-16    0.390852095932659E+00 -0.255128576393602E-17
  0.00000000  0.00000000  0.02500000    0.2643D+00  0.256335601330506E+01  0.167343778617829E-16    0.390113583446668E+00 -0.254678167235672E-17
  0.00000000  0.00000000  0.02500000    0.2724D+00  0.256854523556703E+01  0.167704551818846E-16    0.389325438443851E+00 -0.254196995489114E-17
  0.00000000  0.00000000  0.02500000    0.2807D+00  0.257410840860350E+01  0.168091063271740E-16    0.388484026802321E+00 -0.253682762198490E-17
  0.00000000  0.00000000  0.02500000    0.2893D+00  0.258007652709431E+01  0.168505425524677E-16    0.387585402796638E+00 -0.253132969272635E-17
  0.00000000  0.00000000  0.02500000    0.2981D+00  0.258648377259289E+01  0.168949968755215E-16    0.386625275053446E+00 -0.252544898338077E-17
  0.00000000  0.00000000  0.02500000    0.3072D+00  0.259336793978333E+01  0.169427270611148E-16    0.385598967527743E+00 -0.251915586741465E-17
  0.00000000  0.00000000  0.02500000    0.3166D+00  0.260077093668105E+01  0.169940191459145E-16    0.384501374533253E+00 -0.251241800202026E-17
  0.00000000  0.00000000  0.02500000    0.3262D+00  0.260873937496503E+01  0.170491916281675E-16    0.383326908619764E+00 -0.250520001499921E-17
  0.00000000  0.00000000  0.02500000    0.3362D+00  0.261732527099616E+01  0.171086004808633E-16    0.382069439775592E+00 -0.249746314434201E-17
  0.00000000  0.00000000  0.02500000    0.3464D+00  0.262658688387144E+01  0.171726451931564E-16    0.380722224016461E+00 -0.248916482082917E-17
  0.00000000  0.00000000  0.02500000    0.3570D+00  0.263658972464458E+01  0.172417761068302E-16    0.379277818863078E+00 -0.248025818124039E-17
  0.00000000  0.00000000  0.02500000    0.3679D+00  0.264740778142867E+01  0.173165033988713E-16    0.377727982449439E+00 -0.247069149596769E-17
  0.00000000  0.00000000  0.02500000    0.3791D+00  0.265912501970156E+01  0.173974081773123E-16    0.376063551954481E+00 -0.246040748948926E-17
  0.00000000  0.00000000  0.02500000    0.3907D+00  0.267183723760447E+01  0.174851563191548E-16    0.374274295576696E+00 -0.244934252442246E-17
  0.00000000  0.00000000  0.02500000    0.4026D+00  0.268565438521573E+01  0.175805159076513E-16    0.372348730166064E+00 -0.243742560841551E-17
  0.00000000  0.00000000  0.02500000    0.4149D+00  0.270070349921980E+01  0.176843794539278E-16    0.370273893557322E+00 -0.242457716570613E-17
  0.00000000  0.00000000  0.02500000    0.4276D+00  0.271713246742994E+01  0.177977925653654E-16    0.368035056069929E+00 -0.241070748785056E-17
  0.00000000  0.00000000  0.02500000    0.4406D+00  0.273511493355681E+01  0.179219914319179E-16    0.365615348638961E+00 -0.239571473406568E-17
  0.00000000  0.00000000  0.02500000    0.4540D+00  0.275485680266578E+01  0.180584525733071E-16    0.362995274031062E+00 -0.237948227801945E-17
  0.00000000  0.00000000  0.02500000    0.4679D+00  0.277660504992104E+01  0.182089599471603E-16    0.360152049722894E+00 -0.236187507059326E-17
  0.00000000  0.00000000  0.02500000    0.4822D+00  0.280065994034846E+01  0.183756971411652E-16    0.357058700913036E+00 -0.234273445878599E-17
  0.00000000  0.00000000  0.02500000    0.4969D+00  0.282739247419805E+01  0.185613766364793E-16    0.353682769239044E+00 -0.232187046884637E-17
  0.00000000  0.00000000  0.02500000    0.5120D+00  0.285727016835758E+01  0.187694252706538E-16    0.349984405071089E+00 -0.229904970472290E-17
  0.00000000  0.00000000  0.02500000    0.5276D+00  0.289089680542981E+01  0.190042573933835E-16    0.345913419711750E+00 -0.227397520785948E-17
  0.00000000  0.00000000  0.02500000    0.5437D+00  0.292907705772262E+01  0.192716894360739E-16    0.341404469835802E+00 -0.224625053732065E-17
  0.00000000  0.00000000  0.02500000    0.5603D+00  0.297292899583978E+01  0.195795912829467E-16    0.336368612031895E+00 -0.221531020525978E-17
  0.00000000  0.00000000  0.02500000    0.5774D+00  0.302409882477265E+01  0.199389516102900E-16    0.330677024113185E+00 -0.218027040929232E-17
  0.00000000  0.00000000  0.02500000    0.5950D+00  0.308522836143140E+01  0.203657031651954E-16    0.324125115826450E+00 -0.213956152478887E-17
  0.00000000  0.00000000  0.02500000    0.6131D+00  0.316121370466629E+01  0.208840351585171E-16    0.316334197376120E+00 -0.208980952160637E-17
  0.00000000  0.00000000  0.02500000    0.6318D+00  0.326542350218018E+01  0.215352509483967E-16    0.306238991460784E+00 -0.201962579337374E-17
  0.00000000  0.00000000  0.02500000    0.6511D+00  0.344153393481880E+01  0.153680862938511E-01    0.290562312870723E+00 -0.129749895904291E-02
  0.00000000  0.00000000  0.02500000    0.6709D+00  0.357172793879926E+01  0.235190240760782E+00    0.278767814976550E+00 -0.183562327937925E-01
  0.00000000  0.00000000  0.02500000    0.6914D+00  0.358348932255221E+01  0.385797077038760E+00    0.275860235965419E+00 -0.296990065065642E-01
  0.00000000  0.00000000  0.02500000    0.7125D+00  0.358912052872427E+01  0.480420478877162E+00    0.273715606681653E+00 -0.366381072426378E-01
  0.00000000  0.00000000  0.02500000    0.7342D+00  0.360193666087686E+01  0.574947434671183E+00    0.270730455205931E+00 -0.432144691489713E-01
  0.00000000  0.00000000  0.02500000    0.7565D+00  0.362333745308615E+01  0.644826057697089E+00    0.267516032904299E+00 -0.476084027783604E-01
  0.00000000  0.00000000  0.02500000    0.7796D+00  0.366173455454078E+01  0.723878134199699E+00    0.262823416497341E+00 -0.519568312569685E-01
  0.00000000  0.00000000  0.02500000    0.8034D+00  0.370894140358272E+01  0.804809271950709E+00    0.257494487384283E+00 -0.558741507004895E-01
  0.00000000  0.00000000  0.02500000    0.8279D+00  0.378224948905143E+01  0.881175648053472E+00    0.250781007253069E+00 -0.584261078560279E-01
  0.00000000  0.00000000  0.02500000    0.8531D+00  0.388638013731802E+01  0.990015584404431E+00    0.241628976727619E+00 -0.615525100869624E-01
  0.00000000  0.00000000  0.02500000    0.8791D+00  0.403719024434431E+01  0.111860458430909E+01    0.230036953964666E+00 -0.637374945671322E-01
  0.00000000  0.00000000  0.02500000    0.9059D+00  0.427699830335401E+01  0.133975795575921E+01    0.212916639080439E+00 -0.666955516203578E-01
  0.00000000  0.00000000  0.02500000    0.9335D+00  0.454624088529888E+01  0.185166887899163E+01    0.188664312446430E+00 -0.768423505809111E-01
  0.00000000  0.00000000  0.02500000    0.9619D+00  0.411663122893823E+01  0.299866922380073E+01    0.158706335461718E+00 -0.115606129697946E+00
  0.00000000  0.00000000  0.02500000    0.9913D+00  0.335487347918882E+01  0.284893277780225E+01    0.173185204755740E+00 -0.147067545026563E+00
  0.00000000  0.00000000  0.02500000    0.1021D+01  0.309795513632404E+01  0.265155224879061E+01    0.186308926103037E+00 -0.159462558442486E+00
  0.00000000  0.00000000  0.02500000    0.1053D+01  0.307775506995356E+01  0.252884500497452E+01    0.193964342758765E+00 -0.159371278149197E+00
  0.00000000  0.00000000  0.02500000    0.1085D+01  0.346755756752007E+01  0.243409893004841E+01    0.193191684311882E+00 -0.135613515542617E+00
  0.00000000  0.00000000  0.02500000    0.1118D+01  0.377479631385306E+01  0.348996944982446E+01    0.142827955329734E+00 -0.132050886786224E+00
  0.00000000  0.00000000  0.02500000    0.1152D+01  0.249541623231425E+01  0.516141460101311E+01    0.759239735381877E-01 -0.157037972468228E+00
  0.00000000  0.00000000  0.02500000    0.1187D+01  0.942022540963655E+00  0.409612781946152E+01    0.533250402223165E-01 -0.231869378099056E+00
  0.00000000  0.00000000  0.02500000    0.1223D+01  0.583308345858484E+00  0.324050273416697E+01    0.538052403291788E-01 -0.298908852645690E+00
  0.00000000  0.00000000  0.02500000    0.1260D+01  0.610716524497360E+00  0.267112953714139E+01    0.813431052607292E-01 -0.355775490574062E+00
  0.00000000  0.00000000  0.02500000    0.1299D+01  0.569222777355066E+00  0.249960654519476E+01    0.866127004705301E-01 -0.380339089730567E+00
  0.00000000  0.00000000  0.02500000    0.1338D+01  0.595156218347067E+00  0.189622507780074E+01    0.150677019945235E+00 -0.480071509060196E+00
  0.00000000  0.00000000  0.02500000    0.1379D+01  0.129897191716577E+01  0.139653204799644E+01    0.357092938982852E+00 -0.383912636457058E+00
  0.00000000  0.00000000  0.02500000    0.1421D+01  0.161296935732420E+01  0.241286122564807E+01    0.191482882458420E+00 -0.286441661375210E+00
  0.00000000  0.00000000  0.02500000    0.1464D+01  0.143266514819632E+01  0.242621817280781E+01    0.180457688635394E+00 -0.305605063500916E+00
  0.00000000  0.00000000  0.02500000    0.1509D+01  0.123234093763501E+01  0.306032180774158E+01    0.113222571799105E+00 -0.281170165677002E+00
  0.00000000  0.00000000  0.02500000    0.1555D+01  0.310880055560521E+00  0.347672499816118E+01    0.255148836210456E-01 -0.285345528359870E+00
  0.00000000  0.00000000  0.02500000    0.1602D+01 -0.396187391425673E+00  0.258750334713399E+01   -0.578195287714920E-01 -0.377619852281475E+00
  0.00000000  0.00000000  0.02500000    0.1651D+01 -0.283497989077850E+00  0.202909009387770E+01   -0.675384729155737E-01 -0.483395479433139E+00
  0.00000000  0.00000000  0.02500000    0.1701D+01 -0.616181559333417E+00  0.240740566585677E+01   -0.997819344725638E-01 -0.389845477782982E+00
  0.00000000  0.00000000  0.02500000    0.1753D+01 -0.100249221697132E+01  0.134225611092775E+01   -0.357185624963833E+00 -0.478242703261773E+00
  0.00000000  0.00000000  0.02500000    0.1807D+01 -0.662820244051265E+00  0.787508229891884E+00   -0.625597276142851E+00 -0.743282976013533E+00
  0.00000000  0.00000000  0.02500000    0.1862D+01 -0.272728254134557E+00  0.593332445606822E+00   -0.639570464001913E+00 -0.139141398733452E+01
  0.00000000  0.00000000  0.02500000    0.1919D+01 -0.520608543876093E-01  0.656442397741551E+00   -0.120059082798929E+00 -0.151384131340606E+01
  0.00000000  0.00000000  0.02500000    0.1977D+01 -0.516599452382238E-01  0.671855162375191E+00   -0.113773863294018E+00 -0.147966779765180E+01
  0.00000000  0.00000000  0.02500000    0.2037D+01 -0.114910336153482E-01  0.445401508736791E+00   -0.578850957799489E-01 -0.224367187990178E+01
  0.00000000  0.00000000  0.02500000    0.2099D+01  0.116669518743075E+00  0.377940731571967E+00    0.745725746334569E+00 -0.241571352276164E+01
  0.00000000  0.00000000  0.02500000    0.2163D+01  0.221499034226784E+00  0.298722428126735E+00    0.160161953190324E+01 -0.216000795297141E+01
  0.00000000  0.00000000  0.02500000    0.2229D+01  0.324557205919221E+00  0.267164652493268E+00    0.183662073837029E+01 -0.151184485317129E+01
  0.00000000  0.00000000  0.02500000    0.2297D+01  0.405520703922729E+00  0.242048908925951E+00    0.181819544455846E+01 -0.108525216915526E+01
  0.00000000  0.00000000  0.02500000    0.2367D+01  0.478922734223172E+00  0.217443188511406E+00    0.173115953974108E+01 -0.785990773133410E+00
  0.00000000  0.00000000  0.02500000    0.2439D+01  0.564879783368777E+00  0.191118473309339E+00    0.158845685265065E+01 -0.537430188748955E+00
  0.00000000  0.00000000  0.02500000    0.2513D+01  0.657162130307443E+00  0.210356085123645E+00    0.138026867219066E+01 -0.441820824588605E+00
  0.00000000  0.00000000  0.02500000    0.2590D+01  0.718066583723203E+00  0.272203740886341E+00    0.121765123556025E+01 -0.461585636941629E+00
  0.00000000  0.00000000  0.02500000    0.2669D+01  0.725445565793903E+00  0.350781716809514E+00    0.111724048492091E+01 -0.540230106666598E+00
  0.00000000  0.00000000  0.02500000    0.2750D+01  0.614581504759794E+00  0.437726996259216E+00    0.107950981046399E+01 -0.768865615231043E+00
  0.00000000  0.00000000  0.02500000    0.2834D+01  0.575978603220804E+00  0.229562295231715E+00    0.149818781490605E+01 -0.597118419946193E+00
  0.00000000  0.00000000  0.02500000    0.2920D+01  0.646451544769984E+00  0.235540719430381E+00    0.136561086036073E+01 -0.497573201137229E+00
  0.00000000  0.00000000  0.02500000    0.3009D+01  0.667144016862064E+00  0.209392999528651E+00    0.136450759935549E+01 -0.428270855897909E+00
  0.00000000  0.00000000  0.02500000    0.3101D+01  0.706923603251650E+00  0.184213301854584E+00    0.132463186877675E+01 -0.345178473553258E+00
  0.00000000  0.00000000  0.02500000    0.3195D+01  0.731570010748645E+00  0.208132359428767E+00    0.126456803926026E+01 -0.359770802250501E+00
  0.00000000  0.00000000  0.02500000    0.3293D+01  0.731065687174709E+00  0.200436283839311E+00    0.127223338473621E+01 -0.348808234726923E+00
  0.00000000  0.00000000  0.02500000    0.3393D+01  0.735618243660000E+00  0.185072200642820E+00    0.127847800628115E+01 -0.321648817352141E+00
  0.00000000  0.00000000  0.02500000    0.3496D+01  0.740210573877445E+00  0.165806494082783E+00    0.128642003462801E+01 -0.288156915595262E+00
  0.00000000  0.00000000  0.02500000    0.3603D+01  0.774885766338754E+00  0.115633964823046E+00    0.126240073772162E+01 -0.188384415922376E+00
  0.00000000  0.00000000  0.02500000    0.3713D+01  0.859059978879952E+00  0.116589704712441E+00    0.114300962214383E+01 -0.155126717115814E+00
  0.00000000  0.00000000  0.02500000    0.3826D+01  0.844969045208565E+00  0.265449391132338E+00    0.107716751074018E+01 -0.338395189143219E+00
  0.00000000  0.00000000  0.02500000    0.3942D+01  0.747538233652700E+00  0.229352673437435E+00    0.122263427977257E+01 -0.375117188764918E+00
  0.00000000  0.00000000  0.02500000    0.4062D+01  0.741129252069101E+00  0.133821346352524E+00    0.130668978089839E+01 -0.235941281843512E+00
  0.00000000  0.00000000  0.02500000    0.4186D+01  0.771155134903152E+00  0.122680452971813E+00    0.126474702658345E+01 -0.201204311679126E+00
  0.00000000  0.00000000  0.02500000    0.4313D+01  0.789836932935652E+00  0.961111040561089E-01    0.124761053277363E+01 -0.151815166823394E+00
  0.00000000  0.00000000  0.02500000    0.4445D+01  0.808660709819415E+00  0.923493286702261E-01    0.122069264267717E+01 -0.139403515831869E+00
  0.00000000  0.00000000  0.02500000    0.4580D+01  0.830625342712892E+00  0.720445861209882E-01    0.119492278886370E+01 -0.103642055380892E+00
  0.00000000  0.00000000  0.02500000    0.4720D+01  0.851775313776141E+00  0.841661000461555E-01    0.116266634420787E+01 -0.114886038916850E+00
  0.00000000  0.00000000  0.02500000    0.4863D+01  0.864474590944079E+00  0.820531648066102E-01    0.114644346031635E+01 -0.108816748550199E+00
  0.00000000  0.00000000  0.02500000    0.5012D+01  0.871111534358756E+00  0.988399611255982E-01    0.113336751482884E+01 -0.128596622462541E+00
  0.00000000  0.00000000  0.02500000    0.5164D+01  0.864674986473509E+00  0.102024191326910E+00    0.114062417721628E+01 -0.134583816010477E+00
  0.00000000  0.00000000  0.02500000    0.5322D+01  0.858174938184981E+00  0.982841939389929E-01    0.115017735628474E+01 -0.131726352424616E+00
  0.00000000  0.00000000  0.02500000    0.5484D+01  0.851218816838497E+00  0.914808406717674E-01    0.116137233676459E+01 -0.124813168598360E+00
  0.00000000  0.00000000  0.02500000    0.5651D+01  0.843628369123272E+00  0.772822257130485E-01    0.117549153037589E+01 -0.107683199260707E+00
  0.00000000  0.00000000  0.02500000    0.5823D+01  0.847987565161650E+00  0.492522148539596E-01    0.117529778274813E+01 -0.682628157433635E-01
  0.00000000  0.00000000  0.02500000    0.6000D+01  0.863564251627672E+00  0.359672277233857E-01    0.115598613668865E+01 -0.481465236026048E-01
  0.00000000  0.00000000  0.02500000    0.6183D+01  0.877122235600107E+00  0.286682485130262E-01    0.113887532075769E+01 -0.372235013498386E-01
  0.00000000  0.00000000  0.02500000    0.6371D+01  0.891828558648483E+00  0.207486827689770E-01    0.112068514480989E+01 -0.260731060113210E-01
  0.00000000  0.00000000  0.02500000    0.6565D+01  0.904899558086018E+00  0.226010143751344E-01    0.110440608129408E+01 -0.275839428766088E-01
  0.00000000  0.00000000  0.02500000    0.6765D+01  0.917329495772042E+00  0.197576534289254E-01    0.108961537197434E+01 -0.234683862118487E-01
  0.00000000  0.00000000  0.02500000    0.6971D+01  0.926183780415778E+00  0.301469198343610E-01    0.107855661628490E+01 -0.351065960509089E-01
  0.00000000  0.00000000  0.02500000    0.7184D+01  0.925298538498565E+00  0.341579707408704E-01    0.107926150309947E+01 -0.398416092869219E-01
  0.00000000  0.00000000  0.02500000    0.7402D+01  0.927370069344704E+00  0.279184893221245E-01    0.107734176656085E+01 -0.324333894313208E-01
  0.00000000  0.00000000  0.02500000    0.7628D+01  0.938762320755477E+00  0.257606642892588E-01    0.106443082654341E+01 -0.292091454625663E-01
  0.00000000  0.00000000  0.02500000    0.7860D+01  0.937435713458102E+00  0.457135247891644E-01    0.106420915769464E+01 -0.518955604237326E-01
  0.00000000  0.00000000  0.02500000    0.8100D+01  0.929476539496309E+00  0.355522945410414E-01    0.107430262897358E+01 -0.410918639347062E-01
  0.00000000  0.00000000  0.02500000    0.8346D+01  0.927271472436743E+00  0.353981205116065E-01    0.107686352723731E+01 -0.411087217118075E-01
  0.00000000  0.00000000  0.02500000    0.8600D+01  0.928434753616324E+00  0.221687387217818E-01    0.107646787673855E+01 -0.257034056608247E-01
  0.00000000  0.00000000  0.02500000    0.8862D+01  0.932393270594098E+00  0.225749602663797E-01    0.107188046244241E+01 -0.259522023732840E-01
  0.00000000  0.00000000  0.02500000    0.9132D+01  0.938853613251877E+00  0.123545109489421E-01    0.106494436701026E+01 -0.140137574767077E-01
  0.00000000  0.00000000  0.02500000    0.9410D+01  0.941710340033848E+00  0.227715718283857E-01    0.106127709832819E+01 -0.256628250185002E-01
  0.00000000  0.00000000  0.02500000    0.9697D+01  0.939790113370589E+00  0.136481444581953E-01    0.106384300699290E+01 -0.154497082207061E-01
  0.00000000  0.00000000  0.02500000    0.9992D+01  0.942171827804928E+00  0.128176948700470E-01    0.106118111864859E+01 -0.144367464397470E-01
  0.00000000  0.00000000  0.02500000    0.1030D+02  0.944468355565605E+00  0.611603395068328E-02    0.105875232557558E+01 -0.685609542175429E-02
  0.00000000  0.00000000  0.02500000    0.1061D+02  0.949408679545640E+00  0.341572457017577E-02    0.105327355646324E+01 -0.378940328168230E-02
  0.00000000  0.00000000  0.02500000    0.1093D+02  0.953917523543341E+00  0.123542870436453E-02    0.104830690076519E+01 -0.135767338813322E-02
  0.00000000  0.00000000  0.02500000    0.1127D+02  0.958373271050681E+00  0.171778359270398E-03    0.104343474310055E+01 -0.187024736175121E-03
  0.00000000  0.00000000  0.02500000    0.1161D+02  0.962191433628165E+00  0.321116957900659E-05    0.103929422466185E+01 -0.346848857850161E-05
  0.00000000  0.00000000  0.02500000    0.1196D+02  0.965277990967153E+00  0.477098317630858E-05    0.103597099419373E+01 -0.512039042710356E-05
  0.00000000  0.00000000  0.02500000    0.1233D+02  0.967910035442580E+00 -0.183831380228744E-18    0.103315387110616E+01  0.196222887623302E-18
  0.00000000  0.00000000  0.02500000    0.1270D+02  0.970240723391920E+00 -0.177354141208826E-18    0.103067205477012E+01  0.188400623406789E-18
  0.00000000  0.00000000  0.02500000    0.1309D+02  0.972334129424440E+00 -0.170257521670580E-18    0.102845304894516E+01  0.180084049267718E-18
