# charge and hartree potential (planar average)
# eh=      176.58880044
#z-coordinate, smooth density, esm potential, gaussian density, spin density, splined esm potential
  -0.3012987E+02   0.16692838E-06  -0.77132725E-03   0.73073819E-07  -0.57105879E+00   0.99228660E-01
  -0.2987013E+02   0.15341389E-06   0.76989431E-03   0.57870152E-07  -0.69871516E+00   0.64051096E-01
  -0.2961039E+02  -0.91217485E-07   0.23109139E-02  -0.18889322E-06  -0.61730133E+00   0.33560876E-01
  -0.2935065E+02   0.41935487E-06   0.38518983E-02   0.32016754E-06  -0.31799208E-01   0.12445506E-01
  -0.2909091E+02  -0.35281610E-06   0.53924937E-02  -0.45186728E-06   0.16663908E+00   0.53924937E-02
  -0.2883117E+02   0.68144847E-06   0.69332334E-02   0.58417003E-06   0.36700546E+00   0.69332334E-02
  -0.2857143E+02  -0.62193247E-06   0.84734049E-02  -0.71725820E-06   0.61861649E+00   0.84734049E-02
  -0.2831169E+02   0.94731469E-06   0.10013910E-01   0.85132060E-06   0.15899104E+00   0.10013910E-01
  -0.2805195E+02  -0.88436928E-06   0.11553663E-01  -0.98655400E-06   0.26363596E+00   0.11553663E-01
  -0.2779221E+02   0.12390497E-05   0.13093923E-01   0.11231649E-05   0.28061610E+00   0.13093923E-01
  -0.2753247E+02  -0.11244548E-05   0.14633210E-01  -0.12613714E-05  -0.12834465E-01   0.14633210E-01
  -0.2727273E+02   0.15646733E-05   0.16173135E-01   0.14014054E-05   0.25122621E+00   0.16173135E-01
  -0.2701299E+02  -0.13520183E-05   0.17711816E-01  -0.15435147E-05  -0.38422649E+00   0.17711816E-01
  -0.2675325E+02   0.19065235E-05   0.19251237E-01   0.16879656E-05  -0.55961706E+00   0.19251237E-01
  -0.2649351E+02  -0.15925853E-05   0.20789124E-01  -0.18350462E-05  -0.57630505E+00   0.20789124E-01
  -0.2623377E+02   0.22485761E-05   0.22327866E-01   0.19850691E-05  -0.70049472E+00   0.22327866E-01
  -0.2597403E+02  -0.18545945E-05   0.23864791E-01  -0.21383757E-05  -0.20730114E+00   0.23864791E-01
  -0.2571429E+02   0.26034683E-05   0.25402711E-01   0.22953400E-05  -0.50017202E+00   0.25402711E-01
  -0.2545455E+02  -0.21117745E-05   0.26938522E-01  -0.24563741E-05  -0.23042704E+00   0.26938522E-01
  -0.2519481E+02   0.30298896E-05   0.28475440E-01   0.26219337E-05   0.94029065E-01   0.28475440E-01
  -0.2493506E+02  -0.22697877E-05   0.30009851E-01  -0.27925248E-05  -0.67275674E-01   0.30009851E-01
  -0.2467532E+02   0.36970413E-05   0.31545288E-01   0.29687116E-05   0.45938585E+00   0.31545288E-01
  -0.2441558E+02  -0.20702358E-05   0.33077423E-01  -0.31511259E-05   0.18057597E+00   0.33077423E-01
  -0.2415584E+02   0.49954244E-05   0.34609867E-01   0.33404779E-05  -0.26485717E-01   0.34609867E-01
  -0.2389610E+02  -0.99685507E-06   0.36137157E-01  -0.35375692E-05   0.11698131E+00   0.36137157E-01
  -0.2363636E+02   0.75865781E-05   0.37662520E-01   0.37433085E-05  -0.27401117E+00   0.37662520E-01
  -0.2337662E+02   0.17236468E-05   0.39178710E-01  -0.39587298E-05  -0.45206573E+00   0.39178710E-01
  -0.2311688E+02   0.12387059E-04   0.40687897E-01   0.41850160E-05  -0.86924232E+00   0.40687897E-01
  -0.2285714E+02   0.71658871E-05   0.42180172E-01  -0.44235217E-05  -0.11911377E+01   0.42180172E-01
  -0.2259740E+02   0.20788673E-04   0.43655683E-01   0.46758196E-05  -0.12140206E+01   0.43655683E-01
  -0.2233766E+02   0.17236017E-04   0.45100437E-01  -0.49437026E-05  -0.95420009E+00   0.45100437E-01
  -0.2207792E+02   0.35656461E-04   0.46510682E-01   0.52293409E-05  -0.35456093E+00   0.46510682E-01
  -0.2181818E+02   0.36317040E-04   0.47865291E-01  -0.55350414E-05  -0.78144619E-01   0.47865291E-01
  -0.2155844E+02   0.63867699E-04   0.49152081E-01   0.58641683E-05  -0.13005273E+00   0.49152081E-01
  -0.2129870E+02   0.75031365E-04   0.50335496E-01  -0.62188761E-05   0.62191558E-01   0.50335496E-01
  -0.2103896E+02   0.12176154E-03   0.51383923E-01   0.66068313E-05  -0.12162744E+00   0.51383923E-01
  -0.2077922E+02   0.15794954E-03   0.52230325E-01  -0.70228929E-05  -0.15738191E+00   0.52230325E-01
  -0.2051948E+02   0.24581892E-03   0.52798516E-01   0.75009503E-05   0.92281902E-01   0.52798516E-01
  -0.2025974E+02   0.33807980E-03   0.52952637E-01  -0.79696863E-05  -0.22119748E+00   0.52952637E-01
  -0.2000000E+02   0.51214643E-03   0.52518442E-01   0.86569414E-05  -0.47946133E+00   0.52518442E-01
  -0.1974026E+02   0.72323182E-03   0.51214513E-01  -0.89598760E-05  -0.62349752E+00   0.51214513E-01
  -0.1948052E+02   0.10732728E-02   0.48660633E-01   0.10606430E-04  -0.12690481E+01   0.48660633E-01
  -0.1922078E+02   0.15299766E-02   0.44276457E-01  -0.88153516E-05  -0.13127586E+01   0.44276457E-01
  -0.1896104E+02   0.22422578E-02   0.37257384E-01   0.17011320E-04  -0.12379450E+01   0.37257384E-01
  -0.1870130E+02   0.32225404E-02   0.26404215E-01   0.21805265E-05  -0.87430514E+00   0.26404215E-01
  -0.1844156E+02   0.47338052E-02   0.10006911E-01   0.55023301E-04  -0.48809980E+00   0.10006911E-01
  -0.1818182E+02   0.69468948E-02  -0.14508336E-01   0.95654576E-04  -0.28626201E+00  -0.14508336E-01
  -0.1792208E+02   0.10455064E-01  -0.50990506E-01   0.30589164E-03   0.46790821E-01  -0.50990506E-01
  -0.1766234E+02   0.15913246E-01  -0.10546494E+00   0.68926960E-03   0.43168155E-01  -0.10546494E+00
  -0.1740260E+02   0.24565931E-01  -0.18738260E+00   0.15922872E-02   0.16536237E+00  -0.18738260E+00
  -0.1714286E+02   0.36984305E-01  -0.31149698E+00   0.27515148E-02   0.24358416E+00  -0.31149698E+00
  -0.1688312E+02   0.49929516E-01  -0.49851458E+00   0.10486780E-02  -0.24272577E+00  -0.49851458E+00
  -0.1662338E+02   0.43379810E-01  -0.76766258E+00  -0.21402161E-01  -0.20278047E+00  -0.76766258E+00
  -0.1636364E+02  -0.24501510E-01  -0.11014118E+01  -0.10259848E+00  -0.44812171E+00  -0.11014118E+01
  -0.1610390E+02  -0.14145567E+00  -0.13853727E+01  -0.22707423E+00  -0.62641547E+00  -0.13853727E+01
  -0.1584416E+02  -0.17140444E+00  -0.14425666E+01  -0.25790256E+00  -0.61713452E+00  -0.14425666E+01
  -0.1558442E+02  -0.70223767E-01  -0.12294526E+01  -0.15144329E+00  -0.97144967E+00  -0.12294526E+01
  -0.1532468E+02   0.26297562E-01  -0.89569621E+00  -0.44279866E-01  -0.87887627E+00  -0.89569621E+00
  -0.1506494E+02   0.53078859E-01  -0.59587595E+00  -0.35482731E-02  -0.71513663E+00  -0.59587595E+00
  -0.1480519E+02   0.45633254E-01  -0.38138647E+00   0.28697314E-02  -0.30389984E+00  -0.38138647E+00
  -0.1454545E+02   0.33937870E-01  -0.24383936E+00   0.20971472E-02   0.50032761E+00  -0.24383936E+00
  -0.1428571E+02   0.25995744E-01  -0.16440315E+00   0.10599453E-02   0.47106683E+00  -0.16440315E+00
  -0.1402597E+02   0.22528190E-01  -0.12968760E+00   0.64781022E-03   0.80053073E+00  -0.12968760E+00
  -0.1376623E+02   0.23014922E-01  -0.13371700E+00   0.68053720E-03   0.10914078E+01  -0.13371700E+00
  -0.1350649E+02   0.27691836E-01  -0.17736667E+00   0.13108649E-02   0.94769075E+00  -0.17736667E+00
  -0.1324675E+02   0.36840635E-01  -0.26860189E+00   0.23915105E-02   0.15300528E+01  -0.26860189E+00
  -0.1298701E+02   0.49037905E-01  -0.42281033E+00   0.24916169E-02   0.11618532E+01  -0.42281033E+00
  -0.1272727E+02   0.51525226E-01  -0.65899017E+00  -0.95786080E-02   0.52851249E+00  -0.65899017E+00
  -0.1246753E+02   0.74247018E-02  -0.97599253E+00  -0.67305891E-01   0.42114860E+00  -0.97599253E+00
  -0.1220779E+02  -0.10407088E+00  -0.12949053E+01  -0.18804069E+00  -0.25613502E+00  -0.12949053E+01
  -0.1194805E+02  -0.17899967E+00  -0.14422842E+01  -0.26623722E+00  -0.16064799E+00  -0.14422842E+01
  -0.1168831E+02  -0.11054369E+00  -0.13085017E+01  -0.19487321E+00   0.16379807E+00  -0.13085017E+01
  -0.1142857E+02   0.29224031E-02  -0.99356230E+00  -0.72447643E-01   0.40522575E+00  -0.99356230E+00
  -0.1116883E+02   0.50755481E-01  -0.67309750E+00  -0.11078580E-01   0.13378314E+01  -0.67309750E+00
  -0.1090909E+02   0.49515345E-01  -0.43175825E+00   0.23642064E-02   0.18336429E+01  -0.43175825E+00
  -0.1064935E+02   0.37268685E-01  -0.27302304E+00   0.24593924E-02   0.25331142E+01  -0.27302304E+00
  -0.1038961E+02   0.27853565E-01  -0.17796325E+00   0.13628812E-02   0.30672294E+01  -0.17796325E+00
  -0.1012987E+02   0.22929642E-01  -0.13076618E+00   0.69654802E-03   0.31467991E+01  -0.13076618E+00
  -0.9870130E+01   0.22236129E-01  -0.12305161E+00   0.64049737E-03   0.34101471E+01  -0.12305161E+00
  -0.9610390E+01   0.25495959E-01  -0.15358541E+00   0.10199246E-02   0.31380469E+01  -0.15358541E+00
  -0.9350649E+01   0.33271076E-01  -0.22799778E+00   0.20318697E-02   0.26316054E+01  -0.22799778E+00
  -0.9090909E+01   0.45052611E-01  -0.35942206E+00   0.28953757E-02   0.22854901E+01  -0.35942206E+00
  -0.8831169E+01   0.53565226E-01  -0.56693813E+00  -0.27122071E-02   0.15012018E+01  -0.56693813E+00
  -0.8571429E+01   0.29833214E-01  -0.86090921E+00  -0.40851796E-01   0.10245490E+01  -0.86090921E+00
  -0.8311688E+01  -0.63882142E-01  -0.11948328E+01  -0.14553246E+00   0.78922075E+00  -0.11948328E+01
  -0.8051948E+01  -0.16894063E+00  -0.14178310E+01  -0.25584958E+00   0.58128162E+00  -0.14178310E+01
  -0.7792208E+01  -0.14599659E+00  -0.13741794E+01  -0.23200234E+00   0.10401532E+01  -0.13741794E+01
  -0.7532468E+01  -0.29039617E-01  -0.10971968E+01  -0.10798936E+00   0.16969283E+01  -0.10971968E+01
  -0.7272727E+01   0.43008779E-01  -0.76332082E+00  -0.23584783E-01   0.26085511E+01  -0.76332082E+00
  -0.7012987E+01   0.52490665E-01  -0.49319427E+00   0.65457272E-03   0.37169709E+01  -0.49319427E+00
  -0.6753247E+01   0.41212376E-01  -0.30935609E+00   0.27787626E-02   0.39271197E+01  -0.30935609E+00
  -0.6493506E+01   0.30443058E-01  -0.19559666E+00   0.17027109E-02   0.43477653E+01  -0.19559666E+00
  -0.6233766E+01   0.24033992E-01  -0.13407855E+00   0.82340046E-03   0.43259872E+01  -0.13407855E+00
  -0.5974026E+01   0.22065897E-01  -0.11395369E+00   0.63191113E-03   0.38871019E+01  -0.11395369E+00
  -0.5714286E+01   0.23958587E-01  -0.13176822E+00   0.80919620E-03   0.38210350E+01  -0.13176822E+00
  -0.5454545E+01   0.30270946E-01  -0.19084502E+00   0.16735920E-02   0.24390033E+01  -0.19084502E+00
  -0.5194805E+01   0.40943045E-01  -0.30186975E+00   0.27576308E-02   0.10925792E+01  -0.30186975E+00
  -0.4935065E+01   0.52362264E-01  -0.48254668E+00   0.87018702E-03   0.12687175E-01  -0.48254668E+00
  -0.4675325E+01   0.43942514E-01  -0.74942412E+00  -0.22281088E-01  -0.11681076E+01  -0.74942412E+00
  -0.4415584E+01  -0.26053976E-01  -0.10818083E+01  -0.10471460E+00  -0.12773112E+01  -0.10818083E+01
  -0.4155844E+01  -0.14336608E+00  -0.13620137E+01  -0.22924694E+00  -0.13768900E+01  -0.13620137E+01
  -0.3896104E+01  -0.17045250E+00  -0.14127294E+01  -0.25743386E+00  -0.74331511E+00  -0.14127294E+01
  -0.3636364E+01  -0.67251368E-01  -0.11946088E+01  -0.14915854E+00   0.27730854E+00  -0.11946088E+01
  -0.3376623E+01   0.28274249E-01  -0.86041680E+00  -0.42782689E-01   0.13921246E+01  -0.86041680E+00
  -0.3116883E+01   0.53502030E-01  -0.56345004E+00  -0.31512323E-02   0.31534909E+01  -0.56345004E+00
  -0.2857143E+01   0.45336269E-01  -0.35266228E+00   0.28880186E-02   0.39027208E+01  -0.35266228E+00
  -0.2597403E+01   0.33481470E-01  -0.21839061E+00   0.20607970E-02   0.44350572E+01  -0.21839061E+00
  -0.2337662E+01   0.25610856E-01  -0.14148826E+00   0.10428922E-02   0.43487446E+01  -0.14148826E+00
  -0.2077922E+01   0.22264206E-01  -0.10865909E+00   0.64082388E-03   0.29909218E+01  -0.10865909E+00
  -0.1818182E+01   0.22895638E-01  -0.11413128E+00   0.69139028E-03   0.12693351E+01  -0.11413128E+00
  -0.1558442E+01   0.27725699E-01  -0.15902183E+00   0.13339970E-02  -0.15336177E+01  -0.15902183E+00
  -0.1298701E+01   0.37050128E-01  -0.25155985E+00   0.24311689E-02  -0.51068770E+01  -0.25155985E+00
  -0.1038961E+01   0.49314374E-01  -0.40741320E+00   0.24438209E-02  -0.87353269E+01  -0.40741320E+00
  -0.7792208E+00   0.51249330E-01  -0.64562406E+00  -0.10265892E-01  -0.12031822E+02  -0.64562406E+00
  -0.5194805E+00   0.52945383E-02  -0.96398522E+00  -0.69810933E-01  -0.14593901E+02  -0.96398522E+00
  -0.2597403E+00  -0.10734107E+00  -0.12807189E+01  -0.19154578E+00  -0.16256635E+02  -0.12807189E+01
   0.0000000E+00  -0.17919529E+00  -0.14210458E+01  -0.26649764E+00  -0.16734766E+02  -0.14210458E+01
   0.2597403E+00  -0.10736296E+00  -0.12799297E+01  -0.19159349E+00  -0.16130112E+02  -0.12799297E+01
   0.5194805E+00   0.52712401E-02  -0.96237325E+00  -0.69850547E-01  -0.14549975E+02  -0.96237325E+00
   0.7792208E+00   0.51211725E-01  -0.64314753E+00  -0.10280577E-01  -0.11985393E+02  -0.64314753E+00
   0.1038961E+01   0.49251645E-01  -0.40400664E+00   0.24405730E-02  -0.86923765E+01  -0.40400664E+00
   0.1298701E+01   0.36978673E-01  -0.24711942E+00   0.24306450E-02  -0.53433070E+01  -0.24711942E+00
   0.1558442E+01   0.27669511E-01  -0.15342987E+00   0.13339598E-02  -0.16293916E+01  -0.15342987E+00
   0.1818182E+01   0.22870843E-01  -0.10729480E+00   0.69136845E-03   0.14746353E+01  -0.10729480E+00
   0.2077922E+01   0.22276998E-01  -0.10053691E+00   0.64084455E-03   0.30658207E+01  -0.10053691E+00
   0.2337662E+01   0.25658114E-01  -0.13210163E+00   0.10428945E-02   0.43864174E+01  -0.13210163E+00
   0.2597403E+01   0.33550464E-01  -0.20781788E+00   0.20610697E-02   0.43041477E+01  -0.20781788E+00
   0.2857143E+01   0.45404622E-01  -0.34101720E+00   0.28898011E-02   0.37421847E+01  -0.34101720E+00
   0.3116883E+01   0.53548220E-01  -0.55084528E+00  -0.31419514E-02   0.31871789E+01  -0.55084528E+00
   0.3376623E+01   0.28299542E-01  -0.84693083E+00  -0.42752286E-01   0.16183792E+01  -0.84693083E+00
   0.3636364E+01  -0.67228362E-01  -0.11802876E+01  -0.14910848E+00   0.37982696E+00  -0.11802876E+01
   0.3896104E+01  -0.17044321E+00  -0.13976102E+01  -0.25741396E+00  -0.85843424E+00  -0.13976102E+01
   0.4155844E+01  -0.14338356E+00  -0.13461099E+01  -0.22928455E+00  -0.15572986E+01  -0.13461099E+01
   0.4415584E+01  -0.26076788E-01  -0.10650940E+01  -0.10476108E+00  -0.13425739E+01  -0.10650940E+01
   0.4675325E+01   0.43912232E-01  -0.73186021E+00  -0.22302428E-01  -0.10596997E+01  -0.73186021E+00
   0.4935065E+01   0.52307024E-01  -0.46407891E+00   0.86474162E-03   0.17990790E+00  -0.46407891E+00
   0.5194805E+01   0.40871736E-01  -0.28240589E+00   0.27567035E-02   0.10623871E+01  -0.28240589E+00
   0.5454545E+01   0.30207550E-01  -0.17026770E+00   0.16734698E-02   0.23168610E+01  -0.17026770E+00
   0.5714286E+01   0.23922542E-01  -0.10997272E+00   0.80919383E-03   0.37161573E+01  -0.10997272E+00
   0.5974026E+01   0.22066457E-01  -0.90880170E-01   0.63190645E-03   0.41056092E+01  -0.90880170E-01
   0.6233766E+01   0.24071067E-01  -0.10972796E+00   0.82341295E-03   0.44585220E+01  -0.10972796E+00
   0.6493506E+01   0.30507113E-01  -0.17003053E+00   0.17028310E-02   0.41935672E+01  -0.17003053E+00
   0.6753247E+01   0.41283807E-01  -0.28268023E+00   0.27797540E-02   0.37557786E+01  -0.28268023E+00
   0.7012987E+01   0.52545624E-01  -0.46552627E+00   0.66029538E-03   0.36017209E+01  -0.46552627E+00
   0.7272727E+01   0.43039176E-01  -0.73475257E+00  -0.23562656E-01   0.27096532E+01  -0.73475257E+00
   0.7532468E+01  -0.29016592E-01  -0.10677826E+01  -0.10794265E+00   0.20059959E+01  -0.10677826E+01
   0.7792208E+01  -0.14598031E+00  -0.13439587E+01  -0.23196670E+00   0.10959056E+01  -0.13439587E+01
   0.8051948E+01  -0.16895083E+00  -0.13868278E+01  -0.25587099E+00   0.40962807E+00  -0.13868278E+01
   0.8311688E+01  -0.63904209E-01  -0.11630323E+01  -0.14558116E+00   0.68796093E+00  -0.11630323E+01
   0.8571429E+01   0.29808515E-01  -0.82827559E+00  -0.40880488E-01   0.95753741E+00  -0.82827559E+00
   0.8831169E+01   0.53518882E-01  -0.53342631E+00  -0.27207570E-02   0.14775898E+01  -0.53342631E+00
   0.9090909E+01   0.44984229E-01  -0.32495342E+00   0.28937456E-02   0.24390763E+01  -0.32495342E+00
   0.9350649E+01   0.33202503E-01  -0.19245967E+00   0.20316427E-02   0.26691850E+01  -0.19245967E+00
   0.9610390E+01   0.25449283E-01  -0.11686473E+00   0.10199062E-02   0.30874905E+01  -0.11686473E+00
   0.9870130E+01   0.22223941E-01  -0.85070979E-01   0.64049668E-03   0.34362215E+01  -0.85070979E-01
   0.1012987E+02   0.22954855E-01  -0.91505354E-01   0.69654897E-03   0.30833405E+01  -0.91505354E-01
   0.1038961E+02   0.27909991E-01  -0.13746411E+00   0.13629393E-02   0.31018594E+01  -0.13746411E+00
   0.1064935E+02   0.37340167E-01  -0.23137897E+00   0.24599028E-02   0.25938928E+01  -0.23137897E+00
   0.1090909E+02   0.49578511E-01  -0.38908704E+00   0.23676320E-02   0.18239624E+01  -0.38908704E+00
   0.1116883E+02   0.50794903E-01  -0.62950389E+00  -0.11063341E-01   0.12905501E+01  -0.62950389E+00
   0.1142857E+02   0.29482030E-02  -0.94911477E+00  -0.72408161E-01   0.28746298E+00  -0.94911477E+00
   0.1168831E+02  -0.11052168E+00  -0.12632457E+01  -0.19482817E+00   0.69709700E-01  -0.12632457E+01
   0.1194805E+02  -0.17899868E+00  -0.13962541E+01  -0.26623712E+00  -0.17470653E-01  -0.13962541E+01
   0.1220779E+02  -0.10408929E+00  -0.12481031E+01  -0.18808382E+00  -0.66590178E-01  -0.12481031E+01
   0.1246753E+02   0.74028234E-02  -0.92838972E+00  -0.67343859E-01   0.55836268E+00  -0.92838972E+00
   0.1272727E+02   0.51489811E-01  -0.61054785E+00  -0.95946937E-02   0.45923950E+00  -0.61054785E+00
   0.1298701E+02   0.48981928E-01  -0.37346733E+00   0.24874323E-02   0.83629529E+00  -0.37346733E+00
   0.1324675E+02   0.36778991E-01  -0.21826555E+00   0.23907447E-02   0.13400685E+01  -0.21826555E+00
   0.1350649E+02   0.27646462E-01  -0.12593567E+00   0.13108149E-02   0.11707619E+01  -0.12593567E+00
   0.1376623E+02   0.23001364E-01  -0.81116601E-01   0.68050013E-03   0.12374636E+01  -0.81116601E-01
   0.1402597E+02   0.22553363E-01  -0.75895801E-01   0.64784178E-03   0.85428410E+00  -0.75895801E-01
   0.1428571E+02   0.26057559E-01  -0.10946234E+00   0.10599277E-02   0.43796772E+00  -0.10946234E+00
   0.1454545E+02   0.34024367E-01  -0.18785269E+00   0.20973415E-02   0.38042270E+00  -0.18785269E+00
   0.1480519E+02   0.45721766E-01  -0.32449730E+00   0.28715161E-02  -0.22565525E+00  -0.32449730E+00
   0.1506494E+02   0.53147557E-01  -0.53823110E+00  -0.35362925E-02  -0.54710498E+00  -0.53823110E+00
   0.1532468E+02   0.26344303E-01  -0.83741206E+00  -0.44241535E-01  -0.10606405E+01  -0.83741206E+00
   0.1558442E+02  -0.70207074E-01  -0.11706074E+01  -0.15140065E+00  -0.11949607E+01  -0.11706074E+01
   0.1584416E+02  -0.17142783E+00  -0.13831862E+01  -0.25790427E+00  -0.63708979E+00  -0.13831862E+01
   0.1610390E+02  -0.14145407E+00  -0.13254281E+01  -0.22707939E+00  -0.51197683E+00  -0.13254281E+01
   0.1636364E+02  -0.24461481E-01  -0.10409078E+01  -0.10257775E+00  -0.18975368E+00  -0.10409078E+01
   0.1662338E+02   0.43388437E-01  -0.70665594E+00  -0.21388511E-01  -0.31358517E-01  -0.70665594E+00
   0.1688312E+02   0.49879048E-01  -0.43701629E+00   0.10514649E-02  -0.41803052E+00  -0.43701629E+00
   0.1714286E+02   0.36883005E-01  -0.24942278E+00   0.27515615E-02  -0.92575006E-02  -0.24942278E+00
   0.1740260E+02   0.24430961E-01  -0.12456325E+00   0.15923589E-02   0.10362124E+00  -0.12456325E+00
   0.1766234E+02   0.15761332E-01  -0.41673918E-01   0.68919239E-03   0.12876168E+00  -0.41673918E-01
   0.1792208E+02   0.10300285E-01   0.14027730E-01   0.30595883E-03   0.14438290E+00   0.14027730E-01
   0.1818182E+02   0.67985387E-02   0.51998280E-01   0.95593911E-04  -0.26735869E+00   0.51998280E-01
   0.1844156E+02   0.45980125E-02   0.78252567E-01   0.55078361E-04  -0.54089742E+00   0.78252567E-01
   0.1870130E+02   0.31021903E-02   0.96618782E-01   0.21301914E-05  -0.89603088E+00   0.96618782E-01
   0.1896104E+02   0.21386456E-02   0.10964473E+00   0.17057646E-04  -0.11160543E+01   0.10964473E+00
   0.1922078E+02   0.14426423E-02   0.11901234E+00  -0.88582529E-05  -0.12259151E+01   0.11901234E+00
   0.1948052E+02   0.10012406E-02   0.12589327E+00   0.10646383E-04  -0.13286386E+01   0.12589327E+00
   0.1974026E+02   0.66469115E-03   0.13106631E+00  -0.89972721E-05  -0.79703684E+00   0.13106631E+00
   0.2000000E+02   0.46536931E-03   0.13508889E+00   0.86921047E-05  -0.52469332E+00   0.13508889E+00
   0.2025974E+02   0.30101884E-03   0.13832136E+00  -0.80028869E-05  -0.29025971E+00   0.13832136E+00
   0.2051948E+02   0.21680984E-03   0.14102857E+00   0.75324155E-05   0.97353026E-01   0.14102857E+00
   0.2077922E+02   0.13526411E-03   0.14337115E+00  -0.70528152E-05   0.83510341E-01   0.14337115E+00
   0.2103896E+02   0.10415564E-03   0.14547416E+00   0.66353749E-05   0.69739240E-01   0.14547416E+00
   0.2129870E+02   0.61273912E-04   0.14740517E+00  -0.62461823E-05   0.59434132E-01   0.14740517E+00
   0.2155844E+02   0.53183365E-04   0.14922463E+00   0.58903593E-05  -0.23215676E+00   0.14922463E+00
   0.2181818E+02   0.27918309E-04   0.15095894E+00  -0.55602238E-05  -0.41165903E+00   0.15095894E+00
   0.2207792E+02   0.29126973E-04   0.15263973E+00   0.52536079E-05  -0.52916491E+00   0.15263973E+00
   0.2233766E+02   0.12089934E-04   0.15427603E+00  -0.49671366E-05  -0.75158958E+00   0.15427603E+00
   0.2259740E+02   0.16826457E-04   0.15588657E+00   0.46984935E-05  -0.94643254E+00   0.15588657E+00
   0.2285714E+02   0.40713909E-05   0.15747311E+00  -0.44455004E-05  -0.11804876E+01   0.15747311E+00
   0.2311688E+02   0.10070019E-04   0.15904815E+00   0.42063577E-05  -0.84755257E+00   0.15904815E+00
   0.2337662E+02  -0.47173567E-07   0.16061025E+00  -0.39794868E-05  -0.55394476E+00   0.16061025E+00
   0.2363636E+02   0.63223242E-05   0.16216834E+00   0.37635281E-05  -0.36667147E+00   0.16216834E+00
   0.2389610E+02  -0.19403710E-05   0.16371943E+00  -0.35572942E-05   0.26260809E+00   0.16371943E+00
   0.2415584E+02   0.43622120E-05   0.16527020E+00   0.33597474E-05  -0.84357092E-01   0.16527020E+00
   0.2441558E+02  -0.25448418E-05   0.16681691E+00  -0.31699757E-05  -0.49614454E-01   0.16681691E+00
   0.2467532E+02   0.33965441E-05   0.16836472E+00   0.29871745E-05   0.42814730E+00   0.16836472E+00
   0.2493506E+02  -0.25158531E-05   0.16990977E+00  -0.28106311E-05   0.43579332E-01   0.16990977E+00
   0.2519481E+02   0.28778944E-05   0.17145625E+00   0.26397115E-05   0.36657766E+00   0.17145625E+00
   0.2545455E+02  -0.22626715E-05   0.17300050E+00  -0.24738495E-05  -0.45211528E-01   0.17300050E+00
   0.2571429E+02   0.25103488E-05   0.17454609E+00   0.23125372E-05  -0.65347406E+00   0.17454609E+00
   0.2597403E+02  -0.19659656E-05   0.17608976E+00  -0.21553175E-05  -0.53285491E+00   0.17608976E+00
   0.2623377E+02   0.21833778E-05   0.17763459E+00   0.20017770E-05  -0.79490340E+00   0.17763459E+00
   0.2649351E+02  -0.16797363E-05   0.17917773E+00  -0.18515404E-05  -0.44441907E+00   0.17917773E+00
   0.2675325E+02   0.18630941E-05   0.18072186E+00   0.17042651E-05  -0.44636216E+00   0.18072186E+00
   0.2701299E+02  -0.14171085E-05   0.18226454E+00  -0.15596377E-05  -0.36515985E+00   0.18226454E+00
   0.2727273E+02   0.15420141E-05   0.18380806E+00   0.14173693E-05   0.14263686E+00   0.18380806E+00
   0.2753247E+02  -0.11695156E-05   0.18535039E+00  -0.12771927E-05   0.77971668E-01   0.18535039E+00
   0.2779221E+02   0.12333710E-05   0.18689341E+00   0.11388596E-05   0.40103334E+00   0.18689341E+00
   0.2805195E+02  -0.91544515E-06   0.18843549E+00  -0.10021375E-05   0.30870465E+00   0.18843549E+00
   0.2831169E+02   0.95110540E-06   0.18997812E+00   0.86680775E-06   0.10368344E+00   0.18997812E+00
   0.2857143E+02  -0.64704332E-06   0.19152000E+00  -0.73266353E-06   0.34614357E+00   0.19152000E+00
   0.2883117E+02   0.68797977E-06   0.19306224E+00   0.59950768E-06   0.22344303E+00   0.19306224E+00
   0.2909091E+02  -0.37624229E-06   0.19460392E+00  -0.46715112E-06   0.27944987E+00   0.18601036E+00
   0.2935065E+02   0.42768558E-06   0.19614577E+00   0.33541121E-06   0.85515891E-01   0.16489580E+00
   0.2961039E+02  -0.11117190E-06   0.19768723E+00  -0.20411020E-06  -0.36945085E+00   0.13440606E+00
# left surface: e = a * z + b
# als(au,ev/a)=        0.00593271        0.15253628
# bls(au,ev)  =       -0.17798208       -2.42156938
# right surface: e = a * z + b
# ars(au,ev/a)=        0.00593592        0.15261876
# brs(au,ev)  =        0.02192248        0.29827049
