# charge and hartree potential (planar average)
# eh=      103.48154410
#z-coordinate, smooth density, esm potential, gaussian density, spin density, splined esm potential
  -0.3012987E+02   0.17408351E-06   0.16927635E-08  -0.12703444E-08   0.00000000E+00  -0.23476408E-06
  -0.2987013E+02   0.17408351E-06  -0.12751228E-06  -0.12703556E-08   0.00000000E+00  -0.24006098E-06
  -0.2961039E+02   0.18045512E-06  -0.55324078E-06   0.38153750E-08   0.00000000E+00  -0.58954664E-06
  -0.2935065E+02   0.17512444E-06  -0.12818717E-05  -0.63730290E-08   0.00000000E+00  -0.12816019E-05
  -0.2909091E+02   0.20419010E-06  -0.23146074E-05   0.89527459E-08   0.00000000E+00  -0.23146074E-05
  -0.2883117E+02   0.21555411E-06  -0.36877536E-05  -0.11562893E-07   0.00000000E+00  -0.36877536E-05
  -0.2857143E+02   0.30491375E-06  -0.54416113E-05   0.14216511E-07   0.00000000E+00  -0.54416113E-05
  -0.2831169E+02   0.38626419E-06  -0.77061381E-05  -0.16919046E-07   0.00000000E+00  -0.77061381E-05
  -0.2805195E+02   0.60372898E-06  -0.10650998E-04   0.19697895E-07   0.00000000E+00  -0.10650998E-04
  -0.2779221E+02   0.83135831E-06  -0.14613795E-04  -0.22535170E-07   0.00000000E+00  -0.14613795E-04
  -0.2753247E+02   0.12610521E-05  -0.20022909E-04   0.25525330E-07   0.00000000E+00  -0.20022909E-04
  -0.2727273E+02   0.17298305E-05  -0.27566435E-04  -0.28511318E-07   0.00000000E+00  -0.27566435E-04
  -0.2701299E+02   0.24999978E-05  -0.38095685E-04   0.31931489E-07   0.00000000E+00  -0.38095685E-04
  -0.2675325E+02   0.34079944E-05  -0.52871552E-04  -0.34857152E-07   0.00000000E+00  -0.52871552E-04
  -0.2649351E+02   0.48572815E-05  -0.73514370E-04   0.39551066E-07   0.00000000E+00  -0.73514370E-04
  -0.2623377E+02   0.67799685E-05  -0.10244515E-03  -0.40893168E-07   0.00000000E+00  -0.10244515E-03
  -0.2597403E+02   0.98785058E-05  -0.14305161E-03   0.50928121E-07   0.00000000E+00  -0.14305161E-03
  -0.2571429E+02   0.14399572E-04  -0.20058990E-03  -0.41904061E-07   0.00000000E+00  -0.20058990E-03
  -0.2545455E+02   0.21694552E-04  -0.28295011E-03   0.78479464E-07   0.00000000E+00  -0.28295011E-03
  -0.2519481E+02   0.32826945E-04  -0.40261196E-03  -0.10919400E-07   0.00000000E+00  -0.40261196E-03
  -0.2493506E+02   0.50595301E-04  -0.57888490E-03   0.18709052E-06   0.00000000E+00  -0.57888490E-03
  -0.2467532E+02   0.78099763E-04  -0.84228374E-03   0.19949838E-06   0.00000000E+00  -0.84228374E-03
  -0.2441558E+02   0.12167406E-03  -0.12403790E-02   0.72152812E-06   0.00000000E+00  -0.12403790E-02
  -0.2415584E+02   0.19010767E-03  -0.18482214E-02   0.13781960E-05   0.00000000E+00  -0.18482214E-02
  -0.2389610E+02   0.30016065E-03  -0.27842379E-02   0.34877817E-05   0.00000000E+00  -0.27842379E-02
  -0.2363636E+02   0.47915719E-03  -0.42387581E-02   0.75720739E-05   0.00000000E+00  -0.42387581E-02
  -0.2337662E+02   0.77782444E-03  -0.65224229E-02   0.17354026E-04   0.00000000E+00  -0.65224229E-02
  -0.2311688E+02   0.12818846E-02  -0.10153520E-01   0.37458512E-04   0.00000000E+00  -0.10153520E-01
  -0.2285714E+02   0.21370598E-02  -0.16007251E-01   0.79675228E-04   0.00000000E+00  -0.16007251E-01
  -0.2259740E+02   0.35661521E-02  -0.25564904E-01   0.16024380E-03   0.00000000E+00  -0.25564904E-01
  -0.2233766E+02   0.58834493E-02  -0.41294404E-01   0.30299949E-03   0.00000000E+00  -0.41294404E-01
  -0.2207792E+02   0.94432691E-02  -0.67176075E-01   0.50361652E-03   0.00000000E+00  -0.67176075E-01
  -0.2181818E+02   0.14438230E-01  -0.10927731E+00   0.60502399E-03   0.00000000E+00  -0.10927731E+00
  -0.2155844E+02   0.20283017E-01  -0.17599354E+00  -0.12970517E-03   0.00000000E+00  -0.17599354E+00
  -0.2129870E+02   0.24303394E-01  -0.27687386E+00  -0.40254509E-02   0.00000000E+00  -0.27687386E+00
  -0.2103896E+02   0.19623942E-01  -0.41777160E+00  -0.16891901E-01   0.00000000E+00  -0.41777160E+00
  -0.2077922E+02  -0.41816482E-02  -0.58917845E+00  -0.47634008E-01   0.00000000E+00  -0.58917845E+00
  -0.2051948E+02  -0.46375877E-01  -0.75062774E+00  -0.94313871E-01   0.00000000E+00  -0.75062774E+00
  -0.2025974E+02  -0.76045964E-01  -0.83516657E+00  -0.12567667E+00   0.00000000E+00  -0.83516657E+00
  -0.2000000E+02  -0.61407456E-01  -0.79747080E+00  -0.11008991E+00   0.00000000E+00  -0.79747080E+00
  -0.1974026E+02  -0.19008053E-01  -0.65974738E+00  -0.64139271E-01   0.00000000E+00  -0.65974738E+00
  -0.1948052E+02   0.13159996E-01  -0.48808311E+00  -0.25930998E-01   0.00000000E+00  -0.48808311E+00
  -0.1922078E+02   0.23930902E-01  -0.33556487E+00  -0.74285992E-02   0.00000000E+00  -0.33556487E+00
  -0.1896104E+02   0.22257439E-01  -0.22188626E+00  -0.10921916E-02   0.00000000E+00  -0.22188626E+00
  -0.1870130E+02   0.16833016E-01  -0.14545395E+00   0.46817349E-03   0.00000000E+00  -0.14545395E+00
  -0.1844156E+02   0.11652361E-01  -0.97615884E-01   0.57534369E-03   0.00000000E+00  -0.97615884E-01
  -0.1818182E+02   0.79697664E-02  -0.69754740E-01   0.40295617E-03   0.00000000E+00  -0.69754740E-01
  -0.1792208E+02   0.59019248E-02  -0.55636135E-01   0.26411954E-03   0.00000000E+00  -0.55636135E-01
  -0.1766234E+02   0.53115216E-02  -0.51733181E-01   0.22445941E-03   0.00000000E+00  -0.51733181E-01
  -0.1740260E+02   0.61244944E-02  -0.57032880E-01   0.27935860E-03   0.00000000E+00  -0.57032880E-01
  -0.1714286E+02   0.84445496E-02  -0.72929974E-01   0.43222532E-03   0.00000000E+00  -0.72929974E-01
  -0.1688312E+02   0.12410608E-01  -0.10337962E+00   0.60128170E-03   0.00000000E+00  -0.10337962E+00
  -0.1662338E+02   0.17820950E-01  -0.15508561E+00   0.40105035E-03   0.00000000E+00  -0.15508561E+00
  -0.1636364E+02   0.23130823E-01  -0.23701526E+00  -0.15708383E-02   0.00000000E+00  -0.23701526E+00
  -0.1610390E+02   0.23656061E-01  -0.35752912E+00  -0.92189502E-02   0.00000000E+00  -0.35752912E+00
  -0.1584416E+02   0.98706888E-02  -0.51613921E+00  -0.30667495E-01   0.00000000E+00  -0.51613921E+00
  -0.1558442E+02  -0.25798263E-01  -0.68820877E+00  -0.72067616E-01   0.00000000E+00  -0.68820877E+00
  -0.1532468E+02  -0.66852028E-01  -0.81553670E+00  -0.11620802E+00   0.00000000E+00  -0.81553670E+00
  -0.1506494E+02  -0.74071359E-01  -0.83455955E+00  -0.12384574E+00   0.00000000E+00  -0.83455955E+00
  -0.1480519E+02  -0.39218782E-01  -0.73433938E+00  -0.86757131E-01   0.00000000E+00  -0.73433938E+00
  -0.1454545E+02   0.14549761E-02  -0.56831353E+00  -0.41116296E-01   0.00000000E+00  -0.56831353E+00
  -0.1428571E+02   0.21606238E-01  -0.40160610E+00  -0.13731568E-01   0.00000000E+00  -0.40160610E+00
  -0.1402597E+02   0.24154741E-01  -0.26901383E+00  -0.29694294E-02   0.00000000E+00  -0.26901383E+00
  -0.1376623E+02   0.19550871E-01  -0.17640851E+00   0.11269864E-03   0.00000000E+00  -0.17640851E+00
  -0.1350649E+02   0.13893299E-01  -0.11683136E+00   0.61787979E-03   0.00000000E+00  -0.11683136E+00
  -0.1324675E+02   0.94286051E-02  -0.80991731E-01   0.48897210E-03   0.00000000E+00  -0.80991731E-01
  -0.1298701E+02   0.66229747E-02  -0.61376834E-01   0.31631205E-03   0.00000000E+00  -0.61376834E-01
  -0.1272727E+02   0.53749389E-02  -0.53211834E-01   0.23042433E-03   0.00000000E+00  -0.53211834E-01
  -0.1246753E+02   0.55521271E-02  -0.54360481E-01   0.24212732E-03   0.00000000E+00  -0.54360481E-01
  -0.1220779E+02   0.71795029E-02  -0.65127203E-01   0.35355953E-03   0.00000000E+00  -0.65127203E-01
  -0.1194805E+02   0.10405009E-01  -0.88293471E-01   0.53458613E-03   0.00000000E+00  -0.88293471E-01
  -0.1168831E+02   0.15261632E-01  -0.12933800E+00   0.58951957E-03   0.00000000E+00  -0.12933800E+00
  -0.1142857E+02   0.20971312E-01  -0.19639490E+00  -0.30572291E-03   0.00000000E+00  -0.19639490E+00
  -0.1116883E+02   0.24541426E-01  -0.29874021E+00  -0.46731215E-02   0.00000000E+00  -0.29874021E+00
  -0.1090909E+02   0.18601671E-01  -0.44139025E+00  -0.18709622E-01   0.00000000E+00  -0.44139025E+00
  -0.1064935E+02  -0.72686010E-02  -0.61268462E+00  -0.51306432E-01   0.00000000E+00  -0.61268462E+00
  -0.1038961E+02  -0.50214053E-01  -0.76896374E+00  -0.98519951E-01   0.00000000E+00  -0.76896374E+00
  -0.1012987E+02  -0.76917004E-01  -0.84239742E+00  -0.12678609E+00   0.00000000E+00  -0.84239742E+00
  -0.9870130E+01  -0.58246032E-01  -0.79228734E+00  -0.10707115E+00   0.00000000E+00  -0.79228734E+00
  -0.9610390E+01  -0.15085912E-01  -0.64699690E+00  -0.60181212E-01   0.00000000E+00  -0.64699690E+00
  -0.9350649E+01   0.15314252E-01  -0.47404687E+00  -0.23483579E-01   0.00000000E+00  -0.47404687E+00
  -0.9090909E+01   0.24449433E-01  -0.32393358E+00  -0.64058349E-02   0.00000000E+00  -0.32393358E+00
  -0.8831169E+01   0.22009945E-01  -0.21366839E+00  -0.76428826E-03   0.00000000E+00  -0.21366839E+00
  -0.8571429E+01   0.16381658E-01  -0.14030845E+00   0.53494160E-03   0.00000000E+00  -0.14030845E+00
  -0.8311688E+01   0.11248302E-01  -0.94811954E-01   0.56831014E-03   0.00000000E+00  -0.94811954E-01
  -0.8051948E+01   0.76904547E-02  -0.68617388E-01   0.38689821E-03   0.00000000E+00  -0.68617388E-01
  -0.7792208E+01   0.57581304E-02  -0.55692983E-01   0.25596467E-03   0.00000000E+00  -0.55692983E-01
  -0.7532468E+01   0.53016728E-02  -0.52739959E-01   0.22548564E-03   0.00000000E+00  -0.52739959E-01
  -0.7272727E+01   0.62598597E-02  -0.58974578E-01   0.29070330E-03   0.00000000E+00  -0.58974578E-01
  -0.7012987E+01   0.87460355E-02  -0.76039097E-01   0.45074725E-03   0.00000000E+00  -0.76039097E-01
  -0.6753247E+01   0.12890576E-01  -0.10816967E+00   0.60988880E-03   0.00000000E+00  -0.10816967E+00
  -0.6493506E+01   0.18411970E-01  -0.16236174E+00   0.32031231E-03   0.00000000E+00  -0.16236174E+00
  -0.6233766E+01   0.23545484E-01  -0.24774093E+00  -0.19859190E-02   0.00000000E+00  -0.24774093E+00
  -0.5974026E+01   0.23146818E-01  -0.37230267E+00  -0.10592312E-01   0.00000000E+00  -0.37230267E+00
  -0.5714286E+01   0.73035386E-02  -0.53392545E+00  -0.33957750E-01   0.00000000E+00  -0.53392545E+00
  -0.5454545E+01  -0.30258838E-01  -0.70465480E+00  -0.76972951E-01   0.00000000E+00  -0.70465480E+00
  -0.5194805E+01  -0.69689642E-01  -0.82360547E+00  -0.11917579E+00   0.00000000E+00  -0.82360547E+00
  -0.4935065E+01  -0.72100350E-01  -0.82994252E+00  -0.12171700E+00   0.00000000E+00  -0.82994252E+00
  -0.4675325E+01  -0.34738443E-01  -0.72001396E+00  -0.81854244E-01   0.00000000E+00  -0.72001396E+00
  -0.4415584E+01   0.44926083E-02  -0.55127524E+00  -0.37424161E-01   0.00000000E+00  -0.55127524E+00
  -0.4155844E+01   0.22457898E-01  -0.38691971E+00  -0.12087108E-01   0.00000000E+00  -0.38691971E+00
  -0.3896104E+01   0.23883358E-01  -0.25828892E+00  -0.24491934E-02   0.00000000E+00  -0.25828892E+00
  -0.3636364E+01   0.18990029E-01  -0.16930289E+00   0.22528088E-03   0.00000000E+00  -0.16930289E+00
  -0.3376623E+01   0.13389622E-01  -0.11244091E+00   0.61545779E-03   0.00000000E+00  -0.11244091E+00
  -0.3116883E+01   0.90820461E-02  -0.78475713E-01   0.46991517E-03   0.00000000E+00  -0.78475713E-01
  -0.2857143E+01   0.64353526E-02  -0.60147170E-01   0.30282215E-03   0.00000000E+00  -0.60147170E-01
  -0.2597403E+01   0.53328247E-02  -0.52948515E-01   0.22766517E-03   0.00000000E+00  -0.52948515E-01
  -0.2337662E+01   0.56490033E-02  -0.54990941E-01   0.24834478E-03   0.00000000E+00  -0.54990941E-01
  -0.2077922E+01   0.74287351E-02  -0.66817864E-01   0.37003338E-03   0.00000000E+00  -0.66817864E-01
  -0.1818182E+01   0.10820641E-01  -0.91468996E-01   0.55172626E-03   0.00000000E+00  -0.91468996E-01
  -0.1558442E+01   0.15821572E-01  -0.13470090E+00   0.56680718E-03   0.00000000E+00  -0.13470090E+00
  -0.1298701E+01   0.21507425E-01  -0.20487201E+00  -0.51874907E-03   0.00000000E+00  -0.20487201E+00
  -0.1038961E+01   0.24551757E-01  -0.31117179E+00  -0.54922593E-02   0.00000000E+00  -0.31117179E+00
  -0.7792208E+00   0.17067592E-01  -0.45764600E+00  -0.21003957E-01   0.00000000E+00  -0.45764600E+00
  -0.5194805E+00  -0.11091479E-01  -0.63003636E+00  -0.55676605E-01   0.00000000E+00  -0.63003636E+00
  -0.2597403E+00  -0.54343897E-01  -0.78120677E+00  -0.10292336E+00   0.00000000E+00  -0.78120677E+00
   0.0000000E+00  -0.77179692E-01  -0.84317777E+00  -0.12705952E+00   0.00000000E+00  -0.84317777E+00
   0.2597403E+00  -0.54343895E-01  -0.78120677E+00  -0.10292335E+00   0.00000000E+00  -0.78120677E+00
   0.5194805E+00  -0.11091477E-01  -0.63003636E+00  -0.55676603E-01   0.00000000E+00  -0.63003636E+00
   0.7792208E+00   0.17067592E-01  -0.45764600E+00  -0.21003956E-01   0.00000000E+00  -0.45764600E+00
   0.1038961E+01   0.24551757E-01  -0.31117179E+00  -0.54922598E-02   0.00000000E+00  -0.31117179E+00
   0.1298701E+01   0.21507424E-01  -0.20487201E+00  -0.51874968E-03   0.00000000E+00  -0.20487201E+00
   0.1558442E+01   0.15821572E-01  -0.13470090E+00   0.56680687E-03   0.00000000E+00  -0.13470090E+00
   0.1818182E+01   0.10820641E-01  -0.91468996E-01   0.55172616E-03   0.00000000E+00  -0.91468996E-01
   0.2077922E+01   0.74287353E-02  -0.66817863E-01   0.37003336E-03   0.00000000E+00  -0.66817863E-01
   0.2337662E+01   0.56490034E-02  -0.54990941E-01   0.24834477E-03   0.00000000E+00  -0.54990941E-01
   0.2597403E+01   0.53328247E-02  -0.52948515E-01   0.22766517E-03   0.00000000E+00  -0.52948515E-01
   0.2857143E+01   0.64353525E-02  -0.60147171E-01   0.30282216E-03   0.00000000E+00  -0.60147171E-01
   0.3116883E+01   0.90820459E-02  -0.78475714E-01   0.46991522E-03   0.00000000E+00  -0.78475714E-01
   0.3376623E+01   0.13389622E-01  -0.11244091E+00   0.61545799E-03   0.00000000E+00  -0.11244091E+00
   0.3636364E+01   0.18990030E-01  -0.16930289E+00   0.22528136E-03   0.00000000E+00  -0.16930289E+00
   0.3896104E+01   0.23883359E-01  -0.25828892E+00  -0.24491927E-02   0.00000000E+00  -0.25828892E+00
   0.4155844E+01   0.22457899E-01  -0.38691971E+00  -0.12087108E-01   0.00000000E+00  -0.38691971E+00
   0.4415584E+01   0.44926077E-02  -0.55127525E+00  -0.37424163E-01   0.00000000E+00  -0.55127525E+00
   0.4675325E+01  -0.34738444E-01  -0.72001396E+00  -0.81854247E-01   0.00000000E+00  -0.72001396E+00
   0.4935065E+01  -0.72100351E-01  -0.82994252E+00  -0.12171700E+00   0.00000000E+00  -0.82994252E+00
   0.5194805E+01  -0.69689641E-01  -0.82360547E+00  -0.11917579E+00   0.00000000E+00  -0.82360547E+00
   0.5454545E+01  -0.30258836E-01  -0.70465480E+00  -0.76972948E-01   0.00000000E+00  -0.70465480E+00
   0.5714286E+01   0.73035390E-02  -0.53392544E+00  -0.33957749E-01   0.00000000E+00  -0.53392544E+00
   0.5974026E+01   0.23146818E-01  -0.37230267E+00  -0.10592312E-01   0.00000000E+00  -0.37230267E+00
   0.6233766E+01   0.23545483E-01  -0.24774093E+00  -0.19859197E-02   0.00000000E+00  -0.24774093E+00
   0.6493506E+01   0.18411970E-01  -0.16236174E+00   0.32031186E-03   0.00000000E+00  -0.16236174E+00
   0.6753247E+01   0.12890577E-01  -0.10816967E+00   0.60988862E-03   0.00000000E+00  -0.10816967E+00
   0.7012987E+01   0.87460358E-02  -0.76039096E-01   0.45074720E-03   0.00000000E+00  -0.76039096E-01
   0.7272727E+01   0.62598598E-02  -0.58974578E-01   0.29070329E-03   0.00000000E+00  -0.58974578E-01
   0.7532468E+01   0.53016728E-02  -0.52739959E-01   0.22548564E-03   0.00000000E+00  -0.52739959E-01
   0.7792208E+01   0.57581303E-02  -0.55692983E-01   0.25596467E-03   0.00000000E+00  -0.55692983E-01
   0.8051948E+01   0.76904545E-02  -0.68617389E-01   0.38689823E-03   0.00000000E+00  -0.68617389E-01
   0.8311688E+01   0.11248301E-01  -0.94811954E-01   0.56831025E-03   0.00000000E+00  -0.94811954E-01
   0.8571429E+01   0.16381658E-01  -0.14030844E+00   0.53494194E-03   0.00000000E+00  -0.14030844E+00
   0.8831169E+01   0.22009946E-01  -0.21366839E+00  -0.76428763E-03   0.00000000E+00  -0.21366839E+00
   0.9090909E+01   0.24449434E-01  -0.32393358E+00  -0.64058344E-02   0.00000000E+00  -0.32393358E+00
   0.9350649E+01   0.15314252E-01  -0.47404687E+00  -0.23483579E-01   0.00000000E+00  -0.47404687E+00
   0.9610390E+01  -0.15085914E-01  -0.64699691E+00  -0.60181214E-01   0.00000000E+00  -0.64699691E+00
   0.9870130E+01  -0.58246034E-01  -0.79228734E+00  -0.10707115E+00   0.00000000E+00  -0.79228734E+00
   0.1012987E+02  -0.76917004E-01  -0.84239742E+00  -0.12678609E+00   0.00000000E+00  -0.84239742E+00
   0.1038961E+02  -0.50214051E-01  -0.76896374E+00  -0.98519949E-01   0.00000000E+00  -0.76896374E+00
   0.1064935E+02  -0.72686000E-02  -0.61268461E+00  -0.51306430E-01   0.00000000E+00  -0.61268461E+00
   0.1090909E+02   0.18601671E-01  -0.44139025E+00  -0.18709621E-01   0.00000000E+00  -0.44139025E+00
   0.1116883E+02   0.24541425E-01  -0.29874022E+00  -0.46731221E-02   0.00000000E+00  -0.29874022E+00
   0.1142857E+02   0.20971312E-01  -0.19639490E+00  -0.30572349E-03   0.00000000E+00  -0.19639490E+00
   0.1168831E+02   0.15261632E-01  -0.12933800E+00   0.58951929E-03   0.00000000E+00  -0.12933800E+00
   0.1194805E+02   0.10405009E-01  -0.88293471E-01   0.53458604E-03   0.00000000E+00  -0.88293471E-01
   0.1220779E+02   0.71795031E-02  -0.65127203E-01   0.35355951E-03   0.00000000E+00  -0.65127203E-01
   0.1246753E+02   0.55521272E-02  -0.54360481E-01   0.24212732E-03   0.00000000E+00  -0.54360481E-01
   0.1272727E+02   0.53749389E-02  -0.53211835E-01   0.23042433E-03   0.00000000E+00  -0.53211835E-01
   0.1298701E+02   0.66229745E-02  -0.61376835E-01   0.31631206E-03   0.00000000E+00  -0.61376835E-01
   0.1324675E+02   0.94286049E-02  -0.80991731E-01   0.48897216E-03   0.00000000E+00  -0.80991731E-01
   0.1350649E+02   0.13893298E-01  -0.11683136E+00   0.61787999E-03   0.00000000E+00  -0.11683136E+00
   0.1376623E+02   0.19550871E-01  -0.17640851E+00   0.11269912E-03   0.00000000E+00  -0.17640851E+00
   0.1402597E+02   0.24154742E-01  -0.26901383E+00  -0.29694288E-02   0.00000000E+00  -0.26901383E+00
   0.1428571E+02   0.21606239E-01  -0.40160610E+00  -0.13731568E-01   0.00000000E+00  -0.40160610E+00
   0.1454545E+02   0.14549754E-02  -0.56831353E+00  -0.41116298E-01   0.00000000E+00  -0.56831353E+00
   0.1480519E+02  -0.39218784E-01  -0.73433938E+00  -0.86757134E-01   0.00000000E+00  -0.73433938E+00
   0.1506494E+02  -0.74071360E-01  -0.83455955E+00  -0.12384574E+00   0.00000000E+00  -0.83455955E+00
   0.1532468E+02  -0.66852026E-01  -0.81553670E+00  -0.11620801E+00   0.00000000E+00  -0.81553670E+00
   0.1558442E+02  -0.25798261E-01  -0.68820877E+00  -0.72067613E-01   0.00000000E+00  -0.68820877E+00
   0.1584416E+02   0.98706890E-02  -0.51613921E+00  -0.30667494E-01   0.00000000E+00  -0.51613921E+00
   0.1610390E+02   0.23656061E-01  -0.35752912E+00  -0.92189505E-02   0.00000000E+00  -0.35752912E+00
   0.1636364E+02   0.23130823E-01  -0.23701526E+00  -0.15708390E-02   0.00000000E+00  -0.23701526E+00
   0.1662338E+02   0.17820950E-01  -0.15508561E+00   0.40104994E-03   0.00000000E+00  -0.15508561E+00
   0.1688312E+02   0.12410608E-01  -0.10337962E+00   0.60128155E-03   0.00000000E+00  -0.10337962E+00
   0.1714286E+02   0.84445498E-02  -0.72929974E-01   0.43222528E-03   0.00000000E+00  -0.72929974E-01
   0.1740260E+02   0.61244946E-02  -0.57032880E-01   0.27935860E-03   0.00000000E+00  -0.57032880E-01
   0.1766234E+02   0.53115216E-02  -0.51733181E-01   0.22445941E-03   0.00000000E+00  -0.51733181E-01
   0.1792208E+02   0.59019247E-02  -0.55636136E-01   0.26411954E-03   0.00000000E+00  -0.55636136E-01
   0.1818182E+02   0.79697662E-02  -0.69754741E-01   0.40295619E-03   0.00000000E+00  -0.69754741E-01
   0.1844156E+02   0.11652361E-01  -0.97615885E-01   0.57534379E-03   0.00000000E+00  -0.97615885E-01
   0.1870130E+02   0.16833016E-01  -0.14545395E+00   0.46817378E-03   0.00000000E+00  -0.14545395E+00
   0.1896104E+02   0.22257439E-01  -0.22188626E+00  -0.10921911E-02   0.00000000E+00  -0.22188626E+00
   0.1922078E+02   0.23930903E-01  -0.33556487E+00  -0.74285989E-02   0.00000000E+00  -0.33556487E+00
   0.1948052E+02   0.13159996E-01  -0.48808311E+00  -0.25930999E-01   0.00000000E+00  -0.48808311E+00
   0.1974026E+02  -0.19008055E-01  -0.65974738E+00  -0.64139273E-01   0.00000000E+00  -0.65974738E+00
   0.2000000E+02  -0.61407457E-01  -0.79747080E+00  -0.11008991E+00   0.00000000E+00  -0.79747080E+00
   0.2025974E+02  -0.76045964E-01  -0.83516657E+00  -0.12567667E+00   0.00000000E+00  -0.83516657E+00
   0.2051948E+02  -0.46375876E-01  -0.75062773E+00  -0.94313869E-01   0.00000000E+00  -0.75062773E+00
   0.2077922E+02  -0.41816475E-02  -0.58917845E+00  -0.47634007E-01   0.00000000E+00  -0.58917845E+00
   0.2103896E+02   0.19623941E-01  -0.41777160E+00  -0.16891900E-01   0.00000000E+00  -0.41777160E+00
   0.2129870E+02   0.24303393E-01  -0.27687386E+00  -0.40254514E-02   0.00000000E+00  -0.27687386E+00
   0.2155844E+02   0.20283017E-01  -0.17599354E+00  -0.12970560E-03   0.00000000E+00  -0.17599354E+00
   0.2181818E+02   0.14438230E-01  -0.10927731E+00   0.60502379E-03   0.00000000E+00  -0.10927731E+00
   0.2207792E+02   0.94432693E-02  -0.67176076E-01   0.50361646E-03   0.00000000E+00  -0.67176076E-01
   0.2233766E+02   0.58834494E-02  -0.41294404E-01   0.30299948E-03   0.00000000E+00  -0.41294404E-01
   0.2259740E+02   0.35661522E-02  -0.25564904E-01   0.16024380E-03   0.00000000E+00  -0.25564904E-01
   0.2285714E+02   0.21370598E-02  -0.16007251E-01   0.79675228E-04   0.00000000E+00  -0.16007251E-01
   0.2311688E+02   0.12818845E-02  -0.10153520E-01   0.37458512E-04   0.00000000E+00  -0.10153520E-01
   0.2337662E+02   0.77782442E-03  -0.65224234E-02   0.17354026E-04   0.00000000E+00  -0.65224234E-02
   0.2363636E+02   0.47915718E-03  -0.42387586E-02   0.75720740E-05   0.00000000E+00  -0.42387586E-02
   0.2389610E+02   0.30016064E-03  -0.27842384E-02   0.34877817E-05   0.00000000E+00  -0.27842384E-02
   0.2415584E+02   0.19010767E-03  -0.18482218E-02   0.13781960E-05   0.00000000E+00  -0.18482218E-02
   0.2441558E+02   0.12167406E-03  -0.12403794E-02   0.72152810E-06   0.00000000E+00  -0.12403794E-02
   0.2467532E+02   0.78099765E-04  -0.84228415E-03   0.19949839E-06   0.00000000E+00  -0.84228415E-03
   0.2493506E+02   0.50595303E-04  -0.57888529E-03   0.18709051E-06   0.00000000E+00  -0.57888529E-03
   0.2519481E+02   0.32826946E-04  -0.40261233E-03  -0.10919385E-07   0.00000000E+00  -0.40261233E-03
   0.2545455E+02   0.21694552E-04  -0.28295046E-03   0.78479449E-07   0.00000000E+00  -0.28295046E-03
   0.2571429E+02   0.14399572E-04  -0.20059023E-03  -0.41904047E-07   0.00000000E+00  -0.20059023E-03
   0.2597403E+02   0.98785055E-05  -0.14305193E-03   0.50928108E-07   0.00000000E+00  -0.14305193E-03
   0.2623377E+02   0.67799683E-05  -0.10244545E-03  -0.40893155E-07   0.00000000E+00  -0.10244545E-03
   0.2649351E+02   0.48572813E-05  -0.73514648E-04   0.39551053E-07   0.00000000E+00  -0.73514648E-04
   0.2675325E+02   0.34079942E-05  -0.52871811E-04  -0.34857140E-07   0.00000000E+00  -0.52871811E-04
   0.2701299E+02   0.24999976E-05  -0.38095924E-04   0.31931477E-07   0.00000000E+00  -0.38095924E-04
   0.2727273E+02   0.17298305E-05  -0.27566654E-04  -0.28511305E-07   0.00000000E+00  -0.27566654E-04
   0.2753247E+02   0.12610520E-05  -0.20023108E-04   0.25525318E-07   0.00000000E+00  -0.20023108E-04
   0.2779221E+02   0.83135824E-06  -0.14613973E-04  -0.22535158E-07   0.00000000E+00  -0.14613973E-04
   0.2805195E+02   0.60372889E-06  -0.10651155E-04   0.19697883E-07   0.00000000E+00  -0.10651155E-04
   0.2831169E+02   0.38626414E-06  -0.77062748E-05  -0.16919034E-07   0.00000000E+00  -0.77062748E-05
   0.2857143E+02   0.30491369E-06  -0.54417272E-05   0.14216500E-07   0.00000000E+00  -0.54417272E-05
   0.2883117E+02   0.21555408E-06  -0.36878485E-05  -0.11562881E-07   0.00000000E+00  -0.36878485E-05
   0.2909091E+02   0.20419005E-06  -0.23146813E-05   0.89527346E-08   0.00000000E+00  -0.23001982E-05
   0.2935065E+02   0.17512442E-06  -0.12819245E-05  -0.63730177E-08   0.00000000E+00  -0.12632135E-05
   0.2961039E+02   0.18045509E-06  -0.55327252E-06   0.38153638E-08   0.00000000E+00  -0.57527517E-06
# left surface: e = a * z + b
# als(au,ev/a)=       -0.00000223       -0.00005728
# bls(au,ev)  =        0.00006685        0.00090957
# right surface: e = a * z + b
# ars(au,ev/a)=        0.00000469        0.00012059
# brs(au,ev)  =       -0.00013910       -0.00189260
